0.023500
191.033081         0.0000000000
191.409973         0.0000000000
191.786819       910.9829711914
192.163651       887.7436523438
192.540451       955.1378173828
192.917221       943.5181274414
193.293961       971.4053344727
193.670670       906.3351440430
194.047348       943.5181274414
194.423981      1024.8558349609
194.800613       980.7011108398
195.177200      1043.4473876953
195.553757      1006.2644042969
195.930283       987.6729125977
196.306778       980.7011108398
196.683258      1003.9404296875
197.059677      1001.6165161133
197.436081       964.4335327148
197.812454      1071.3345947266
198.188812      1059.7149658203
198.565125      1020.2080078125
198.941406      1034.1516113281
199.317673      1057.3909912109
199.693893       971.4053344727
200.070099       987.6729125977
200.446259      1029.5037841797
200.822388       969.0814208984
201.198486       980.7011108398
201.574570       973.7292480469
201.950607      1031.8276367188
202.326614       983.0250244141
202.702606      1017.8840942383
203.078568      1008.5883178711
203.454483      1064.3627929688
203.830383      1017.8840942383
204.206253       980.7011108398
204.582077       943.5181274414
204.957870       952.8138427734
205.333633       999.2926025391
205.709396       941.1941528320
206.085098       955.1378173828
206.460785       978.3771362305
206.836426       964.4335327148
207.212051       983.0250244141
207.587646       929.5744628906
207.963196       950.4899291992
208.338730       966.7574462891
208.714218       938.8702392578
209.089691       966.7574462891
209.465134       994.6447143555
209.840530      1031.8276367188
210.215897       992.3207397461
210.591263      1031.8276367188
210.966583      1015.5601196289
211.341858      1045.7712402344
211.717102       959.7856445313
212.092331       904.0111694336
212.467529      1029.5037841797
212.842697       936.5463256836
213.217819       964.4335327148
213.592926      1080.6303710938
213.968002      1036.4755859375
214.343018       969.0814208984
214.718033      1015.5601196289
215.093018      1003.9404296875
215.467972      1036.4755859375
215.842880       989.9968261719
216.217773      1001.6165161133
216.592636      1024.8558349609
216.967453      1041.1234130859
217.342255      1003.9404296875
217.717026       983.0250244141
218.091766       950.4899291992
218.466446       999.2926025391
218.841125       966.7574462891
219.215759       980.7011108398
219.590378       983.0250244141
219.964966      1008.5883178711
220.339508      1043.4473876953
220.714020       957.4617309570
221.088516      1022.5319213867
221.462967       978.3771362305
221.837402       992.3207397461
222.211792       962.1096191406
222.586166       980.7011108398
222.960510       948.1659545898
223.334793       973.7292480469
223.709061       906.3351440430
224.083313      1008.5883178711
224.457520       945.8420410156
224.831696       969.0814208984
225.205856       943.5181274414
225.579987      1022.5319213867
225.954056       969.0814208984
226.328110       922.6026611328
226.702148       936.5463256836
227.076126       924.9266357422
227.450104      1015.5601196289
227.824036       950.4899291992
228.197937      1022.5319213867
228.571823       952.8138427734
228.945648       985.3489379883
229.319473      1001.6165161133
229.693237       969.0814208984
230.066986       920.2787475586
230.440704      1001.6165161133
230.814392      1010.9122314453
231.188034      1006.2644042969
231.561661       987.6729125977
231.935257       992.3207397461
232.308823      1001.6165161133
232.682343       931.8984375000
233.055847       976.0532226563
233.429321      1059.7149658203
233.802750      1038.7994384766
234.176147      1008.5883178711
234.549530      1031.8276367188
234.922882      1001.6165161133
235.296188       931.8984375000
235.669464      1001.6165161133
236.042725       996.9686279297
236.415924      1003.9404296875
236.789139      1013.2362060547
237.162292       978.3771362305
237.535416       980.7011108398
237.908508      1017.8840942383
238.281570       964.4335327148
238.654617       976.0532226563
239.027618       980.7011108398
239.400574       964.4335327148
239.773514       959.7856445313
240.146423       957.4617309570
240.519302      1024.8558349609
240.892136       983.0250244141
241.264969       994.6447143555
241.637726       999.2926025391
242.010498       969.0814208984
242.383209       999.2926025391
242.755905      1052.7431640625
243.128555       962.1096191406
243.501190       927.2505493164
243.873779       945.8420410156
244.246353       976.0532226563
244.618866      1008.5883178711
244.991379       983.0250244141
245.363861      1043.4473876953
245.736282       983.0250244141
246.108688       943.5181274414
246.481079       994.6447143555
246.853409      1066.6867675781
247.225723       931.8984375000
247.598007      1048.0952148438
247.970261       987.6729125977
248.342468       948.1659545898
248.714645      1027.1798095703
249.086823      1006.2644042969
249.458954      1066.6867675781
249.831024      1008.5883178711
250.203094      1041.1234130859
250.575134      1008.5883178711
250.947113       983.0250244141
251.319092       910.9829711914
251.691025      1024.8558349609
252.062912      1048.0952148438
252.434784       957.4617309570
252.806641      1043.4473876953
253.178452      1020.2080078125
253.550232       987.6729125977
253.921967      1082.9542236328
254.293686      1027.1798095703
254.665359       929.5744628906
255.037003       971.4053344727
255.408630      1059.7149658203
255.780228       996.9686279297
256.151764       955.1378173828
256.523285       976.0532226563
256.894806       869.1521606445
257.266235      1052.7431640625
257.637695       996.9686279297
258.009064      1034.1516113281
258.380432       962.1096191406
258.751770       978.3771362305
259.123077      1031.8276367188
259.494385      1001.6165161133
259.865601      1029.5037841797
260.236816      1048.0952148438
260.607941       971.4053344727
260.979126      1031.8276367188
261.350220       938.8702392578
261.721344       941.1941528320
262.092346       904.0111694336
262.463379       983.0250244141
262.834351       945.8420410156
263.205292      1059.7149658203
263.576233       985.3489379883
263.947144      1008.5883178711
264.317993       976.0532226563
264.688812       938.8702392578
265.059631       962.1096191406
265.430359       976.0532226563
265.801117       983.0250244141
266.171783      1041.1234130859
266.542450      1041.1234130859
266.913086       989.9968261719
267.283691       978.3771362305
267.654266      1059.7149658203
268.024811       936.5463256836
268.395325       943.5181274414
268.765778      1020.2080078125
269.136230      1006.2644042969
269.506653       973.7292480469
269.877045      1055.0670166016
270.247375      1008.5883178711
270.617676       976.0532226563
270.987946      1006.2644042969
271.358246       929.5744628906
271.728424       969.0814208984
272.098633       976.0532226563
272.468781      1024.8558349609
272.838867       976.0532226563
273.209015       978.3771362305
273.579041      1001.6165161133
273.949066       999.2926025391
274.319061      1003.9404296875
274.689056      1029.5037841797
275.058960       985.3489379883
275.428864       980.7011108398
275.798737      1027.1798095703
276.168579      1003.9404296875
276.538361       952.8138427734
276.908142       992.3207397461
277.277832       999.2926025391
277.647583      1050.4191894531
278.017242       985.3489379883
278.386902       920.2787475586
278.756500      1022.5319213867
279.126038       950.4899291992
279.495636       964.4335327148
279.865143       945.8420410156
280.234619       962.1096191406
280.604065       976.0532226563
280.973450       987.6729125977
281.342834       996.9686279297
281.712189      1015.5601196289
282.081512       996.9686279297
282.450836      1050.4191894531
282.820038       966.7574462891
283.189270      1075.9824218750
283.558502       994.6447143555
283.927612      1034.1516113281
284.296722       929.5744628906
284.665863       957.4617309570
285.034912      1013.2362060547
285.403931       950.4899291992
285.772919       948.1659545898
286.141876      1043.4473876953
286.510834       996.9686279297
286.879730       952.8138427734
287.248596      1006.2644042969
287.617401      1006.2644042969
287.986206      1020.2080078125
288.354950       959.7856445313
288.723724      1078.3063964844
289.092407      1045.7712402344
289.461060       999.2926025391
289.829742      1003.9404296875
290.198334       980.7011108398
290.566925      1062.0388183594
290.935455      1020.2080078125
291.303925       992.3207397461
291.672394       992.3207397461
292.040894       950.4899291992
292.409271      1020.2080078125
292.777679      1001.6165161133
293.145996      1069.0106201172
293.514313       976.0532226563
293.882599       964.4335327148
294.250824       978.3771362305
294.619049      1052.7431640625
294.987244      1045.7712402344
295.355377       992.3207397461
295.723480       987.6729125977
296.091614      1062.0388183594
296.459625      1034.1516113281
296.827667      1057.3909912109
297.195648       983.0250244141
297.563599      1010.9122314453
297.931488       999.2926025391
298.299408      1013.2362060547
298.667267       971.4053344727
299.035095       987.6729125977
299.402893      1008.5883178711
299.770599       950.4899291992
300.138367       992.3207397461
300.506042      1034.1516113281
300.873718      1027.1798095703
301.241333      1003.9404296875
301.608917      1003.9404296875
301.976471      1001.6165161133
302.344025      1038.7994384766
302.711487      1022.5319213867
303.078979      1043.4473876953
303.446411      1017.8840942383
303.813782      1017.8840942383
304.181183      1078.3063964844
304.548492      1027.1798095703
304.915771      1052.7431640625
305.283051      1082.9542236328
305.650299      1145.7005615234
306.017456      1071.3345947266
306.384644      1110.8415527344
306.751770      1101.5457763672
307.118896      1108.5175781250
307.485962      1180.5595703125
307.852966      1096.8979492188
308.219971      1203.7989501953
308.586945      1227.0383300781
308.953888      1254.9255371094
309.320801      1273.5170898438
309.687653      1234.0101318359
310.054504      1268.8691406250
310.421326      1313.0239257813
310.788086      1352.5308837891
311.154846      1299.0803222656
311.521515      1392.0378417969
311.888184      1457.1080322266
312.254822      1480.3474121094
312.621429      1498.9388427734
312.988007      1515.2064208984
313.354553      1471.0516357422
313.721039      1589.5723876953
314.087494      1619.7835693359
314.453949      1696.4733886719
314.820343      1636.0511474609
315.186737      1694.1495361328
315.553101      1663.9383544922
315.919373      1694.1495361328
316.285645      1696.4733886719
316.651886      1740.6281738281
317.018066      1794.0787353516
317.384308      1842.8814697266
317.750427      1986.9654541016
318.116516      2033.4442138672
318.482574      1989.2894287109
318.848633      1968.3740234375
319.214661      2052.0356445313
319.580627      2161.2607421875
319.946564      2110.1340332031
320.312439      2219.3591308594
320.678314      2254.2180175781
321.044159      2402.9499511719
321.410004      2335.5559082031
321.775757      2358.7951660156
322.141510      2361.1191406250
322.507202      2344.8515625000
322.872894      2393.6542968750
323.238525      2386.6826171875
323.604156      2433.1611328125
323.969696      2540.0622558594
324.335266      2702.7377929688
324.700745      2646.9633789063
325.066223      2756.1884765625
325.431702      2760.8361816406
325.797089      2909.5681152344
326.162445      3083.8632812500
326.527802      3186.1164550781
326.893097      3186.1164550781
327.258362      3162.8771972656
327.623657      3244.2150878906
327.988861      3379.0031738281
328.353973      3385.9750976563
328.719116      3362.7355957031
329.084259      3390.6230468750
329.449341      3609.0729980469
329.814392      3604.4250488281
330.179352      3739.2133789063
330.544312      3913.5085449219
330.909241      3999.4941406250
331.274170      3885.6213378906
331.639069      3894.9169921875
332.003906      3936.7480468750
332.368713      4213.2963867188
332.733459      4227.2402343750
333.098206      4097.0996093750
333.462921      4131.9584960938
333.827606      3994.8464355469
334.192230      3850.7622070313
334.556824      4041.3251953125
334.921356      4122.6630859375
335.285919      4099.4233398438
335.650452      4227.2402343750
336.014893      4210.9726562500
336.379333      4006.4660644531
336.743744      3918.1564941406
337.108124      3894.9169921875
337.472443      3890.2692871094
337.836731      3934.4240722656
338.201019      3962.3112792969
338.565247      4106.3955078125
338.929413      4236.5356445313
339.293579      4145.9023437500
339.657776      4280.6904296875
340.021851      4487.5209960938
340.385895      4573.5063476563
340.749908      4573.5063476563
341.113922      4633.9287109375
341.477875      4671.1118164063
341.841827      4608.3657226563
342.205688      4708.2949218750
342.569580      4757.0976562500
342.933380      4850.0546875000
343.297211      4910.4770507813
343.660950      4880.2661132813
344.024658      4826.8154296875
344.388367      4796.6044921875
344.752014      4438.7182617188
345.115601      4482.8730468750
345.479218      4692.0273437500
345.842804      4729.2104492188
346.206299      4912.8012695313
346.569763      5042.9414062500
346.933228      4915.1250000000
347.296661      5005.7587890625
347.660034      4952.3081054688
348.023407      5063.8569335938
348.386719      4970.8994140625
348.750000      5017.3784179688
349.113220      5070.8286132813
349.476471      5261.3916015625
349.839661      5326.4619140625
350.202820      5333.4335937500
350.565887      5442.6586914063
350.928955      5609.9819335938
351.292023      5744.7705078125
351.655029      5544.9116210938
352.018036      5628.5737304688
352.380981      5642.5170898438
352.743866      5688.9960937500
353.106720      5570.4750976563
353.469574      5874.9106445313
353.832397      5967.8681640625
354.195160      6183.9941406250
354.557892      6344.3457031250
354.920593      6395.4726562500
355.283234      6639.4858398438
355.645905      6558.1479492188
356.008514      6513.9931640625
356.371094      6309.4868164063
356.733612      6153.7832031250
357.096100      5844.6997070313
357.458588      5677.3759765625
357.820984      5740.1225585938
358.183411      5505.4047851563
358.545746      5293.9267578125
358.908081      5133.5751953125
359.270355      5447.3066406250
359.632629      5833.0800781250
359.994873      6200.2617187500
360.357056      6448.9228515625
360.719208      6613.9223632813
361.081329      6523.2890625000
361.443420      6253.7124023438
361.805481      6397.7963867188
362.167511      6316.4584960938
362.529480      6458.2187500000
362.891418      6764.9785156250
363.253326      6864.9077148438
363.615234      7122.8647460938
363.977081      7213.4980468750
364.338867      7304.1313476563
364.700653      7327.3710937500
365.062378      7469.1308593750
365.424103      7610.8911132813
365.785767      7827.0170898438
366.147430      8238.3535156250
366.509033      8614.8320312500
366.870605      8635.7470703125
367.232117      8754.2675781250
367.593628      8679.9013671875
367.955109      8575.3242187500
368.316559      8410.3251953125
368.677917      8500.9589843750
369.039307      8552.0849609375
369.400635      8559.0566406250
369.761902      8789.1269531250
370.123199      9135.3935546875
370.484436      9314.3359375000
370.845581      8900.6757812500
371.206726      8919.2675781250
371.567871      8821.6621093750
371.928955      9126.0976562500
372.290039      8856.5205078125
372.651062      8628.7753906250
373.011993      8477.7197265625
373.372955      8280.1845703125
373.733887      8008.2841796875
374.094788      7843.2846679688
374.455627      7743.3554687500
374.816406      7622.5107421875
375.177185      7515.6098632813
375.537903      7750.3271484375
375.898651      8161.6640625000
376.259338      8670.6064453125
376.619965      8751.9433593750
376.980530      9040.1123046875
377.341095      9281.8017578125
377.701660      9760.5322265625
378.062134     10269.4746093750
378.422607     10713.3457031250
378.783020     10706.3740234375
379.143402     10580.8818359375
379.503784     10143.9814453125
379.864105      9865.1093750000
380.224396      9718.7011718750
380.584656      9679.1943359375
380.944855     10016.1650390625
381.305054     10104.4746093750
381.665192      9972.0107421875
382.025299      9500.2509765625
382.385406      8789.1269531250
382.745453      8177.9316406250
383.105438      7699.2006835938
383.465424      7280.8920898438
383.825348      6988.0761718750
384.185272      6939.2734375000
384.545135      7636.4545898438
384.904968      8187.2275390625
385.264771      8582.2968750000
385.624512      9065.6748046875
385.984253      9281.8017578125
386.343964      9070.3232421875
386.703613      9200.4638671875
387.063232      9318.9843750000
387.422821      9402.6455078125
387.782379      9309.6884765625
388.141907      9253.9140625000
388.501404      9318.9843750000
388.860840      9416.5898437500
389.220215      9451.4482421875
389.579620      9892.9960937500
389.938995     10546.0224609375
390.298279     10994.5419921875
390.657562     11075.8798828125
391.016785     11415.1748046875
391.376007     11577.8505859375
391.735168     11835.8076171875
392.094299     11875.3144531250
392.453430     11350.1044921875
392.812469     10838.8388671875
393.171478      9546.7304687500
393.530457      8531.1699218750
393.889435      7355.2583007813
394.248383      7464.4829101563
394.607269      8084.9741210938
394.966125      9193.4921875000
395.324921     10304.3330078125
395.683655     11450.0341796875
396.042419     11566.2304687500
396.401154     10950.3876953125
396.759827     10325.2490234375
397.118469      9444.4765625000
397.477051      8721.7324218750
397.835632      9237.6464843750
398.194153     10229.9667968750
398.552673     11921.7929687500
398.911163     13513.6894531250
399.269592     14650.0937500000
399.627960     15344.9511718750
399.986328     15584.3164062500
400.344666     15988.6816406250
400.702942     16441.8496093750
401.061188     16678.8906250000
401.419403     17259.8750000000
401.777588     17243.6074218750
402.135712     17159.9453125000
402.493835     17464.3808593750
402.851929     18036.0683593750
403.209961     17708.3945312500
403.567932     17964.0273437500
403.925903     17413.2539062500
404.283905     17603.8164062500
404.641754     17294.7324218750
404.999634     17559.6621093750
405.357452     17383.0429687500
405.715210     17022.8320312500
406.072998     17152.9726562500
406.430725     16978.6777343750
406.788422     17108.8183593750
407.146027     17241.2832031250
407.503662     17055.3671875000
407.861237     17308.6777343750
408.218781     17496.9160156250
408.576294     17745.5761718750
408.933777     18152.2656250000
409.291168     18586.8417968750
409.648590     18498.5332031250
410.005951     18338.1816406250
410.363312     17743.2539062500
410.720612     17552.6894531250
411.077820     17752.5488281250
411.435059     18584.5175781250
411.792267     18737.8984375000
412.149384     19149.2343750000
412.506531     19163.1777343750
412.863586     19744.1621093750
413.220642     19395.5722656250
413.577606     19267.7558593750
413.934601     19151.5585937500
414.291565     19351.4160156250
414.648468     19328.1777343750
415.005310     19435.0781250000
415.362122     19567.5429687500
415.718903     19402.5429687500
416.075684     19476.9101562500
416.432434     19839.4433593750
416.789093     19892.8945312500
417.145752     20139.2304687500
417.502350     19674.4433593750
417.858948     19376.9804687500
418.215485     19349.0937500000
418.571991     19244.5156250000
418.928467     19193.3886718750
419.284882     19356.0644531250
419.641266     19562.8945312500
419.997650     19560.5703125000
420.354004     19149.2343750000
420.710266     19590.7832031250
421.066528     19913.8085937500
421.422760     20573.8066406250
421.778931     20676.0605468750
422.135071     20669.0878906250
422.491211     20425.0761718750
422.847260     19444.3750000000
423.203308     19827.8242187500
423.559296     19379.3046875000
423.915283     19732.5429687500
424.271210     19562.8945312500
424.627136     19920.7812500000
424.982971     19925.4296875000
425.338776     20269.3710937500
425.694611     19937.0488281250
426.050323     19846.4160156250
426.406036     20069.5136718750
426.761749     19855.7109375000
427.117371     19706.9785156250
427.472961     19762.7539062500
427.828552     19072.5449218750
428.184113     19723.2460937500
428.539581     19230.5722656250
428.895050     19572.1914062500
429.250458     19158.5292968750
429.605865     18447.4062500000
429.961212     18177.8300781250
430.316559     17355.1562500000
430.671814     16479.0312500000
431.027069     15753.9638671875
431.382263     16132.7656250000
431.737457     16327.9755859375
432.092590     18110.4355468750
432.447723     19881.2734375000
432.802734     19955.6406250000
433.157776     20773.6660156250
433.512756     21157.1152343750
433.867706     20957.2578125000
434.222656     20947.9609375000
434.577545     20415.7792968750
434.932373     20383.2441406250
435.287201     20968.8769531250
435.641968     21542.8886718750
435.996704     22079.7187500000
436.351410     22300.4921875000
436.706085     23195.2070312500
437.060699     23164.9960937500
437.415283     23483.3750000000
437.769867     23037.1796875000
438.124420     22939.5742187500
438.478882     22516.6171875000
438.833313     21740.4238281250
439.187714     21384.8613281250
439.542084     21800.8457031250
439.896454     22374.8574218750
440.250732     22388.8007812500
440.605011     22579.3652343750
440.959229     23188.2363281250
441.313416     23350.9121093750
441.667572     23634.4316406250
442.021698     24622.1035156250
442.375793     24584.9218750000
442.729858     25052.0332031250
443.083832     25098.5117187500
443.437836     25326.2578125000
443.791748     25584.2148437500
444.145630     25395.9746093750
444.499542     25056.6796875000
444.853363     25540.0585937500
445.207123     25646.9609375000
445.560883     25528.4394531250
445.914612     25282.1015625000
446.268280     25126.3984375000
446.621918     24656.9628906250
446.975555     24752.2441406250
447.329132     25470.3417968750
447.682678     26241.8886718750
448.036133     26713.6464843750
448.389618     26973.9277343750
448.743042     27108.7167968750
449.096405     27406.1796875000
449.449799     26855.4062500000
449.803101     26818.2246093750
450.156372     27108.7167968750
450.509613     27843.0800781250
450.862823     28212.5859375000
451.216003     28247.4453125000
451.569122     28786.5976562500
451.922211     28614.6269531250
452.275269     28056.8828125000
452.628296     28623.9218750000
452.981293     27375.9687500000
453.334229     26841.4628906250
453.687134     26176.8183593750
454.040009     26595.1269531250
454.392853     27264.4199218750
454.745636     27692.0234375000
455.098419     27441.0390625000
455.451172     27203.9980468750
455.803864     27136.6035156250
456.156464     27587.4472656250
456.509125     28087.0937500000
456.861694     28289.2753906250
457.214264     28712.2324218750
457.566742     28754.0625000000
457.919220     29132.8652343750
458.271667     28656.4570312500
458.624023     28263.7128906250
458.976379     27994.1367187500
459.328705     27850.0507812500
459.681000     28668.0781250000
460.033234     28024.3476562500
460.385468     28747.0917968750
460.737610     28110.3320312500
461.089752     28774.9785156250
461.441864     29058.4980468750
461.793945     29602.2988281250
462.145996     29365.2578125000
462.497955     30032.2285156250
462.849884     29830.0449218750
463.201813     30092.6503906250
463.553680     30497.0156250000
463.905518     30383.1425781250
464.257355     30517.9296875000
464.609100     29739.4121093750
464.960815     30081.0312500000
465.312531     29920.6796875000
465.664185     29737.0878906250
466.015778     30180.9589843750
466.367371     30901.3808593750
466.718903     30648.0703125000
467.070435     30278.5644531250
467.421906     30313.4238281250
467.773346     30673.6347656250
468.124725     30266.9453125000
468.476074     30852.5781250000
468.827393     31412.6464843750
469.178680     32105.1796875000
469.529938     32237.6425781250
469.881134     32200.4609375000
470.232330     32358.4882812500
470.583435     32188.8398437500
470.934540     32186.5175781250
471.285614     32151.6582031250
471.636627     32593.2050781250
471.987610     33425.1757812500
472.338562     34089.8203125000
472.689453     34861.3671875000
473.040375     35523.6875000000
473.391205     35330.8007812500
473.741974     35435.3789062500
474.092773     35453.9726562500
474.443481     36420.7265625000
474.794159     36648.4726562500
475.144806     37822.0625000000
475.495422     37803.4687500000
475.846039     38305.4414062500
476.196533     37933.6093750000
476.547028     37756.9921875000
476.897522     38644.7343750000
477.247925     39097.9023437500
477.598328     39207.1289062500
477.948700     40218.0390625000
478.299011     41056.9804687500
478.649231     41610.0781250000
478.999481     42016.7656250000
479.349701     42353.7382812500
479.699829     42132.9648437500
480.049988     42555.9218750000
480.400055     43450.6367187500
480.750153     43717.8867187500
481.100128     43676.0585937500
481.450104     44026.9726562500
481.800049     44656.7578125000
482.149963     44958.8710937500
482.499786     45535.2070312500
482.849670     44851.9687500000
483.199432     45291.1914062500
483.549194     45105.2773437500
483.898926     45651.4023437500
484.248566     45263.3046875000
484.598206     45521.2617187500
484.947815     45611.8945312500
485.297394     44930.9843750000
485.646912     44968.1640625000
485.996399     43531.9726562500
486.345825     42318.8789062500
486.695282     40789.7304687500
487.044617     39783.4648437500
487.393951     40580.5742187500
487.743286     41872.6835937500
488.092529     43538.9453125000
488.441711     43987.4648437500
488.790955     44868.2382812500
489.140076     45400.4179687500
489.489197     45735.0664062500
489.838257     45895.4179687500
490.187286     46980.6953125000
490.536316     47740.6210937500
490.885254     48400.6210937500
491.234161     48033.4375000000
491.583069     48147.3125000000
491.931915     47773.1562500000
492.280731     46764.5703125000
492.629486     46615.8359375000
492.978210     46697.1757812500
493.326874     46945.8359375000
493.675568     47782.4531250000
494.024200     48144.9882812500
494.372742     47982.3125000000
494.721313     48695.7578125000
495.069824     49299.9843750000
495.418274     49655.5468750000
495.766724     49676.4609375000
496.115112     49681.1093750000
496.463470     49495.1953125000
496.811768     49453.3632812500
497.160034     49964.6289062500
497.508301     50078.5000000000
497.856506     50296.9531250000
498.204651     50164.4882812500
498.552765     50094.7695312500
498.900848     48700.4062500000
499.248901     49534.6992187500
499.596924     49476.6015625000
499.944885     50111.0351562500
500.292816     49648.5742187500
500.640778     49274.4179687500
500.988556     49265.1250000000
501.336426     48956.0390625000
501.684204     48637.6601562500
502.031952     48505.1953125000
502.379700     48221.6757812500
502.727295     48344.8437500000
503.074982     48844.4921875000
503.422546     49318.5742187500
503.770081     49481.2500000000
504.117615     49553.2929687500
504.465088     49028.0820312500
504.812561     48990.8984375000
505.159943     48942.0976562500
505.507294     49729.9101562500
505.854645     50329.4882812500
506.201904     50936.0351562500
506.549194     51368.2851562500
506.896332     51431.0312500000
507.243591     51338.0742187500
507.590698     51022.0195312500
507.937775     51066.1757812500
508.284912     50106.3906250000
508.631836     50580.4726562500
508.978851     50389.9101562500
509.325806     51142.8632812500
509.672699     51358.9921875000
510.019592     51426.3828125000
510.366364     51693.6367187500
510.713196     51619.2695312500
511.059937     51224.2031250000
511.406677     51665.7500000000
511.753326     51779.6210937500
512.099976     52207.2265625000
512.446594     52232.7890625000
512.793091     52388.4960937500
513.139648     51840.0468750000
513.486145     51763.3554687500
513.832520     51503.0742187500
514.179016     51424.0625000000
514.525269     51135.8945312500
514.871704     51047.5820312500
515.217957     51075.4687500000
515.564209     51163.7812500000
515.910522     51428.7070312500
516.256531     51707.5820312500
516.602783     51400.8203125000
516.948853     50111.0351562500
517.294922     48749.2109375000
517.640930     47787.1015625000
517.986877     47173.5820312500
518.332886     47745.2695312500
518.678711     48005.5507812500
519.024658     48321.6054687500
519.370422     48635.3359375000
519.716248     49462.6601562500
520.062073     50276.0351562500
520.407715     50982.5117187500
520.753418     51193.9921875000
521.099060     51549.5546875000
521.444580     51570.4687500000
521.790222     51902.7929687500
522.135681     52372.2265625000
522.481201     52309.4804687500
522.826660     51865.6093750000
523.172058     51809.8359375000
523.517395     51716.8750000000
523.862671     51619.2695312500
524.208069     51981.8046875000
524.553284     52144.4804687500
524.898438     52867.2265625000
525.243591     53139.1250000000
525.588745     52834.6914062500
525.933899     52681.3085937500
526.278931     52599.9726562500
526.623962     51633.2148437500
526.968872     50843.0781250000
527.313904     49964.6289062500
527.658813     49234.9140625000
528.003601     50071.5312500000
528.348450     51031.3164062500
528.693237     51328.7812500000
529.037964     51761.0312500000
529.382751     52369.9023437500
529.727356     52927.6484375000
530.072021     52906.7304687500
530.416626     52225.8203125000
530.761169     52941.5898437500
531.105652     52890.4648437500
531.450134     52948.5625000000
531.794617     53215.8164062500
532.138916     53190.2539062500
532.483337     52634.8320312500
532.827637     52014.3398437500
533.171936     51568.1445312500
533.516174     51077.7929687500
533.860352     51526.3125000000
534.204529     51651.8046875000
534.548645     51628.5664062500
534.892700     51563.4960937500
535.236816     51688.9882812500
535.580750     52202.5781250000
535.924744     52293.2148437500
536.268738     52843.9843750000
536.612549     52630.1835937500
536.956421     52711.5195312500
537.300232     51886.5234375000
537.644043     51570.4687500000
537.987671     51728.4960937500
538.331421     51744.7656250000
538.675049     51842.3710937500
539.018677     52411.7343750000
539.362305     51933.0039062500
539.705750     51826.1015625000
540.049316     51310.1875000000
540.392822     51022.0195312500
540.736145     50606.0351562500
541.079590     50585.1210937500
541.422913     50171.4609375000
541.766235     50606.0351562500
542.109436     50857.0195312500
542.452698     50891.8789062500
542.795898     51331.1015625000
543.138977     51361.3164062500
543.482178     51240.4687500000
543.825195     51305.5390625000
544.168213     51540.2578125000
544.511230     51575.1171875000
544.854187     51928.3554687500
545.197083     51960.8906250000
545.539917     51582.0898437500
545.882813     51493.7773437500
546.225586     52060.8203125000
546.568359     51970.1875000000
546.911133     52216.5234375000
547.253662     51828.4257812500
547.596436     51886.5234375000
547.938965     51723.8476562500
548.281494     51607.6523437500
548.624084     51382.2304687500
548.966492     51586.7343750000
549.308960     51944.6210937500
549.651367     51867.9335937500
549.993713     51851.6640625000
550.336060     51972.5078125000
550.678345     51840.0468750000
551.020630     52195.6093750000
551.362732     51535.6093750000
551.704956     51881.8750000000
552.047058     51933.0039062500
552.389160     52193.2851562500
552.731262     52156.1015625000
553.073181     52265.3242187500
553.415161     52074.7617187500
553.757080     51812.1562500000
554.098999     51877.2265625000
554.440857     52074.7617187500
554.782593     51884.1992187500
555.124390     52272.2968750000
555.466125     52214.1992187500
555.807800     51937.6523437500
556.149414     52130.5390625000
556.491089     51779.6210937500
556.832642     51589.0585937500
557.174133     51270.6796875000
557.515686     51022.0195312500
557.857117     50738.5000000000
558.198486     50966.2460937500
558.539917     50522.3750000000
558.881165     50540.9648437500
559.222534     49990.1914062500
559.563782     49834.4882812500
559.904968     49671.8125000000
560.246216     49237.2382812500
560.587280     49855.4023437500
560.928406     49887.9375000000
561.269470     49850.7578125000
561.610474     49850.7578125000
561.951477     49929.7695312500
562.292297     49825.1914062500
562.633301     49674.1367187500
562.974121     49829.8398437500
563.315002     49660.1914062500
563.655762     49771.7421875000
563.996460     49757.7968750000
564.337158     49378.9960937500
564.677795     49469.6289062500
565.018433     49172.1679687500
565.359009     49104.7734375000
565.699524     48990.8984375000
566.040100     48333.2265625000
566.380493     48082.2421875000
566.720947     47745.2695312500
567.061340     47403.6523437500
567.401611     47424.5664062500
567.742004     48056.6757812500
568.082153     48456.3945312500
568.422424     47938.1562500000
568.762634     46769.2148437500
569.102722     46831.9609375000
569.442810     46485.6953125000
569.782898     46120.8398437500
570.122986     45988.3750000000
570.462830     46123.1640625000
570.802856     45765.2773437500
571.142761     45200.5585937500
571.482605     44979.7851562500
571.822449     44707.8867187500
572.162170     45416.6875000000
572.501953     45272.6015625000
572.841675     45342.3203125000
573.181274     45463.1640625000
573.520996     45665.3476562500
573.860474     45509.6445312500
574.200073     45816.4023437500
574.539551     45588.6562500000
574.878967     45460.8398437500
575.218384     45270.2773437500
575.557739     44875.2070312500
575.897156     44257.0429687500
576.236450     44719.5039062500
576.575684     44219.8593750000
576.914856     43764.3671875000
577.254089     44547.5351562500
577.593262     44647.4609375000
577.932251     44312.8164062500
578.271362     44140.8437500000
578.610352     43713.2421875000
578.949341     43171.7617187500
579.288330     43287.9609375000
579.627197     43392.5390625000
579.966064     43485.4960937500
580.304871     43999.0859375000
580.643677     44101.3359375000
580.982483     43815.4921875000
581.321045     43836.4101562500
581.659790     43773.6640625000
581.998413     43971.1992187500
582.336914     43894.5078125000
582.675476     44031.6210937500
583.013916     44359.2929687500
583.352478     44033.9453125000
583.690796     43968.8750000000
584.029175     44291.9023437500
584.367493     44043.2382812500
584.705811     44368.5898437500
585.044128     43762.0429687500
585.382202     43715.5625000000
585.720459     43506.4101562500
586.058594     43092.7500000000
586.396667     42939.3710937500
586.734802     42711.6250000000
587.072693     42658.1718750000
587.410767     42625.6367187500
587.748657     42462.9609375000
588.086487     42809.2304687500
588.424316     41400.9257812500
588.762146     40506.2070312500
589.099976     39314.0273437500
589.437622     37968.4687500000
589.775391     36571.7851562500
590.113037     36197.6289062500
590.450623     36653.1210937500
590.788208     37113.2617187500
591.125671     37566.4296875000
591.463196     38100.9335937500
591.800659     38556.4257812500
592.138062     38217.1328125000
592.475464     38321.7070312500
592.812683     38577.3398437500
593.150024     39000.2968750000
593.487244     38679.5937500000
593.824402     39207.1289062500
594.161621     39362.8320312500
594.498657     39453.4648437500
594.835815     38282.2031250000
595.172852     38233.3984375000
595.509827     38293.8203125000
595.846741     38793.4687500000
596.183655     38416.9882812500
596.520630     39116.4960937500
596.857422     39293.1132812500
597.194214     39158.3242187500
597.530945     39290.7890625000
597.867615     39676.5625000000
598.204346     39288.4648437500
598.540955     39321.0000000000
598.877563     39516.2109375000
599.214111     39795.0820312500
599.550598     39311.7070312500
599.887085     39532.4804687500
600.223450     39488.3242187500
600.559937     39913.6054687500
600.896240     39307.0585937500
601.232544     39829.9414062500
601.568787     39483.6757812500
601.905029     39390.7187500000
602.241272     38909.6640625000
602.577271     39158.3242187500
602.913452     38570.3710937500
603.249512     38951.4960937500
603.585510     39142.0585937500
603.921509     39618.4648437500
604.257385     39662.6210937500
604.593323     39511.5625000000
604.929199     39460.4375000000
605.264954     39711.4218750000
605.600830     39339.5937500000
605.936462     38942.1992187500
606.272217     39260.5781250000
606.607849     38946.8476562500
606.943420     38760.9335937500
607.278992     38514.5937500000
607.614502     39225.7187500000
607.950012     38791.1445312500
608.285461     38644.7343750000
608.620850     38128.8203125000
608.956177     38428.6093750000
609.291504     38331.0039062500
609.626831     38010.3007812500
609.962036     37485.0898437500
610.297302     37687.2734375000
610.632446     37329.3867187500
610.967529     37062.1367187500
611.302673     37285.2343750000
611.637634     37689.5976562500
611.972656     37041.2187500000
612.307617     37113.2617187500
612.642517     37087.6992187500
612.977356     36969.1757812500
613.312195     36794.8828125000
613.646973     36750.7265625000
613.981750     36704.2500000000
614.316406     36313.8281250000
614.651062     36123.2656250000
614.985657     35997.7734375000
615.320313     36081.4335937500
615.654846     36206.9257812500
615.989319     36106.9960937500
616.323792     35458.6171875000
616.658203     34710.3125000000
616.992615     35463.2656250000
617.326904     35098.4101562500
617.661194     35119.3242187500
617.995483     35347.0703125000
618.329712     35458.6171875000
618.663940     35354.0429687500
618.997925     35909.4609375000
619.332092     35509.7460937500
619.666077     35440.0273437500
620.000061     35400.5195312500
620.334045     35333.1250000000
620.667969     35500.4492187500
621.001892     34842.7773437500
621.335632     35200.6601562500
621.669495     35170.4492187500
622.003296     35179.7460937500
622.336914     34596.4375000000
622.670654     34831.1562500000
623.004272     34561.5781250000
623.337891     34368.6914062500
623.671387     33982.9179687500
624.004883     33880.6679687500
624.338440     33429.8242187500
624.671753     33778.4140625000
625.005249     33473.9765625000
625.338562     32834.8945312500
625.671814     32969.6835937500
626.005066     32472.3613281250
626.338257     32669.8945312500
626.671509     32635.0371093750
627.004578     32721.0214843750
627.337708     32216.7285156250
627.670776     32316.6562500000
628.003723     31438.2089843750
628.336731     31110.5351562500
628.669556     31203.4921875000
629.002502     31066.3789062500
629.335327     31245.3222656250
629.668152     31454.4765625000
630.000916     30724.7617187500
630.333618     31094.2675781250
630.666321     30662.0136718750
630.998962     30706.1699218750
631.331482     30668.9863281250
631.664063     30271.5937500000
631.996521     30548.1425781250
632.329102     30401.7343750000
632.661499     29990.3964843750
632.993835     30036.8750000000
633.326172     30253.0019531250
633.658447     30485.3945312500
633.990784     30408.7050781250
634.322937     30062.4394531250
634.655212     30164.6914062500
634.987244     30429.6210937500
635.319397     30253.0019531250
635.651489     29909.0585937500
635.983398     30348.2832031250
636.315430     30266.9453125000
636.647278     29769.6230468750
636.979187     29699.9042968750
637.311035     29932.2988281250
637.642761     30173.9882812500
637.974609     29939.2695312500
638.306335     29688.2851562500
638.637939     29825.3984375000
638.969604     29725.4687500000
639.301147     29300.1875000000
639.632751     29811.4531250000
639.964233     29095.6816406250
640.295715     29146.8085937500
640.627075     29014.3437500000
640.958496     29005.0488281250
641.289917     28963.2167968750
641.621094     28593.7109375000
641.952393     28379.9082031250
642.283569     28596.0351562500
642.614746     28544.9082031250
642.945923     28356.6699218750
643.276917     28633.2187500000
643.608093     28554.2050781250
643.939026     28682.0214843750
644.269958     28321.8105468750
644.600891     28298.5722656250
644.931763     28224.2050781250
645.262634     28112.6562500000
645.593384     28321.8105468750
645.924133     27810.5449218750
646.254822     27822.1640625000
646.585510     26753.1542968750
646.916199     27069.2089843750
647.246704     26725.2656250000
647.577271     26239.5644531250
647.907715     26376.6757812500
648.238220     25739.9179687500
648.568665     25293.7226562500
648.898987     25793.3671875000
649.229309     25842.1699218750
649.559570     25228.6523437500
649.889832     25045.0605468750
650.220093     25186.8203125000
650.550171     25303.0175781250
650.880310     25879.3535156250
651.210388     26123.3671875000
651.540405     26074.5644531250
651.870422     25993.2265625000
652.200317     25500.5527343750
652.530273     25165.9062500000
652.860046     25544.7070312500
653.189941     25626.0449218750
653.519775     25798.0156250000
653.849426     25730.6210937500
654.179199     25937.4531250000
654.508789     26107.0996093750
654.838440     25556.3261718750
655.168030     25156.6093750000
655.497498     24986.9628906250
655.827026     24006.2617187500
656.156372     23629.7832031250
656.485840     23081.3339843750
656.815247     21956.5488281250
657.144470     21882.1835937500
657.473755     22249.3652343750
657.802979     22544.5058593750
658.132202     23462.4609375000
658.461243     23780.8398437500
658.790466     23936.5429687500
659.119507     24117.8105468750
659.448486     24580.2734375000
659.777527     24998.5820312500
660.106384     24735.9765625000
660.435242     24471.0488281250
660.764160     24526.8222656250
661.092896     25068.3007812500
661.421692     24998.5820312500
661.750427     24849.8496093750
662.079102     25028.7929687500
662.407715     25244.9199218750
662.736328     24905.6250000000
663.064880     25479.6367187500
663.393311     24645.3437500000
663.721802     24608.1601562500
664.050232     24431.5410156250
664.378601     24503.5839843750
664.706970     24203.7949218750
665.035217     24159.6406250000
665.363525     24405.9785156250
665.691650     24322.3164062500
666.019897     24082.9511718750
666.347961     24138.7246093750
666.676086     24045.7675781250
667.004150     23922.5996093750
667.332092     23917.9511718750
667.660095     23323.0234375000
667.987915     23659.9941406250
668.315796     23627.4589843750
668.643677     23725.0644531250
668.971436     23555.4179687500
669.299133     23450.8398437500
669.626892     23453.1640625000
669.954468     23141.7578125000
670.282104     23288.1640625000
670.609619     23067.3906250000
670.937256     22953.5175781250
671.264587     23292.8125000000
671.592163     22458.5195312500
671.919495     22421.3359375000
672.246887     22051.8300781250
672.574097     22472.4628906250
672.901489     21954.2246093750
673.228699     22051.8300781250
673.555847     21521.9726562500
673.882996     21991.4082031250
674.210022     21463.8750000000
674.537109     21759.0156250000
674.864136     21828.7324218750
675.191101     21454.5800781250
675.518005     21426.6914062500
675.844849     21431.3398437500
676.171692     21231.4804687500
676.498535     21038.5937500000
676.825256     21020.0039062500
677.151978     20775.9902343750
677.478577     20659.7929687500
677.805237     21080.4257812500
678.131836     20508.7363281250
678.458435     20871.2714843750
678.784851     20636.5527343750
679.111328     20775.9902343750
679.437744     20543.5957031250
679.764099     20492.4687500000
680.090454     20285.6386718750
680.416687     20002.1191406250
680.742920     20195.0058593750
681.069153     19946.3437500000
681.395203     19885.9218750000
681.721313     19964.9355468750
682.047485     19655.8535156250
682.373474     19560.5703125000
682.699402     19553.5996093750
683.025391     19514.0917968750
683.351196     18979.5878906250
683.677063     19109.7285156250
684.002930     19137.6152343750
684.328674     18812.2636718750
684.654358     18835.5039062500
684.980042     18526.4199218750
685.305603     18231.2792968750
685.631287     18507.8281250000
685.956787     18252.1953125000
686.282288     18314.9414062500
686.607788     17980.2949218750
686.933167     16832.2695312500
687.258545     16042.1318359375
687.583923     15045.1630859375
687.909180     14422.3486328125
688.234375     14113.2646484375
688.559631     14638.4746093750
688.884766     14856.9238281250
689.209839     14712.8398437500
689.534973     14573.4042968750
689.859924     14782.5585937500
690.184937     14826.7128906250
690.509827     14926.6425781250
690.834717     15026.5712890625
691.159668     15028.8955078125
691.484436     15270.5849609375
691.809204     15575.0205078125
692.133911     15149.7402343750
692.458557     14852.2763671875
692.783142     15047.4873046875
693.107849     14759.3193359375
693.432312     14891.7832031250
693.756836     14842.9804687500
694.081238     14238.7568359375
694.405701     14124.8847656250
694.730164     14083.0537109375
695.054443     13892.4912109375
695.378723     13920.3779296875
695.702942     14106.2929687500
696.027100     14336.3623046875
696.351257     14261.9970703125
696.675476     14433.9677734375
696.999512     14452.5595703125
697.323486     14664.0371093750
697.647461     15175.3037109375
697.971375     15077.6982421875
698.295349     15028.8955078125
698.619202     15077.6982421875
698.942993     14640.7978515625
699.266724     14273.6162109375
699.590393     14517.6298828125
699.914124     14315.4472656250
700.237793     14122.5605468750
700.561340     13780.9414062500
700.884949     13822.7724609375
701.208374     13622.9140625000
701.531860     13636.8574218750
701.855286     13425.3798828125
702.178650     13532.2802734375
702.501953     13625.2382812500
702.825195     13646.1533203125
703.148499     13511.3652343750
703.471680     13832.0683593750
703.794861     13722.8437500000
704.117981     13959.8847656250
704.440979     14066.7861328125
704.764038     14143.4755859375
705.086975     14189.9541015625
705.409851     13813.4765625000
705.732849     13913.4062500000
706.055664     13931.9980468750
706.378479     13885.5185546875
706.701233     13987.7724609375
707.023926     14038.8984375000
707.346619     14017.9833984375
707.669250     14073.7578125000
707.991821     13887.8427734375
708.314392     14020.3076171875
708.636841     14120.2363281250
708.959290     13980.8007812500
709.281738     13952.9130859375
709.604065     14143.4755859375
709.926392     14031.9267578125
710.248657     13971.5048828125
710.570862     14038.8984375000
710.893066     13978.4765625000
711.215210     14017.9833984375
711.537292     14192.2783203125
711.859314     14062.1376953125
712.181335     14178.3349609375
712.503357     13925.0253906250
712.825256     13976.1523437500
713.147156     13941.2929687500
713.468994     13841.3642578125
713.790771     13755.3789062500
714.112488     13820.4482421875
714.434143     13622.9140625000
714.755859     13550.8720703125
715.077515     13627.5625000000
715.399109     13355.6611328125
715.720581     13281.2958984375
716.042053     13079.1132812500
716.363525     12832.7753906250
716.684875     12628.2695312500
717.006287     11756.7929687500
717.327576     11173.4853515625
717.648804     10629.6845703125
717.969971      9985.9541015625
718.291260      9588.5605468750
718.612366      9214.4072265625
718.933411      9054.0556640625
719.254395      8777.5068359375
719.575439      8610.1835937500
719.896362      8370.8183593750
720.217285      8133.7768554688
720.538147      8294.1279296875
720.859009      8289.4804687500
721.179749      8612.5078125000
721.500488      9195.8154296875
721.821228      9809.3349609375
722.141785     10499.5439453125
722.462402     10418.2060546875
722.782959     10741.2333984375
723.103455     10808.6269531250
723.423950     10241.5869140625
723.744385     10227.6435546875
724.064758      9816.3066406250
724.385071      9572.2929687500
724.705322      9391.0263671875
725.025574      9286.4492187500
725.345825      9314.3359375000
725.665955      8854.1972656250
725.986023      9100.5341796875
726.306091      9005.2529296875
726.626099      9007.5771484375
726.946045      9133.0693359375
727.266052      9084.2666015625
727.585938      8942.5068359375
727.905762      8944.8300781250
728.225525      8786.8027343750
728.545288      8982.0136718750
728.864990      9160.9570312500
729.184692      9063.3515625000
729.504333      8693.8457031250
729.823853      9056.3798828125
730.143372      9021.5205078125
730.462891      8977.3652343750
730.782410      8884.4082031250
731.101746      8817.0136718750
731.421143      9063.3515625000
731.740417      9033.1396484375
732.059631      9221.3789062500
732.378845      9209.7587890625
732.698059      9758.2080078125
733.017212     10125.3896484375
733.336304     10116.0947265625
733.655273     10322.9248046875
733.974304     10350.8115234375
734.293335     10618.0644531250
734.612183     10824.8945312500
734.931030     10792.3593750000
735.249878     10787.7119140625
735.568665     10978.2744140625
735.887329     10952.7109375000
736.206055     10892.2890625000
736.524658     10827.2187500000
736.843262     10755.1767578125
737.161804     10620.3886718750
737.480286     10446.0937500000
737.798828     10731.9375000000
738.117249     10973.6269531250
738.435608     10959.6835937500
738.753906     10829.5429687500
739.072205     10708.6982421875
739.390442     10750.5292968750
739.708618     10632.0078125000
740.026733     10878.3457031250
740.344849     10808.6269531250
740.662903     10992.2187500000
740.980957     11131.6542968750
741.298889     10827.2187500000
741.616821     10859.7539062500
741.934692     10889.9648437500
742.252502     10801.6552734375
742.570313     10866.7255859375
742.888062     10843.4863281250
743.205750     10952.7109375000
743.523438     10899.2607421875
743.841003     10996.8662109375
744.158569     11066.5839843750
744.476074     11152.5703125000
744.793518     11031.7255859375
745.111023     10950.3876953125
745.428345     10929.4716796875
745.745728     10776.0917968750
746.062988     10885.3173828125
746.380249     10801.6552734375
746.697449     10771.4443359375
747.014648     10564.6142578125
747.331726     10678.4873046875
747.648804     10692.4306640625
747.965759     10662.2197265625
748.282776     10706.3740234375
748.599731     10390.3193359375
748.916626     10564.6142578125
749.233459     10376.3750000000
749.550232     10185.8125000000
749.867004     10399.6142578125
750.183655     10281.0937500000
750.500366     10278.7695312500
750.816956     10041.7285156250
751.133545     10004.5458984375
751.450073     10113.7705078125
751.766479      9995.2500000000
752.083008      9948.7705078125
752.399414      9981.3056640625
752.715698      9827.9267578125
753.032043      9853.4892578125
753.348328      9925.5312500000
753.664429      9669.8984375000
753.980713      9665.2509765625
754.296814      9788.4189453125
754.612854      9546.7304687500
754.928833      9730.3212890625
755.244873      9549.0537109375
755.560852      9551.3779296875
755.876709      9542.0820312500
756.192505      9588.5605468750
756.508362      9330.6035156250
756.824097      9214.4072265625
757.139771      9295.7451171875
757.455505      9470.0400390625
757.771118      8896.0283203125
758.086670      8916.9433593750
758.402222      9044.7597656250
758.717712      8944.8300781250
759.033081      8868.1406250000
759.348511      8703.1416015625
759.663879      7992.0166015625
759.979187      7199.5541992188
760.294434      6007.3750000000
760.609619      4933.7167968750
760.924805      4187.7329101563
761.239929      3550.9746093750
761.554993      3430.1298828125
761.869995      3616.0446777344
762.184998      3864.7060546875
762.499939      4294.6342773438
762.814880      4289.9863281250
763.129700      4336.4648437500
763.444519      4283.0146484375
763.759277      4164.4936523438
764.073975      4141.2543945313
764.388672      4308.5776367188
764.703308      4482.8730468750
765.017883      4705.9707031250
765.332397      4905.8295898438
765.646851      5163.7861328125
765.961304      5454.2783203125
766.275696      5814.4882812500
766.590088      6118.9243164063
766.904358      6441.9511718750
767.218628      6562.7958984375
767.532776      6883.4990234375
767.846924      7248.3569335938
768.161072      7373.8496093750
768.475159      7557.4404296875
768.789185      7885.1157226563
769.103149      7713.1445312500
769.417114      8112.8613281250
769.731079      8008.2841796875
770.044861      8029.1997070313
770.358643      8131.4526367188
770.672363      8196.5234375000
770.986084      8110.5375976563
771.299683      8110.5375976563
771.613403      8087.2978515625
771.927002      8119.8330078125
772.240479      8184.9033203125
772.553955      8101.2416992188
772.867371      8208.1425781250
773.180847      7973.4252929688
773.494141      7954.8334960938
773.807434      8040.8193359375
774.120667      8091.9458007813
774.433899      8170.9599609375
774.747009      7954.8334960938
775.060181      8015.2558593750
775.373230      7959.4814453125
775.686218      7887.4394531250
775.999207      8050.1152343750
776.312073      7857.2285156250
776.624939      8005.9604492188
776.937866      7806.1015625000
777.250671      7957.1577148438
777.563416      7896.7353515625
777.876099      7583.0039062500
778.188721      7506.3139648438
778.501343      7666.6655273438
778.813904      7592.2998046875
779.126404      7531.8774414063
779.438904      7675.9614257813
779.751282      7571.3842773438
780.063660      7569.0600585938
780.376038      7508.6381835938
780.688293      7462.1591796875
781.000549      7464.4829101563
781.312683      7408.7084960938
781.624817      7357.5820312500
781.937012      7250.6811523438
782.249023      7524.9052734375
782.561035      7343.6386718750
782.872986      7248.3569335938
783.184937      7255.3291015625
783.496765      7234.4135742188
783.808655      7069.4140625000
784.120422      6969.4848632813
784.432129      6995.0478515625
784.743774      7101.9492187500
785.055420      6985.7524414063
785.367004      6895.1186523438
785.678589      6871.8793945313
785.990051      6867.2314453125
786.301514      6720.8237304688
786.612976      6667.3730468750
786.924316      6613.9223632813
787.235657      6421.0356445313
787.546936      6479.1342773438
787.858154      6360.6132812500
788.169312      6353.6416015625
788.480408      6123.5717773438
788.791504      6144.4873046875
789.102600      6314.1347656250
789.413513      6086.3891601563
789.724487      5956.2485351563
790.035400      6012.0229492188
790.346191      5902.7978515625
790.657043      5951.6005859375
790.967834      5965.5444335938
791.278564      5802.8686523438
791.589172      5698.2915039063
791.899780      5884.2065429688
792.210327      5863.2910156250
792.520935      5686.6718750000
792.831421      5728.5029296875
793.141846      5828.4321289063
793.452209      5691.3198242188
793.762573      5747.0942382813
794.072815      5647.1650390625
794.383118      5793.5732421875
794.693359      5728.5029296875
795.003479      5723.8549804688
795.313538      5572.7988281250
795.623596      5640.1933593750
795.933716      5677.3759765625
796.243652      5498.4331054688
796.553589      5391.5322265625
796.863464      5317.1660156250
797.173218      5328.7856445313
797.483032      5156.8144531250
797.792786      5551.8837890625
798.102478      5365.9687500000
798.412109      5384.5600585938
798.721741      5307.8701171875
799.031250      5256.7436523438
799.340820      5345.0532226563
799.650269      5370.6166992188
799.959656      5249.7719726563
800.269043      5084.7724609375
800.578369      5066.1811523438
800.887573      5063.8569335938
801.196899      5184.7016601563
801.505981      5024.3500976563
801.815186      5003.4345703125
802.124207      5015.0541992188
802.433289      4903.5053710938
802.742188      4852.3789062500
803.051270      4868.6464843750
803.360168      4968.5756835938
803.668945      4817.5200195313
803.977783      4915.1250000000
804.286499      4996.4628906250
804.595276      4794.2802734375
804.903931      4759.4213867188
805.212524      4903.5053710938
805.521057      4826.8154296875
805.829590      4884.9140625000
806.138062      4859.3505859375
806.446533      4912.8012695313
806.754944      4736.1821289063
807.063293      4817.5200195313
807.371521      4738.5058593750
807.679749      4929.0688476563
807.987976      4726.8862304688
808.296143      4754.7734375000
808.604248      4647.8725585938
808.912292      4599.0698242188
809.220276      4564.2109375000
809.528198      4545.6191406250
809.836182      4475.9013671875
810.144043      4364.3520507813
810.451843      4385.2675781250
810.759644      4269.0708007813
811.067322      4350.4086914063
811.375061      4283.0146484375
811.682678      4148.2260742188
811.990295      4122.6630859375
812.297791      4006.4660644531
812.605286      4118.0151367188
812.912720      3885.6213378906
813.220154      4069.2124023438
813.527527      3813.5793457031
813.834839      3727.5937500000
814.142029      3609.0729980469
814.449219      3541.6787109375
814.756409      3446.3974609375
815.063538      3265.1303710938
815.370605      3195.4123535156
815.677612      3190.7644042969
815.984619      3225.6235351563
816.291504      3090.8352050781
816.598389      2958.3708496094
816.905273      2956.0468750000
817.212036      3014.1452636719
817.518738      2965.3425292969
817.825439      2976.9624023438
818.132080      3009.4973144531
818.438721      3007.1735839844
818.745239      2988.5820312500
819.051758      3128.0180664063
819.358215      2974.6384277344
819.664612      3049.0043945313
819.971008      3021.1171875000
820.277344      3107.1027832031
820.583557      3181.4687500000
820.889771      3360.4118652344
821.195923      3390.6230468750
821.502075      3462.6650390625
821.808167      3381.3271484375
822.114197      3518.4394531250
822.420166      3325.5527343750
822.726074      3316.2570800781
823.031921      2932.8076171875
823.337769      2686.4702148438
823.643677      2663.2309570313
823.949402      2667.8789062500
824.255066      2786.3994140625
824.560730      3004.8496093750
824.866272      3104.7788085938
825.171936      3279.0739746094
825.477356      3220.9755859375
825.782837      3369.7075195313
826.088257      3367.3835449219
826.393616      3288.3698730469
826.698914      3220.9755859375
827.004272      3218.6516113281
827.309448      3369.7075195313
827.614624      3346.4682617188
827.919739      3067.5957031250
828.224854      3042.0324707031
828.529907      2946.7512207031
828.834839      3051.3283691406
829.139832      2969.9904785156
829.444702      2951.3989257813
829.749512      2974.6384277344
830.054260      3025.7648925781
830.359131      3046.6804199219
830.663818      3125.6943359375
830.968506      2963.0187988281
831.273071      3032.7368164063
831.577576      3125.6943359375
831.882080      3009.4973144531
832.186646      3049.0043945313
832.491028      3030.4128417969
832.795410      2895.6245117188
833.099731      2979.2861328125
833.403931      2972.3144531250
833.708191      2960.6948242188
834.012390      2893.3005371094
834.316467      2983.9340820313
834.620605      3102.4548339844
834.924622      3021.1171875000
835.228577      3025.7648925781
835.532593      3132.6660156250
835.836426      2916.5400390625
836.140320      3086.1872558594
836.444031      3081.5395507813
836.747803      3086.1872558594
837.051514      3076.8916015625
837.355225      3183.7927246094
837.658752      3146.6096191406
837.962341      3197.7363281250
838.265808      3095.4831542969
838.569336      3202.3840332031
838.872742      3190.7644042969
839.176147      3167.5251464844
839.479370      3144.2856445313
839.782715      3109.4267578125
840.085876      3049.0043945313
840.389038      3083.8632812500
840.692261      3090.8352050781
840.995300      3074.5676269531
841.298340      3009.4973144531
841.601257      3172.1728515625
841.904236      3162.8771972656
842.207153      3025.7648925781
842.509949      2923.5117187500
842.812805      3044.3564453125
843.115540      3146.6096191406
843.418152      3146.6096191406
843.720825      3014.1452636719
844.023438      3046.6804199219
844.325989      2995.5537109375
844.628540      2963.0187988281
844.930969      3049.0043945313
845.233337      2969.9904785156
845.535767      2981.6101074219
845.838013      3000.2016601563
846.140259      2967.6665039063
846.442505      2979.2861328125
846.744690      2995.5537109375
847.046753      2967.6665039063
847.348877      2895.6245117188
847.650879      2949.0749511719
847.952881      2860.7653808594
848.254761      2967.6665039063
848.556641      2960.6948242188
848.858459      2867.7373046875
849.160278      2870.0612792969
849.462036      2902.5964355469
849.763733      2772.4558105469
850.065308      2679.4985351563
850.366882      2786.3994140625
850.668518      2725.9772949219
850.969971      2712.0336914063
851.271423      2744.5686035156
851.572815      2739.9208984375
851.874084      2670.2026367188
852.175476      2651.6113281250
852.476685      2760.8361816406
852.777893      2686.4702148438
853.079041      2633.0197753906
853.380127      2691.1181640625
853.681213      2637.6677246094
853.982239      2474.9921875000
854.283203      2507.5270996094
854.584106      2512.1750488281
854.885010      2430.8374023438
855.185791      2433.1611328125
855.486572      2405.2739257813
855.787292      2570.2734375000
856.088013      2447.1047363281
856.388611      2551.6818847656
856.689148      2593.5129394531
856.989685      2535.4143066406
857.290161      2635.3437500000
857.590637      2716.6813964844
857.890991      2607.4565429688
858.191284      2626.0478515625
858.491577      2556.3298339844
858.791809      2554.0058593750
859.092041      2609.7802734375
859.392212      2491.2595214844
859.692261      2444.7810058594
859.992310      2595.8366699219
860.292297      2437.8090820313
860.592224      2447.1047363281
860.892151      2600.4846191406
861.191956      2547.0341796875
861.491760      2416.8935546875
861.791565      2470.3442382813
862.091248      2577.2453613281
862.390930      2423.8654785156
862.690552      2430.8374023438
862.990051      2472.6682128906
863.289551      2363.4431152344
863.589050      2465.6962890625
863.888428      2372.7387695313
864.187805      2447.1047363281
864.487122      2391.3303222656
864.786377      2361.1191406250
865.085632      2340.2038574219
865.384705      2316.9643554688
865.683838      2386.6826171875
865.982971      2261.1899414063
866.281982      2368.0910644531
866.580933      2119.4299316406
866.879883      2156.6127929688
867.178711      2133.3735351563
867.477600      2168.2324218750
867.776367      2193.7958984375
868.075134      2198.4436035156
868.373718      2177.5283203125
868.672424      2142.6691894531
868.970947      2163.5847167969
869.269531      2182.1760253906
869.568054      2156.6127929688
869.866455      2226.3308105469
870.164856      2214.7111816406
870.463196      2198.4436035156
870.761536      2265.8378906250
871.059753      2210.0632324219
871.357971      2221.6831054688
871.656067      2119.4299316406
871.954102      2042.7399902344
872.252197      2270.4855957031
872.550232      2158.9367675781
872.848206      2224.0070800781
873.146057      2065.9792480469
873.443848      2014.8526611328
873.741638      2091.5424804688
874.039429      2031.1202392578
874.337158      2038.0920410156
874.634827      2091.5424804688
874.932373      1993.9372558594
875.229980      2014.8526611328
875.527466      2072.9511718750
875.825012      2014.8526611328
876.122375      2042.7399902344
876.419739      2093.8664550781
876.717041      2061.3315429688
877.014282      2007.8808593750
877.311462      1907.9516601563
877.608704      1963.7260742188
877.905762      1989.2894287109
878.202881      1973.0218505859
878.499817      2072.9511718750
878.796814      1968.3740234375
879.093811      2024.1484375000
879.390625      1973.0218505859
879.687439      1993.9372558594
879.984253      1968.3740234375
880.280884      1884.7122802734
880.577637      1917.2474365234
880.874268      1959.0782470703
881.170837      1873.0926513672
881.467346      1870.7686767578
881.763855      1863.7968750000
882.060242      1854.5010986328
882.356567      1896.3319091797
882.652954      1875.4165039063
882.949280      1875.4165039063
883.245483      1801.0505371094
883.541626      1903.3037109375
883.837830      1900.9798583984
884.133911      1835.9096679688
884.429932      1819.6420898438
884.725952      1959.0782470703
885.021851      1919.5712890625
885.317688      1812.6702880859
885.613525      1831.2617187500
885.909363      1798.7266845703
886.205078      1840.5574951172
