0.049300
190.544205         0.0000000000
190.924866         0.0000000000
191.305481       376.7147827148
191.686081       430.2127685547
192.066635       532.7504882813
192.447174       412.3800964355
192.827667       512.6887817383
193.208130       436.8999938965
193.588577       523.8341674805
193.968964       448.0454101563
194.349350       485.9397888184
194.729691       508.2306213379
195.110001       481.4816284180
195.490295       492.6270446777
195.870529       490.3979492188
196.250763       519.3760375977
196.630936       519.3760375977
197.011093       445.8163146973
197.391220       488.1688842773
197.771301       465.8780517578
198.151367       494.8561096191
198.531403       512.6887817383
198.911407       499.3142700195
199.291382       419.0673522949
199.671295       485.9397888184
200.051208       494.8561096191
200.431076       497.0852050781
200.810928       450.2744750977
201.190735       441.3581542969
201.570511       445.8163146973
201.950272       501.5433654785
202.329971       468.1071472168
202.709671       521.6051025391
203.089310       474.7943725586
203.468933       421.2964172363
203.848541       483.7107238770
204.228073       450.2744750977
204.607620       528.2923583984
204.987106       421.2964172363
205.366577       474.7943725586
205.746017       492.6270446777
206.125412       461.4198913574
206.504776       510.4596862793
206.884125       537.2086791992
207.263428       514.9178466797
207.642700       481.4816284180
208.021942       445.8163146973
208.401169       537.2086791992
208.780334       530.5214233398
209.159485       514.9178466797
209.538605       452.5035705566
209.917694       468.1071472168
210.296753       521.6051025391
210.675766       557.2703857422
211.054764       595.1647949219
211.433716       572.8739624023
211.812637       506.0015258789
212.191544       434.6709289551
212.570404       503.7724609375
212.949249       570.6448974609
213.328033       483.7107238770
213.706802       575.1030883789
214.085556       465.8780517578
214.464249       468.1071472168
214.842926       541.6668090820
215.221558       508.2306213379
215.600174       577.3321533203
215.978760       521.6051025391
216.357300       555.0413208008
216.735825       490.3979492188
217.114288       494.8561096191
217.492737       441.3581542969
217.871185       519.3760375977
218.249557       514.9178466797
218.627914       514.9178466797
219.006226       526.0632934570
219.384521       439.1290893555
219.762772       499.3142700195
220.141006       441.3581542969
220.519196       494.8561096191
220.897354       514.9178466797
221.275497       443.5872497559
221.653580       514.9178466797
222.031662       506.0015258789
222.409698       537.2086791992
222.787704       443.5872497559
223.165680       477.0234680176
223.543610       514.9178466797
223.921524       599.6229858398
224.299393       517.1469116211
224.677231       512.6887817383
225.055054       501.5433654785
225.432816       523.8341674805
225.810577       506.0015258789
226.188278       512.6887817383
226.565979       474.7943725586
226.943634       492.6270446777
227.321243       526.0632934570
227.698837       512.6887817383
228.076385       517.1469116211
228.453903       483.7107238770
228.831406       526.0632934570
229.208847       601.8520507813
229.586288       488.1688842773
229.963669       510.4596862793
230.341034       481.4816284180
230.718369       497.0852050781
231.095657       517.1469116211
231.472916       497.0852050781
231.850143       494.8561096191
232.227356       501.5433654785
232.604523       416.8382568359
232.981659       481.4816284180
233.358749       546.1250000000
233.735825       494.8561096191
234.112869       456.9617309570
234.489868       490.3979492188
234.866852       519.3760375977
235.243790       445.8163146973
235.620697       497.0852050781
235.997589       539.4377441406
236.374405       499.3142700195
236.751221       537.2086791992
237.128006       459.1908264160
237.504745       566.1867065430
237.881470       537.2086791992
238.258133       485.9397888184
238.634796       523.8341674805
239.011414       530.5214233398
239.388000       499.3142700195
239.764557       526.0632934570
240.141068       492.6270446777
240.517563       532.7504882813
240.893997       539.4377441406
241.270432       506.0015258789
241.646835       499.3142700195
242.023178       474.7943725586
242.399506       436.8999938965
242.775787       526.0632934570
243.152054       528.2923583984
243.528290       499.3142700195
243.904465       468.1071472168
244.280640       501.5433654785
244.656754       481.4816284180
245.032852       456.9617309570
245.408936       481.4816284180
245.784943       503.7724609375
246.160950       521.6051025391
246.536911       468.1071472168
246.912842       472.5653076172
247.288757       577.3321533203
247.664612       477.0234680176
248.040451       514.9178466797
248.416229       481.4816284180
248.792023       497.0852050781
249.167755       519.3760375977
249.543457       566.1867065430
249.919113       503.7724609375
250.294754       503.7724609375
250.670364       501.5433654785
251.045944       514.9178466797
251.421478       532.7504882813
251.796982       532.7504882813
252.172440       494.8561096191
252.547897       532.7504882813
252.923294       474.7943725586
253.298676       523.8341674805
253.673996       548.3540649414
254.049316       432.4418334961
254.424606       510.4596862793
254.799850       566.1867065430
255.175064       534.9796142578
255.550217       450.2744750977
255.925369       492.6270446777
256.300476       517.1469116211
256.675537       472.5653076172
257.050598       501.5433654785
257.425598       450.2744750977
257.800598       470.3362121582
258.175537       472.5653076172
258.550446       528.2923583984
258.925354       490.3979492188
259.300171       521.6051025391
259.674988       523.8341674805
260.049774       550.5831909180
260.424500       561.7285766602
260.799225       517.1469116211
261.173889       546.1250000000
261.548553       552.8122558594
261.923187       510.4596862793
262.297760       526.0632934570
262.672302       503.7724609375
263.046814       488.1688842773
263.421326       492.6270446777
263.795776       472.5653076172
264.170135       506.0015258789
264.544525       506.0015258789
264.918915       492.6270446777
265.293243       530.5214233398
265.667511       539.4377441406
266.041748       450.2744750977
266.415955       539.4377441406
266.790161       546.1250000000
267.164307       481.4816284180
267.538422       506.0015258789
267.912476       501.5433654785
268.286530       494.8561096191
268.660583       472.5653076172
269.034546       461.4198913574
269.408508       537.2086791992
269.782440       568.4158325195
270.156311       541.6668090820
270.530151       519.3760375977
270.903992       479.2525634766
271.277710       508.2306213379
271.651489       506.0015258789
272.025208       537.2086791992
272.398895       617.4556274414
272.772552       532.7504882813
273.146179       559.4995117188
273.519745       526.0632934570
273.893280       532.7504882813
274.266815       501.5433654785
274.640289       485.9397888184
275.013733       508.2306213379
275.387146       497.0852050781
275.760529       561.7285766602
276.133881       439.1290893555
276.507202       490.3979492188
276.880463       510.4596862793
277.253723       488.1688842773
277.626923       561.7285766602
278.000122       561.7285766602
278.373260       497.0852050781
278.746338       541.6668090820
279.119446       539.4377441406
279.492493       465.8780517578
279.865509       548.3540649414
280.238495       577.3321533203
280.611450       497.0852050781
280.984314       572.8739624023
281.357208       528.2923583984
281.730072       468.1071472168
282.102875       528.2923583984
282.475647       517.1469116211
282.848358       555.0413208008
283.221069       483.7107238770
283.593750       568.4158325195
283.966400       510.4596862793
284.339020       519.3760375977
284.711548       539.4377441406
285.084106       568.4158325195
285.456635       534.9796142578
285.829071       570.6448974609
286.201508       494.8561096191
286.573914       477.0234680176
286.946320       521.6051025391
287.318634       543.8959350586
287.690948       530.5214233398
288.063202       534.9796142578
288.435425       561.7285766602
288.807648       519.3760375977
289.179810       472.5653076172
289.551941       499.3142700195
289.924011       490.3979492188
290.296112       499.3142700195
290.668121       539.4377441406
291.040161       512.6887817383
291.412109       512.6887817383
291.783997       530.5214233398
292.155914       519.3760375977
292.527771       472.5653076172
292.899597       503.7724609375
293.271393       488.1688842773
293.643127       501.5433654785
294.014862       530.5214233398
294.386566       590.7066040039
294.758240       570.6448974609
295.129852       539.4377441406
295.501404       526.0632934570
295.872955       559.4995117188
296.244507       534.9796142578
296.615997       465.8780517578
296.987427       528.2923583984
297.358826       517.1469116211
297.730225       543.8959350586
298.101593       566.1867065430
298.472900       517.1469116211
298.844177       552.8122558594
299.215393       512.6887817383
299.586609       539.4377441406
299.957794       597.3938598633
300.328918       577.3321533203
300.700043       555.0413208008
301.071136       517.1469116211
301.442169       512.6887817383
301.813171       512.6887817383
302.184174       523.8341674805
302.555115       555.0413208008
302.925995       595.1647949219
303.296844       530.5214233398
303.667694       610.7683715820
304.038483       628.6010131836
304.409271       653.1209106445
304.779968       617.4556274414
305.150696       584.0194091797
305.521362       546.1250000000
305.891968       630.8300781250
306.262543       653.1209106445
306.633118       653.1209106445
307.003632       711.0770263672
307.374146       677.6408081055
307.744598       791.3239746094
308.114990       835.9056396484
308.485413       858.1964111328
308.855743       871.5709228516
309.226074       920.6107177734
309.596375       905.0071411133
309.966614       969.6505126953
310.336792       922.8397827148
310.707001       978.5668334961
311.077148       940.6724243164
311.447235      1058.8137207031
311.817322      1067.7301025391
312.187347      1210.3913574219
312.557373      1259.4311523438
312.927368      1321.8454589844
313.297302      1259.4311523438
313.667175      1290.6383056641
314.037048      1357.5107421875
314.406891      1431.0704345703
314.776642      1448.9030761719
315.146423      1504.6301269531
315.516144      1502.4010009766
315.885864      1558.1280517578
316.255524      1580.4188232422
316.625153      1633.9168701172
316.994751      1631.6877441406
317.364288      1564.8153076172
317.733795      1620.5423583984
318.103302      1896.9484863281
318.472717      1961.5917968750
318.842133      1983.8826904297
319.211517      2010.6315917969
319.580872      1968.2790527344
319.950195      2041.8387451172
320.319489      2168.8964843750
320.688751      2251.3725585938
321.057922      2298.1831054688
321.427094      2311.5576171875
321.796234      2463.1352539063
322.165344      2538.9240722656
322.534393      2451.9897460938
322.903412      2463.1352539063
323.272430      2581.2766113281
323.641418      2579.0473632813
324.010315      2394.0336914063
324.379242      2416.3244628906
324.748077      2525.5495605469
325.116913      2715.0214843750
325.485657      2766.2902832031
325.854431      2975.8239746094
326.223145      3080.5908203125
326.591827      3125.1723632813
326.960480      3343.6225585938
327.329102      3492.9709472656
327.697693      3557.6142578125
328.066193      3729.2536621094
328.434723      3871.9147949219
328.803192      3854.0820312500
329.171600      3811.7294921875
329.540009      3840.7077636719
329.908386      3923.1835937500
330.276703      3981.1398925781
330.645050      4282.0659179688
331.013306      4589.6791992188
331.381500      4703.3623046875
331.749695      4393.5200195313
332.117859      4462.6215820313
332.485962      4411.3525390625
332.854034      4447.0180664063
333.222107      4467.0795898438
333.590118      4475.9960937500
333.958099      4658.7807617188
334.326050      4765.7763671875
334.693970      4538.4101562500
335.061859      4322.1894531250
335.429657      4487.1411132813
335.797455      4571.8461914063
336.165192      4716.7368164063
336.532959      4620.8862304688
336.900665      4560.7011718750
337.268341      4429.1850585938
337.635956      4226.3388671875
338.003571      4150.5498046875
338.371124      4230.7968750000
338.738647      4326.6474609375
339.106110      4571.8461914063
339.473572      4636.4897460938
339.840942      4788.0673828125
340.208344      4906.2084960938
340.575653      5022.1210937500
340.942993      5109.0551757813
341.310272      5387.6904296875
341.677521      5416.6684570313
342.044708      5211.5927734375
342.411865      5204.9057617188
342.778992      5106.8261718750
343.146088      5229.4252929688
343.513123      5289.6108398438
343.880157      5516.9770507813
344.247131      5516.9770507813
344.614105      5300.7563476563
344.981049      5151.4077148438
345.347900      4850.4814453125
345.714783      4582.9916992188
346.081573      4932.9575195313
346.448334      5320.8178710938
346.815094      5389.9194335938
347.181763      5360.9414062500
347.548431      5403.2939453125
347.915070      5340.8793945313
348.281677      5541.4970703125
348.648224      5432.2719726563
349.014771      5452.3334960938
349.381256      5387.6904296875
349.747711      5594.9951171875
350.114105      5407.7519531250
350.480469      5347.5668945313
350.846832      5688.6162109375
351.213135      5958.3349609375
351.579407      6172.3271484375
351.945679      6504.4599609375
352.311890      6560.1870117188
352.678040      6437.5878906250
353.044189      6156.7236328125
353.410278      6045.2695312500
353.776337      5858.0263671875
354.142303      5953.8769531250
354.508301      6401.9223632813
354.874268      6885.6333007813
355.240204      7101.8540039063
355.606079      7159.8100585938
355.971924      7269.0351562500
356.337738      7275.7226562500
356.703491      7128.6030273438
357.069244      6858.8842773438
357.434937      6702.8486328125
357.800598      6306.0717773438
358.166229      6060.8730468750
358.531830      5929.3569335938
358.897369      5791.1542968750
359.262909      5619.5146484375
359.628418      5260.6328125000
359.993866      5427.8139648438
360.359222      6089.8510742188
360.724609      6803.1572265625
361.089966      7400.5507812500
361.455261      7204.3916015625
361.820526      7021.6069335938
362.185760      6722.9101562500
362.550964      6673.8706054688
362.916138      6575.7910156250
363.281250      6990.3999023438
363.646332      7418.3837890625
364.011383      7558.8159179688
364.376404      7614.5429687500
364.741333      7242.2861328125
365.106293      7474.1108398438
365.471222      7890.9487304688
365.836090      7853.0546875000
366.200928      7989.0283203125
366.565735      8296.6416015625
366.930511      8976.5117187500
367.295227      9306.4160156250
367.659912      9379.9755859375
368.024536      9500.3457031250
368.389160      9161.5253906250
368.753723      9264.0634765625
369.118317      8827.1630859375
369.482819      8871.7451171875
369.847260      8795.9560546875
370.211731      8998.8027343750
370.576111      9408.9531250000
370.940460      9509.2626953125
371.304810      9906.0390625000
371.669098      9324.2480468750
372.033325      9255.1464843750
372.397522      9319.7900390625
372.761749      9529.3242187500
373.125885      9393.3496093750
373.489990      8824.9345703125
373.854065      8468.2812500000
374.218109      8454.9062500000
374.582092      7873.1162109375
374.946075      7717.0805664063
375.309998      7630.1464843750
375.673859      7665.8115234375
376.037720      7679.1860351563
376.401550      8231.9980468750
376.765320      8684.5019531250
377.129059      9018.8642578125
377.492798      9083.5078125000
377.856476      9181.5869140625
378.220062      9721.0253906250
378.583679     10175.7578125000
378.947205     10975.9980468750
379.310730     11453.0214843750
379.674225     11361.6289062500
380.037689     10728.5703125000
380.401093      9990.7441406250
380.764496      9569.4472656250
381.127838      9547.1562500000
381.491119      9763.3779296875
381.854370     10490.0585937500
382.217621     10623.8027343750
382.580811      9910.4970703125
382.943939      9235.0849609375
383.307068      8332.3076171875
383.670166      7574.4194335938
384.033203      7110.7705078125
384.396240      6794.2407226563
384.759216      6609.2270507813
385.122131      7061.7304687500
385.485016      7875.3452148438
385.847900      8829.3925781250
386.210724      9190.5039062500
386.573486      9357.6845703125
386.936279      9072.3623046875
387.298981      9045.6132812500
387.661652      9259.6054687500
388.024323      9386.6630859375
388.386902      9237.3144531250
388.749481      9161.5253906250
389.112000      9435.7021484375
389.474487      9279.6669921875
389.836945      9272.9794921875
390.199371      9752.2324218750
390.561737     10403.1240234375
390.924103     11189.9902343750
391.286407     11230.1132812500
391.648682     11455.2509765625
392.010925     11856.4853515625
392.373108     12378.0898437500
392.735291     12652.2675781250
393.097382     11914.4414062500
393.459473     10913.5839843750
393.821533      9658.6103515625
394.183533      7712.6225585938
394.545532      6678.3286132813
394.907471      6401.9223632813
395.269379      7594.4809570313
395.631256      8980.9697265625
395.993042     10501.2031250000
396.354828     11905.5253906250
396.716583     12177.4726562500
397.078308     11912.2119140625
397.439972     10545.7851562500
397.801636      8296.6416015625
398.163239      7701.4770507813
398.524841      8347.9111328125
398.886383     10202.5068359375
399.247833     12393.6943359375
399.609283     14119.0029296875
399.970703     14992.8027343750
400.332062     15755.1494140625
400.693420     16256.6923828125
401.054718     16613.3457031250
401.416016     16818.4218750000
401.777252     16626.7207031250
402.138458     17284.2988281250
402.499603     17471.5410156250
402.860718     18006.5214843750
403.221832     18260.6367187500
403.582855     18445.6503906250
403.943848     18091.2265625000
404.304810     17750.1777343750
404.665771     17959.7109375000
405.026642     17759.0937500000
405.387543     17990.9179687500
405.748352     17774.6972656250
406.109161     17712.2832031250
406.469849     17939.6484375000
406.830597     17658.7851562500
407.191223     17451.4804687500
407.551880     17099.2851562500
407.912476     17344.4843750000
408.273041     17808.1328125000
408.633575     17828.1953125000
408.994049     17921.8164062500
409.354492     18180.3906250000
409.714935     19390.7812500000
410.075287     19792.0156250000
410.435608     19747.4335937500
410.795868     19092.0839843750
411.156158     17968.6269531250
411.516388     17634.2656250000
411.876587     18026.5839843750
412.236725     19179.0175781250
412.596832     19439.8203125000
412.956909     20233.3730468750
413.316925     20663.5859375000
413.676910     20743.8339843750
414.036896     19925.7597656250
414.396820     20108.5449218750
414.756683     20130.8359375000
415.116547     20289.1015625000
415.476379     20621.2343750000
415.836121     20425.0742187500
416.195862     20445.1367187500
416.555542     20141.9824218750
416.915192     20440.6777343750
417.274811     21053.6757812500
417.634399     20917.7011718750
417.993927     21196.3378906250
418.353455     20340.3691406250
418.712891     20186.5625000000
419.072357     20084.0253906250
419.431763     20037.2148437500
419.791107     20474.1152343750
420.150452     20251.2070312500
420.509674     20476.3437500000
420.868927     20396.0976562500
421.228119     20175.4179687500
421.587280     20476.3437500000
421.946411     20962.2832031250
422.305542     21501.7207031250
422.664581     21347.9140625000
423.023621     21167.3593750000
423.382568     20924.3886718750
423.741516     20578.8808593750
424.100403     19689.4785156250
424.459259     19865.5761718750
424.818054     20540.9863281250
425.176880     21129.4648437500
425.535614     20812.9355468750
425.894348     21013.5527343750
426.252991     20585.5683593750
426.611633     20512.0097656250
426.970245     20672.5039062500
427.328796     20821.8515625000
427.687317     20908.7851562500
428.045807     20636.8378906250
428.404205     20282.4140625000
428.762604     19981.4882812500
429.121002     19981.4882812500
429.479340     20204.3964843750
429.837616     19950.2812500000
430.195892     19557.9628906250
430.554138     19187.9355468750
430.912292     18095.6855468750
431.270416     16811.7343750000
431.628510     15726.1708984375
431.986542     15550.0732421875
432.344574     16579.9082031250
432.702576     18782.2421875000
433.060516     20636.8378906250
433.418427     20915.4726562500
433.776306     21234.2324218750
434.134155     21820.4804687500
434.491913     22030.0136718750
434.849701     21887.3515625000
435.207397     20837.4550781250
435.565063     21006.8652343750
435.922729     21829.3964843750
436.280334     22286.3574218750
436.637909     22676.4472656250
436.995453     23307.2773437500
437.352936     24169.9316406250
437.710388     24479.7753906250
438.067780     24591.2285156250
438.425171     23918.0449218750
438.782471     23715.1992187500
439.139771     22776.7558593750
439.497040     22478.0585937500
439.854279     21615.4042968750
440.211426     22473.6015625000
440.568604     23157.9296875000
440.925720     23659.4726562500
441.282776     23652.7851562500
441.639801     23677.3046875000
441.996735     24189.9941406250
442.353699     24633.5820312500
442.710602     25509.6093750000
443.067505     26209.5410156250
443.424347     25852.8886718750
443.781128     26773.5000000000
444.137878     26193.9375000000
444.494629     26285.3300781250
444.851288     26456.9707031250
445.207916     26592.9433593750
445.564514     26871.5781250000
445.921051     26414.6171875000
446.277618     26900.5566406250
446.634094     26356.6621093750
446.990540     25799.3906250000
447.346985     25942.0527343750
447.703339     26046.8183593750
448.059692     26443.5957031250
448.416016     27932.6210937500
448.772186     27823.3964843750
449.128418     27948.2246093750
449.484589     28748.4648437500
449.840729     28077.5117187500
450.196838     28340.5429687500
450.552917     28394.0410156250
450.908966     28851.0039062500
451.264954     28980.2910156250
451.620880     29261.1542968750
451.976807     30556.2519531250
452.332611     29985.6054687500
452.688446     29925.4199218750
453.044250     29586.5996093750
453.399994     29116.2636718750
453.755707     28110.9492187500
454.111389     27529.1582031250
454.467041     27324.0820312500
454.822632     27315.1660156250
455.178192     28151.0722656250
455.533722     28373.9804687500
455.889130     28487.6640625000
456.244598     28157.7597656250
456.600006     28507.7246093750
456.955353     28882.2109375000
457.310699     29397.1289062500
457.665985     29686.9082031250
458.021240     29180.9082031250
458.376434     29479.6054687500
458.731628     29599.9746093750
459.086700     29426.1074218750
459.441772     29178.6777343750
459.796844     28942.3964843750
460.151886     28859.9199218750
460.506836     28960.2285156250
460.861786     29261.1542968750
461.216675     29245.5507812500
461.571533     29439.4804687500
461.926361     29929.8789062500
462.281158     30206.2851562500
462.635803     30562.9375000000
462.990540     30420.2773437500
463.345184     31051.1074218750
463.699829     31409.9902343750
464.054413     31463.4863281250
464.408936     31615.0644531250
464.763458     31307.4511718750
465.117920     31028.8164062500
465.472351     30846.0312500000
465.826752     31289.6191406250
466.181030     30805.9082031250
466.535339     31354.2617187500
466.889618     31532.5878906250
467.243866     32154.5019531250
467.598053     31871.4082031250
467.952209     31815.6816406250
468.306305     31701.9980468750
468.660370     32154.5019531250
469.014435     32754.1250000000
469.368439     32836.6015625000
469.722321     33269.0429687500
470.076263     33039.4492187500
470.430115     34318.9414062500
470.783966     34372.4375000000
471.137756     34287.7343750000
471.491516     34046.9921875000
471.845245     33882.0390625000
472.198944     34697.8828125000
472.552582     35885.9843750000
472.906128     36293.9062500000
473.259705     37691.5429687500
473.613220     38402.6171875000
473.966675     38081.6289062500
474.320129     37889.9296875000
474.673553     38157.4179687500
475.026917     39142.6718750000
475.380249     39706.6328125000
475.733521     40995.0390625000
476.086761     41342.7773437500
476.439911     40903.6484375000
476.793091     41195.6562500000
477.146210     41402.9609375000
477.499298     41828.7187500000
477.852356     41806.4257812500
478.205353     42379.3007812500
478.558350     44053.3398437500
478.911285     45054.1992187500
479.264160     45063.1132812500
479.617035     45221.3789062500
479.969757     45562.4296875000
480.322540     45936.9140625000
480.675262     46895.4179687500
481.027985     47301.1132812500
481.380615     47564.1445312500
481.733246     47671.1406250000
482.085815     48003.2734375000
482.438324     48799.0546875000
482.790833     49180.2265625000
483.143280     49579.2343750000
483.495667     49298.3710937500
483.848022     49614.8984375000
484.200348     49788.7656250000
484.552673     49980.4687500000
484.904907     49795.4531250000
485.257111     49826.6601562500
485.609283     50288.0820312500
485.961456     50285.8515625000
486.313538     49672.8554687500
486.665588     48544.9414062500
487.017548     46157.5937500000
487.369507     45054.1992187500
487.721466     45038.5937500000
488.073334     46815.1718750000
488.425232     47530.7070312500
488.777039     49126.7304687500
489.128815     49989.3828125000
489.480560     50611.2968750000
489.832245     50551.1132812500
490.183868     50653.6523437500
490.535461     51551.9726562500
490.887054     52595.1796875000
491.238586     52724.4687500000
491.590057     52849.2968750000
491.941528     52987.5000000000
492.292938     52985.2695312500
492.644318     52686.5742187500
492.995667     51995.5585937500
493.346954     51462.8085937500
493.698181     52329.9218750000
494.049377     52815.8593750000
494.400543     53232.6992187500
494.751678     52880.5039062500
495.102783     53107.8710937500
495.453827     53939.3164062500
495.804871     54195.6601562500
496.155853     54244.7031250000
496.506775     54262.5351562500
496.857666     54106.5000000000
497.208466     54077.5195312500
497.559265     54414.1132812500
497.910065     54362.8437500000
498.260773     54521.1093750000
498.611481     54851.0117187500
498.962128     54188.9726562500
499.312744     53876.9023437500
499.663300     53901.4218750000
500.013855     53928.1718750000
500.364349     54117.6445312500
500.714752     54320.4921875000
501.065155     54329.4062500000
501.415527     53515.7929687500
501.765869     53426.6289062500
502.116150     53270.5937500000
502.466400     52913.9414062500
502.816620     52635.3046875000
503.166779     53139.0781250000
503.516907     53194.8046875000
503.866943     53763.2187500000
504.217010     53997.2734375000
504.567017     53638.3906250000
504.916962     53366.4414062500
505.266876     53406.5664062500
505.616791     53428.8593750000
505.966644     53816.7187500000
506.316437     54155.5390625000
506.666199     54768.5351562500
507.015930     55383.7617187500
507.365570     55294.5976562500
507.715210     55180.9140625000
508.064789     55015.9648437500
508.414368     55004.8164062500
508.763885     55011.5039062500
509.113373     54402.9648437500
509.462830     54596.8945312500
509.812225     54819.8046875000
510.161591     55301.2851562500
510.510895     55756.0195312500
510.860107     55281.2226562500
511.209381     55229.9570312500
511.558563     55394.9062500000
511.907715     55296.8281250000
512.256836     55747.1015625000
512.605896     56170.6289062500
512.954956     56161.7109375000
513.303955     56195.1484375000
513.652832     55865.2421875000
514.001831     55867.4726562500
514.350647     55660.1679687500
514.699463     55657.9375000000
515.048279     55457.3203125000
515.396973     55363.6992187500
515.745728     55635.6484375000
516.094360     55499.6757812500
516.442993     55620.0429687500
516.791565     56208.5234375000
517.140137     55887.5351562500
517.488586     55098.4414062500
517.837036     53745.3867187500
518.185425     52176.1132812500
518.533875     52849.2968750000
518.882202     53736.4726562500
519.230469     53560.3750000000
519.578735     53569.2890625000
519.927002     53600.4960937500
520.275146     54623.6445312500
520.623291     55227.7265625000
520.971313     55653.4804687500
521.319336     55947.7187500000
521.667419     56324.4335937500
522.015381     55929.8867187500
522.363281     56286.5390625000
522.711182     56721.2109375000
523.059021     56908.4531250000
523.406860     56576.3203125000
523.754639     56411.3671875000
524.102356     56259.7929687500
524.449951     56284.3125000000
524.797607     56480.4687500000
525.145203     57033.2812500000
525.492798     57383.2500000000
525.840332     57271.7929687500
526.187805     57262.8789062500
526.535217     57367.6445312500
526.882629     57450.1210937500
527.230042     56808.1445312500
527.577332     55713.6679687500
527.924500     54686.0585937500
528.271729     54605.8125000000
528.618896     55027.1093750000
528.966125     55787.2265625000
529.313232     56357.8710937500
529.660278     56531.7382812500
530.007324     57142.5078125000
530.354309     57441.2031250000
530.701233     57097.9257812500
531.048096     56930.7460937500
531.394958     57073.4062500000
531.741760     57588.3242187500
532.088562     57697.5507812500
532.435303     57488.0156250000
532.781982     57521.4531250000
533.128601     57233.8984375000
533.475281     56714.5234375000
533.821838     56328.8945312500
534.168335     55898.6796875000
534.514832     56297.6875000000
534.861206     56346.7265625000
535.207703     56471.5546875000
535.554016     56556.2578125000
535.900391     56496.0742187500
536.246643     56750.1875000000
536.592896     57158.1093750000
536.939087     57193.7773437500
537.285278     57173.7148437500
537.631348     56696.6914062500
537.977417     55992.3007812500
538.323425     56003.4453125000
538.669373     56172.8554687500
539.015381     56404.6796875000
539.361267     56308.8320312500
539.707153     56344.4960937500
540.052979     56246.4179687500
540.398804     55992.3007812500
540.744507     55695.8320312500
541.090210     55515.2773437500
541.435791     54855.4687500000
541.781433     54723.9531250000
542.127014     54688.2890625000
542.472595     55080.6054687500
542.818054     55196.5195312500
543.163513     55310.2031250000
543.508911     55486.3007812500
543.854309     55174.2304687500
544.199646     55278.9960937500
544.544800     55348.0976562500
544.890076     55381.5312500000
545.235291     55559.8593750000
545.580444     55740.4140625000
545.925537     55698.0625000000
546.270630     55597.7539062500
546.615723     55713.6679687500
546.960693     55871.9296875000
547.305603     55631.1914062500
547.650574     55492.9882812500
547.995361     55805.0585937500
548.340149     55354.7851562500
548.684998     55221.0390625000
549.029724     55020.4218750000
549.374390     55018.1914062500
549.719116     55303.5156250000
550.063660     55254.4765625000
550.408264     55620.0429687500
550.752869     55421.6562500000
551.097290     55479.6132812500
551.441711     55408.2812500000
551.786133     55145.2500000000
552.130493     54951.3203125000
552.474854     55196.5195312500
552.819092     55080.6054687500
553.163330     55314.6601562500
553.507507     55267.8515625000
553.851685     54868.8437500000
554.195801     54697.2031250000
554.539917     54616.9570312500
554.883850     54924.5703125000
555.227844     55136.3359375000
555.571777     55089.5234375000
555.915710     55127.4179687500
556.259583     55243.3281250000
556.603333     55294.5976562500
556.947205     54989.2148437500
557.290894     54862.1562500000
557.634583     54429.7148437500
557.978210     54391.8203125000
558.321777     53963.8359375000
558.665405     54102.0390625000
559.008911     54168.9140625000
559.352417     54008.4179687500
559.695862     53466.7539062500
560.039185     53315.1757812500
560.382568     52998.6445312500
560.725891     53212.6367187500
561.069153     53029.8515625000
561.412354     53197.0312500000
561.755554     53758.7617187500
562.098694     53720.8671875000
562.441772     53696.3476562500
562.784851     53355.2968750000
563.127930     53377.5898437500
563.470825     53502.4179687500
563.813782     53085.5781250000
564.156738     53598.2695312500
564.499573     53428.8593750000
564.842285     53190.3476562500
565.185059     52934.0000000000
565.527771     53179.1992187500
565.870422     53312.9453125000
566.213135     52898.3359375000
566.555725     52793.5703125000
566.898254     52285.3398437500
567.240784     52216.2382812500
567.583252     52026.7656250000
567.925659     52122.6171875000
568.268005     52327.6914062500
568.610291     52566.2031250000
568.952637     52546.1406250000
569.294922     52093.6367187500
569.637146     51721.3828125000
569.979309     51253.2734375000
570.321411     51471.7226562500
570.663513     51179.7148437500
571.005554     51400.3945312500
571.347473     50867.6445312500
571.689453     50321.5195312500
572.031372     50232.3554687500
572.373230     49889.0742187500
572.715088     50103.0664062500
573.056885     50767.3359375000
573.398621     51095.0078125000
573.740295     51204.2343750000
574.082031     50934.5156250000
574.423584     51369.1875000000
574.765137     50970.1796875000
575.106689     50972.4101562500
575.448120     51003.6171875000
575.789612     50586.7773437500
576.130981     50381.7031250000
576.472351     50183.3164062500
576.813721     50011.6757812500
577.154968     49942.5742187500
577.496216     50143.1914062500
577.837402     49982.6992187500
578.178467     49944.8046875000
578.519592     49877.9296875000
578.860657     49679.5429687500
579.201660     49661.7109375000
579.542664     49189.1445312500
579.883606     48966.2343750000
580.224487     49256.0156250000
580.565308     49510.1328125000
580.906189     49487.8398437500
581.246948     49750.8710937500
581.587585     49628.2734375000
581.928223     49788.7656250000
582.268921     49672.8554687500
582.609497     49445.4882812500
582.950012     50239.0429687500
583.290527     49536.8828125000
583.630981     49782.0781250000
583.971436     50047.3398437500
584.311829     49933.6562500000
584.652100     49866.7851562500
584.992371     49721.8945312500
585.332642     49472.2382812500
585.672852     49568.0898437500
586.013000     48939.4882812500
586.353088     49013.0468750000
586.693176     48560.5429687500
587.033264     48103.5820312500
587.373230     48261.8476562500
587.713196     48651.9375000000
588.053040     48547.1679687500
588.392883     48090.2070312500
588.732727     48194.9726562500
589.072510     47354.6093750000
589.412231     46529.8515625000
589.751892     44566.0273437500
590.091553     43027.9609375000
590.431152     41612.4960937500
590.770752     41358.3789062500
591.110229     41672.6796875000
591.449707     42508.5859375000
591.789124     43785.8515625000
592.128479     43636.5039062500
592.467834     43850.4921875000
592.807129     43877.2421875000
593.146423     43172.8515625000
593.485596     43899.5351562500
593.824768     44057.7968750000
594.163879     44581.6328125000
594.502991     44503.6132812500
594.841980     44586.0898437500
595.180969     43747.9570312500
595.519897     43734.5820312500
595.858887     43101.5234375000
596.197693     42771.6171875000
596.536499     43413.5937500000
596.875305     44066.7148437500
597.214050     44298.5390625000
597.552734     43926.2812500000
597.891296     44191.5429687500
598.229980     44019.9023437500
598.568542     44282.9375000000
598.907043     43877.2421875000
599.245483     43941.8867187500
599.583984     43995.3828125000
599.922363     43959.7187500000
600.260681     44276.2500000000
600.598999     44057.7968750000
600.937256     44459.0312500000
601.275452     43712.2890625000
601.613586     44055.5703125000
601.951721     43674.3945312500
602.289856     44124.6718750000
602.627869     43609.7539062500
602.965881     43727.8945312500
603.303833     43190.6875000000
603.641724     43765.7890625000
603.979614     43587.4609375000
604.317444     43950.8007812500
604.655151     44267.3320312500
604.992859     44046.6523437500
605.330566     44062.2578125000
605.668274     44222.7500000000
606.005859     44668.5664062500
606.343445     43939.6562500000
606.680908     44204.9179687500
607.018433     43982.0078125000
607.355835     43640.9609375000
607.693237     43803.6835937500
608.030579     43420.2812500000
608.367859     43701.1445312500
608.705078     43369.0117187500
609.042297     43139.4179687500
609.379456     42673.5390625000
609.716614     42606.6679687500
610.053650     42408.2773437500
610.390686     42216.5781250000
610.727722     42138.5585937500
611.064575     41980.2929687500
611.401550     41340.5468750000
611.738403     41200.1171875000
612.075256     41456.4609375000
612.411987     41378.4414062500
612.748779     41423.0234375000
613.085449     41209.0312500000
613.422058     40604.9492187500
613.758667     40825.6289062500
614.095215     40901.4179687500
614.431702     40428.8554687500
614.768127     40263.9023437500
615.104614     39786.8789062500
615.440979     40143.5312500000
615.777283     40147.9882812500
616.113586     40223.7773437500
616.449829     40317.3984375000
616.786011     39514.9296875000
617.122192     39497.0976562500
617.458374     38832.8320312500
617.794373     38418.2226562500
618.130371     38654.5039062500
618.466370     38772.6445312500
618.802246     39158.2773437500
619.138184     39463.6601562500
619.474060     39539.4492187500
619.809875     39378.9570312500
620.145630     39153.8203125000
620.481323     39933.9960937500
620.817017     39503.7851562500
621.152588     39994.1835937500
621.488220     39795.7929687500
621.823792     39847.0625000000
622.159241     39695.4843750000
622.494690     39949.6015625000
622.830078     39006.6992187500
623.165466     39189.4843750000
623.500793     39127.0703125000
623.836060     39095.8632812500
624.171265     38799.3945312500
624.506470     38812.7695312500
624.841553     38536.3632812500
625.176697     38531.9062500000
625.511719     38329.0585937500
625.846741     37869.8671875000
626.181702     37486.4648437500
626.516663     37580.0859375000
626.851563     37058.4804687500
627.186401     37354.9492187500
627.521118     37210.0585937500
627.855896     37564.4843750000
628.190552     37718.2890625000
628.525269     37080.7734375000
628.859863     36525.7304687500
629.194458     36128.9531250000
629.528992     36385.3007812500
629.863403     36258.2421875000
630.197815     36153.4765625000
630.532288     36193.5976562500
630.866516     35696.5117187500
631.200867     35694.2851562500
631.535156     35883.7578125000
631.869324     35308.6523437500
632.203491     35660.8476562500
632.537659     35359.9218750000
632.871704     35235.0937500000
633.205750     34980.9765625000
633.539795     34960.9179687500
633.873718     35232.8632812500
634.207520     35417.8789062500
634.541443     34778.1328125000
634.875244     35393.3593750000
635.208984     34434.8515625000
635.542725     34653.3046875000
635.876404     34452.6875000000
636.210022     34923.0234375000
636.543640     34488.3515625000
636.877197     34332.3164062500
637.210571     34546.3085937500
637.544067     34374.6679687500
637.877502     34165.1328125000
638.210815     34744.6953125000
638.544189     34704.5703125000
638.877441     34111.6367187500
639.210693     34499.4960937500
639.543884     34169.5937500000
639.877014     34691.1992187500
640.210144     34198.5703125000
640.543091     34466.0585937500
640.876099     33654.6757812500
641.209106     33763.8984375000
641.541992     33416.1640625000
641.874939     33255.6679687500
642.207703     33300.2500000000
642.540527     32905.7031250000
642.873230     33081.8007812500
643.205994     32691.7109375000
643.538574     32640.4414062500
643.871155     32780.8750000000
644.203674     32537.9042968750
644.536255     32555.7363281250
644.868713     32430.9082031250
645.201172     32930.2226562500
645.533508     32486.6347656250
645.865845     32330.5996093750
646.198120     32065.3398437500
646.530396     31717.6015625000
646.862610     31461.2578125000
647.194702     30944.1113281250
647.526855     30587.4589843750
647.858887     30560.7089843750
648.190857     29633.4121093750
648.522827     29290.1328125000
648.854797     28507.7246093750
649.186707     28547.8476562500
649.518555     28706.1132812500
649.850342     28456.4570312500
650.182007     28122.0937500000
650.513733     28006.1816406250
650.845398     27344.1445312500
651.177063     28360.6054687500
651.508606     28931.2500000000
651.840088     29218.8027343750
652.171631     29252.2382812500
652.503052     28585.7421875000
652.834412     28253.6093750000
653.165771     28233.5488281250
653.497070     28694.9687500000
653.828308     28853.2324218750
654.159485     29156.3886718750
654.490662     29339.1718750000
654.821838     29383.7539062500
655.152832     29044.9335937500
655.483887     28641.4707031250
655.814880     28652.6152343750
656.145813     27968.2871093750
656.476685     27468.9726562500
656.807495     26490.4062500000
657.138306     25438.2792968750
657.469116     24303.6777343750
657.799744     24361.6328125000
658.130493     25132.8945312500
658.461121     25703.5410156250
658.791687     26260.8105468750
659.122192     26938.4511718750
659.452698     27003.0957031250
659.783142     27078.8828125000
660.113464     27468.9726562500
660.443787     27736.4628906250
660.774109     27596.0312500000
661.104370     27876.8945312500
661.434570     28458.6855468750
661.764771     27754.2949218750
662.094849     28102.0312500000
662.424988     27972.7460937500
662.755005     28148.8437500000
663.084900     28039.6171875000
663.414856     28175.5917968750
663.744751     27979.4335937500
664.074585     27894.7265625000
664.404419     27232.6894531250
664.734131     27049.9062500000
665.063904     27141.2988281250
665.393555     27451.1406250000
665.723206     27237.1484375000
666.052734     27283.9589843750
666.382202     27524.6992187500
666.711670     27185.8789062500
667.041138     27263.8964843750
667.370544     27304.0214843750
667.699829     26880.4960937500
668.029175     27223.7734375000
668.358459     26864.8925781250
668.687622     26974.1171875000
669.016846     26753.4375000000
669.345947     26488.1777343750
669.674927     26316.5371093750
670.003967     26283.1015625000
670.332947     26245.2070312500
670.661865     26539.4453125000
670.990784     25995.5507812500
671.319641     25605.4609375000
671.648438     26082.4843750000
671.977112     25734.7480468750
672.305847     25763.7246093750
672.634521     25451.6542968750
672.963135     25228.7460937500
673.291687     25152.9570312500
673.620178     25502.9238281250
673.948669     25164.1015625000
674.277100     24976.8593750000
674.605469     25072.7109375000
674.933899     24976.8593750000
675.262085     24733.8906250000
675.590332     24695.9960937500
675.918579     24631.3515625000
676.246704     24497.6074218750
676.574829     24067.3945312500
676.902893     23991.6054687500
677.230896     24332.6542968750
677.558899     24165.4746093750
677.886841     24212.2851562500
678.214661     24319.2812500000
678.542480     23973.7734375000
678.870239     23757.5527343750
679.197998     23958.1699218750
679.525696     23552.4765625000
679.853394     23614.8906250000
680.180969     23369.6914062500
680.508484     23438.7929687500
680.836060     23487.8339843750
681.163452     23030.8710937500
681.490845     23115.5761718750
681.818237     22881.5234375000
682.145569     23008.5800781250
682.472839     22745.5488281250
682.800110     22892.6679687500
683.127319     22607.3457031250
683.454468     22462.4550781250
683.781494     22625.1777343750
684.108582     22451.3105468750
684.435608     22279.6718750000
684.762451     22212.7988281250
685.089355     21738.0039062500
685.416199     22047.8457031250
685.743103     21695.6523437500
686.069824     21706.7968750000
686.396606     21746.9199218750
686.723267     21626.5507812500
687.049927     21639.9238281250
687.376465     20886.4941406250
687.703003     19564.6503906250
688.029419     18033.2695312500
688.355957     16851.8574218750
688.682312     16559.8476562500
689.008667     17108.2011718750
689.334961     17924.0449218750
689.661316     17870.5468750000
689.987427     17759.0937500000
690.313660     17640.9511718750
690.639771     17846.0273437500
690.965881     18216.0546875000
691.291809     18229.4296875000
691.617798     18062.2480468750
691.943726     18320.8222656250
692.269714     18311.9062500000
692.595459     18396.6113281250
692.921326     18320.8222656250
693.247009     18438.9628906250
693.572754     18269.5527343750
693.898438     17794.7578125000
694.223999     17863.8593750000
694.549561     17484.9160156250
694.875061     17317.7343750000
695.200562     16720.3417968750
695.526001     16635.6367187500
695.851379     16740.4023437500
696.176697     16851.8574218750
696.502014     16865.2324218750
696.827271     17063.6191406250
697.152405     17157.2421875000
697.477539     17340.0253906250
697.802612     18035.5000000000
698.127625     18122.4335937500
698.452698     18211.5976562500
698.777649     18316.3632812500
699.102539     18193.7636718750
699.427429     17950.7949218750
699.752258     17516.1230468750
700.077026     17516.1230468750
700.401733     17438.1054687500
700.726379     17230.8007812500
701.051025     17027.9550781250
701.375610     16782.7558593750
701.700134     16377.0625000000
702.024658     16361.4589843750
702.349060     16223.2558593750
702.673462     16441.7070312500
702.997864     16548.7011718750
703.322144     16287.8994140625
703.646362     16149.6962890625
703.970520     16154.1542968750
704.294739     16515.2656250000
704.618896     16822.8789062500
704.942932     16704.7382812500
705.266968     16805.0468750000
705.590942     16907.5839843750
705.914917     16994.5175781250
706.238770     16805.0468750000
706.562622     16918.7304687500
706.886292     16524.1816406250
707.210083     16816.1914062500
707.533813     16682.4472656250
707.857422     16602.1992187500
708.181030     16526.4121093750
708.504578     16854.0859375000
708.828064     16738.1738281250
709.151550     16885.2929687500
709.474976     16813.9628906250
709.798340     16582.1386718750
710.121582     16582.1386718750
710.444885     16653.4687500000
710.768127     16577.6796875000
711.091248     16499.6621093750
711.414429     16780.5273437500
711.737488     16753.7773437500
712.060547     16588.8261718750
712.383484     16368.1464843750
712.706482     16435.0195312500
713.029358     16423.8730468750
713.352112     16147.4677734375
713.674927     16392.6660156250
713.997681     16194.2783203125
714.320435     16093.9697265625
714.643066     16009.2646484375
714.965698     16111.8017578125
715.288269     15835.3955078125
715.610779     15784.1269531250
715.933289     15460.9101562500
716.255737     15342.7685546875
716.578003     15396.2666015625
716.900330     15012.8652343750
717.222595     14591.5683593750
717.544861     13896.0947265625
717.867065     12988.8583984375
718.189209     12179.7021484375
718.511292     11417.3564453125
718.833313     10857.8564453125
719.155334     10554.7011718750
719.477234     10113.3437500000
719.799133      9865.9150390625
720.120972      9415.6406250000
720.442749      9585.0507812500
720.764587      9379.9755859375
721.086304      9362.1425781250
721.407898      9279.6669921875
721.729553      9585.0507812500
722.051147     10300.5859375000
722.372681     10900.2089843750
722.694092     11889.9218750000
723.015503     12148.4951171875
723.336914     12371.4033203125
723.658264     12491.7734375000
723.979492     12268.8652343750
724.300781     11444.1054687500
724.621948     11236.8007812500
724.943115     10572.5341796875
725.264160     10389.7490234375
725.585205     10284.9824218750
725.906189     10231.4843750000
726.227173     10017.4931640625
726.548035      9903.8095703125
726.868896      9992.9726562500
727.189697     10195.8193359375
727.510498     10013.0351562500
727.831177     10162.3828125000
728.151855     10305.0439453125
728.472473     10235.9423828125
728.793091      9625.1748046875
729.113525     10082.1357421875
729.434021     10298.3574218750
729.754456     10271.6083984375
730.074829      9990.7441406250
730.395142      9841.3955078125
730.715454      9992.9726562500
731.035706     10164.6123046875
731.355896     10229.2558593750
731.676025     10001.8896484375
731.996033      9917.1845703125
732.316101     10030.8671875000
732.636108     10229.2558593750
732.956055     10309.5029296875
733.275940     10802.1298828125
733.595825     10880.1474609375
733.915649     11254.6328125000
734.235413     11662.5546875000
734.555054     11658.0966796875
734.874817     12222.0546875000
735.194336     12150.7236328125
735.513855     12204.2216796875
735.833435     11798.5292968750
736.152893     11903.2958984375
736.472290     11854.2558593750
736.791687     11794.0712890625
737.111023     11691.5332031250
737.430298     11513.2070312500
737.749512     11375.0039062500
738.068665     11722.7402343750
738.387817     11858.7138671875
738.706909     11854.2558593750
739.025879     11733.8857421875
739.344910     12088.3095703125
739.663879     11651.4101562500
739.982788     11852.0273437500
740.301636     11780.6962890625
740.620422     11566.7041015625
740.939148     11675.9296875000
741.257874     11945.6484375000
741.576477     11609.0576171875
741.895020     11881.0048828125
742.213623     11611.2861328125
742.532166     11660.3261718750
742.850586     11791.8417968750
743.169006     11640.2646484375
743.487366     11704.9072265625
743.805725     11769.5507812500
744.123962     11680.3876953125
744.442200     11894.3798828125
744.760315     11633.5771484375
745.078430     11780.6962890625
745.396484     11653.6386718750
745.714539     11497.6035156250
746.032532     11555.5595703125
746.350464     11649.1806640625
746.668335     11415.1269531250
746.986206     11517.6650390625
747.303955     11466.3955078125
747.621643     11370.5449218750
747.939331     11334.8798828125
748.257019     11256.8623046875
748.574585     11361.6289062500
748.892151     11241.2587890625
749.209656     11406.2109375000
749.527100     11140.9501953125
749.844482     11268.0078125000
750.161804     11065.1611328125
750.479126     11065.1611328125
750.796326     10884.6054687500
751.113525     10770.9228515625
751.430725     10637.1777343750
751.747803     10911.3544921875
752.064880     10719.6533203125
752.381897     10811.0458984375
752.698853     10797.6718750000
753.015747     10913.5839843750
753.332703     10677.3007812500
753.649475     10920.2705078125
753.966187     10848.9404296875
754.282898     10610.4287109375
754.599609     10757.5478515625
754.916199     10530.1816406250
755.232788     10719.6533203125
755.549316     10572.5341796875
755.865784     10527.9521484375
756.182190     10505.6621093750
756.498596     10574.7636718750
756.814941     10753.0898437500
757.131165     10447.7060546875
757.447388     10507.8906250000
757.763611     10646.0937500000
758.079712     10412.0400390625
758.395813     10568.0761718750
758.711853     10510.1201171875
759.027832     10485.5996093750
759.343811     10481.1416015625
759.659668     10280.5244140625
759.975464     10157.9248046875
760.291260      9058.9873046875
760.606995      7804.0146484375
760.922668      5878.0883789063
761.238342      4654.3222656250
761.554016      3593.2795410156
761.869507      3011.4892578125
762.185059      2893.3479003906
762.500488      3591.0505371094
762.815918      4489.3706054688
763.131165      4959.7065429688
763.446533      4979.7685546875
763.761719      4928.4995117188
764.076965      4785.8383789063
764.392151      4589.6791992188
764.707214      4426.9560546875
765.022339      4562.9301757813
765.337341      5131.3457031250
765.652283      5412.2099609375
765.967224      5608.3691406250
766.282043      5933.8154296875
766.596863      6377.4023437500
766.911621      6629.2885742188
767.226379      6997.0874023438
767.541016      7188.7880859375
767.855591      7442.9038085938
768.170227      7888.7197265625
768.484741      8044.7553710938
768.799194      8292.1835937500
769.113647      8472.7392578125
769.427979      8637.6914062500
769.742310      8829.3925781250
770.056580      8769.2070312500
770.370850      8646.6074218750
770.684998      8695.6474609375
770.999084      8515.0917968750
771.313232      8842.7666015625
771.627258      9012.1767578125
771.941223      9050.0712890625
772.255066      8631.0039062500
772.569031      8816.0175781250
772.882813      8682.2734375000
773.196594      8573.0478515625
773.510376      8697.8769531250
773.824036      8575.2773437500
774.137695      8789.2685546875
774.451294      8798.1855468750
774.764832      8430.3867187500
775.078308      8735.7705078125
775.391724      8550.7568359375
775.705078      8151.7514648438
776.018433      8432.6162109375
776.331726      8265.4345703125
776.644958      8347.9111328125
776.958130      8145.0644531250
777.271301      7977.8833007813
777.584412      8370.2011718750
777.897461      8091.5664062500
778.210510      7937.7597656250
778.523315      7984.5703125000
778.836304      7875.3452148438
779.149109      7839.6801757813
779.461914      7870.8872070313
779.774658      7812.9311523438
780.087402      7601.1684570313
780.400024      7723.7680664063
780.712585      7661.3535156250
781.025146      7527.6088867188
781.337646      7556.5869140625
781.650085      7681.4155273438
781.962463      7837.4511718750
782.274841      7396.0927734375
782.587158      7498.6303710938
782.899414      7326.9912109375
783.211609      7416.1547851563
783.523743      7514.2343750000
783.835938      7291.3261718750
784.147949      7253.4316406250
784.459900      7128.6030273438
784.771851      7128.6030273438
785.083801      6985.9418945313
785.395630      6992.6289062500
785.707397      7037.2109375000
786.019226      7001.5454101563
786.330933      6861.1132812500
786.642578      6847.7387695313
786.954224      6961.4218750000
787.265747      6662.7250976563
787.577209      6522.2929687500
787.888672      6593.6235351563
788.200073      6406.3803710938
788.511414      6491.0859375000
788.822754      6250.3447265625
789.133972      6341.7373046875
789.445190      6408.6098632813
789.756409      6127.7456054688
790.067505      6167.8686523438
790.378540      6020.7495117188
790.689514      5891.4628906250
791.000488      5915.9824218750
791.311401      6038.5820312500
791.622314      5864.7138671875
791.933105      5989.5424804688
792.243896      5833.5068359375
792.554565      5690.8452148438
792.865234      5726.5107421875
793.175842      5922.6699218750
793.486389      5590.5366210938
793.796875      5597.2241210938
794.107300      5684.1582031250
794.417786      5673.0126953125
794.728088      5628.4311523438
795.038452      5688.6162109375
795.348694      5644.0346679688
795.658936      5615.0566406250
795.969055      5381.0029296875
796.279175      5644.0346679688
796.589172      5412.2099609375
796.899231      5438.9589843750
797.209167      5318.5888671875
797.519104      4908.4379882813
797.828979      5296.2978515625
798.138794      5323.0468750000
798.448547      5311.9013671875
798.758301      5240.5708007813
799.067932      5182.6147460938
799.377563      5383.2319335938
799.687073      5262.8618164063
799.996582      5189.3022460938
800.306030      5180.3857421875
800.615479      5077.8481445313
800.924805      5111.2841796875
801.234192      5046.6406250000
801.543457      4979.7685546875
801.852600      4921.8120117188
802.161743      4803.6708984375
802.470886      4812.5874023438
802.779907      4768.0053710938
803.088867      4881.6889648438
803.397827      4852.7109375000
803.706787      4725.6528320313
804.015686      4741.2568359375
804.324463      4547.3266601563
804.633179      4661.0097656250
804.941956      4643.1772460938
805.250610      4591.9082031250
805.559204      4493.8286132813
805.867676      4525.0356445313
806.176270      4556.2426757813
806.484680      4576.3046875000
806.793091      4828.1909179688
807.101440      4681.0712890625
807.409729      4603.0537109375
807.718018      4683.3002929688
808.026184      4487.1411132813
808.334351      4582.9916992188
808.642456      4629.8027343750
808.950439      4611.9697265625
809.258484      4402.4360351563
809.566467      4380.1455078125
809.874329      4290.9819335938
810.182190      4277.6074218750
810.489990      4360.0834960938
810.797791      4172.8408203125
811.105469      4206.2768554688
811.413147      4097.0522460938
811.720642      4070.3029785156
812.028198      3976.6816406250
812.335693      3994.5141601563
812.643188      3934.3291015625
812.950562      3764.9189453125
813.257935      3871.9147949219
813.565186      3664.6101074219
813.872498      3646.7775878906
814.179626      3546.4689941406
814.486816      3341.3933105469
814.793823      3178.6704101563
815.100830      3225.4812011719
815.407837      3073.9035644531
815.714783      2882.2026367188
816.021667      3027.0927734375
816.328552      2897.8061523438
816.635315      2806.4138183594
816.942078      2728.3959960938
817.248779      2775.2065429688
817.555359      2550.0693359375
817.861938      2672.6689453125
818.168457      2755.1447753906
818.474976      2719.4794921875
818.781372      2719.4794921875
819.087769      2652.6071777344
819.394104      2701.6469726563
819.700378      2681.5852050781
820.006592      2764.0612792969
820.312744      2723.9377441406
820.618896      2788.5810546875
820.924927      2697.1887207031
821.230957      2801.9555664063
821.536926      2940.1586914063
821.842896      3151.9213867188
822.148804      3120.7143554688
822.454590      2957.9912109375
822.760376      2949.0749511719
823.066040      2859.9116210938
823.371704      2670.4396972656
823.677307      2427.4699707031
823.982910      2275.8923339844
824.288391      2197.8745117188
824.593872      2445.3024902344
824.899292      2650.3781738281
825.204651      2594.6511230469
825.509949      2810.8718261719
825.815186      2806.4138183594
826.120422      2850.9953613281
826.425598      2893.3479003906
826.730652      2902.2644042969
827.035706      2743.9995117188
827.340759      2828.7045898438
827.645630      3004.8020019531
827.950623      2897.8061523438
828.255432      2728.3959960938
828.560242      2757.3740234375
828.864990      2619.1708984375
829.169739      2616.9418945313
829.474304      2545.6113281250
829.778870      2494.3422851563
830.083435      2552.2985839844
830.387878      2525.5495605469
830.692383      2663.7524414063
830.996765      2547.8403320313
831.301086      2663.7524414063
831.605408      2512.1750488281
831.909668      2674.8979492188
832.213867      2583.5056152344
832.517883      2652.6071777344
832.821960      2458.6770019531
833.126038      2516.6330566406
833.429993      2525.5495605469
833.733948      2536.6948242188
834.037842      2505.4877929688
834.341614      2487.6550292969
834.645386      2465.3642578125
834.949158      2509.9458007813
835.252808      2621.3999023438
835.556335      2574.5893554688
835.859924      2634.7744140625
836.163513      2514.4040527344
836.466980      2434.1572265625
836.770325      2623.6291503906
837.073730      2663.7524414063
837.377075      2565.6728515625
837.680298      2554.5275878906
837.983521      2532.2368164063
838.286682      2550.0693359375
838.589722      2509.9458007813
838.892761      2579.0473632813
839.195801      2521.0913085938
839.498779      2572.3601074219
839.801636      2541.1530761719
840.104492      2610.2546386719
840.407288      2634.7744140625
840.710022      2645.9199218750
841.012695      2478.7387695313
841.315369      2599.1091308594
841.617920      2445.3024902344
841.920410      2530.0075683594
842.222961      2554.5275878906
842.525391      2574.5893554688
842.827759      2480.9677734375
843.130127      2494.3422851563
843.432373      2563.4438476563
843.734619      2429.6989746094
844.036804      2434.1572265625
844.338867      2465.3642578125
844.640930      2463.1352539063
844.942993      2456.4479980469
845.244934      2447.5317382813
845.546814      2407.4082031250
845.848755      2454.2189941406
846.150513      2429.6989746094
846.452332      2418.5534667969
846.754028      2378.4301757813
847.055664      2445.3024902344
847.357239      2398.4919433594
847.658813      2336.0776367188
847.960327      2333.8483886719
848.261780      2324.9321289063
848.563110      2284.8085937500
848.864563      2416.3244628906
849.165771      2436.3862304688
849.467041      2362.8264160156
849.768250      2240.2270507813
850.069397      2338.3066406250
850.370422      2209.0197753906
850.671448      2157.7509765625
850.972473      2240.2270507813
851.273376      2115.3984375000
851.574280      2142.1474609375
851.875122      2180.0417480469
852.175842      2175.5837402344
852.476624      2271.4340820313
852.777222      2115.3984375000
853.077881      2081.9621582031
853.378418      2162.2092285156
853.678955      2113.1694335938
853.979370      2084.1914062500
854.279785      2084.1914062500
854.580200      1879.1158447266
854.880493      2066.3586425781
855.180725      1914.7811279297
855.480957      1841.2214355469
855.781067      1803.3270263672
856.081116      1932.6137695313
856.381165      1879.1158447266
856.681152      1945.9882812500
856.981140      1901.4066162109
857.281006      1950.4464111328
857.580872      1917.0102539063
857.880676      1896.9484863281
858.180420      2086.4204101563
858.480103      2015.0898437500
858.779724      1912.5520019531
859.079224      2003.9443359375
859.378723      1930.3846435547
859.678223      1890.2612304688
859.977661      1908.0938720703
860.277039      2017.3188476563
860.576355      1876.8867187500
860.875610      1941.5301513672
861.174805      1807.7851562500
861.473999      1823.3887939453
861.773071      1865.7413330078
862.072083      1856.8249511719
862.371094      1821.1596679688
862.670044      1772.1198730469
862.968933      1843.4505615234
863.267761      1843.4505615234
863.566589      1758.7453613281
863.865356      1832.3050537109
864.164001      1765.4326171875
864.462646      1825.6177978516
864.761230      1758.7453613281
865.059692      1818.9306640625
865.358154      1725.3092041016
865.656616      1747.5999755859
865.954956      1763.2036132813
866.253357      1720.8510742188
866.551575      1662.8948974609
866.849792      1667.3530273438
867.147949      1667.3530273438
867.446106      1636.1458740234
867.744080      1513.5463867188
868.042053      1535.8372802734
868.340027      1564.8153076172
868.637878      1540.2954101563
868.935791      1578.1898193359
869.233582      1571.5025634766
869.531311      1642.8331298828
869.828979      1524.6918945313
870.126648      1596.0224609375
870.424255      1486.7974853516
870.721741      1551.4407958984
871.019165      1562.5861816406
871.316589      1575.9606933594
871.613953      1506.8591308594
871.911316      1473.4229736328
872.208557      1709.7055664063
872.505798      1584.8770751953
872.802979      1482.3392333984
873.100037      1526.9208984375
873.397156      1446.6739501953
873.694092      1500.1719970703
873.991028      1486.7974853516
874.287964      1531.3790283203
874.584778      1411.0086669922
874.881592      1379.8015136719
875.178284      1569.2734375000
875.474976      1544.7535400391
875.771606      1466.7357177734
876.068237      1373.1142578125
876.364746      1555.8989257813
876.661194      1466.7357177734
876.957581      1506.8591308594
877.253967      1439.9866943359
877.550293      1446.6739501953
877.846497      1382.0306396484
878.142761      1346.3653564453
878.438904      1444.4449462891
878.734985      1379.8015136719
879.031067      1346.3653564453
879.326965      1397.6341552734
879.622925      1375.3433837891
879.918823      1404.3214111328
880.214661      1399.8632812500
880.510498      1355.2816162109
880.806213      1413.2377929688
881.101868      1379.8015136719
881.397522      1415.4667968750
881.693115      1332.9908447266
881.988586      1321.8454589844
882.283997      1304.0126953125
882.579407      1263.8892822266
882.874817      1257.2020263672
883.170105      1290.6383056641
883.465332      1228.2239990234
883.760559      1286.1800537109
884.055725      1275.0346679688
884.350769      1266.1184082031
884.645813      1279.4927978516
884.940857      1257.2020263672
885.235718      1321.8454589844
885.530579      1230.4530029297
885.825439      1174.7260742188
886.120239      1246.0566406250
886.414917      1221.5367431641
886.709595      1232.6821289063
887.004272      1174.7260742188
887.298767      1181.4132080078
887.593323      1159.1224365234
887.887756      1121.2280273438
888.182129      1145.7479248047
888.476440      1214.8494873047
888.770752      1152.4351806641
889.065002      1147.9770507813
