0.131000
190.096298         0.0000000000
190.479492         0.0000000000
190.862656       188.5568542480
191.245789       220.7494812012
191.628876       257.5410766602
192.011948       294.3326416016
192.394958       266.7389526367
192.777939       269.0384216309
193.160904       331.1242065430
193.543823       296.6321105957
193.926697       319.6268615723
194.309555       280.5357971191
194.692368       289.7337036133
195.075150       372.5147399902
195.457886       278.2363281250
195.840607       223.0489501953
196.223282       326.5252685547
196.605927       250.6426391602
196.988541       377.1137084961
197.371094       319.6268615723
197.753632       305.8300170898
198.136139       308.1294860840
198.518600       292.0331726074
198.901031       303.5305480957
199.283432       344.9210510254
199.665802       326.5252685547
200.048126       308.1294860840
200.430405       363.3168640137
200.812668       321.9263305664
201.194885       257.5410766602
201.577072       333.4237060547
201.959244       271.3378906250
202.341354       326.5252685547
202.723434       326.5252685547
203.105499       296.6321105957
203.487503       312.7284240723
203.869461       280.5357971191
204.251434       342.6215820313
204.633331       321.9263305664
205.015198       397.8089599609
205.397049       361.0173950195
205.778854       303.5305480957
206.160614       282.8352661133
206.542343       278.2363281250
206.924042       303.5305480957
207.305710       321.9263305664
207.687332       338.0226440430
208.068939       257.5410766602
208.450485       356.4184265137
208.832016       328.8247375488
209.213501       298.9315795898
209.594955       264.4394836426
209.976379       213.8510589600
210.357758       363.3168640137
210.739105       365.6163330078
211.120422       377.1137084961
211.501694       303.5305480957
211.882935       340.3221130371
212.264145       319.6268615723
212.645340       248.3431701660
213.026474       241.4447479248
213.407562       319.6268615723
213.788620       259.8405456543
214.169662       324.2257995605
214.550659       312.7284240723
214.931610       310.4289550781
215.312561       303.5305480957
215.693451       340.3221130371
216.074295       305.8300170898
216.455109       324.2257995605
216.835922       305.8300170898
217.216660       317.3273925781
217.597382       236.8457946777
217.978058       202.3536987305
218.358704       367.9158020020
218.739304       374.8142089844
219.119888       321.9263305664
219.500427       333.4237060547
219.880920       248.3431701660
220.261414       282.8352661133
220.641830       312.7284240723
221.022232       271.3378906250
221.402603       312.7284240723
221.782944       252.9421081543
222.163223       319.6268615723
222.543488       367.9158020020
222.923706       326.5252685547
223.303894       259.8405456543
223.684036       324.2257995605
224.064163       321.9263305664
224.444244       278.2363281250
224.824295       287.4342346191
225.204300       301.2310485840
225.584274       321.9263305664
225.964203       331.1242065430
226.344131       282.8352661133
226.723999       216.1505279541
227.103806       223.0489501953
227.483627       296.6321105957
227.863388       335.7231750488
228.243118       315.0278930664
228.622787       340.3221130371
229.002472       328.8247375488
229.382080       285.1347351074
229.761688       303.5305480957
230.141220       294.3326416016
230.520721       282.8352661133
230.900208       381.7126464844
231.279663       303.5305480957
231.659073       243.7442169189
232.038452       269.0384216309
232.417786       324.2257995605
232.797073       370.2152709961
233.176346       262.1400146484
233.555573       315.0278930664
233.934784       310.4289550781
234.313934       246.0436859131
234.693069       250.6426391602
235.072144       319.6268615723
235.451202       298.9315795898
235.830215       266.7389526367
236.209213       321.9263305664
236.588165       271.3378906250
236.967072       312.7284240723
237.345947       278.2363281250
237.724792       384.0121154785
238.103577       356.4184265137
238.482361       326.5252685547
238.861084       305.8300170898
239.239777       280.5357971191
239.618454       278.2363281250
239.997070       344.9210510254
240.375671       390.9105529785
240.754211       335.7231750488
241.132751       333.4237060547
241.511215       358.7178955078
241.889694       250.6426391602
242.268097       246.0436859131
242.646469       356.4184265137
243.024811       347.2205505371
243.403122       377.1137084961
243.781387       280.5357971191
244.159622       354.1189575195
244.537827       280.5357971191
244.915985       275.9368591309
245.294113       305.8300170898
245.672195       273.6373901367
246.050262       303.5305480957
246.428268       303.5305480957
246.806274       409.3063354492
247.184219       273.6373901367
247.562119       273.6373901367
247.940002       292.0331726074
248.317841       298.9315795898
248.695648       420.8037109375
249.073425       266.7389526367
249.451157       340.3221130371
249.828842       338.0226440430
250.206512       319.6268615723
250.584152       269.0384216309
250.961731       448.3973693848
251.339279       310.4289550781
251.716812       319.6268615723
252.094299       321.9263305664
252.471725       324.2257995605
252.849136       331.1242065430
253.226517       315.0278930664
253.603867       319.6268615723
253.981171       264.4394836426
254.358429       303.5305480957
254.735672       292.0331726074
255.112869       324.2257995605
255.490021       262.1400146484
255.867172       358.7178955078
256.244263       372.5147399902
256.621307       331.1242065430
256.998291       351.8194885254
257.375305       356.4184265137
257.752228       294.3326416016
258.129120       340.3221130371
258.506012       296.6321105957
258.882843       397.8089599609
259.259644       354.1189575195
259.636414       356.4184265137
260.013123       303.5305480957
260.389832       326.5252685547
260.766479       377.1137084961
261.143127       310.4289550781
261.519714       340.3221130371
261.896271       321.9263305664
262.272736       271.3378906250
262.649231       294.3326416016
263.025696       328.8247375488
263.402100       331.1242065430
263.778473       400.1084289551
264.154785       319.6268615723
264.531097       349.5200195313
264.907318       308.1294860840
265.283569       361.0173950195
265.659760       372.5147399902
266.035919       351.8194885254
266.412018       340.3221130371
266.788086       257.5410766602
267.164154       358.7178955078
267.540192       271.3378906250
267.916107       321.9263305664
268.292084       305.8300170898
268.667969       340.3221130371
269.043793       280.5357971191
269.419617       331.1242065430
269.795410       308.1294860840
270.171204       386.3115844727
270.546875       303.5305480957
270.922577       331.1242065430
271.298248       308.1294860840
271.673828       273.6373901367
272.049408       280.5357971191
272.424927       305.8300170898
272.800446       365.6163330078
273.175934       310.4289550781
273.551361       326.5252685547
273.926727       381.7126464844
274.302063       338.0226440430
274.677399       275.9368591309
275.052673       324.2257995605
275.427948       331.1242065430
275.803131       301.2310485840
276.178314       328.8247375488
276.553436       328.8247375488
276.928558       358.7178955078
277.303650       298.9315795898
277.678619       298.9315795898
278.053650       370.2152709961
278.428589       278.2363281250
278.803528       303.5305480957
279.178375       292.0331726074
279.553253       335.7231750488
279.928070       266.7389526367
280.302826       409.3063354492
280.677582       317.3273925781
281.052277       259.8405456543
281.426941       278.2363281250
281.801544       397.8089599609
282.176147       328.8247375488
282.550720       331.1242065430
282.925232       289.7337036133
283.299683       418.5042114258
283.674133       269.0384216309
284.048553       303.5305480957
284.422974       239.1452636719
284.797241       303.5305480957
285.171600       312.7284240723
285.545837       347.2205505371
285.920074       213.8510589600
286.294250       308.1294860840
286.668396       354.1189575195
287.042511       312.7284240723
287.416626       271.3378906250
287.790649       315.0278930664
288.164673       356.4184265137
288.538635       374.8142089844
288.912567       356.4184265137
289.286438       305.8300170898
289.660309       315.0278930664
290.034149       292.0331726074
290.407959       381.7126464844
290.781677       351.8194885254
291.155396       331.1242065430
291.529083       234.5463256836
291.902710       340.3221130371
292.276337       317.3273925781
292.649902       370.2152709961
293.023407       402.4078979492
293.396912       379.4131774902
293.770386       356.4184265137
294.143829       331.1242065430
294.517181       335.7231750488
294.890533       363.3168640137
295.263824       338.0226440430
295.637115       374.8142089844
296.010345       326.5252685547
296.383545       367.9158020020
296.756744       315.0278930664
297.129852       312.7284240723
297.502960       367.9158020020
297.875977       292.0331726074
298.248993       317.3273925781
298.621979       289.7337036133
298.994934       321.9263305664
299.367859       298.9315795898
299.740723       310.4289550781
300.113556       356.4184265137
300.486359       390.9105529785
300.859100       317.3273925781
301.231842       439.1994934082
301.604492       292.0331726074
301.977173       269.0384216309
302.349792       340.3221130371
302.722351       379.4131774902
303.094910       363.3168640137
303.467377       275.9368591309
303.839874       248.3431701660
304.212311       303.5305480957
304.584717       356.4184265137
304.957062       386.3115844727
305.329376       319.6268615723
305.701630       462.1942138672
306.073853       413.9052734375
306.446106       413.9052734375
306.818268       374.8142089844
307.190399       379.4131774902
307.562500       416.2047424316
307.934540       459.8947448730
308.306610       469.0926513672
308.678558       466.7931823730
309.050507       448.3973693848
309.422424       494.3868713379
309.794281       492.0873718262
310.166138       489.7879028320
310.537933       544.9752807617
310.909729       604.7615966797
311.281464       593.2642211914
311.653107       616.2589721680
312.024780       554.1731567383
312.396393       618.5584716797
312.767975       607.0610961914
313.139496       620.8579101563
313.511047       701.3394775391
313.882507       740.4305419922
314.253906       699.0400390625
314.625305       876.0994873047
314.996643       708.2379150391
315.368011       768.0242309570
315.739258       873.8000488281
316.110504       735.8316040039
316.481720       853.1047363281
316.852905       846.2063598633
317.223999       926.6879272461
317.595123       922.0889892578
317.966187      1007.1694946289
318.337189       993.3726806641
318.708191       981.8753051758
319.079163      1037.0626220703
319.450073       986.4742431641
319.820923       988.7737426758
320.191742      1046.2606201172
320.562561      1092.2500000000
320.933319      1152.0363769531
321.304047      1214.1221923828
321.674744      1177.3305664063
322.045380      1158.9348144531
322.416016      1198.0258789063
322.786560      1172.7315673828
323.157135      1227.9189453125
323.527618      1262.4111328125
323.898071      1267.0100097656
324.268494      1342.8927001953
324.638885      1372.7858886719
325.009277      1490.0589599609
325.379578      1476.2622070313
325.749847      1575.1395263672
326.120117      1763.6964111328
326.490295      1892.4669189453
326.860443      1982.1463623047
327.230591      1979.8469238281
327.600708      1926.9589843750
327.970703      1910.8626708984
328.340759      1959.1516113281
328.710724      2032.7348632813
329.080688      1986.7453613281
329.450592      2016.6385498047
329.820435      2097.1201171875
330.190277      2322.4685058594
330.560089      2225.8906250000
330.929810      2232.7890625000
331.299561      2133.9116210938
331.669220      2191.3984375000
332.038879      2159.2058105469
332.408447      2221.2917480469
332.778046      2239.6875000000
333.147583      2278.7785644531
333.517059      2299.4738769531
333.886505      2235.0883789063
334.255951      2195.9975585938
334.625336      2191.3984375000
334.994629      2310.9711914063
335.363983      2386.8537597656
335.733246      2354.6611328125
336.102478      2350.0622558594
336.471680      2271.8801269531
336.840820      2191.3984375000
337.209961      2218.9921875000
337.578979      2124.7138671875
337.948059      2317.8696289063
338.317078      2356.9606933594
338.686035      2409.8483886719
339.054962      2538.6191406250
339.423859      2552.4157714844
339.792725      2708.7800292969
340.161560      2598.4052734375
340.530334      2692.6838378906
340.899078      2685.7854003906
341.267761      2614.5017089844
341.636444      2632.8974609375
342.005066      2692.6838378906
342.373657      2747.8710937500
342.742218      2780.0637207031
343.110718      2862.8447265625
343.479218      2860.5454101563
343.847626      2867.4438476563
344.216064      2688.0847167969
344.584412      2550.1164550781
344.952759      2511.0253906250
345.321045      2596.1059570313
345.689270      2729.4753417969
346.057526      2803.0585937500
346.425659      2826.0532226563
346.793854      2860.5454101563
347.161957      2837.5505371094
347.529999      2954.8237304688
347.898041      2793.8605957031
348.266022      2839.8500976563
348.634003      2922.6311035156
349.001892      2901.9357910156
349.369781      2807.6574707031
349.737610      2906.5349121094
350.105408      2982.4174804688
350.473145      3150.2790527344
350.840912      3384.8254394531
351.208618      3352.6328125000
351.576233      3237.6591796875
351.943878      3274.4506835938
352.311401      3177.8728027344
352.678955      3129.5837402344
353.046478      3170.9743652344
353.413910      3262.9533691406
353.781372      3520.4943847656
354.148743      3504.3979492188
354.516083      3704.4521484375
354.883392      3814.8269042969
355.250641      3750.4416503906
355.617920      3853.9179687500
355.985077      3738.9443359375
356.352234      3573.3823242188
356.719360      3566.4838867188
357.086426      3412.4189453125
357.453491      3251.4558105469
357.820496      3210.0654296875
358.187469      3081.2949218750
358.554382      3007.7116699219
358.921295      2874.3422851563
359.288147      3088.1933593750
359.654968      3394.0231933594
360.021759      3840.1210937500
360.388489      3821.7253417969
360.755188      3824.0249023438
361.121826      3676.8586425781
361.488464      3506.6975097656
361.855072      3603.2753906250
362.221588      3692.9548339844
362.588135      3727.4470214844
362.954590      3973.4907226563
363.321075      4042.4748535156
363.687439      4056.2717285156
364.053802      4072.3679199219
364.420135      4205.7373046875
364.786407      4251.7270507813
365.152679      4394.2944335938
365.518860      4506.9687500000
365.885040      4617.3432617188
366.251190      4863.3872070313
366.617249      5111.7299804688
366.983337      5088.7353515625
367.349335      4948.4677734375
367.715332      5079.5375976563
368.081207      4927.7724609375
368.447174      4826.5952148438
368.813019      4913.9755859375
369.178833      5072.6391601563
369.544678      5134.7250976563
369.910400      5238.2011718750
370.276123      5465.8491210938
370.641785      5353.1748046875
371.007446      5258.8964843750
371.373016      5077.2382812500
371.738586      5279.5917968750
372.104126      5401.4638671875
372.469574      5104.8315429688
372.835022      4778.3066406250
373.200439      4718.5200195313
373.565796      4490.8720703125
373.931122      4380.4975585938
374.296417      4403.4921875000
374.661713      4437.9843750000
375.026886      4378.1982421875
375.392090      4564.4555664063
375.757202      4971.4624023438
376.122314      5019.7514648438
376.487396      5171.5166015625
376.852386      5389.9663085938
377.217407      5452.0522460938
377.582336      5709.5932617188
377.947235      6332.7509765625
378.312103      6420.1308593750
378.676941      6564.9975585938
379.041779      6392.5371093750
379.406494      5909.6474609375
379.771240      5764.7807617188
380.135925      5693.4970703125
380.500549      5815.3691406250
380.865143      5852.1606445313
381.229706      5969.4340820313
381.594269      5852.1606445313
381.958679      5433.6567382813
382.323181      5031.2485351563
382.687561      4573.6533203125
383.051971      4180.4433593750
383.416321      4203.4379882813
383.780579      4044.7744140625
384.144867      4074.6674804688
384.509033      4456.3803710938
384.873260      5061.1416015625
385.237366      5323.2817382813
385.601501      5481.9453125000
385.965576      5755.5830078125
386.329559      5339.3779296875
386.693573      5456.6513671875
387.057526      5530.2343750000
387.421417      5663.6040039063
387.785309      5601.5180664063
388.149109      5562.4272460938
388.512970      5663.6040039063
388.876678      5776.2783203125
389.240417      5934.9418945313
389.604065      6146.4931640625
389.967712      6617.8852539063
390.331360      6923.7153320313
390.694885      6976.6035156250
391.058411      7215.7485351563
391.421906      7344.5190429688
391.785370      7498.5839843750
392.148743      7528.4770507813
392.512115      6857.0307617188
392.875488      6298.2587890625
393.238739      5274.9926757813
393.602051      4465.5781250000
393.965240      4240.2294921875
394.328430      4651.8354492188
394.691559      5656.7055664063
395.054657      6709.8642578125
395.417725      7146.7646484375
395.780731      7447.9956054688
396.143738      7425.0009765625
396.506653      6732.8593750000
396.869568      6026.9208984375
397.232422      5445.1538085938
397.595245      5541.7319335938
397.958069      6392.5371093750
398.320770      7705.5366210938
398.683533      8719.6044921875
399.046204      9703.7792968750
399.408813     10161.3750000000
399.771454     10538.4882812500
400.133972     10805.2275390625
400.496521     10979.9873046875
400.859009     11016.7783203125
401.221436     11193.8378906250
401.583832     11692.8242187500
401.946198     11752.6103515625
402.308563     11782.5039062500
402.670807     12033.1464843750
403.033051     12076.8359375000
403.395294     11931.9697265625
403.757416     11766.4072265625
404.119568     12145.8203125000
404.481659     12037.7451171875
404.843719     11885.9794921875
405.205719     11867.5839843750
405.567719     11948.0654296875
405.929657     11598.5458984375
406.291534     11980.2587890625
406.653442     11561.7539062500
407.015228     11862.9853515625
407.377014     11964.1621093750
407.738739     12189.5107421875
408.100464     12175.7138671875
408.462128     12511.4365234375
408.823730     13093.2031250000
409.185364     13063.3105468750
409.546875     13270.2626953125
409.908386     12877.0527343750
410.269867     12594.2177734375
410.631287     12327.4785156250
410.992676     12364.2705078125
411.354034     12969.0322265625
411.715363     13553.0986328125
412.076630     14104.9716796875
412.437866     14217.6464843750
412.799072     14068.1806640625
413.160217     13822.1367187500
413.521362     14049.7851562500
413.882416     14157.8603515625
414.243469     13953.2070312500
414.604462     14098.0732421875
414.965424     13992.2978515625
415.326355     13987.6992187500
415.687225     14017.5917968750
416.048096     14065.8808593750
416.408875     14863.7988281250
416.769653     14833.9052734375
417.130402     14723.5302734375
417.491058     14040.5869140625
417.851715     14058.9824218750
418.212311     13826.7353515625
418.572906     13985.3994140625
418.933411     13932.5117187500
419.293945     14148.6621093750
419.654388     14070.4794921875
420.014801     14187.7529296875
420.375183     14125.6669921875
420.735504     14047.4853515625
421.095825     14666.0439453125
421.456055     14951.1787109375
421.816315     14981.0712890625
422.176453     15102.9433593750
422.536621     14640.7490234375
422.896729     14309.6250000000
423.256775     13845.1318359375
423.616821     14146.3623046875
423.976807     14631.5517578125
424.336731     14528.0751953125
424.696625     14341.8173828125
425.056488     14794.8144531250
425.416351     14528.0751953125
425.776093     14541.8720703125
426.135864     14511.9785156250
426.495575     14652.2470703125
426.855225     14741.9267578125
427.214874     14537.2734375000
427.574432     13921.0136718750
427.934052     14109.5712890625
428.293518     14070.4794921875
428.653015     14463.6904296875
429.012421     13944.0087890625
429.371826     13732.4570312500
429.731232     13242.6689453125
430.090485     12911.5449218750
430.449799     12037.7451171875
430.808990     11524.9628906250
431.168213     11347.9033203125
431.527374     12102.1308593750
431.886475     13649.6757812500
432.245605     14702.8349609375
432.604584     15245.5107421875
432.963623     15843.3740234375
433.322571     15654.8173828125
433.681488     15719.2031250000
434.040344     15528.3466796875
434.399200     15056.9541015625
434.758026     15309.8964843750
435.116760     16002.0380859375
435.475494     16174.4980468750
435.834198     16717.1738281250
436.192841     16997.7109375000
436.551453     17250.6523437500
436.910004     17864.6113281250
437.268555     17423.1132812500
437.627014     17498.9960937500
437.985474     16903.4316406250
438.343903     16510.2207031250
438.702240     16287.1728515625
439.060577     16404.4453125000
439.418854     16464.2324218750
439.777130     17073.5917968750
440.135315     17420.8125000000
440.493500     17503.5937500000
440.851654     17768.0332031250
441.209717     17768.0332031250
441.567810     17995.6816406250
441.925781     18637.2343750000
442.283783     19143.1191406250
442.641663     19241.9960937500
442.999573     19368.4667968750
443.357483     19412.1582031250
443.715240     19150.0175781250
444.073029     19294.8847656250
444.430725     19377.6660156250
444.788452     19442.0507812500
445.146149     19798.4687500000
445.503723     19138.5195312500
445.861359     19453.5488281250
446.218842     18853.3847656250
446.576355     18947.6640625000
446.933777     19393.7617187500
447.291199     19789.2714843750
447.648621     20745.8515625000
448.005920     20548.0976562500
448.363251     20667.6699218750
448.720459     20709.0605468750
449.077728     20968.9003906250
449.434875     20727.4570312500
449.792023     20773.4453125000
450.149170     21053.9824218750
450.506195     21617.3535156250
450.863220     21546.0683593750
451.220184     22194.5214843750
451.577118     22130.1347656250
451.933990     21642.6464843750
452.290894     21297.7265625000
452.647736     20932.1093750000
453.004456     20453.8183593750
453.361237     20037.6152343750
453.717926     19782.3730468750
454.074585     19706.4902343750
454.431244     20456.1191406250
454.787811     20522.8027343750
455.144379     20994.1953125000
455.500824     20400.9316406250
455.857300     20591.7871093750
456.213715     21198.8476562500
456.570099     21421.8984375000
456.926483     21635.7480468750
457.282745     22070.3496093750
457.639038     21851.8984375000
457.995209     22022.0605468750
458.351440     22134.7343750000
458.707550     21959.9746093750
459.063660     21987.5683593750
459.419769     22084.1464843750
459.775757     22100.2421875000
460.131744     22056.5527343750
460.487671     22677.4101562500
460.843597     22410.6718750000
461.199493     22911.9570312500
461.555267     23256.8769531250
461.911072     23029.2304687500
462.266785     23758.1621093750
462.622498     23962.8164062500
462.978119     23926.0253906250
463.333771     23875.4355468750
463.689392     23972.0136718750
464.044891     23778.8574218750
464.400421     23990.4101562500
464.755859     23893.8320312500
465.111298     24119.1796875000
465.466675     23983.5117187500
465.821991     24397.4160156250
466.177338     24284.7421875000
466.532562     24792.9257812500
466.887817     24261.7480468750
467.242981     24208.8593750000
467.598114     24742.3378906250
467.953247     24735.4394531250
468.308289     25813.8925781250
468.663330     25514.9609375000
469.018280     26340.4726562500
469.373230     25905.8710937500
469.728119     26407.1562500000
470.082977     26363.4667968750
470.437836     26462.3437500000
470.792572     26602.6113281250
471.147339     27138.3886718750
471.502014     27483.3105468750
471.856720     28478.9824218750
472.211273     28814.7050781250
472.565918     29693.1054687500
472.920471     29923.0527343750
473.274933     29739.0937500000
473.629395     29683.9062500000
473.983795     29893.1582031250
474.338165     30932.5214843750
474.692505     31597.0683593750
475.046814     32105.2519531250
475.401123     32217.9277343750
475.755280     32355.8945312500
476.109497     32397.2851562500
476.463593     32939.9609375000
476.817688     34464.5117187500
477.171783     33280.2851562500
477.525757     34151.7851562500
477.879761     34919.8085937500
478.233673     35319.9179687500
478.587585     35933.8750000000
478.941406     36041.9531250000
479.295258     36593.8242187500
479.649048     37306.6640625000
480.002747     37975.8085937500
480.356445     38256.3437500000
480.710052     38518.4843750000
481.063690     38723.1367187500
481.417236     39389.9843750000
481.770782     39348.5937500000
482.124329     40519.0273437500
482.477722     40581.1132812500
482.831177     40325.8710937500
483.184509     40983.5195312500
483.537842     40776.5664062500
483.891144     40804.1601562500
484.244385     40716.7812500000
484.597626     40928.3320312500
484.950714     40951.3281250000
485.303894     40870.8476562500
485.656921     39826.8867187500
486.010010     39012.8710937500
486.363068     36890.4570312500
486.715973     36934.1484375000
487.068909     37513.6132812500
487.421783     38500.0898437500
487.774628     40038.4375000000
488.127411     40953.6289062500
488.480194     42174.6484375000
488.832947     42547.1640625000
489.185577     42790.9062500000
489.538239     43669.3046875000
489.890839     43908.4531250000
490.243378     45007.6015625000
490.595917     45584.7695312500
490.948395     45888.2968750000
491.300842     45513.4843750000
491.653198     45117.9765625000
492.005585     44747.7578125000
492.357880     44929.4179687500
492.710144     44439.6289062500
493.062439     45191.5585937500
493.414581     46384.9843750000
493.766754     46426.3750000000
494.118835     46810.3867187500
494.470917     46513.7539062500
494.822937     47541.6210937500
495.174927     47916.4335937500
495.526917     47992.3164062500
495.878784     47603.7070312500
496.230682     47884.2421875000
496.582489     47829.0546875000
496.934296     48194.6718750000
497.285980     48555.6875000000
497.637695     48700.5546875000
497.989410     48528.0937500000
498.340973     47739.3750000000
498.692596     47279.4804687500
499.044128     47182.9023437500
499.395630     47916.4335937500
499.747101     48224.5625000000
500.098480     48107.2890625000
500.449921     47879.6445312500
500.801208     47279.4804687500
501.152527     46785.0937500000
501.503754     47056.4296875000
501.854980     46847.1796875000
502.206177     47267.9843750000
502.557281     47067.9296875000
502.908386     47284.0781250000
503.259430     47840.5507812500
503.610443     47638.1992187500
503.961365     47902.6367187500
504.312317     47656.5937500000
504.663239     47507.1289062500
505.014069     47879.6445312500
505.364899     48452.2109375000
505.715607     49128.2578125000
506.066376     49553.6601562500
506.417084     50057.2460937500
506.767670     49714.6210937500
507.118317     49774.4101562500
507.468842     49627.2421875000
507.819397     49171.9453125000
508.169830     48537.2929687500
508.520294     48866.1171875000
508.870697     49498.4726562500
509.221039     49783.6054687500
509.571381     50100.9335937500
509.921631     50229.7031250000
510.271851     49914.6757812500
510.622009     49983.6601562500
510.972198     50353.8750000000
511.322327     50425.1601562500
511.672394     51048.3164062500
512.022461     51144.8945312500
512.372375     51055.2148437500
512.722351     50967.8359375000
513.072266     50367.6718750000
513.422058     50618.3164062500
513.771912     50264.1953125000
514.121704     50468.8515625000
514.471436     50071.0429687500
514.821167     50098.6367187500
515.170776     50140.0273437500
515.520447     50376.8710937500
515.869995     50482.6484375000
516.219543     50107.8320312500
516.569031     49404.1953125000
516.918518     47516.3242187500
517.267822     46713.8085937500
517.617249     46251.6171875000
517.966614     47267.9843750000
518.315796     47070.2265625000
518.665161     47700.2851562500
519.014282     48291.2500000000
519.363464     48739.6445312500
519.712585     49549.0625000000
520.061646     50514.8398437500
520.410706     50717.1914062500
520.759705     51420.8320312500
521.108704     51450.7265625000
521.457520     51788.7500000000
521.806458     51896.8242187500
522.155334     51929.0156250000
522.504089     52163.5625000000
522.852844     51740.4609375000
523.201538     51685.2734375000
523.550232     51751.9570312500
523.898804     51977.3046875000
524.247437     52731.5312500000
524.596008     52858.0039062500
524.944458     53055.7578125000
525.292969     53202.9257812500
525.641357     53269.6093750000
525.989746     52715.4375000000
526.338074     52002.5976562500
526.686401     51147.1953125000
527.034607     50117.0312500000
527.382813     50064.1445312500
527.731018     50100.9335937500
528.079102     50574.6250000000
528.427246     51791.0468750000
528.775330     52071.5820312500
529.123291     52894.7968750000
529.471252     53283.4062500000
529.819153     52979.8750000000
530.167053     53035.0625000000
530.514832     53044.2617187500
530.862732     53071.8554687500
531.210510     53467.3632812500
531.558167     53639.8242187500
531.905884     53683.5156250000
532.253479     53170.7304687500
532.601074     52913.1914062500
532.948608     52515.3828125000
533.296143     52011.7968750000
533.643616     52087.6796875000
533.991028     52370.5156250000
534.338379     52393.5078125000
534.685730     52639.5546875000
535.033081     52998.2695312500
535.380371     53274.2070312500
535.727478     53322.4960937500
536.074707     53812.2851562500
536.421875     53419.0742187500
536.768921     52929.2851562500
537.115967     52621.1562500000
537.463013     52570.5703125000
537.809998     52538.3750000000
538.156860     52805.1171875000
538.503784     53428.2734375000
538.850647     52676.3437500000
539.197449     52508.4843750000
539.544189     52503.8828125000
539.890930     52069.2851562500
540.237610     51634.6835937500
540.584229     51246.0742187500
540.930847     50898.8515625000
541.277344     51190.8867187500
541.623901     51413.9335937500
541.970337     51540.4062500000
542.316772     51712.8671875000
542.663208     52018.6953125000
543.009521     51363.3437500000
543.355835     51749.6562500000
543.702026     51499.0156250000
544.048279     51733.5625000000
544.394470     51777.2500000000
544.740601     52131.3710937500
545.086731     51903.7226562500
545.432739     51910.6210937500
545.778809     51860.0312500000
546.124695     52011.7968750000
546.470703     51577.1953125000
546.816589     51979.6054687500
547.162415     51664.5781250000
547.508240     51535.8046875000
547.853943     51062.1132812500
548.199646     51266.7656250000
548.545349     51501.3125000000
548.890930     51588.6953125000
549.236633     52002.5976562500
549.582092     51563.3984375000
549.927673     52149.7656250000
550.273071     52027.8945312500
550.618530     51947.4101562500
550.963928     51604.7890625000
551.309204     51289.7617187500
551.654602     51524.3085937500
551.999756     51604.7890625000
552.345093     51846.2343750000
552.690186     51531.2070312500
553.035339     51450.7265625000
553.380493     51071.3125000000
553.725464     51110.4023437500
554.070496     51243.7734375000
554.415405     51298.9609375000
554.760376     51471.4218750000
555.105225     52062.3867187500
555.450073     51712.8671875000
555.794922     51899.1210937500
556.139648     51395.5390625000
556.484375     51172.4882812500
556.828979     51094.3085937500
557.173645     50983.9335937500
557.518311     50558.5312500000
557.862793     50346.9765625000
558.207275     50820.6679687500
558.551697     50422.8593750000
558.896118     50243.5000000000
559.240479     49234.0312500000
559.584839     49155.8515625000
559.929199     49558.2578125000
560.273376     49726.1210937500
560.617676     49475.4765625000
560.961792     49797.4023437500
561.305908     49643.3398437500
561.649963     50215.9062500000
561.994019     49746.8164062500
562.338074     49859.4882812500
562.682007     49680.1289062500
563.025879     49900.8789062500
563.369751     50232.0039062500
563.713623     49995.1601562500
564.057373     49960.6679687500
564.401123     49739.9179687500
564.744873     49769.8085937500
565.088501     49776.7070312500
565.432129     49254.7265625000
565.775635     49185.7421875000
566.119263     48971.8945312500
566.462769     48629.2695312500
566.806152     48638.4687500000
567.149597     49206.4375000000
567.492920     49165.0468750000
567.836243     48939.6992187500
568.179504     48580.9804687500
568.522827     48466.0078125000
568.866028     47741.6757812500
569.209106     47304.7734375000
569.552307     47274.8828125000
569.895325     47058.7304687500
570.238403     46762.0976562500
570.581299     47095.5234375000
570.924255     47038.0351562500
571.267212     46791.9921875000
571.609985     46654.0234375000
571.952881     46934.5585937500
572.295593     46929.9609375000
572.638367     47318.5703125000
572.981079     47199.0000000000
573.323730     47189.8007812500
573.666260     47723.2773437500
574.008850     47930.2304687500
574.351440     47672.6914062500
574.693848     46971.3515625000
575.036255     47254.1875000000
575.378723     47286.3789062500
575.721008     46674.7187500000
576.063354     46297.6054687500
576.405579     46888.5703125000
576.747803     46739.1054687500
577.090027     46136.6406250000
577.432129     46808.0898437500
577.774231     46658.6210937500
578.116272     45950.3828125000
578.458313     45895.1953125000
578.800232     45596.2656250000
579.142212     45387.0117187500
579.484070     45899.7968750000
579.825928     46235.5195312500
580.167725     46079.1562500000
580.509460     46672.4179687500
580.851196     46072.2578125000
581.192810     46258.5156250000
581.534485     46426.3750000000
581.876099     46729.9062500000
582.217590     46619.5312500000
582.559143     46640.2265625000
582.900574     46635.6289062500
583.242004     46557.4453125000
583.583313     46762.0976562500
583.924683     46693.1132812500
584.265991     46854.0781250000
584.607239     46426.3750000000
584.948425     46490.7617187500
585.289551     45656.0507812500
585.630737     45727.3359375000
585.971802     45387.0117187500
586.312805     44708.6679687500
586.653870     45177.7617187500
586.994751     44566.1015625000
587.335693     45168.5625000000
587.676453     44108.5039062500
588.017334     43899.2539062500
588.358154     42531.0664062500
588.698853     41392.8281250000
589.039551     40293.6796875000
589.380188     38886.4023437500
589.720825     38026.3984375000
590.061340     38529.9804687500
590.401917     39088.7539062500
590.742432     39718.8085937500
591.082825     40204.0000000000
591.423218     40620.2031250000
591.763550     40868.5468750000
592.103882     40739.7773437500
592.444092     41222.6679687500
592.784363     40942.1289062500
593.124512     41206.5703125000
593.464600     41868.8164062500
593.804749     41482.5078125000
594.144775     41229.5664062500
594.484802     40742.0742187500
594.824829     40493.7343750000
595.164734     40187.9023437500
595.504578     40346.5664062500
595.844360     40567.3164062500
596.184204     40804.1601562500
596.523926     41245.6601562500
596.863647     41275.5546875000
597.203369     41717.0546875000
597.542969     41636.5703125000
597.882507     41429.6171875000
598.222046     41316.9453125000
598.561584     41875.7148437500
598.901001     41241.0625000000
599.240417     40939.8320312500
599.579834     41089.2968750000
599.919067     41335.3398437500
600.258423     41592.8828125000
600.597595     40944.4296875000
600.936829     41192.7734375000
601.276001     41335.3398437500
601.615051     41027.2109375000
601.954163     41126.0898437500
602.293091     41135.2851562500
602.632141     41638.8710937500
602.971069     41753.8437500000
603.309998     41349.1367187500
603.648865     42239.0351562500
603.987610     41864.2187500000
604.326416     41781.4375000000
604.665100     42236.7343750000
605.003845     42193.0429687500
605.342407     41873.4179687500
605.680969     41958.4960937500
606.019592     41875.7148437500
606.358093     41772.2421875000
606.696533     41556.0898437500
607.034973     41119.1914062500
607.373291     40939.8320312500
607.711609     40682.2890625000
608.049927     40385.6562500000
608.388245     40854.7500000000
608.726379     40300.5781250000
609.064575     40555.8203125000
609.402710     40049.9335937500
609.740723     40086.7265625000
610.078796     39895.8710937500
610.416748     40151.1132812500
610.754761     39663.6210937500
611.092590     40447.7421875000
611.430481     40153.4101562500
611.768311     39845.2812500000
612.106018     39971.7539062500
612.443787     40116.6210937500
612.781494     39295.7070312500
613.119141     39291.1093750000
613.456726     39224.4218750000
613.794250     38697.8437500000
614.131775     38447.2031250000
614.469299     39242.8203125000
614.806763     38879.5039062500
615.144043     38982.9804687500
615.481384     38470.1953125000
615.818726     38277.0390625000
616.156006     38150.5703125000
616.493225     37876.9335937500
616.830322     37573.4023437500
617.167480     37826.3437500000
617.504578     38219.5546875000
617.841614     37899.9257812500
618.178528     38375.9179687500
618.515503     38463.2968750000
618.852478     38555.2773437500
619.189270     38481.6953125000
619.526184     38189.6601562500
619.862854     38654.1523437500
620.199646     38679.4492187500
620.536316     39024.3710937500
620.872986     38849.6093750000
621.209595     38615.0625000000
621.546143     38424.2070312500
621.882629     38099.9804687500
622.219116     38139.0703125000
622.555542     38063.1875000000
622.892029     37311.2617187500
623.228333     37483.7226562500
623.564636     36575.4296875000
623.900818     37010.0312500000
624.237061     36982.4375000000
624.573242     36678.9062500000
624.909363     36285.6953125000
625.245483     35908.5820312500
625.581482     35754.5156250000
625.917480     36014.3593750000
626.253418     35917.7812500000
626.589355     36071.8437500000
626.925171     35733.8242187500
627.261047     35294.6210937500
627.596863     34768.0429687500
627.932556     34436.9179687500
628.268250     34089.6992187500
628.603882     34218.4687500000
628.939514     34229.9648437500
629.275024     34333.4414062500
629.610596     34000.0195312500
629.946045     33970.1250000000
630.281494     33981.6250000000
630.616882     34344.9414062500
630.952209     34119.5898437500
631.287537     34356.4375000000
631.622803     33661.9960937500
631.958008     33664.2968750000
632.293213     33675.7929687500
632.628296     33583.8125000000
632.963379     33678.0937500000
633.298401     33696.4882812500
633.633423     33574.6171875000
633.968384     33397.5585937500
634.303284     33597.6093750000
634.638123     33206.6992187500
634.972900     33586.1132812500
635.307739     32914.6679687500
635.642456     33222.7968750000
635.977112     33388.3593750000
636.311829     33388.3593750000
636.646362     33043.4375000000
636.980957     33163.0117187500
637.315430     33250.3906250000
637.649963     33068.7304687500
637.984436     33018.1445312500
638.318726     33011.2460937500
638.653137     32652.5273437500
638.987366     32624.9335937500
639.321655     32470.8691406250
639.655823     32799.6953125000
639.990051     32618.0351562500
640.324158     32084.5566406250
640.658203     32185.7343750000
640.992249     31590.1699218750
641.326172     31567.1757812500
641.660156     31974.1835937500
641.994019     31493.5917968750
642.327942     31774.1289062500
642.661804     31433.8066406250
642.995483     31311.9335937500
643.329224     31406.2128906250
643.662964     31231.4531250000
643.996582     30748.5625000000
644.330200     31454.5019531250
644.663696     30985.4082031250
644.997253     31263.6445312500
645.330688     30760.0605468750
645.664124     30585.3007812500
645.997437     29939.1484375000
646.330811     29989.7363281250
646.664124     29564.3339843750
646.997375     29260.8027343750
647.330566     28628.4492187500
647.663696     28331.8164062500
647.996826     28053.5800781250
648.329895     27979.9960937500
648.662903     27421.2246093750
648.995911     27476.4121093750
649.328796     27572.9902343750
649.661682     27655.7714843750
649.994568     27497.1074218750
650.327393     28058.1796875000
650.660095     27770.7441406250
650.992859     28120.2636718750
651.325500     27899.5156250000
651.658142     28044.3828125000
651.990723     27828.2324218750
652.323242     27860.4238281250
652.655762     27913.3125000000
652.988220     27977.6972656250
653.320618     28239.8378906250
653.652954     28166.2539062500
653.985291     28228.3398437500
654.317566     28221.4414062500
654.649780     27727.0546875000
654.981995     27584.4863281250
655.314148     26706.0878906250
655.646240     25583.9453125000
655.978271     24786.0273437500
656.310303     23946.7207031250
656.642273     23794.9550781250
656.974182     23565.0078125000
657.306091     24077.7890625000
657.637939     25176.9375000000
657.969666     25563.2500000000
658.301453     26216.3007812500
658.633179     26593.4140625000
658.964844     26901.5429687500
659.296448     27124.5917968750
659.627991     26807.2656250000
659.959534     27119.9941406250
660.291016     26802.6660156250
660.622437     26995.8222656250
660.953796     27402.8281250000
661.285156     27658.0703125000
661.616516     27308.5507812500
661.947754     27154.4863281250
662.278931     27002.7207031250
662.610107     27487.9101562500
662.941284     27366.0371093750
663.272339     26644.0019531250
663.603394     26816.4628906250
663.934387     26641.7031250000
664.265320     26223.1992187500
664.596252     26827.9609375000
664.927063     26269.1875000000
665.257935     26724.4843750000
665.588684     26384.1621093750
665.919434     26310.5781250000
666.250061     25675.9238281250
666.580688     26273.7871093750
666.911316     26227.7968750000
667.241821     25965.6582031250
667.572327     26011.6464843750
667.902832     25956.4589843750
668.233276     25857.5820312500
668.563660     25374.6933593750
668.893982     25756.4062500000
669.224243     25797.7968750000
669.554504     25692.0195312500
669.884705     25370.0937500000
670.214844     25501.1640625000
670.544922     25351.6972656250
670.875000     25027.4726562500
671.205078     25197.6328125000
671.534973     24694.0488281250
671.864929     24553.7812500000
672.194824     24310.0371093750
672.524658     24539.9843750000
672.854431     24429.6093750000
673.184204     24710.1445312500
673.513916     24523.8867187500
673.843567     24247.9511718750
674.173218     24178.9667968750
674.502747     24031.8007812500
674.832275     23650.0878906250
675.161804     24011.1054687500
675.491211     23852.4414062500
675.820679     23926.0253906250
676.149963     23815.6503906250
676.479248     23785.7558593750
676.808533     23730.5683593750
677.137756     23194.7910156250
677.466919     23406.3437500000
677.796021     23650.0878906250
678.125122     23413.2421875000
678.454163     23489.1250000000
678.783142     23415.5410156250
679.112122     23275.2734375000
679.440979     22617.6230468750
679.769897     22978.6406250000
680.098694     23072.9199218750
680.427490     22861.3671875000
680.756165     22587.7304687500
681.084900     23955.9179687500
681.413513     22192.2207031250
681.742065     22472.7578125000
682.070679     22024.3593750000
682.399170     22093.3437500000
682.727600     21987.5683593750
683.056030     22104.8417968750
683.384399     21716.2304687500
683.712708     21621.9511718750
684.040955     21454.0898437500
684.369263     21617.3535156250
684.697388     21454.0898437500
685.025574     21398.9023437500
685.353638     21401.2031250000
685.681702     21042.4843750000
686.009766     20964.3027343750
686.337708     20285.9570312500
686.665588     19416.7558593750
686.993469     17510.4921875000
687.321289     16818.3515625000
687.649048     16491.8261718750
687.976807     16259.5791015625
688.304565     16783.8593750000
688.632141     16542.4140625000
688.959839     17211.5605468750
689.287354     17101.1855468750
689.614868     17296.6425781250
689.942383     17223.0585937500
690.269775     17740.4394531250
690.597168     17717.4453125000
690.924500     17820.9218750000
691.251770     17827.8203125000
691.578979     17931.2968750000
691.906250     17928.9960937500
692.233398     18071.5644531250
692.560486     17692.1503906250
692.887573     17554.1835937500
693.214539     16772.3613281250
693.541565     16963.2187500000
693.868469     16820.6503906250
694.195374     16330.8623046875
694.522217     16443.5371093750
694.849060     16241.1835937500
695.175781     16418.2421875000
695.502441     16176.7978515625
695.829163     16760.8632812500
696.155823     16827.5488281250
696.482300     17418.5136718750
696.808899     17400.1171875000
697.135315     17710.5468750000
697.461792     17839.3183593750
697.788147     17655.3593750000
698.114563     17620.8671875000
698.440857     17344.9296875000
698.767029     17319.6367187500
699.093323     16866.6406250000
699.419495     16503.3222656250
699.745605     16388.3496093750
700.071655     16158.4023437500
700.397705     16344.6591796875
700.723694     16068.7226562500
701.049622     15995.1396484375
701.375549     15857.1708984375
701.701355     15801.9833984375
702.027222     15811.1816406250
702.352905     15951.4492187500
702.678711     15981.3427734375
703.004395     16022.7333984375
703.329956     16264.1777343750
703.655579     16179.0976562500
703.981018     16211.2900390625
704.306580     16473.4296875000
704.632080     16409.0449218750
704.957397     16409.0449218750
705.282776     16461.9335937500
705.608093     16402.1464843750
705.933350     16273.3759765625
706.258545     16312.4667968750
706.583740     16443.5371093750
706.908875     16358.4560546875
707.233948     16365.3544921875
707.559021     16388.3496093750
707.883972     16204.3916015625
708.208984     16482.6289062500
708.533813     16514.8203125000
708.858704     16238.8837890625
709.183533     16300.9697265625
709.508240     15997.4394531250
709.833008     16208.9902343750
710.157654     16213.5898437500
710.482300     16022.7333984375
710.806885     16179.0976562500
711.131409     16066.4228515625
711.455933     16117.0117187500
711.780334     16287.1728515625
712.104797     16135.4072265625
712.429138     15965.2460937500
712.753479     15891.6630859375
713.077759     15919.2568359375
713.401917     15661.7158203125
713.726135     15627.2236328125
714.050232     15841.0751953125
714.374329     15401.8750000000
714.698364     15539.8437500000
715.022339     15229.4150390625
715.346313     15351.2871093750
715.670166     14721.2314453125
715.994080     14436.0966796875
716.317871     13930.2119140625
716.641663     13051.8134765625
716.965393     12295.2861328125
717.289001     11301.9130859375
717.612732     11101.8593750000
717.936279     10366.0273437500
718.259827     10177.4707031250
718.583313      9600.3027343750
718.906738      9276.0771484375
719.230225      9423.2431640625
719.553528      8977.1455078125
719.876892      9011.6376953125
720.200134      8979.4453125000
720.523315      9195.5957031250
720.846497     10051.0000000000
721.169617     10549.9853515625
721.492737     11269.7207031250
721.815735     11775.6054687500
722.138733     12189.5107421875
722.461670     12145.8203125000
722.784607     12044.6435546875
723.107544     11734.2148437500
723.430298     11196.1376953125
723.753113     10835.1201171875
724.075745     10446.5097656250
724.398438     10299.3427734375
724.721008     10048.7001953125
725.043640      9894.6357421875
725.366211      9942.9248046875
725.688660      9880.8388671875
726.011169      9701.4794921875
726.333496     10071.6953125000
726.655884      9986.6142578125
726.978149     10094.6894531250
727.300476      9945.2236328125
727.622681      9871.6406250000
727.944824     10073.9941406250
728.266968     10126.8828125000
728.589050     10131.4814453125
728.911133      9892.3359375000
729.233032      9807.2558593750
729.554993      9919.9296875000
729.876953      9979.7158203125
730.198792      9949.8232421875
730.520569     10094.6894531250
730.842346     10094.6894531250
731.164063     10262.5517578125
731.485718     10232.6582031250
731.807373     10366.0273437500
732.128967     10554.5849609375
732.450439     10869.6123046875
732.771973     10970.7890625000
733.093323     11334.1064453125
733.414795     11566.3525390625
733.736145     11860.6855468750
734.057373     11860.6855468750
734.378662     12274.5908203125
734.699890     12430.9550781250
735.021057     12046.9433593750
735.342163     12260.7939453125
735.663269     12132.0234375000
735.984314     11936.5683593750
736.305237     11853.7871093750
736.626160     11952.6650390625
736.947083     11998.6542968750
737.267883     11936.5683593750
737.588745     12007.8515625000
737.909485     12148.1201171875
738.230225     12201.0078125000
738.550781     12217.1044921875
738.871460     12145.8203125000
739.192017     12132.0234375000
739.512573     12115.9277343750
739.833069     11934.2685546875
740.153442     12207.9062500000
740.473877     12023.9482421875
740.794128     12005.5527343750
741.114441     12173.4140625000
741.434692     12063.0390625000
741.754883     11904.3759765625
742.075073     12138.9218750000
742.395142     12125.1250000000
742.715210     12412.5595703125
743.035217     12272.2910156250
743.355225     12159.6171875000
743.675049     12157.3173828125
743.994995     12161.9169921875
744.314880     12274.5908203125
744.634583     12332.0781250000
744.954407     12095.2324218750
745.273987     12155.0185546875
745.593689     12092.9326171875
745.913330     12056.1406250000
746.232849     11931.9697265625
746.552368     12148.1201171875
746.871826     11743.4121093750
747.191223     11718.1181640625
747.510559     11959.5634765625
747.829956     12037.7451171875
748.149231     11656.0322265625
748.468384     11518.0644531250
748.787659     11656.0322265625
749.106750     11729.6152343750
749.425842     11508.8662109375
749.744873     11605.4443359375
750.063904     11308.8115234375
750.382874     11308.8115234375
750.701721     11239.8281250000
751.020630     11023.6767578125
751.339417     11221.4316406250
751.658203     10802.9277343750
751.976990     11021.3779296875
752.295593     11127.1533203125
752.614258     11051.2705078125
752.932800     10977.6875000000
753.251404     11184.6406250000
753.569824     10945.4951171875
753.888306     10970.7890625000
754.206726     10911.0029296875
754.525024     10970.7890625000
754.843323     10943.1953125000
755.161621     11108.7578125000
755.479797     11062.7685546875
755.797974     10904.1044921875
756.116089     10754.6386718750
756.434204     10708.6494140625
756.752197     10655.7617187500
757.070190     10421.2148437500
757.388123     10945.4951171875
757.705994     10510.8945312500
758.023865     10453.4082031250
758.341675     10683.3554687500
758.659363     10503.9960937500
758.977112      9687.6826171875
759.294739      9230.0878906250
759.612305      7717.0341796875
759.929932      6226.9750976563
760.247498      4739.2153320313
760.564880      3858.5170898438
760.882385      3380.2263183594
761.199707      3414.7185058594
761.517090      3929.8007812500
761.834290      4300.0161132813
762.151611      4835.7934570313
762.468811      4817.3974609375
762.785889      4877.1840820313
763.103027      4638.0385742188
763.420044      4651.8354492188
763.737061      4766.8090820313
764.054077      4886.3818359375
764.370972      5215.2065429688
764.687805      5385.3676757813
765.004639      5921.1450195313
765.321411      6015.4233398438
765.638123      6360.3442382813
765.954834      6900.7207031250
766.271484      7098.4755859375
766.588074      7339.9204101563
766.904602      7758.4243164063
767.221069      8130.9394531250
767.537537      8577.0371093750
767.853882      8701.2089843750
768.170288      9048.4296875000
768.486572      9023.1347656250
768.802856      9011.6376953125
769.119080      9073.7236328125
769.435181      9276.0771484375
769.751343      9276.0771484375
770.067322      9363.4570312500
770.383423      9462.3349609375
770.699402      9308.2695312500
771.015320      9135.8095703125
771.331238      9457.7353515625
771.647095      9365.7568359375
771.962891      8986.3437500000
772.278625      9023.1347656250
772.594299      9400.2490234375
772.909973      9050.7285156250
773.225586      9009.3378906250
773.541138      9018.5361328125
773.856567      9004.7392578125
774.172119      9172.6005859375
774.487549      8912.7607421875
774.802856      8701.2089843750
775.118286      8832.2783203125
775.433472      8669.0156250000
775.748718      8673.6152343750
776.063904      8666.7167968750
776.379028      8662.1171875000
776.694153      8662.1171875000
777.009155      8397.6777343750
777.324158      8694.3105468750
777.639099      8441.3681640625
777.954041      8434.4697265625
778.268921      8103.3457031250
778.583740      8190.7255859375
778.898499      8296.5009765625
779.213196      8061.9550781250
779.527832      8128.6396484375
779.842468      8218.3193359375
780.157043      7937.7832031250
780.471619      7907.8901367188
780.786072      7887.1948242188
781.100525      8018.2651367188
781.414856      7834.3071289063
781.729248      7744.6274414063
782.043457      8002.1684570313
782.357788      7804.4140625000
782.671997      7719.3334960938
782.986084      7526.1777343750
783.300293      7470.9902343750
783.614258      7530.7763671875
783.928345      7613.5576171875
784.242249      7293.9306640625
784.556213      7335.3212890625
784.870117      7277.8344726563
785.183899      7220.3476562500
785.497681      7167.4599609375
785.811340      7222.6469726563
786.125061      7050.1865234375
786.438721      7153.6630859375
786.752258      6926.0151367188
787.065857      6850.1323242188
787.379333      6808.7416992188
787.692810      6675.3725585938
788.006165      6705.2656250000
788.319519      6413.2324218750
788.632874      6551.2006835938
788.946106      6523.6069335938
789.259338      6210.8784179688
789.572449      6341.9487304688
789.885559      6263.7666015625
790.198608      6049.9155273438
790.511719      6185.5844726563
790.824707      6033.8193359375
791.137573      5985.5302734375
791.450500      5859.0590820313
791.763306      5799.2729492188
792.076111      5967.1342773438
792.388855      5964.8349609375
792.701538      5891.2519531250
793.014221      5780.8769531250
793.326782      5856.7597656250
793.639343      5838.3637695313
793.951843      5916.5458984375
794.264282      5760.1816406250
794.576721      5757.8823242188
794.889099      5803.8715820313
795.201416      5962.5356445313
795.513611      5686.5986328125
795.825867      5580.8227539063
796.138000      5488.8437500000
796.450195      5523.3359375000
796.762268      5592.3203125000
797.074280      5442.8544921875
797.386292      5475.0468750000
797.698181      5461.2500000000
798.010071      5380.7685546875
798.321960      5401.4638671875
798.633728      5452.0522460938
798.945496      5511.8383789063
799.257202      5550.9296875000
799.568787      5417.5600585938
799.880432      5245.0996093750
800.192017      5265.7949218750
800.503540      5210.6074218750
800.815002      5176.1152343750
801.126404      5120.9282226563
801.437744      4920.8740234375
801.749084      5166.9174804688
802.060364      5072.6391601563
802.371582      4920.8740234375
802.682800      4930.0717773438
802.993835      4877.1840820313
803.304993      4840.3920898438
803.615967      4985.2592773438
803.927002      4794.4028320313
804.237976      4851.8896484375
804.548828      4897.8789062500
804.859741      4608.1455078125
805.170471      4877.1840820313
805.481201      4780.6059570313
805.791931      4927.7724609375
806.102600      4847.2905273438
806.413208      4702.4238281250
806.723755      4631.1401367188
807.034241      4677.1293945313
807.344727      4732.3168945313
807.655151      4771.4082031250
807.965515      4840.3920898438
808.275879      4589.7495117188
808.586182      4624.2416992188
808.896362      4585.1508789063
809.206604      4472.4765625000
809.516663      4447.1821289063
809.826782      4426.4868164063
810.136780      4449.4819335938
810.446777      4329.9091796875
810.756775      4219.5341796875
811.066650      4129.8549804688
811.376465      4143.6518554688
811.686279      3950.4958496094
811.996033      4053.9721679688
812.305786      4053.9721679688
812.615417      3957.3942871094
812.924988      3814.8269042969
813.234558      3612.4733886719
813.544128      3407.8200683594
813.853516      3407.8200683594
814.162964      3366.4296875000
814.472351      3210.0654296875
814.781616      3104.2895507813
815.090942      3044.5031738281
815.400146      2975.5190429688
815.709351      2936.4279785156
816.018433      2911.1337890625
816.327515      2793.8605957031
816.636597      2711.0795898438
816.945557      2738.6733398438
817.254578      2766.2668457031
817.563416      2816.8554687500
817.872253      2780.0637207031
818.181091      2786.9621582031
818.489807      2683.4858398438
818.798523      2720.2773437500
819.107178      2780.0637207031
819.415833      2798.4594726563
819.724365      2754.7695312500
820.032837      2867.4438476563
820.341370      3023.8081054688
820.649719      3085.8937988281
820.958130      3037.6047363281
821.266357      3267.5522460938
821.574707      3164.0759277344
821.882874      3180.1721191406
822.191040      2915.7326660156
822.499207      2791.5610351563
822.807251      2591.5068359375
823.115356      2391.4526367188
823.423279      2522.5227050781
823.731262      2524.8222656250
824.039124      2589.2075195313
824.346985      2805.3579101563
824.654846      2934.1284179688
824.962524      2911.1337890625
825.270264      2888.1391601563
825.577820      2931.8291015625
825.885437      3019.2089843750
826.193054      2938.7275390625
826.500488      2945.6259765625
826.807983      2970.9201660156
827.115356      3051.4016113281
827.422729      2977.8186035156
827.729980      2865.1442871094
828.037292      2752.4702148438
828.344543      2745.5717773438
828.651733      2842.1496582031
828.958862      2796.1601562500
829.265869      2694.9831542969
829.572937      2642.0954589844
829.879883      2651.2932128906
830.186829      2671.9885253906
830.493713      2665.0900878906
830.800537      2639.7958984375
831.107361      2573.1110839844
831.414063      2692.6838378906
831.720764      2681.1865234375
832.027405      2557.0148925781
832.333984      2685.7854003906
832.640564      2803.0585937500
832.947021      2660.4912109375
833.253479      2667.3896484375
833.559814      2630.5979003906
833.866211      2637.4963378906
834.172546      2697.2827148438
834.478760      2662.7905273438
834.784973      2754.7695312500
835.091125      2954.8237304688
835.397278      2766.2668457031
835.703247      2644.3947753906
836.009277      2816.8554687500
836.315247      2701.8815917969
836.621155      2731.7749023438
836.927063      2798.4594726563
837.232849      2823.7536621094
837.538635      2832.9516601563
837.844421      2658.1916503906
838.150085      2740.9726562500
838.455688      2731.7749023438
838.761292      2690.3842773438
839.066833      2766.2668457031
839.372253      2793.8605957031
839.677734      2786.9621582031
839.983093      2747.8710937500
840.288391      2763.9675292969
840.593689      2812.2563476563
840.898926      2828.3527832031
841.204102      2642.0954589844
841.509277      2671.9885253906
841.814392      2621.4001464844
842.119446      2740.9726562500
842.424438      2715.6784667969
842.729370      2722.5769042969
843.034241      2770.8659667969
843.339111      2734.0742187500
843.643982      2830.6520996094
843.948669      2743.2722167969
844.253479      2692.6838378906
844.558105      2655.8920898438
844.862671      2724.8764648438
845.167236      2665.0900878906
845.471741      2775.4648437500
845.776245      2552.4157714844
846.080627      2577.7102050781
846.385071      2671.9885253906
846.689331      2694.9831542969
846.993591      2605.3037109375
847.297791      2692.6838378906
847.601990      2591.5068359375
847.906128      2674.2880859375
848.210205      2580.0095214844
848.514282      2520.2231445313
848.818237      2485.7312011719
849.122131      2501.8273925781
849.426025      2499.5280761719
849.729919      2506.4265136719
850.033691      2423.6452636719
850.337402      2409.8483886719
850.641113      2350.0622558594
850.944702      2393.7521972656
851.248352      2460.4370117188
851.551941      2382.2548828125
851.855347      2366.1584472656
852.158813      2267.2812500000
852.462219      2375.3564453125
852.765564      2352.3615722656
853.068848      2442.0410156250
853.372070      2400.6506347656
853.675354      2225.8906250000
853.978455      2193.6979980469
854.281555      2205.1953125000
854.584656      2069.5263671875
854.887634      2007.4405517578
855.190552      1945.3548583984
855.493530      2168.4038085938
855.796387      2191.3984375000
856.099182      2101.7189941406
856.401978      2113.2163085938
856.704651      2120.1147460938
857.007324      2041.9327392578
857.309998      2184.5000000000
857.612549      2120.1147460938
857.915100      2124.7138671875
858.217529      2145.4089355469
858.519958      2214.3933105469
858.822266      2163.8049316406
859.124634      2129.3127441406
859.426941      2009.7401123047
859.729187      2168.4038085938
860.031372      2062.6279296875
860.333435      2002.8416748047
860.635559      2101.7189941406
860.937622      2037.3337402344
861.239563      2048.8310546875
861.541504      2058.0290527344
861.843384      2039.6331787109
862.145264      2058.0290527344
862.446960      2044.2321777344
862.748779      2046.5316162109
863.050476      2012.0395507813
863.352051      1949.9537353516
863.653748      1922.3601074219
863.955200      1956.8521728516
864.256714      1947.6542968750
864.558167      1915.4616699219
864.859619      1892.4669189453
865.160950      1883.2690429688
865.462219      1880.9694824219
865.763489      1832.6805419922
866.064697      1816.5842285156
866.365845      1722.3059082031
866.666931      1761.3968505859
866.967957      1692.4127197266
867.269043      1733.8032226563
867.570007      1779.7927246094
867.870911      1625.7279052734
868.171692      1692.4127197266
868.472595      1664.8189697266
868.773254      1674.0168457031
869.074036      1791.2900390625
869.374695      1644.1237792969
869.675293      1777.4931640625
869.975891      1680.9152832031
870.276367      1733.8032226563
870.576843      1701.6105957031
870.877319      1651.0222167969
871.177612      1644.1237792969
871.477966      1678.6158447266
871.778198      1786.6911621094
872.078491      1726.9047851563
872.378601      1747.6000976563
872.678711      1641.8242187500
872.978882      1575.1395263672
873.278870      1637.2253417969
873.578857      1632.6263427734
873.878784      1575.1395263672
874.178650      1605.0327148438
874.478394      1630.3269042969
874.778259      1513.0537109375
875.078003      1593.5352783203
875.377625      1494.6579589844
875.677307      1545.2463378906
875.976868      1448.6684570313
876.276428      1609.6315917969
876.575928      1519.9521484375
876.875366      1499.2568359375
877.174744      1434.8715820313
877.474060      1540.6474609375
877.773376      1483.1605224609
878.072571      1524.5511474609
878.371826      1455.5668945313
878.670959      1450.9678955078
878.970032      1476.2622070313
879.269043      1342.8927001953
879.567993      1441.7700195313
879.867004      1425.6737060547
880.165894      1416.4758300781
880.464722      1368.1868896484
880.763550      1404.9785156250
881.062256      1448.6684570313
881.361023      1345.1921386719
881.659607      1384.2832031250
881.958252      1239.4163818359
882.256836      1395.7805175781
882.555298      1315.2989501953
882.853760      1363.5878906250
883.152100      1372.7858886719
883.450500      1358.9890136719
883.748779      1342.8927001953
884.047058      1370.4863281250
884.345276      1248.6142578125
884.643372      1331.3952636719
884.941528      1301.5021972656
885.239502      1299.2026367188
885.537598      1345.1921386719
885.835510      1326.7963867188
886.133423      1294.6037597656
886.431335      1283.1063232422
886.729065      1186.5284423828
887.026855      1186.5284423828
887.324524      1163.5336914063
887.622253      1202.6247558594
887.919800      1170.4321289063
888.217407      1211.8226318359
888.514954      1184.2290039063
888.812317      1200.3253173828
889.109802      1092.2500000000
889.407166      1133.6406250000
889.704407      1168.1326904297
890.001770      1129.0416259766
890.298889      1133.6406250000
890.596130      1117.5441894531
890.893188      1126.7421875000
891.190308      1087.6511230469
891.487244      1126.7421875000
