0.075200
190.096298         0.0000000000
190.479492         0.0000000000
190.862656       174.7600097656
191.245789       220.7494812012
191.628876       158.6636962891
192.011948       204.6531677246
192.394958       264.4394836426
192.777939       331.1242065430
193.160904       294.3326416016
193.543823       266.7389526367
193.926697       280.5357971191
194.309555       266.7389526367
194.692368       206.9526367188
195.075150       331.1242065430
195.457886       308.1294860840
195.840607       225.3484344482
196.223282       223.0489501953
196.605927       273.6373901367
196.988541       252.9421081543
197.371094       319.6268615723
197.753632       262.1400146484
198.136139       310.4289550781
198.518600       243.7442169189
198.901031       275.9368591309
199.283432       264.4394836426
199.665802       271.3378906250
200.048126       204.6531677246
200.430405       298.9315795898
200.812668       296.6321105957
201.194885       273.6373901367
201.577072       206.9526367188
201.959244       303.5305480957
202.341354       264.4394836426
202.723434       269.0384216309
203.105499       248.3431701660
203.487503       193.1557922363
203.869461       301.2310485840
204.251434       296.6321105957
204.633331       229.9473724365
205.015198       216.1505279541
205.397049       234.5463256836
205.778854       220.7494812012
206.160614       294.3326416016
206.542343       243.7442169189
206.924042       262.1400146484
207.305710       273.6373901367
207.687332       243.7442169189
208.068939       271.3378906250
208.450485       197.7547454834
208.832016       262.1400146484
209.213501       209.2521057129
209.594955       248.3431701660
209.976379       213.8510589600
210.357758       158.6636962891
210.739105       211.5515899658
211.120422       264.4394836426
211.501694       223.0489501953
211.882935       259.8405456543
212.264145       229.9473724365
212.645340       181.6584320068
213.026474       310.4289550781
213.407562       259.8405456543
213.788620       206.9526367188
214.169662       236.8457946777
214.550659       264.4394836426
214.931610       275.9368591309
215.312561       227.6479034424
215.693451       250.6426391602
216.074295       257.5410766602
216.455109       190.8563232422
216.835922       269.0384216309
217.216660       250.6426391602
217.597382       234.5463256836
217.978058       206.9526367188
218.358704       308.1294860840
218.739304       282.8352661133
219.119888       234.5463256836
219.500427       241.4447479248
219.880920       209.2521057129
220.261414       216.1505279541
220.641830       250.6426391602
221.022232       211.5515899658
221.402603       229.9473724365
221.782944       246.0436859131
222.163223       241.4447479248
222.543488       285.1347351074
222.923706       287.4342346191
223.303894       167.8615875244
223.684036       259.8405456543
224.064163       280.5357971191
224.444244       252.9421081543
224.824295       303.5305480957
225.204300       172.4605255127
225.584274       271.3378906250
225.964203       262.1400146484
226.344131       287.4342346191
226.723999       197.7547454834
227.103806       255.2415924072
227.483627       241.4447479248
227.863388       269.0384216309
228.243118       255.2415924072
228.622787       218.4500122070
229.002472       220.7494812012
229.382080       252.9421081543
229.761688       266.7389526367
230.141220       167.8615875244
230.520721       275.9368591309
230.900208       264.4394836426
231.279663       223.0489501953
231.659073       193.1557922363
232.038452       246.0436859131
232.417786       248.3431701660
232.797073       287.4342346191
233.176346       250.6426391602
233.555573       188.5568542480
233.934784       229.9473724365
234.313934       206.9526367188
234.693069       264.4394836426
235.072144       248.3431701660
235.451202       216.1505279541
235.830215       259.8405456543
236.209213       280.5357971191
236.588165       250.6426391602
236.967072       282.8352661133
237.345947       236.8457946777
237.724792       257.5410766602
238.103577       225.3484344482
238.482361       190.8563232422
238.861084       259.8405456543
239.239777       259.8405456543
239.618454       236.8457946777
239.997070       282.8352661133
240.375671       273.6373901367
240.754211       190.8563232422
241.132751       296.6321105957
241.511215       220.7494812012
241.889694       232.2468566895
242.268097       264.4394836426
242.646469       206.9526367188
243.024811       310.4289550781
243.403122       271.3378906250
243.781387       262.1400146484
244.159622       262.1400146484
244.537827       220.7494812012
244.915985       209.2521057129
245.294113       257.5410766602
245.672195       289.7337036133
246.050262       301.2310485840
246.428268       266.7389526367
246.806274       211.5515899658
247.184219       289.7337036133
247.562119       243.7442169189
247.940002       262.1400146484
248.317841       216.1505279541
248.695648       294.3326416016
249.073425       315.0278930664
249.451157       296.6321105957
249.828842       264.4394836426
250.206512       220.7494812012
250.584152       236.8457946777
250.961731       390.9105529785
251.339279       252.9421081543
251.716812       248.3431701660
252.094299       220.7494812012
252.471725       262.1400146484
252.849136       252.9421081543
253.226517       236.8457946777
253.603867       227.6479034424
253.981171       255.2415924072
254.358429       271.3378906250
254.735672       248.3431701660
255.112869       239.1452636719
255.490021       259.8405456543
255.867172       227.6479034424
256.244263       206.9526367188
256.621307       202.3536987305
256.998291       216.1505279541
257.375305       259.8405456543
257.752228       234.5463256836
258.129120       241.4447479248
258.506012       269.0384216309
258.882843       250.6426391602
259.259644       269.0384216309
259.636414       271.3378906250
260.013123       285.1347351074
260.389832       223.0489501953
260.766479       204.6531677246
261.143127       248.3431701660
261.519714       197.7547454834
261.896271       190.8563232422
262.272736       239.1452636719
262.649231       188.5568542480
263.025696       236.8457946777
263.402100       298.9315795898
263.778473       255.2415924072
264.154785       179.3589477539
264.531097       239.1452636719
264.907318       275.9368591309
265.283569       301.2310485840
265.659760       250.6426391602
266.035919       278.2363281250
266.412018       223.0489501953
266.788086       239.1452636719
267.164154       225.3484344482
267.540192       246.0436859131
267.916107       257.5410766602
268.292084       289.7337036133
268.667969       246.0436859131
269.043793       216.1505279541
269.419617       197.7547454834
269.795410       282.8352661133
270.171204       195.4552764893
270.546875       190.8563232422
270.922577       206.9526367188
271.298248       262.1400146484
271.673828       239.1452636719
272.049408       218.4500122070
272.424927       200.0542144775
272.800446       200.0542144775
273.175934       200.0542144775
273.551361       170.1610565186
273.926727       269.0384216309
274.302063       275.9368591309
274.677399       227.6479034424
275.052673       266.7389526367
275.427948       266.7389526367
275.803131       280.5357971191
276.178314       229.9473724365
276.553436       271.3378906250
276.928558       282.8352661133
277.303650       236.8457946777
277.678619       220.7494812012
278.053650       285.1347351074
278.428589       252.9421081543
278.803528       186.2573699951
279.178375       278.2363281250
279.553253       296.6321105957
279.928070       252.9421081543
280.302826       252.9421081543
280.677582       275.9368591309
281.052277       225.3484344482
281.426941       218.4500122070
281.801544       259.8405456543
282.176147       128.7705383301
282.550720       287.4342346191
282.925232       232.2468566895
283.299683       248.3431701660
283.674133       179.3589477539
284.048553       282.8352661133
284.422974       298.9315795898
284.797241       183.9579010010
285.171600       204.6531677246
285.545837       259.8405456543
285.920074       255.2415924072
286.294250       246.0436859131
286.668396       225.3484344482
287.042511       229.9473724365
287.416626       266.7389526367
287.790649       209.2521057129
288.164673       142.5673675537
288.538635       204.6531677246
288.912567       273.6373901367
289.286438       229.9473724365
289.660309       200.0542144775
290.034149       172.4605255127
290.407959       262.1400146484
290.781677       257.5410766602
291.155396       275.9368591309
291.529083       211.5515899658
291.902710       209.2521057129
292.276337       280.5357971191
292.649902       278.2363281250
293.023407       206.9526367188
293.396912       206.9526367188
293.770386       282.8352661133
294.143829       262.1400146484
294.517181       333.4237060547
294.890533       232.2468566895
295.263824       234.5463256836
295.637115       317.3273925781
296.010345       243.7442169189
296.383545       229.9473724365
296.756744       241.4447479248
297.129852       292.0331726074
297.502960       213.8510589600
297.875977       282.8352661133
298.248993       218.4500122070
298.621979       250.6426391602
298.994934       282.8352661133
299.367859       259.8405456543
299.740723       225.3484344482
300.113556       213.8510589600
300.486359       289.7337036133
300.859100       319.6268615723
301.231842       181.6584320068
301.604492       308.1294860840
301.977173       264.4394836426
302.349792       181.6584320068
302.722351       280.5357971191
303.094910       216.1505279541
303.467377       229.9473724365
303.839874       193.1557922363
304.212311       209.2521057129
304.584717       234.5463256836
304.957062       250.6426391602
305.329376       202.3536987305
305.701630       264.4394836426
306.073853       246.0436859131
306.446106       333.4237060547
306.818268       271.3378906250
307.190399       220.7494812012
307.562500       202.3536987305
307.934540       262.1400146484
308.306610       278.2363281250
308.678558       227.6479034424
309.050507       223.0489501953
309.422424       246.0436859131
309.794281       234.5463256836
310.166138       193.1557922363
310.537933       264.4394836426
310.909729       296.6321105957
311.281464       229.9473724365
311.653107       225.3484344482
312.024780       241.4447479248
312.396393       241.4447479248
312.767975       262.1400146484
313.139496       287.4342346191
313.511047       294.3326416016
313.882507       255.2415924072
314.253906       271.3378906250
314.625305       280.5357971191
314.996643       248.3431701660
315.368011       250.6426391602
315.739258       285.1347351074
316.110504       282.8352661133
316.481720       223.0489501953
316.852905       287.4342346191
317.223999       227.6479034424
317.595123       232.2468566895
317.966187       317.3273925781
318.337189       264.4394836426
318.708191       234.5463256836
319.079163       324.2257995605
319.450073       236.8457946777
319.820923       229.9473724365
320.191742       243.7442169189
320.562561       252.9421081543
320.933319       289.7337036133
321.304047       193.1557922363
321.674744       241.4447479248
322.045380       250.6426391602
322.416016       239.1452636719
322.786560       354.1189575195
323.157135       236.8457946777
323.527618       202.3536987305
323.898071       229.9473724365
324.268494       294.3326416016
324.638885       266.7389526367
325.009277       257.5410766602
325.379578       232.2468566895
325.749847       252.9421081543
326.120117       282.8352661133
326.490295       248.3431701660
326.860443       243.7442169189
327.230591       209.2521057129
327.600708       331.1242065430
327.970703       248.3431701660
328.340759       317.3273925781
328.710724       266.7389526367
329.080688       165.5621032715
329.450592       250.6426391602
329.820435       298.9315795898
330.190277       167.8615875244
330.560089       301.2310485840
330.929810       239.1452636719
331.299561       243.7442169189
331.669220       289.7337036133
332.038879       227.6479034424
332.408447       262.1400146484
332.778046       280.5357971191
333.147583       269.0384216309
333.517059       223.0489501953
333.886505       218.4500122070
334.255951       204.6531677246
334.625336       264.4394836426
334.994629       266.7389526367
335.363983       285.1347351074
335.733246       195.4552764893
336.102478       262.1400146484
336.471680       218.4500122070
336.840820       241.4447479248
337.209961       264.4394836426
337.578979       220.7494812012
337.948059       241.4447479248
338.317078       218.4500122070
338.686035       250.6426391602
339.054962       264.4394836426
339.423859       294.3326416016
339.792725       266.7389526367
340.161560       252.9421081543
340.530334       248.3431701660
340.899078       218.4500122070
341.267761       271.3378906250
341.636444       243.7442169189
342.005066       236.8457946777
342.373657       266.7389526367
342.742218       271.3378906250
343.110718       223.0489501953
343.479218       340.3221130371
343.847626       301.2310485840
344.216064       269.0384216309
344.584412       197.7547454834
344.952759       248.3431701660
345.321045       280.5357971191
345.689270       278.2363281250
346.057526       206.9526367188
346.425659       236.8457946777
346.793854       243.7442169189
347.161957       223.0489501953
347.529999       186.2573699951
347.898041       218.4500122070
348.266022       255.2415924072
348.634003       303.5305480957
349.001892       250.6426391602
349.369781       197.7547454834
349.737610       246.0436859131
350.105408       266.7389526367
350.473145       287.4342346191
350.840912       264.4394836426
351.208618       285.1347351074
351.576233       172.4605255127
351.943878       282.8352661133
352.311401       225.3484344482
352.678955       255.2415924072
353.046478       278.2363281250
353.413910       248.3431701660
353.781372       282.8352661133
354.148743       278.2363281250
354.516083       262.1400146484
354.883392       227.6479034424
355.250641       206.9526367188
355.617920       236.8457946777
355.985077       285.1347351074
356.352234       186.2573699951
356.719360       241.4447479248
357.086426       259.8405456543
357.453491       248.3431701660
357.820496       218.4500122070
358.187469       218.4500122070
358.554382       234.5463256836
358.921295       303.5305480957
359.288147       250.6426391602
359.654968       282.8352661133
360.021759       243.7442169189
360.388489       241.4447479248
360.755188       328.8247375488
361.121826       257.5410766602
361.488464       275.9368591309
361.855072       216.1505279541
362.221588       239.1452636719
362.588135       204.6531677246
362.954590       174.7600097656
363.321075       218.4500122070
363.687439       246.0436859131
364.053802       262.1400146484
364.420135       193.1557922363
364.786407       190.8563232422
365.152679       197.7547454834
365.518860       172.4605255127
365.885040       264.4394836426
366.251190       241.4447479248
366.617249       298.9315795898
366.983337       188.5568542480
367.349335       232.2468566895
367.715332       282.8352661133
368.081207       239.1452636719
368.447174       190.8563232422
368.813019       335.7231750488
369.178833       248.3431701660
369.544678       209.2521057129
369.910400       328.8247375488
370.276123       285.1347351074
370.641785       331.1242065430
371.007446       225.3484344482
371.373016       236.8457946777
371.738586       225.3484344482
372.104126       225.3484344482
372.469574       266.7389526367
372.835022       227.6479034424
373.200439       239.1452636719
373.565796       266.7389526367
373.931122       248.3431701660
374.296417       246.0436859131
374.661713       250.6426391602
375.026886       250.6426391602
375.392090       324.2257995605
375.757202       200.0542144775
376.122314       163.2626342773
376.487396       206.9526367188
376.852386       190.8563232422
377.217407       229.9473724365
377.582336       225.3484344482
377.947235       262.1400146484
378.312103       170.1610565186
378.676941       271.3378906250
379.041779       236.8457946777
379.406494       289.7337036133
379.771240       246.0436859131
380.135925       220.7494812012
380.500549       257.5410766602
380.865143       218.4500122070
381.229706       225.3484344482
381.594269       220.7494812012
381.958679       266.7389526367
382.323181       347.2205505371
382.687561       234.5463256836
383.051971       211.5515899658
383.416321       213.8510589600
383.780579       266.7389526367
384.144867       188.5568542480
384.509033       200.0542144775
384.873260       204.6531677246
385.237366       250.6426391602
385.601501       308.1294860840
385.965576       278.2363281250
386.329559       236.8457946777
386.693573       188.5568542480
387.057526       209.2521057129
387.421417       266.7389526367
387.785309       225.3484344482
388.149109       232.2468566895
388.512970       257.5410766602
388.876678       338.0226440430
389.240417       227.6479034424
389.604065       333.4237060547
389.967712       259.8405456543
390.331360       241.4447479248
390.694885       289.7337036133
391.058411       246.0436859131
391.421906       225.3484344482
391.785370       275.9368591309
392.148743       282.8352661133
392.512115       259.8405456543
392.875488       259.8405456543
393.238739       209.2521057129
393.602051       206.9526367188
393.965240       280.5357971191
394.328430       246.0436859131
394.691559       243.7442169189
395.054657       273.6373901367
395.417725       246.0436859131
395.780731       142.5673675537
396.143738       206.9526367188
396.506653       269.0384216309
396.869568       280.5357971191
397.232422       269.0384216309
397.595245       273.6373901367
397.958069       193.1557922363
398.320770       294.3326416016
398.683533       225.3484344482
399.046204       190.8563232422
399.408813       287.4342346191
399.771454       195.4552764893
400.133972       220.7494812012
400.496521       167.8615875244
400.859009       264.4394836426
401.221436       213.8510589600
401.583832       227.6479034424
401.946198       243.7442169189
402.308563       243.7442169189
402.670807       167.8615875244
403.033051       273.6373901367
403.395294       266.7389526367
403.757416       271.3378906250
404.119568       252.9421081543
404.481659       317.3273925781
404.843719       289.7337036133
405.205719       250.6426391602
405.567719       179.3589477539
405.929657       248.3431701660
406.291534       257.5410766602
406.653442       248.3431701660
407.015228       195.4552764893
407.377014       303.5305480957
407.738739       287.4342346191
408.100464       246.0436859131
408.462128       241.4447479248
408.823730       259.8405456543
409.185364       271.3378906250
409.546875       234.5463256836
409.908386       271.3378906250
410.269867       232.2468566895
410.631287       257.5410766602
410.992676       250.6426391602
411.354034       229.9473724365
411.715363       229.9473724365
412.076630       269.0384216309
412.437866       209.2521057129
412.799072       236.8457946777
413.160217       266.7389526367
413.521362       262.1400146484
413.882416       216.1505279541
414.243469       225.3484344482
414.604462       280.5357971191
414.965424       197.7547454834
415.326355       236.8457946777
415.687225       280.5357971191
416.048096       266.7389526367
416.408875       190.8563232422
416.769653       266.7389526367
417.130402       239.1452636719
417.491058       218.4500122070
417.851715       301.2310485840
418.212311       301.2310485840
418.572906       264.4394836426
418.933411       218.4500122070
419.293945       218.4500122070
419.654388       225.3484344482
420.014801       241.4447479248
420.375183       229.9473724365
420.735504       220.7494812012
421.095825       280.5357971191
421.456055       239.1452636719
421.816315       204.6531677246
422.176453       227.6479034424
422.536621       227.6479034424
422.896729       241.4447479248
423.256775       239.1452636719
423.616821       229.9473724365
423.976807       282.8352661133
424.336731       197.7547454834
424.696625       287.4342346191
425.056488       250.6426391602
425.416351       317.3273925781
425.776093       239.1452636719
426.135864       239.1452636719
426.495575       285.1347351074
426.855225       305.8300170898
427.214874       289.7337036133
427.574432       278.2363281250
427.934052       223.0489501953
428.293518       259.8405456543
428.653015       262.1400146484
429.012421       241.4447479248
429.371826       264.4394836426
429.731232       223.0489501953
430.090485       218.4500122070
430.449799       202.3536987305
430.808990       227.6479034424
431.168213       269.0384216309
431.527374       227.6479034424
431.886475       179.3589477539
432.245605       213.8510589600
432.604584       278.2363281250
432.963623       269.0384216309
433.322571       225.3484344482
433.681488       209.2521057129
434.040344       220.7494812012
434.399200       243.7442169189
434.758026       266.7389526367
435.116760       200.0542144775
435.475494       252.9421081543
435.834198       269.0384216309
436.192841       188.5568542480
436.551453       195.4552764893
436.910004       170.1610565186
437.268555       181.6584320068
437.627014       252.9421081543
437.985474       255.2415924072
438.343903       190.8563232422
438.702240       209.2521057129
439.060577       285.1347351074
439.418854       229.9473724365
439.777130       236.8457946777
440.135315       310.4289550781
440.493500       271.3378906250
440.851654       273.6373901367
441.209717       220.7494812012
441.567810       246.0436859131
441.925781       232.2468566895
442.283783       308.1294860840
442.641663       259.8405456543
442.999573       264.4394836426
443.357483       190.8563232422
443.715240       255.2415924072
444.073029       216.1505279541
444.430725       273.6373901367
444.788452       190.8563232422
445.146149       264.4394836426
445.503723       266.7389526367
445.861359       243.7442169189
446.218842       209.2521057129
446.576355       232.2468566895
446.933777       310.4289550781
447.291199       252.9421081543
447.648621       190.8563232422
448.005920       246.0436859131
448.363251       190.8563232422
448.720459       262.1400146484
449.077728       273.6373901367
449.434875       206.9526367188
449.792023       248.3431701660
450.149170       262.1400146484
450.506195       262.1400146484
450.863220       269.0384216309
451.220184       220.7494812012
451.577118       216.1505279541
451.933990       248.3431701660
452.290894       236.8457946777
452.647736       236.8457946777
453.004456       275.9368591309
453.361237       232.2468566895
453.717926       197.7547454834
454.074585       232.2468566895
454.431244       269.0384216309
454.787811       213.8510589600
455.144379       252.9421081543
455.500824       250.6426391602
455.857300       239.1452636719
456.213715       167.8615875244
456.570099       259.8405456543
456.926483       285.1347351074
457.282745       179.3589477539
457.639038       186.2573699951
457.995209       234.5463256836
458.351440       271.3378906250
458.707550       262.1400146484
459.063660       250.6426391602
459.419769       259.8405456543
459.775757       211.5515899658
460.131744       227.6479034424
460.487671       170.1610565186
460.843597       227.6479034424
461.199493       193.1557922363
461.555267       246.0436859131
461.911072       275.9368591309
462.266785       243.7442169189
462.622498       262.1400146484
462.978119       218.4500122070
463.333771       257.5410766602
463.689392       292.0331726074
464.044891       223.0489501953
464.400421       252.9421081543
464.755859       236.8457946777
465.111298       197.7547454834
465.466675       262.1400146484
465.821991       190.8563232422
466.177338       239.1452636719
466.532562       232.2468566895
466.887817       262.1400146484
467.242981       220.7494812012
467.598114       193.1557922363
467.953247       255.2415924072
468.308289       326.5252685547
468.663330       282.8352661133
469.018280       216.1505279541
469.373230       239.1452636719
469.728119       250.6426391602
470.082977       220.7494812012
470.437836       282.8352661133
470.792572       177.0594787598
471.147339       236.8457946777
471.502014       275.9368591309
471.856720       273.6373901367
472.211273       273.6373901367
472.565918       243.7442169189
472.920471       275.9368591309
473.274933       257.5410766602
473.629395       241.4447479248
473.983795       278.2363281250
474.338165       202.3536987305
474.692505       257.5410766602
475.046814       243.7442169189
475.401123       289.7337036133
475.755280       213.8510589600
476.109497       271.3378906250
476.463593       285.1347351074
476.817688       547.2747802734
477.171783       292.0331726074
477.525757       275.9368591309
477.879761       241.4447479248
478.233673       131.0700073242
478.587585       236.8457946777
478.941406       188.5568542480
479.295258       204.6531677246
479.649048       218.4500122070
480.002747       301.2310485840
480.356445       181.6584320068
480.710052       197.7547454834
481.063690       248.3431701660
481.417236       252.9421081543
481.770782       216.1505279541
482.124329       241.4447479248
482.477722       229.9473724365
482.831177       319.6268615723
483.184509       333.4237060547
483.537842       257.5410766602
483.891144       186.2573699951
484.244385       246.0436859131
484.597626       243.7442169189
484.950714       239.1452636719
485.303894       165.5621032715
485.656921       165.5621032715
486.010010       280.5357971191
486.363068       252.9421081543
486.715973       202.3536987305
487.068909       266.7389526367
487.421783       269.0384216309
487.774628       257.5410766602
488.127411       179.3589477539
488.480194       211.5515899658
488.832947       202.3536987305
489.185577       262.1400146484
489.538239       193.1557922363
489.890839       243.7442169189
490.243378       248.3431701660
490.595917       181.6584320068
490.948395       269.0384216309
491.300842       310.4289550781
491.653198       220.7494812012
492.005585       197.7547454834
492.357880       206.9526367188
492.710144       223.0489501953
493.062439       225.3484344482
493.414581       218.4500122070
493.766754       218.4500122070
494.118835       296.6321105957
494.470917       257.5410766602
494.822937       278.2363281250
495.174927       209.2521057129
495.526917       190.8563232422
495.878784       250.6426391602
496.230682       234.5463256836
496.582489       259.8405456543
496.934296       170.1610565186
497.285980       275.9368591309
497.637695       190.8563232422
497.989410       294.3326416016
498.340973       259.8405456543
498.692596       287.4342346191
499.044128       209.2521057129
499.395630       227.6479034424
499.747101       227.6479034424
500.098480       262.1400146484
500.449921       255.2415924072
500.801208       220.7494812012
501.152527       262.1400146484
501.503754       239.1452636719
501.854980       241.4447479248
502.206177       294.3326416016
502.557281       298.9315795898
502.908386       252.9421081543
503.259430       275.9368591309
503.610443       225.3484344482
503.961365       243.7442169189
504.312317       218.4500122070
504.663239       257.5410766602
505.014069       257.5410766602
505.364899       269.0384216309
505.715607       227.6479034424
506.066376       292.0331726074
506.417084       252.9421081543
506.767670       289.7337036133
507.118317       218.4500122070
507.468842       183.9579010010
507.819397       223.0489501953
508.169830       227.6479034424
508.520294       243.7442169189
508.870697       227.6479034424
509.221039       271.3378906250
509.571381       298.9315795898
509.921631       262.1400146484
510.271851       223.0489501953
510.622009       218.4500122070
510.972198       248.3431701660
511.322327       250.6426391602
511.672394       264.4394836426
512.022461       179.3589477539
512.372375       259.8405456543
512.722351       227.6479034424
513.072266       200.0542144775
513.422058       232.2468566895
513.771912       294.3326416016
514.121704       292.0331726074
514.471436       246.0436859131
514.821167       275.9368591309
515.170776       264.4394836426
515.520447       280.5357971191
515.869995       177.0594787598
516.219543       257.5410766602
516.569031       234.5463256836
516.918518       340.3221130371
517.267822       264.4394836426
517.617249       165.5621032715
517.966614       227.6479034424
518.315796       280.5357971191
518.665161       204.6531677246
519.014282       236.8457946777
519.363464       255.2415924072
519.712585       275.9368591309
520.061646       229.9473724365
520.410706       197.7547454834
520.759705       213.8510589600
521.108704       211.5515899658
521.457520       262.1400146484
521.806458       250.6426391602
522.155334       264.4394836426
522.504089       257.5410766602
522.852844       213.8510589600
523.201538       239.1452636719
523.550232       206.9526367188
523.898804       252.9421081543
524.247437       239.1452636719
524.596008       246.0436859131
524.944458       241.4447479248
525.292969       287.4342346191
525.641357       273.6373901367
525.989746       257.5410766602
526.338074       234.5463256836
526.686401       202.3536987305
527.034607       305.8300170898
527.382813       239.1452636719
527.731018       271.3378906250
528.079102       257.5410766602
528.427246       234.5463256836
528.775330       257.5410766602
529.123291       269.0384216309
529.471252       223.0489501953
529.819153       216.1505279541
530.167053       188.5568542480
530.514832       204.6531677246
530.862732       248.3431701660
531.210510       305.8300170898
531.558167       280.5357971191
531.905884       216.1505279541
532.253479       305.8300170898
532.601074       218.4500122070
532.948608       239.1452636719
533.296143       229.9473724365
533.643616       172.4605255127
533.991028       262.1400146484
534.338379       246.0436859131
534.685730       206.9526367188
535.033081       232.2468566895
535.380371       236.8457946777
535.727478       234.5463256836
536.074707       289.7337036133
536.421875       289.7337036133
536.768921       266.7389526367
537.115967       232.2468566895
537.463013       243.7442169189
537.809998       204.6531677246
538.156860       243.7442169189
538.503784       308.1294860840
538.850647       246.0436859131
539.197449       282.8352661133
539.544189       236.8457946777
539.890930       278.2363281250
540.237610       183.9579010010
540.584229       250.6426391602
540.930847       223.0489501953
541.277344       271.3378906250
541.623901       165.5621032715
541.970337       273.6373901367
542.316772       264.4394836426
542.663208       250.6426391602
543.009521       303.5305480957
543.355835       179.3589477539
543.702026       262.1400146484
544.048279       156.3642120361
544.394470       227.6479034424
544.740601       282.8352661133
545.086731       255.2415924072
545.432739       259.8405456543
545.778809       273.6373901367
546.124695       179.3589477539
546.470703       216.1505279541
546.816589       255.2415924072
547.162415       229.9473724365
547.508240       289.7337036133
547.853943       305.8300170898
548.199646       252.9421081543
548.545349       229.9473724365
548.890930       271.3378906250
549.236633       234.5463256836
549.582092       282.8352661133
549.927673       275.9368591309
550.273071       319.6268615723
550.618530       227.6479034424
550.963928       282.8352661133
551.309204       232.2468566895
551.654602       243.7442169189
551.999756       250.6426391602
552.345093       234.5463256836
552.690186       294.3326416016
553.035339       271.3378906250
553.380493       227.6479034424
553.725464       234.5463256836
554.070496       232.2468566895
554.415405       206.9526367188
554.760376       236.8457946777
555.105225       232.2468566895
555.450073       262.1400146484
555.794922       250.6426391602
556.139648       234.5463256836
556.484375       225.3484344482
556.828979       252.9421081543
557.173645       227.6479034424
557.518311       246.0436859131
557.862793       257.5410766602
558.207275       271.3378906250
558.551697       197.7547454834
558.896118       248.3431701660
559.240479       232.2468566895
559.584839       264.4394836426
559.929199       264.4394836426
560.273376       227.6479034424
560.617676       262.1400146484
560.961792       220.7494812012
561.305908       149.4657897949
561.649963       305.8300170898
561.994019       193.1557922363
562.338074       356.4184265137
562.682007       206.9526367188
563.025879       285.1347351074
563.369751       243.7442169189
563.713623       342.6215820313
564.057373       282.8352661133
564.401123       289.7337036133
564.744873       257.5410766602
565.088501       289.7337036133
565.432129       206.9526367188
565.775635       285.1347351074
566.119263       213.8510589600
566.462769       209.2521057129
566.806152       213.8510589600
567.149597       229.9473724365
567.492920       239.1452636719
567.836243       257.5410766602
568.179504       308.1294860840
568.522827       206.9526367188
568.866028       351.8194885254
569.209106       216.1505279541
569.552307       252.9421081543
569.895325       271.3378906250
570.238403       289.7337036133
570.581299       255.2415924072
570.924255       264.4394836426
571.267212       278.2363281250
571.609985       211.5515899658
571.952881       275.9368591309
572.295593       211.5515899658
572.638367       229.9473724365
572.981079       285.1347351074
573.323730       289.7337036133
573.666260       197.7547454834
574.008850       227.6479034424
574.351440       255.2415924072
574.693848       262.1400146484
575.036255       243.7442169189
575.378723       246.0436859131
575.721008       200.0542144775
576.063354       303.5305480957
576.405579       236.8457946777
576.747803       280.5357971191
577.090027       223.0489501953
577.432129       234.5463256836
577.774231       202.3536987305
578.116272       193.1557922363
578.458313       225.3484344482
578.800232       225.3484344482
579.142212       298.9315795898
579.484070       248.3431701660
579.825928       239.1452636719
580.167725       289.7337036133
580.509460       200.0542144775
580.851196       310.4289550781
581.192810       229.9473724365
581.534485       216.1505279541
581.876099       181.6584320068
582.217590       262.1400146484
582.559143       239.1452636719
582.900574       204.6531677246
583.242004       216.1505279541
583.583313       255.2415924072
583.924683       179.3589477539
584.265991       216.1505279541
584.607239       220.7494812012
584.948425       170.1610565186
585.289551       310.4289550781
585.630737       303.5305480957
585.971802       248.3431701660
586.312805       250.6426391602
586.653870       252.9421081543
586.994751       218.4500122070
587.335693       278.2363281250
587.676453       246.0436859131
588.017334       179.3589477539
588.358154       236.8457946777
588.698853       269.0384216309
589.039551       248.3431701660
589.380188       172.4605255127
589.720825       289.7337036133
590.061340       227.6479034424
590.401917       282.8352661133
590.742432       243.7442169189
591.082825       266.7389526367
591.423218       259.8405456543
591.763550       243.7442169189
592.103882       289.7337036133
592.444092       280.5357971191
592.784363       243.7442169189
593.124512       269.0384216309
593.464600       149.4657897949
593.804749       183.9579010010
594.144775       190.8563232422
594.484802       218.4500122070
594.824829       294.3326416016
595.164734       243.7442169189
595.504578       349.5200195313
595.844360       223.0489501953
596.184204       269.0384216309
596.523926       319.6268615723
596.863647       289.7337036133
597.203369       186.2573699951
597.542969       204.6531677246
597.882507       223.0489501953
598.222046       257.5410766602
598.561584       227.6479034424
598.901001       264.4394836426
599.240417       255.2415924072
599.579834       287.4342346191
599.919067       250.6426391602
600.258423       280.5357971191
600.597595       246.0436859131
600.936829       246.0436859131
601.276001       223.0489501953
601.615051       193.1557922363
601.954163       241.4447479248
602.293091       250.6426391602
602.632141       310.4289550781
602.971069       243.7442169189
603.309998       275.9368591309
603.648865       195.4552764893
603.987610       255.2415924072
604.326416       236.8457946777
604.665100       246.0436859131
605.003845       211.5515899658
605.342407       262.1400146484
605.680969       250.6426391602
606.019592       259.8405456543
606.358093       255.2415924072
606.696533       340.3221130371
607.034973       298.9315795898
607.373291       296.6321105957
607.711609       271.3378906250
608.049927       193.1557922363
608.388245       234.5463256836
608.726379       243.7442169189
609.064575       236.8457946777
609.402710       282.8352661133
609.740723       234.5463256836
610.078796       243.7442169189
610.416748       232.2468566895
610.754761       227.6479034424
611.092590       292.0331726074
611.430481       211.5515899658
611.768311       319.6268615723
612.106018       298.9315795898
612.443787       289.7337036133
612.781494       252.9421081543
613.119141       282.8352661133
613.456726       234.5463256836
613.794250       243.7442169189
614.131775       156.3642120361
614.469299       287.4342346191
614.806763       250.6426391602
615.144043       250.6426391602
615.481384       232.2468566895
615.818726       206.9526367188
616.156006       271.3378906250
616.493225       287.4342346191
616.830322       289.7337036133
617.167480       241.4447479248
617.504578       216.1505279541
617.841614       280.5357971191
618.178528       229.9473724365
618.515503       170.1610565186
618.852478       305.8300170898
619.189270       229.9473724365
619.526184       181.6584320068
619.862854       204.6531677246
620.199646       266.7389526367
620.536316       250.6426391602
620.872986       321.9263305664
621.209595       225.3484344482
621.546143       213.8510589600
621.882629       266.7389526367
622.219116       259.8405456543
622.555542       183.9579010010
622.892029       236.8457946777
623.228333       292.0331726074
623.564636       305.8300170898
623.900818       158.6636962891
624.237061       257.5410766602
624.573242       285.1347351074
624.909363       216.1505279541
625.245483       273.6373901367
625.581482       177.0594787598
625.917480       220.7494812012
626.253418       165.5621032715
626.589355       292.0331726074
626.925171       271.3378906250
627.261047       236.8457946777
627.596863       287.4342346191
627.932556       252.9421081543
628.268250       248.3431701660
628.603882       229.9473724365
628.939514       190.8563232422
629.275024       282.8352661133
629.610596       333.4237060547
629.946045       275.9368591309
630.281494       259.8405456543
630.616882       271.3378906250
630.952209       206.9526367188
631.287537       181.6584320068
631.622803       278.2363281250
631.958008       252.9421081543
632.293213       259.8405456543
632.628296       202.3536987305
632.963379       278.2363281250
633.298401       262.1400146484
633.633423       252.9421081543
633.968384       225.3484344482
634.303284       223.0489501953
634.638123       216.1505279541
634.972900       278.2363281250
635.307739       271.3378906250
635.642456       204.6531677246
635.977112       262.1400146484
636.311829       273.6373901367
636.646362       234.5463256836
636.980957       294.3326416016
637.315430       259.8405456543
637.649963       209.2521057129
637.984436       292.0331726074
638.318726       264.4394836426
638.653137       239.1452636719
638.987366       211.5515899658
639.321655       229.9473724365
639.655823       255.2415924072
639.990051       190.8563232422
640.324158       319.6268615723
640.658203       218.4500122070
640.992249       255.2415924072
641.326172       218.4500122070
641.660156       186.2573699951
641.994019       292.0331726074
642.327942       246.0436859131
642.661804       303.5305480957
642.995483       324.2257995605
643.329224       278.2363281250
643.662964       262.1400146484
643.996582       229.9473724365
644.330200       232.2468566895
644.663696       241.4447479248
644.997253       324.2257995605
645.330688       243.7442169189
645.664124       285.1347351074
645.997437       218.4500122070
646.330811       151.7652740479
646.664124       223.0489501953
646.997375       269.0384216309
647.330566       236.8457946777
647.663696       259.8405456543
647.996826       229.9473724365
648.329895       241.4447479248
648.662903       305.8300170898
648.995911       232.2468566895
649.328796       285.1347351074
649.661682       305.8300170898
649.994568       202.3536987305
650.327393       243.7442169189
650.660095       262.1400146484
650.992859       282.8352661133
651.325500       248.3431701660
651.658142       160.9631652832
651.990723       282.8352661133
652.323242       285.1347351074
652.655762       275.9368591309
652.988220       232.2468566895
653.320618       303.5305480957
653.652954       223.0489501953
653.985291       225.3484344482
654.317566       287.4342346191
654.649780       232.2468566895
654.981995       280.5357971191
655.314148       296.6321105957
655.646240       262.1400146484
655.978271       292.0331726074
656.310303       257.5410766602
656.642273       308.1294860840
656.974182       264.4394836426
657.306091       236.8457946777
657.637939       227.6479034424
657.969666       204.6531677246
658.301453       211.5515899658
658.633179       259.8405456543
658.964844       333.4237060547
659.296448       262.1400146484
659.627991       236.8457946777
659.959534       190.8563232422
660.291016       213.8510589600
660.622437       301.2310485840
660.953796       209.2521057129
661.285156       183.9579010010
661.616516       287.4342346191
661.947754       183.9579010010
662.278931       206.9526367188
662.610107       220.7494812012
662.941284       262.1400146484
663.272339       246.0436859131
663.603394       294.3326416016
663.934387       294.3326416016
664.265320       305.8300170898
664.596252       246.0436859131
664.927063       241.4447479248
665.257935       239.1452636719
665.588684       243.7442169189
665.919434       227.6479034424
666.250061       269.0384216309
666.580688       246.0436859131
666.911316       298.9315795898
667.241821       223.0489501953
667.572327       280.5357971191
667.902832       190.8563232422
668.233276       213.8510589600
668.563660       195.4552764893
668.893982       232.2468566895
669.224243       319.6268615723
669.554504       204.6531677246
669.884705       239.1452636719
670.214844       315.0278930664
670.544922       259.8405456543
670.875000       232.2468566895
671.205078       193.1557922363
671.534973       259.8405456543
671.864929       234.5463256836
672.194824       200.0542144775
672.524658       308.1294860840
672.854431       243.7442169189
673.184204       255.2415924072
673.513916       248.3431701660
673.843567       248.3431701660
674.173218       292.0331726074
674.502747       239.1452636719
674.832275       257.5410766602
675.161804       317.3273925781
675.491211       266.7389526367
675.820679       289.7337036133
676.149963       216.1505279541
676.479248       218.4500122070
676.808533       294.3326416016
677.137756       248.3431701660
677.466919       257.5410766602
677.796021       229.9473724365
678.125122       252.9421081543
678.454163       218.4500122070
678.783142       227.6479034424
679.112122       204.6531677246
679.440979       167.8615875244
679.769897       271.3378906250
680.098694       285.1347351074
680.427490       195.4552764893
680.756165       275.9368591309
681.084900      1122.1431884766
681.413513       310.4289550781
681.742065       292.0331726074
682.070679       179.3589477539
682.399170       264.4394836426
682.727600       186.2573699951
683.056030       310.4289550781
683.384399       266.7389526367
683.712708       262.1400146484
684.040955       209.2521057129
684.369263       172.4605255127
684.697388       285.1347351074
685.025574       209.2521057129
685.353638       239.1452636719
685.681702       183.9579010010
686.009766       220.7494812012
686.337708       229.9473724365
686.665588       280.5357971191
686.993469       294.3326416016
687.321289       227.6479034424
687.649048       289.7337036133
687.976807       252.9421081543
688.304565       211.5515899658
688.632141       229.9473724365
688.959839       209.2521057129
689.287354       259.8405456543
689.614868       266.7389526367
689.942383       241.4447479248
690.269775       278.2363281250
690.597168       195.4552764893
690.924500       271.3378906250
691.251770       252.9421081543
691.578979       206.9526367188
691.906250       259.8405456543
692.233398       248.3431701660
692.560486       264.4394836426
692.887573       257.5410766602
693.214539       204.6531677246
693.541565       239.1452636719
693.868469       278.2363281250
694.195374       229.9473724365
694.522217       229.9473724365
694.849060       280.5357971191
695.175781       227.6479034424
695.502441       213.8510589600
695.829163       204.6531677246
696.155823       319.6268615723
696.482300       236.8457946777
696.808899       213.8510589600
697.135315       193.1557922363
697.461792       232.2468566895
697.788147       225.3484344482
698.114563       255.2415924072
698.440857       188.5568542480
698.767029       264.4394836426
699.093323       218.4500122070
699.419495       234.5463256836
699.745605       259.8405456543
700.071655       250.6426391602
700.397705       250.6426391602
700.723694       266.7389526367
701.049622       296.6321105957
701.375549       239.1452636719
701.701355       257.5410766602
702.027222       246.0436859131
702.352905       324.2257995605
702.678711       296.6321105957
703.004395       225.3484344482
703.329956       278.2363281250
703.655579       223.0489501953
703.981018       243.7442169189
704.306580       232.2468566895
704.632080       285.1347351074
704.957397       269.0384216309
705.282776       241.4447479248
705.608093       305.8300170898
705.933350       243.7442169189
706.258545       255.2415924072
706.583740       227.6479034424
706.908875       239.1452636719
707.233948       248.3431701660
707.559021       354.1189575195
707.883972       287.4342346191
708.208984       241.4447479248
708.533813       243.7442169189
708.858704       312.7284240723
709.183533       301.2310485840
709.508240       243.7442169189
709.833008       262.1400146484
710.157654       200.0542144775
710.482300       257.5410766602
710.806885       273.6373901367
711.131409       243.7442169189
711.455933       241.4447479248
711.780334       179.3589477539
712.104797       229.9473724365
712.429138       202.3536987305
712.753479       271.3378906250
713.077759       273.6373901367
713.401917       248.3431701660
713.726135       223.0489501953
714.050232       234.5463256836
714.374329       202.3536987305
714.698364       213.8510589600
715.022339       190.8563232422
715.346313       257.5410766602
715.670166       209.2521057129
715.994080       216.1505279541
716.317871       211.5515899658
716.641663       243.7442169189
716.965393       303.5305480957
717.289001       262.1400146484
717.612732       301.2310485840
717.936279       246.0436859131
718.259827       292.0331726074
718.583313       289.7337036133
718.906738       216.1505279541
719.230225       190.8563232422
719.553528       262.1400146484
719.876892       285.1347351074
720.200134       285.1347351074
720.523315       183.9579010010
720.846497       298.9315795898
721.169617       188.5568542480
721.492737       229.9473724365
721.815735       232.2468566895
722.138733       246.0436859131
722.461670       239.1452636719
722.784607       266.7389526367
723.107544       225.3484344482
723.430298       241.4447479248
723.753113       239.1452636719
724.075745       216.1505279541
724.398438       292.0331726074
724.721008       225.3484344482
725.043640       204.6531677246
725.366211       213.8510589600
725.688660       257.5410766602
726.011169       204.6531677246
726.333496       257.5410766602
726.655884       280.5357971191
726.978149       294.3326416016
727.300476       296.6321105957
727.622681       250.6426391602
727.944824       287.4342346191
728.266968       200.0542144775
728.589050       218.4500122070
728.911133       216.1505279541
729.233032       229.9473724365
729.554993       294.3326416016
729.876953       296.6321105957
730.198792       308.1294860840
730.520569       248.3431701660
730.842346       259.8405456543
731.164063       223.0489501953
731.485718       278.2363281250
731.807373       285.1347351074
732.128967       285.1347351074
732.450439       165.5621032715
732.771973       296.6321105957
733.093323       225.3484344482
733.414795       246.0436859131
733.736145       262.1400146484
734.057373       236.8457946777
734.378662       220.7494812012
734.699890       234.5463256836
735.021057       241.4447479248
735.342163       252.9421081543
735.663269       167.8615875244
735.984314       232.2468566895
736.305237       243.7442169189
736.626160       298.9315795898
736.947083       252.9421081543
737.267883       275.9368591309
737.588745       278.2363281250
737.909485       246.0436859131
738.230225       257.5410766602
738.550781       264.4394836426
738.871460       269.0384216309
739.192017       255.2415924072
739.512573       303.5305480957
739.833069       264.4394836426
740.153442       195.4552764893
740.473877       273.6373901367
740.794128       227.6479034424
741.114441       252.9421081543
741.434692       246.0436859131
741.754883       211.5515899658
742.075073       236.8457946777
742.395142       229.9473724365
742.715210       292.0331726074
743.035217       193.1557922363
743.355225       250.6426391602
743.675049       218.4500122070
743.994995       220.7494812012
744.314880       273.6373901367
744.634583       252.9421081543
744.954407       213.8510589600
745.273987       239.1452636719
745.593689       255.2415924072
745.913330       257.5410766602
746.232849       262.1400146484
746.552368       287.4342346191
746.871826       301.2310485840
747.191223       193.1557922363
747.510559       255.2415924072
747.829956       262.1400146484
748.149231       264.4394836426
748.468384       310.4289550781
748.787659       218.4500122070
749.106750       204.6531677246
749.425842       255.2415924072
749.744873       197.7547454834
750.063904       239.1452636719
750.382874       232.2468566895
750.701721       223.0489501953
751.020630       264.4394836426
751.339417       296.6321105957
751.658203       271.3378906250
751.976990       206.9526367188
752.295593       262.1400146484
752.614258       315.0278930664
752.932800       269.0384216309
753.251404       259.8405456543
753.569824       246.0436859131
753.888306       248.3431701660
754.206726       186.2573699951
754.525024       296.6321105957
754.843323       206.9526367188
755.161621       225.3484344482
755.479797       269.0384216309
755.797974       234.5463256836
756.116089       234.5463256836
756.434204       262.1400146484
756.752197       211.5515899658
757.070190       266.7389526367
757.388123       259.8405456543
757.705994       282.8352661133
758.023865       239.1452636719
758.341675       213.8510589600
758.659363       280.5357971191
758.977112       250.6426391602
759.294739       223.0489501953
759.612305       257.5410766602
759.929932       195.4552764893
760.247498       193.1557922363
760.564880       241.4447479248
760.882385       269.0384216309
761.199707       220.7494812012
761.517090       278.2363281250
761.834290       229.9473724365
762.151611       234.5463256836
762.468811       246.0436859131
762.785889       227.6479034424
763.103027       292.0331726074
763.420044       271.3378906250
763.737061       282.8352661133
764.054077       264.4394836426
764.370972       216.1505279541
764.687805       257.5410766602
765.004639       243.7442169189
765.321411       206.9526367188
765.638123       296.6321105957
765.954834       257.5410766602
766.271484       262.1400146484
766.588074       324.2257995605
766.904602       241.4447479248
767.221069       285.1347351074
767.537537       289.7337036133
767.853882       248.3431701660
768.170288       278.2363281250
768.486572       282.8352661133
768.802856       264.4394836426
769.119080       218.4500122070
769.435181       259.8405456543
769.751343       216.1505279541
770.067322       209.2521057129
770.383423       197.7547454834
770.699402       262.1400146484
771.015320       294.3326416016
771.331238       264.4394836426
771.647095       241.4447479248
771.962891       301.2310485840
772.278625       197.7547454834
772.594299       225.3484344482
772.909973       243.7442169189
773.225586       206.9526367188
773.541138       239.1452636719
773.856567       209.2521057129
774.172119       232.2468566895
774.487549       285.1347351074
774.802856       206.9526367188
775.118286       278.2363281250
775.433472       298.9315795898
775.748718       200.0542144775
776.063904       262.1400146484
776.379028       225.3484344482
776.694153       250.6426391602
777.009155       202.3536987305
777.324158       211.5515899658
777.639099       285.1347351074
777.954041       292.0331726074
778.268921       186.2573699951
778.583740       241.4447479248
778.898499       298.9315795898
779.213196       232.2468566895
779.527832       236.8457946777
779.842468       266.7389526367
780.157043       246.0436859131
780.471619       278.2363281250
780.786072       218.4500122070
781.100525       264.4394836426
781.414856       269.0384216309
781.729248       206.9526367188
782.043457       211.5515899658
782.357788       213.8510589600
782.671997       246.0436859131
782.986084       262.1400146484
783.300293       308.1294860840
783.614258       250.6426391602
783.928345       259.8405456543
784.242249       310.4289550781
784.556213       236.8457946777
784.870117       223.0489501953
785.183899       255.2415924072
785.497681       213.8510589600
785.811340       292.0331726074
786.125061       243.7442169189
786.438721       280.5357971191
786.752258       266.7389526367
787.065857       142.5673675537
787.379333       239.1452636719
787.692810       255.2415924072
788.006165       248.3431701660
788.319519       280.5357971191
788.632874       218.4500122070
788.946106       246.0436859131
789.259338       271.3378906250
789.572449       278.2363281250
789.885559       275.9368591309
790.198608       144.8668518066
790.511719       229.9473724365
790.824707       174.7600097656
791.137573       241.4447479248
791.450500       280.5357971191
791.763306       275.9368591309
792.076111       289.7337036133
792.388855       220.7494812012
792.701538       255.2415924072
793.014221       204.6531677246
793.326782       204.6531677246
793.639343       285.1347351074
793.951843       195.4552764893
794.264282       232.2468566895
794.576721       216.1505279541
794.889099       239.1452636719
795.201416       278.2363281250
795.513611       220.7494812012
795.825867       321.9263305664
796.138000       326.5252685547
796.450195       246.0436859131
796.762268       218.4500122070
797.074280       213.8510589600
797.386292       209.2521057129
797.698181       248.3431701660
798.010071       266.7389526367
798.321960       195.4552764893
798.633728       250.6426391602
798.945496       170.1610565186
799.257202       246.0436859131
799.568787       246.0436859131
799.880432       289.7337036133
800.192017       319.6268615723
800.503540       213.8510589600
800.815002       236.8457946777
801.126404       252.9421081543
801.437744       223.0489501953
801.749084       190.8563232422
802.060364       241.4447479248
802.371582       262.1400146484
802.682800       289.7337036133
802.993835       239.1452636719
803.304993       252.9421081543
803.615967       206.9526367188
803.927002       250.6426391602
804.237976       264.4394836426
804.548828       200.0542144775
804.859741       292.0331726074
805.170471       232.2468566895
805.481201       259.8405456543
805.791931       262.1400146484
806.102600       250.6426391602
806.413208       188.5568542480
806.723755       229.9473724365
807.034241       213.8510589600
807.344727       241.4447479248
807.655151       285.1347351074
807.965515       321.9263305664
808.275879       266.7389526367
808.586182       234.5463256836
808.896362       236.8457946777
809.206604       223.0489501953
809.516663       294.3326416016
809.826782       271.3378906250
810.136780       328.8247375488
810.446777       232.2468566895
810.756775       278.2363281250
811.066650       282.8352661133
811.376465       229.9473724365
811.686279       264.4394836426
811.996033       234.5463256836
812.305786       206.9526367188
812.615417       223.0489501953
812.924988       239.1452636719
813.234558       273.6373901367
813.544128       193.1557922363
813.853516       252.9421081543
814.162964       273.6373901367
814.472351       255.2415924072
814.781616       273.6373901367
815.090942       243.7442169189
815.400146       269.0384216309
815.709351       223.0489501953
816.018433       319.6268615723
816.327515       252.9421081543
816.636597       301.2310485840
816.945557       257.5410766602
817.254578       206.9526367188
817.563416       211.5515899658
817.872253       305.8300170898
818.181091       280.5357971191
818.489807       289.7337036133
818.798523       223.0489501953
819.107178       257.5410766602
819.415833       206.9526367188
819.724365       262.1400146484
820.032837       324.2257995605
820.341370       275.9368591309
820.649719       239.1452636719
820.958130       305.8300170898
821.266357       236.8457946777
821.574707       223.0489501953
821.882874       220.7494812012
822.191040       195.4552764893
822.499207       234.5463256836
822.807251       216.1505279541
823.115356       186.2573699951
823.423279       262.1400146484
823.731262       280.5357971191
824.039124       262.1400146484
824.346985       243.7442169189
824.654846       225.3484344482
824.962524       216.1505279541
825.270264       275.9368591309
825.577820       266.7389526367
825.885437       248.3431701660
826.193054       269.0384216309
826.500488       292.0331726074
826.807983       250.6426391602
827.115356       188.5568542480
827.422729       236.8457946777
827.729980       246.0436859131
828.037292       324.2257995605
828.344543       225.3484344482
828.651733       338.0226440430
828.958862       181.6584320068
829.265869       271.3378906250
829.572937       227.6479034424
829.879883       262.1400146484
830.186829       271.3378906250
830.493713       246.0436859131
830.800537       275.9368591309
831.107361       241.4447479248
831.414063       259.8405456543
831.720764       259.8405456543
832.027405       209.2521057129
832.333984       211.5515899658
832.640564       239.1452636719
832.947021       262.1400146484
833.253479       220.7494812012
833.559814       264.4394836426
833.866211       342.6215820313
834.172546       296.6321105957
834.478760       285.1347351074
834.784973       202.3536987305
835.091125       243.7442169189
835.397278       259.8405456543
835.703247       289.7337036133
836.009277       275.9368591309
836.315247       250.6426391602
836.621155       257.5410766602
836.927063       248.3431701660
837.232849       275.9368591309
837.538635       331.1242065430
837.844421       273.6373901367
838.150085       287.4342346191
838.455688       319.6268615723
838.761292       225.3484344482
839.066833       294.3326416016
839.372253       269.0384216309
839.677734       328.8247375488
839.983093       280.5357971191
840.288391       216.1505279541
840.593689       255.2415924072
840.898926       234.5463256836
841.204102       294.3326416016
841.509277       262.1400146484
841.814392       239.1452636719
842.119446       218.4500122070
842.424438       328.8247375488
842.729370       216.1505279541
843.034241       344.9210510254
843.339111       209.2521057129
843.643982       278.2363281250
843.948669       190.8563232422
844.253479       301.2310485840
844.558105       227.6479034424
844.862671       243.7442169189
845.167236       223.0489501953
845.471741       204.6531677246
845.776245       236.8457946777
846.080627       321.9263305664
846.385071       296.6321105957
846.689331       271.3378906250
846.993591       202.3536987305
847.297791       211.5515899658
847.601990       236.8457946777
847.906128       202.3536987305
848.210205       220.7494812012
848.514282       278.2363281250
848.818237       269.0384216309
849.122131       216.1505279541
849.426025       282.8352661133
849.729919       220.7494812012
850.033691       273.6373901367
850.337402       243.7442169189
850.641113       289.7337036133
850.944702       317.3273925781
851.248352       287.4342346191
851.551941       271.3378906250
851.855347       255.2415924072
852.158813       188.5568542480
852.462219       255.2415924072
852.765564       298.9315795898
853.068848       296.6321105957
853.372070       292.0331726074
853.675354       223.0489501953
853.978455       280.5357971191
854.281555       308.1294860840
854.584656       248.3431701660
854.887634       246.0436859131
855.190552       213.8510589600
855.493530       321.9263305664
855.796387       296.6321105957
856.099182       239.1452636719
856.401978       234.5463256836
856.704651       174.7600097656
857.007324       190.8563232422
857.309998       250.6426391602
857.612549       209.2521057129
857.915100       167.8615875244
858.217529       262.1400146484
858.519958       271.3378906250
858.822266       248.3431701660
859.124634       211.5515899658
859.426941       209.2521057129
859.729187       252.9421081543
860.031372       255.2415924072
860.333435       216.1505279541
860.635559       250.6426391602
860.937622       216.1505279541
861.239563       289.7337036133
861.541504       308.1294860840
861.843384       303.5305480957
862.145264       220.7494812012
862.446960       234.5463256836
862.748779       193.1557922363
863.050476       246.0436859131
863.352051       241.4447479248
863.653748       202.3536987305
863.955200       294.3326416016
864.256714       243.7442169189
864.558167       266.7389526367
864.859619       229.9473724365
865.160950       296.6321105957
865.462219       321.9263305664
865.763489       257.5410766602
866.064697       259.8405456543
866.365845       218.4500122070
866.666931       239.1452636719
866.967957       252.9421081543
867.269043       278.2363281250
867.570007       248.3431701660
867.870911       262.1400146484
868.171692       315.0278930664
868.472595       264.4394836426
868.773254       197.7547454834
869.074036       223.0489501953
869.374695       282.8352661133
869.675293       262.1400146484
869.975891       248.3431701660
870.276367       241.4447479248
870.576843       213.8510589600
870.877319       310.4289550781
871.177612       220.7494812012
871.477966       264.4394836426
871.778198       252.9421081543
872.078491       188.5568542480
872.378601       188.5568542480
872.678711       252.9421081543
872.978882       269.0384216309
873.278870       259.8405456543
873.578857       239.1452636719
873.878784       282.8352661133
874.178650       193.1557922363
874.478394       259.8405456543
874.778259       179.3589477539
875.078003       264.4394836426
875.377625       252.9421081543
875.677307       282.8352661133
875.976868       243.7442169189
876.276428       296.6321105957
876.575928       246.0436859131
876.875366       271.3378906250
877.174744       232.2468566895
877.474060       248.3431701660
877.773376       229.9473724365
878.072571       243.7442169189
878.371826       239.1452636719
878.670959       200.0542144775
878.970032       216.1505279541
879.269043       252.9421081543
879.567993       250.6426391602
879.867004       278.2363281250
880.165894       174.7600097656
880.464722       271.3378906250
880.763550       241.4447479248
881.062256       200.0542144775
881.361023       186.2573699951
881.659607       197.7547454834
881.958252       213.8510589600
882.256836       282.8352661133
882.555298       312.7284240723
882.853760       243.7442169189
883.152100       310.4289550781
883.450500       177.0594787598
883.748779       197.7547454834
884.047058       243.7442169189
884.345276       308.1294860840
884.643372       220.7494812012
884.941528       227.6479034424
885.239502       229.9473724365
885.537598       239.1452636719
885.835510       282.8352661133
886.133423       285.1347351074
886.431335       206.9526367188
886.729065       257.5410766602
887.026855       229.9473724365
887.324524       197.7547454834
887.622253       220.7494812012
887.919800       289.7337036133
888.217407       223.0489501953
888.514954       280.5357971191
888.812317       241.4447479248
889.109802       280.5357971191
889.407166       266.7389526367
889.704407       229.9473724365
890.001770       269.0384216309
890.298889       218.4500122070
890.596130       183.9579010010
890.893188       292.0331726074
891.190308       229.9473724365
891.487244       259.8405456543
