0.025600
190.260635         0.0000000000
190.642441         0.0000000000
191.024216       924.6718750000
191.405975       985.2692871094
191.787704       976.2919311523
192.169403      1014.4458618164
192.551071       929.1605834961
192.932724      1012.2015380859
193.314331      1075.0433349609
193.695923       978.5362548828
194.077499      1003.2241210938
194.459030      1009.9571533203
194.840546       965.0701904297
195.222031      1059.3328857422
195.603485       976.2919311523
195.984909       969.5588989258
196.366302       974.0475463867
196.747681      1048.1110839844
197.129028       976.2919311523
197.510345      1050.3554687500
197.891647      1039.1336669922
198.272919      1099.7310791016
198.654175      1079.5319824219
199.035355       996.4910888672
199.416550       978.5362548828
199.797714       962.8258056641
200.178848       983.0249633789
200.559937      1007.7128295898
200.941025      1025.6676025391
201.322083      1052.5998535156
201.703079      1039.1336669922
202.084091      1018.9345703125
202.465057      1012.2015380859
202.845993       987.5136718750
203.226898      1025.6676025391
203.607788       978.5362548828
203.988647       933.6492919922
204.369461      1000.9797363281
204.750275       980.7806396484
205.131042       938.1380004883
205.511795       976.2919311523
205.892517      1110.9528808594
206.273209       985.2692871094
206.653870      1023.4232788086
207.034515       978.5362548828
207.415115       929.1605834961
207.795700      1039.1336669922
208.176254       978.5362548828
208.556778       974.0475463867
208.937271       971.8032226563
209.317749       956.0927734375
209.698196       897.7396850586
210.078613      1000.9797363281
210.459000       989.7579956055
210.839371      1005.4684448242
211.219696      1050.3554687500
211.600006      1018.9345703125
211.980286      1030.1562500000
212.360535       951.6040649414
212.740768      1005.4684448242
213.120956       978.5362548828
213.501129       958.3370971680
213.881256       942.6267089844
214.261383       976.2919311523
214.641464       933.6492919922
215.021530       953.8484497070
215.401550       983.0249633789
215.781570       965.0701904297
216.161530       951.6040649414
216.541504       974.0475463867
216.921402       935.8936157227
217.301315       989.7579956055
217.681152       940.3823242188
218.061005       978.5362548828
218.440811      1018.9345703125
218.820587      1014.4458618164
219.200348      1043.6224365234
219.580078       949.3597412109
219.959763      1009.9571533203
220.339432      1012.2015380859
220.719070       985.2692871094
221.098694       983.0249633789
221.478271      1018.9345703125
221.857819       980.7806396484
222.237366      1021.1788940430
222.616867       906.7171020508
222.996338      1039.1336669922
223.375778       978.5362548828
223.755188      1005.4684448242
224.134583       951.6040649414
224.513947       989.7579956055
224.893265       949.3597412109
225.272583       980.7806396484
225.651855      1000.9797363281
226.031097       958.3370971680
226.410339      1014.4458618164
226.789520       987.5136718750
227.168686      1034.6450195313
227.547806       917.9388427734
227.926926       983.0249633789
228.306015       902.2283935547
228.685059       947.1153564453
229.064087       976.2919311523
229.443069       949.3597412109
229.822037      1000.9797363281
230.200989       969.5588989258
230.579895      1030.1562500000
230.958786       962.8258056641
231.337631       992.0023803711
231.716461       992.0023803711
232.095261       926.9162597656
232.474030       985.2692871094
232.852783       976.2919311523
233.231476       951.6040649414
233.610184       989.7579956055
233.988831      1039.1336669922
234.367462       935.8936157227
234.746048       935.8936157227
235.124649      1034.6450195313
235.503159      1018.9345703125
235.881683      1039.1336669922
236.260162      1030.1562500000
236.638641       994.2467041016
237.017075      1012.2015380859
237.395477       956.0927734375
237.773834      1016.6901855469
238.152176       985.2692871094
238.530502      1012.2015380859
238.908783       958.3370971680
239.287048      1000.9797363281
239.665268       967.3145141602
240.043472       958.3370971680
240.421661       924.6718750000
240.799805       960.5814819336
241.177902       978.5362548828
241.556000       996.4910888672
241.934052       996.4910888672
242.312088      1021.1788940430
242.690094       969.5588989258
243.068054       935.8936157227
243.446014       974.0475463867
243.823929       967.3145141602
244.201813       933.6492919922
244.579666       953.8484497070
244.957504       962.8258056641
245.335297      1021.1788940430
245.713074       978.5362548828
246.090820       992.0023803711
246.468536      1012.2015380859
246.846207       969.5588989258
247.223862       931.4049072266
247.601501      1027.9119873047
247.979095       956.0927734375
248.356674       965.0701904297
248.734222      1021.1788940430
249.111725       967.3145141602
249.489212      1023.4232788086
249.866669       967.3145141602
250.244095      1007.7128295898
250.621506       976.2919311523
250.998871       922.4275512695
251.376221      1052.5998535156
251.753510      1030.1562500000
252.130814      1000.9797363281
252.508057      1007.7128295898
252.885284       935.8936157227
253.262466       920.1831665039
253.639648      1018.9345703125
254.016769       987.5136718750
254.393906      1021.1788940430
254.770966      1025.6676025391
255.148026      1023.4232788086
255.525040      1007.7128295898
255.902054       985.2692871094
256.278992       924.6718750000
256.655945       967.3145141602
257.032837       985.2692871094
257.409729      1003.2241210938
257.786591      1032.4006347656
258.163391       992.0023803711
258.540161      1018.9345703125
258.916962      1045.8666992188
259.293701      1027.9119873047
259.670380      1012.2015380859
260.047058       922.4275512695
260.423706       949.3597412109
260.800323       951.6040649414
261.176880       998.7354125977
261.553436      1041.3780517578
261.929962      1000.9797363281
262.306488      1003.2241210938
262.682953       956.0927734375
263.059387      1016.6901855469
263.435791       976.2919311523
263.812195      1007.7128295898
264.188507       947.1153564453
264.564850       969.5588989258
264.941132      1014.4458618164
265.317413       980.7806396484
265.693634       974.0475463867
266.069885       956.0927734375
266.446045      1021.1788940430
266.822174       962.8258056641
267.198273       967.3145141602
267.574371       956.0927734375
267.950439       960.5814819336
268.326447       998.7354125977
268.702454      1052.5998535156
269.078430      1005.4684448242
269.454376      1054.8441162109
269.830292       938.1380004883
270.206146      1014.4458618164
270.582001       951.6040649414
270.957825       978.5362548828
271.333618       998.7354125977
271.709381      1007.7128295898
272.085144      1012.2015380859
272.460815      1009.9571533203
272.836487       969.5588989258
273.212128      1003.2241210938
273.587769      1039.1336669922
273.963348       985.2692871094
274.338898       924.6718750000
274.714447       965.0701904297
275.089935       996.4910888672
275.465393      1054.8441162109
275.840820       983.0249633789
276.216278       971.8032226563
276.591644      1007.7128295898
276.966949       967.3145141602
277.342285      1000.9797363281
277.717590       976.2919311523
278.092834       996.4910888672
278.468048       974.0475463867
278.843262       920.1831665039
279.218445      1079.5319824219
279.593567       983.0249633789
279.968658      1005.4684448242
280.343781      1030.1562500000
280.718811       998.7354125977
281.093842       987.5136718750
281.468811      1057.0885009766
281.843781       962.8258056641
282.218719      1054.8441162109
282.593628       969.5588989258
282.968506       951.6040649414
283.343353      1034.6450195313
283.718170      1021.1788940430
284.092896       978.5362548828
284.467682       938.1380004883
284.842407       965.0701904297
285.217102      1007.7128295898
285.591766       967.3145141602
285.966400       992.0023803711
286.340973       967.3145141602
286.715576       958.3370971680
287.090118      1036.8894042969
287.464630      1018.9345703125
287.839081      1041.3780517578
288.213562       960.5814819336
288.587982       983.0249633789
288.962372       967.3145141602
289.336731      1052.5998535156
289.711060       956.0927734375
290.085327       983.0249633789
290.459625       922.4275512695
290.833862       960.5814819336
291.208069       933.6492919922
291.582275       942.6267089844
291.956421      1018.9345703125
292.330505       953.8484497070
292.704620       884.2736206055
293.078705      1005.4684448242
293.452698       947.1153564453
293.826691      1014.4458618164
294.200684       935.8936157227
294.574615       956.0927734375
294.948517       956.0927734375
295.322388       958.3370971680
295.696259       944.8710327148
296.070068       969.5588989258
296.443848      1005.4684448242
296.817596       942.6267089844
297.191345       933.6492919922
297.565063      1014.4458618164
297.938690       942.6267089844
298.312317      1009.9571533203
298.685913       978.5362548828
299.059540      1041.3780517578
299.433044       985.2692871094
299.806549       926.9162597656
300.180054      1003.2241210938
300.553528       956.0927734375
300.926910      1005.4684448242
301.300323       942.6267089844
301.673676       985.2692871094
302.046997       992.0023803711
302.420319      1007.7128295898
302.793579       933.6492919922
303.166809      1005.4684448242
303.540039       992.0023803711
303.913208       976.2919311523
304.286377       958.3370971680
304.659454      1014.4458618164
305.032593      1009.9571533203
305.405609      1009.9571533203
305.778656       971.8032226563
306.151611      1012.2015380859
306.524597      1027.9119873047
306.897522       978.5362548828
307.270416       951.6040649414
307.643280      1012.2015380859
308.016144       940.3823242188
308.388916       978.5362548828
308.761749       911.2058105469
309.134460       980.7806396484
309.507202      1063.8215332031
309.879913      1005.4684448242
310.252563      1016.6901855469
310.625153      1034.6450195313
310.997742       956.0927734375
311.370361      1003.2241210938
311.742859      1030.1562500000
312.115356       958.3370971680
312.487823       980.7806396484
312.860291      1012.2015380859
313.232697       915.6945190430
313.605042       998.7354125977
313.977386       891.0066528320
314.349731      1000.9797363281
314.721985       985.2692871094
315.094269       971.8032226563
315.466492      1018.9345703125
315.838684       996.4910888672
316.210846       967.3145141602
316.582977      1012.2015380859
316.955048       960.5814819336
317.327148      1014.4458618164
317.699158      1005.4684448242
318.071167       958.3370971680
318.443176       935.8936157227
318.815125      1018.9345703125
319.187012       971.8032226563
319.558868       969.5588989258
319.930756      1000.9797363281
320.302582      1023.4232788086
320.674347      1070.5545654297
321.046112       947.1153564453
321.417847       940.3823242188
321.789581       978.5362548828
322.161224      1043.6224365234
322.532867      1043.6224365234
322.904419       992.0023803711
323.276031       978.5362548828
323.647583      1014.4458618164
324.019073       992.0023803711
324.390533       960.5814819336
324.762024      1012.2015380859
325.133423      1018.9345703125
325.504791      1018.9345703125
325.876129       931.4049072266
326.247467      1005.4684448242
326.618774      1043.6224365234
326.990021      1032.4006347656
327.361237       938.1380004883
327.732452       958.3370971680
328.103607       953.8484497070
328.474731      1005.4684448242
328.845825       996.4910888672
329.216919      1005.4684448242
329.587952      1030.1562500000
329.958954       974.0475463867
330.329926       969.5588989258
330.700867       983.0249633789
331.071808      1003.2241210938
331.442688       891.0066528320
331.813507      1012.2015380859
332.184357       956.0927734375
332.555115      1027.9119873047
332.925873       980.7806396484
333.296570       962.8258056641
333.667267       969.5588989258
334.037994       962.8258056641
334.408600       994.2467041016
334.779144       969.5588989258
335.149750       985.2692871094
335.520294       967.3145141602
335.890778      1009.9571533203
336.261230       965.0701904297
336.631683       904.4727172852
337.002106      1003.2241210938
337.372498       940.3823242188
337.742798       924.6718750000
338.113129       989.7579956055
338.483429       983.0249633789
338.853668      1000.9797363281
339.223907       980.7806396484
339.594086       992.0023803711
339.964233       996.4910888672
340.334381      1061.5771484375
340.704437       935.8936157227
341.074493       956.0927734375
341.444519       974.0475463867
341.814545       974.0475463867
342.184509       960.5814819336
342.554413       908.9614257813
342.924347       949.3597412109
343.294220       949.3597412109
343.664032       947.1153564453
344.033813       951.6040649414
344.403595       985.2692871094
344.773346       956.0927734375
345.143036       967.3145141602
345.512695       951.6040649414
345.882385       933.6492919922
346.251984       994.2467041016
346.621552      1014.4458618164
346.991089      1025.6676025391
347.360626      1003.2241210938
347.730103       940.3823242188
348.099548       971.8032226563
348.468964       992.0023803711
348.838379      1012.2015380859
349.207764       967.3145141602
349.577057       926.9162597656
349.946320       953.8484497070
350.315582       974.0475463867
350.684845       996.4910888672
351.054047       935.8936157227
351.423157       922.4275512695
351.792328      1027.9119873047
352.161438       980.7806396484
352.530487       992.0023803711
352.899506       893.2509765625
353.268524      1048.1110839844
353.637512       992.0023803711
354.006409       897.7396850586
354.375336      1075.0433349609
354.744232      1034.6450195313
355.113068       938.1380004883
355.481873      1016.6901855469
355.850616      1023.4232788086
356.219391      1018.9345703125
356.588135       976.2919311523
356.956818      1027.9119873047
357.325470      1072.7989501953
357.694031      1000.9797363281
358.062653      1009.9571533203
358.431213      1007.7128295898
358.799713      1061.5771484375
359.168182       969.5588989258
359.536652      1025.6676025391
359.905090       987.5136718750
360.273438      1009.9571533203
360.641785       994.2467041016
361.010132      1005.4684448242
361.378448       962.8258056641
361.746704      1039.1336669922
362.114899       994.2467041016
362.483124       992.0023803711
362.851288       949.3597412109
363.219421      1030.1562500000
363.587463       935.8936157227
363.955566       980.7806396484
364.323608      1032.4006347656
364.691589       976.2919311523
365.059540       926.9162597656
365.427490       992.0023803711
365.795410       924.6718750000
366.163269       969.5588989258
366.531067       924.6718750000
366.898895      1034.6450195313
367.266693       987.5136718750
367.634430       929.1605834961
368.002106      1003.2241210938
368.369812       998.7354125977
368.737457       967.3145141602
369.105042       971.8032226563
369.472595       987.5136718750
369.840149       989.7579956055
370.207672      1007.7128295898
370.575134      1036.8894042969
370.942566       980.7806396484
371.309998       965.0701904297
371.677399       976.2919311523
372.044708      1043.6224365234
372.411987      1030.1562500000
372.779297      1005.4684448242
373.146576      1079.5319824219
373.513794       996.4910888672
373.880951      1014.4458618164
374.248077      1012.2015380859
374.615204      1012.2015380859
374.982300      1018.9345703125
375.349365       994.2467041016
375.716339       976.2919311523
376.083374      1030.1562500000
376.450317       969.5588989258
376.817230      1018.9345703125
377.184082       944.8710327148
377.550964       942.6267089844
377.917786       944.8710327148
378.284576       983.0249633789
378.651306       969.5588989258
379.018036       967.3145141602
379.384735       971.8032226563
379.751373       971.8032226563
380.117981       987.5136718750
380.484589      1027.9119873047
380.851166       998.7354125977
381.217651      1027.9119873047
381.584137      1009.9571533203
381.950623      1023.4232788086
382.317017      1048.1110839844
382.683411      1005.4684448242
383.049774      1014.4458618164
383.416107      1000.9797363281
383.782410       940.3823242188
384.148651       971.8032226563
384.514832      1045.8666992188
384.881042      1005.4684448242
385.247223       855.0970458984
385.613342      1009.9571533203
385.979401       978.5362548828
386.345459       949.3597412109
386.711517       958.3370971680
387.077484       980.7806396484
387.443420       951.6040649414
387.809357      1021.1788940430
388.175262       944.8710327148
388.541107       958.3370971680
388.906891       944.8710327148
389.272705       942.6267089844
389.638489       994.2467041016
390.004211       953.8484497070
390.369873      1079.5319824219
390.735535       965.0701904297
391.101196       976.2919311523
391.466766       967.3145141602
391.832336       971.8032226563
392.197815       976.2919311523
392.563324       998.7354125977
392.928802       996.4910888672
393.294189       989.7579956055
393.659607       983.0249633789
394.024963       989.7579956055
394.390289      1009.9571533203
394.755554       962.8258056641
395.120789       994.2467041016
395.486023       985.2692871094
395.851227      1003.2241210938
396.216370      1030.1562500000
396.581482       960.5814819336
396.946564       944.8710327148
397.311646      1025.6676025391
397.676636       980.7806396484
398.041626       942.6267089844
398.406586       962.8258056641
398.771515       958.3370971680
399.136383       931.4049072266
399.501221       967.3145141602
399.866058       935.8936157227
400.230865      1014.4458618164
400.595581       960.5814819336
400.960297      1030.1562500000
401.324982       922.4275512695
401.689636       987.5136718750
402.054230       960.5814819336
402.418793       949.3597412109
402.783356       992.0023803711
403.147919      1045.8666992188
403.512360       974.0475463867
403.876770      1003.2241210938
404.241211       974.0475463867
404.605621       989.7579956055
404.969910       971.8032226563
405.334229       974.0475463867
405.698517       933.6492919922
406.062775       974.0475463867
406.426971      1012.2015380859
406.791107       996.4910888672
407.155273       992.0023803711
407.519379      1005.4684448242
407.883484       994.2467041016
408.247498       992.0023803711
408.611481       861.8300781250
408.975464       978.5362548828
409.339417       915.6945190430
409.703308      1043.6224365234
410.067169       935.8936157227
410.431030      1009.9571533203
410.794800       998.7354125977
411.158569       953.8484497070
411.522278       998.7354125977
411.885986       902.2283935547
412.249664       969.5588989258
412.613312      1003.2241210938
412.976868      1052.5998535156
413.340454       978.5362548828
413.703979      1009.9571533203
414.067474       976.2919311523
414.430908       976.2919311523
414.794342       962.8258056641
415.157745       947.1153564453
415.521088       969.5588989258
415.884369       998.7354125977
416.247711       962.8258056641
416.610931       926.9162597656
416.974152       987.5136718750
417.337341       971.8032226563
417.700500       960.5814819336
418.063629      1041.3780517578
418.426697       893.2509765625
418.789703       965.0701904297
419.152740       971.8032226563
419.515717      1034.6450195313
419.878662      1025.6676025391
420.241577       947.1153564453
420.604431      1052.5998535156
420.967285       998.7354125977
421.330109      1016.6901855469
421.692841       942.6267089844
422.055603       983.0249633789
422.418335       971.8032226563
422.780975       994.2467041016
423.143585       983.0249633789
423.506226      1032.4006347656
423.868774       962.8258056641
424.231293       983.0249633789
424.593811      1007.7128295898
424.956238       985.2692871094
425.318665      1003.2241210938
425.681091      1014.4458618164
426.043427      1023.4232788086
426.405731      1012.2015380859
426.768036       926.9162597656
427.130310       985.2692871094
427.492493       998.7354125977
427.854675      1048.1110839844
428.216858       929.1605834961
428.578979       924.6718750000
428.941040       965.0701904297
429.303040      1012.2015380859
429.665070       992.0023803711
430.027069       976.2919311523
430.389008       969.5588989258
430.750885      1005.4684448242
431.112762      1032.4006347656
431.474640       989.7579956055
431.836395      1034.6450195313
432.198181      1005.4684448242
432.559937       998.7354125977
432.921600      1027.9119873047
433.283264       974.0475463867
433.644867       992.0023803711
434.006500       969.5588989258
434.368073      1007.7128295898
434.729553       980.7806396484
435.091034       960.5814819336
435.452515       960.5814819336
435.813934       958.3370971680
436.175293       980.7806396484
436.536621       974.0475463867
436.897949      1009.9571533203
437.259277       976.2919311523
437.620483      1021.1788940430
437.981659       994.2467041016
438.342865      1014.4458618164
438.704010      1059.3328857422
439.065125       953.8484497070
439.426178       969.5588989258
439.787201       933.6492919922
440.148224      1012.2015380859
440.509186       978.5362548828
440.870087       917.9388427734
441.230988       947.1153564453
441.591858       994.2467041016
441.952667       992.0023803711
442.313416       978.5362548828
442.674194       992.0023803711
443.034912       933.6492919922
443.395630       971.8032226563
443.756226       949.3597412109
444.116852       987.5136718750
444.477417       935.8936157227
444.837982       978.5362548828
445.198456       974.0475463867
445.558960       938.1380004883
445.919403       998.7354125977
446.279816       962.8258056641
446.640106      1030.1562500000
447.000458       980.7806396484
447.360779      1054.8441162109
447.721039       980.7806396484
448.081207      1000.9797363281
448.441406       967.3145141602
448.801575       992.0023803711
449.161713       956.0927734375
449.521759       895.4953613281
449.881805      1000.9797363281
450.241852       983.0249633789
450.601837       953.8484497070
450.961792       962.8258056641
451.321655       924.6718750000
451.681549      1003.2241210938
452.041382       951.6040649414
452.401184      1043.6224365234
452.760895       926.9162597656
453.120636       992.0023803711
453.480347      1036.8894042969
453.840027       942.6267089844
454.199585       956.0927734375
454.559174       969.5588989258
454.918762       965.0701904297
455.278290      1059.3328857422
455.637726      1027.9119873047
455.997162       983.0249633789
456.356598      1043.6224365234
456.715973      1039.1336669922
457.075287      1007.7128295898
457.434570       944.8710327148
457.793854       971.8032226563
458.153107       989.7579956055
458.512268      1032.4006347656
458.871429       926.9162597656
459.230560       978.5362548828
459.589661       976.2919311523
459.948639      1018.9345703125
460.307678      1005.4684448242
460.666687       976.2919311523
461.025635       965.0701904297
461.384491       962.8258056641
461.743378      1003.2241210938
462.102264       951.6040649414
462.461060      1027.9119873047
462.819794       992.0023803711
463.178497      1023.4232788086
463.537231       951.6040649414
463.895905      1007.7128295898
464.254456      1005.4684448242
464.613068      1014.4458618164
464.971649       924.6718750000
465.330170       960.5814819336
465.688568      1032.4006347656
466.047028       996.4910888672
466.405457       969.5588989258
466.763855       944.8710327148
467.122192       969.5588989258
467.480438      1032.4006347656
467.838715      1000.9797363281
468.196960       960.5814819336
468.555176      1077.2875976563
468.913269       953.8484497070
469.271393      1034.6450195313
469.629486       956.0927734375
469.987549      1021.1788940430
470.345520       969.5588989258
470.703491       994.2467041016
471.061462       976.2919311523
471.419342      1009.9571533203
471.777191       971.8032226563
472.135040       971.8032226563
472.492828       947.1153564453
472.850586      1039.1336669922
473.208282      1057.0885009766
473.565979      1012.2015380859
473.923615      1030.1562500000
474.281281       956.0927734375
474.638794       998.7354125977
474.996338      1025.6676025391
475.353851       992.0023803711
475.711334      1041.3780517578
476.068726       944.8710327148
476.426117      1000.9797363281
476.783478       992.0023803711
477.140808      1018.9345703125
477.498077       996.4910888672
477.855316      1009.9571533203
478.212555      1007.7128295898
478.569763       998.7354125977
478.926819      1009.9571533203
479.283936       969.5588989258
479.641022       906.7171020508
479.998077      1027.9119873047
480.355011       996.4910888672
480.711975      1007.7128295898
481.068939       976.2919311523
481.425842       962.8258056641
481.782623       989.7579956055
482.139435       998.7354125977
482.496216      1045.8666992188
482.852966       965.0701904297
483.209717      1012.2015380859
483.566315       958.3370971680
483.922943      1016.6901855469
484.279572      1007.7128295898
484.636139       911.2058105469
484.992615       953.8484497070
485.349121       976.2919311523
485.705566      1021.1788940430
486.062012       969.5588989258
486.418304       985.2692871094
486.774689       998.7354125977
487.130981      1050.3554687500
487.487274      1032.4006347656
487.843445       974.0475463867
488.199615       985.2692871094
488.555786       971.8032226563
488.911957       983.0249633789
489.267975      1027.9119873047
489.624023       989.7579956055
489.980042      1027.9119873047
490.336029       974.0475463867
490.691925       971.8032226563
491.047821      1016.6901855469
491.403687       960.5814819336
491.759521       938.1380004883
492.115265       962.8258056641
492.471008      1052.5998535156
492.826752       998.7354125977
493.182434       996.4910888672
493.538025      1061.5771484375
493.893646      1014.4458618164
494.249207      1003.2241210938
494.604736      1034.6450195313
494.960205       980.7806396484
495.315674       996.4910888672
495.671082       947.1153564453
496.026489       967.3145141602
496.381775      1030.1562500000
496.737091      1036.8894042969
497.092377       983.0249633789
497.447632       958.3370971680
497.802795      1018.9345703125
498.157959       987.5136718750
498.513062       913.4501342773
498.868195      1000.9797363281
499.223175      1025.6676025391
499.578217       996.4910888672
499.933167       942.6267089844
500.288116       971.8032226563
500.643036       987.5136718750
500.997833       978.5362548828
501.352692      1030.1562500000
501.707489       983.0249633789
502.062225      1009.9571533203
502.416901      1016.6901855469
502.771606       978.5362548828
503.126221       940.3823242188
503.480865       989.7579956055
503.835358       947.1153564453
504.189941       985.2692871094
504.544434      1063.8215332031
504.898865       940.3823242188
505.253265       994.2467041016
505.607635       976.2919311523
505.961975      1003.2241210938
506.316315       994.2467041016
506.670532      1007.7128295898
507.024750       911.2058105469
507.378967       998.7354125977
507.733154       947.1153564453
508.087189       870.8074951172
508.441315       976.2919311523
508.795349       917.9388427734
509.149353      1000.9797363281
509.503265      1036.8894042969
509.857208       983.0249633789
510.211121       926.9162597656
510.565002       958.3370971680
510.918762       974.0475463867
511.272583      1030.1562500000
511.626312       902.2283935547
511.980042       949.3597412109
512.333618       935.8936157227
512.687256       971.8032226563
513.040894       965.0701904297
513.394470       989.7579956055
513.747925       974.0475463867
514.101440       956.0927734375
514.454895      1018.9345703125
514.808289       866.3187866211
515.161621       978.5362548828
515.514893       998.7354125977
515.868225      1014.4458618164
516.221497       967.3145141602
516.574707       938.1380004883
516.927856       944.8710327148
517.281006       942.6267089844
517.634155      1016.6901855469
517.987183      1014.4458618164
518.340210       947.1153564453
518.693237       994.2467041016
519.046204       994.2467041016
519.399048      1014.4458618164
519.751892      1016.6901855469
520.104736       987.5136718750
520.457520       967.3145141602
520.810364       971.8032226563
521.163025       949.3597412109
521.515686       998.7354125977
521.868408      1043.6224365234
522.221008       994.2467041016
522.573547       949.3597412109
522.926086       974.0475463867
523.278625       992.0023803711
523.631042       958.3370971680
523.983459       944.8710327148
524.335815       924.6718750000
524.688171       913.4501342773
525.040527       962.8258056641
525.392761       938.1380004883
525.744934      1018.9345703125
526.097168      1021.1788940430
526.449341       922.4275512695
526.801453       989.7579956055
527.153503      1000.9797363281
527.505554       911.2058105469
527.857544      1039.1336669922
528.209534      1000.9797363281
528.561462       951.6040649414
528.913330       992.0023803711
529.265198       976.2919311523
529.617004       951.6040649414
529.968750       951.6040649414
530.320496       965.0701904297
530.672180       983.0249633789
531.023804       962.8258056641
531.375488       922.4275512695
531.727051       899.9840698242
532.078613       947.1153564453
532.430115       861.8300781250
532.781555       998.7354125977
533.132996       942.6267089844
533.484375       978.5362548828
533.835815       989.7579956055
534.187073      1005.4684448242
534.538330       962.8258056641
534.889587      1000.9797363281
535.240784      1027.9119873047
535.591919      1007.7128295898
535.942993       985.2692871094
536.294128       978.5362548828
536.645203       987.5136718750
536.996155       960.5814819336
537.347107      1012.2015380859
537.698120      1009.9571533203
538.049011      1032.4006347656
538.399841       971.8032226563
538.750610      1027.9119873047
539.101440      1021.1788940430
539.452209      1032.4006347656
539.802856      1014.4458618164
540.153503       886.5179443359
540.504150       978.5362548828
540.854736      1005.4684448242
541.205261       998.7354125977
541.555786       992.0023803711
541.906250       969.5588989258
542.256714       980.7806396484
542.607056       978.5362548828
542.957458       976.2919311523
543.307739      1005.4684448242
543.658020      1000.9797363281
544.008240       942.6267089844
544.358398      1023.4232788086
544.708618       953.8484497070
545.058777      1018.9345703125
545.408813      1014.4458618164
545.758850       992.0023803711
546.108887      1021.1788940430
546.458862       976.2919311523
546.808716      1068.3101806641
547.158691      1027.9119873047
547.508545      1007.7128295898
547.858337      1057.0885009766
548.208069       978.5362548828
548.557800       974.0475463867
548.907532       985.2692871094
549.257202       985.2692871094
549.606812       992.0023803711
549.956360      1032.4006347656
550.305908       996.4910888672
550.655457       985.2692871094
551.004883       933.6492919922
551.354309       958.3370971680
551.703674       958.3370971680
552.053040       994.2467041016
552.402405       931.4049072266
552.751587      1000.9797363281
553.100830      1014.4458618164
553.450012       971.8032226563
553.799255       996.4910888672
554.148254      1039.1336669922
554.497375       971.8032226563
554.846436       958.3370971680
555.195435       897.7396850586
555.544373      1005.4684448242
555.893250       980.7806396484
556.242188       987.5136718750
556.591003      1034.6450195313
556.939758       976.2919311523
557.288574       985.2692871094
557.637268      1000.9797363281
557.985962       953.8484497070
558.334595       958.3370971680
558.683228       994.2467041016
559.031799       924.6718750000
559.380310       962.8258056641
559.728760       962.8258056641
560.077209       953.8484497070
560.425659       987.5136718750
560.774048       996.4910888672
561.122314      1021.1788940430
561.470581       956.0927734375
561.818909      1009.9571533203
562.167114       942.6267089844
562.515259       967.3145141602
562.863342       965.0701904297
563.211487      1014.4458618164
563.559570       953.8484497070
563.907532      1005.4684448242
564.255554      1007.7128295898
564.603455       998.7354125977
564.951355      1081.7763671875
565.299255       965.0701904297
565.647095      1030.1562500000
565.994812      1007.7128295898
566.342590       983.0249633789
566.690308      1039.1336669922
567.037903      1023.4232788086
567.385620       940.3823242188
567.733154       989.7579956055
568.080750       987.5136718750
568.428162       969.5588989258
568.775696      1021.1788940430
569.123108       899.9840698242
569.470520      1012.2015380859
569.817810       976.2919311523
570.165161       915.6945190430
570.512451       985.2692871094
570.859680      1018.9345703125
571.206787       942.6267089844
571.554016       947.1153564453
571.901062       913.4501342773
572.248169       958.3370971680
572.595154      1014.4458618164
572.942200      1018.9345703125
573.289124      1005.4684448242
573.636047      1007.7128295898
573.982849       958.3370971680
574.329712      1007.7128295898
574.676514      1007.7128295898
575.023315      1027.9119873047
575.369995      1059.3328857422
575.716675       976.2919311523
576.063293      1005.4684448242
576.409912       992.0023803711
576.756409       971.8032226563
577.102966       992.0023803711
577.449402       942.6267089844
577.795898       985.2692871094
578.142273      1032.4006347656
578.488647      1007.7128295898
578.834961      1007.7128295898
579.181213       958.3370971680
579.527405      1023.4232788086
579.873596      1003.2241210938
580.219788       949.3597412109
580.565918       895.4953613281
580.911926       994.2467041016
581.258057       974.0475463867
581.604065       983.0249633789
581.949951       962.8258056641
582.295898      1009.9571533203
582.641724       942.6267089844
582.987610       994.2467041016
583.333435       998.7354125977
583.679199      1003.2241210938
584.024902       924.6718750000
584.370544      1016.6901855469
584.716187       971.8032226563
585.061829      1014.4458618164
585.407349      1023.4232788086
585.752869       958.3370971680
586.098328       978.5362548828
586.443787      1005.4684448242
586.789124       857.3414306641
587.134521       998.7354125977
587.479858       989.7579956055
587.825134      1009.9571533203
588.170288       980.7806396484
588.515564      1032.4006347656
588.860657       971.8032226563
589.205872       960.5814819336
589.550842       996.4910888672
589.895935      1014.4458618164
590.240906      1000.9797363281
590.585876      1034.6450195313
590.930786      1052.5998535156
591.275635      1027.9119873047
591.620483      1014.4458618164
591.965271       931.4049072266
592.310059       983.0249633789
592.654724       983.0249633789
592.999451      1014.4458618164
593.344055       983.0249633789
593.688660       978.5362548828
594.033203       967.3145141602
594.377686       996.4910888672
594.722229       953.8484497070
595.066528      1009.9571533203
595.411011      1009.9571533203
595.755371       967.3145141602
596.099670      1045.8666992188
596.443848       996.4910888672
596.788147      1041.3780517578
597.132324      1007.7128295898
597.476501      1045.8666992188
597.820618      1045.8666992188
598.164612       926.9162597656
598.508667       985.2692871094
598.852661      1005.4684448242
599.196655      1003.2241210938
599.540466       933.6492919922
599.884338       976.2919311523
600.228210      1027.9119873047
600.571960      1007.7128295898
600.915710       920.1831665039
601.259460       971.8032226563
601.603088       884.2736206055
601.946716      1000.9797363281
602.290283       978.5362548828
602.633850      1014.4458618164
602.977295       971.8032226563
603.320801      1007.7128295898
603.664124      1009.9571533203
604.007568       924.6718750000
604.350952       994.2467041016
604.694214       978.5362548828
605.037415       978.5362548828
605.380676       962.8258056641
605.723816       965.0701904297
606.066956       996.4910888672
606.410034       965.0701904297
606.753052      1016.6901855469
607.096130       983.0249633789
607.439087       931.4049072266
607.781921      1025.6676025391
608.124878       987.5136718750
608.467712       944.8710327148
608.810547       987.5136718750
609.153259      1005.4684448242
609.495972       947.1153564453
609.838684       965.0701904297
610.181335       965.0701904297
610.523865       974.0475463867
610.866516      1009.9571533203
611.209045      1077.2875976563
611.551453       978.5362548828
611.893921      1005.4684448242
612.236267      1005.4684448242
612.578674      1005.4684448242
612.920959       994.2467041016
613.263306       983.0249633789
613.605469       944.8710327148
613.947632       962.8258056641
614.289795      1030.1562500000
614.631958      1021.1788940430
614.973938       985.2692871094
615.315979       989.7579956055
615.657959      1012.2015380859
615.999939       920.1831665039
616.341858       983.0249633789
616.683716      1016.6901855469
617.025513       969.5588989258
617.367310       933.6492919922
617.708984      1021.1788940430
618.050720      1009.9571533203
618.392395       940.3823242188
618.734070       974.0475463867
619.075500       992.0023803711
619.417114       960.5814819336
619.758606      1027.9119873047
620.100098       920.1831665039
620.441467      1043.6224365234
620.782776       994.2467041016
621.124146      1061.5771484375
621.465393       953.8484497070
621.806641       953.8484497070
622.147888       967.3145141602
622.489014       994.2467041016
622.830139      1034.6450195313
623.171204      1023.4232788086
623.512207       985.2692871094
623.853271       944.8710327148
624.194214      1057.0885009766
624.535095      1012.2015380859
624.875916       965.0701904297
625.216797       989.7579956055
625.557617       998.7354125977
625.898315       994.2467041016
626.239075       967.3145141602
626.579712      1000.9797363281
626.920349      1072.7989501953
627.260864      1027.9119873047
627.601440      1012.2015380859
627.941895       994.2467041016
628.282410       985.2692871094
628.622803      1050.3554687500
628.963135      1007.7128295898
629.303528      1016.6901855469
629.643799      1005.4684448242
629.984070       940.3823242188
630.324219       960.5814819336
630.664429       969.5588989258
631.004517      1036.8894042969
631.344604       974.0475463867
631.684631       965.0701904297
632.024597       980.7806396484
632.364624       960.5814819336
632.704529       956.0927734375
633.044373       994.2467041016
633.384155       962.8258056641
633.723999       980.7806396484
634.063782      1012.2015380859
634.403442       978.5362548828
634.743042      1021.1788940430
635.082764       940.3823242188
635.422302       980.7806396484
635.761841       956.0927734375
636.101318       983.0249633789
636.440796       971.8032226563
636.780212       935.8936157227
637.119507       983.0249633789
637.458862      1009.9571533203
637.798157      1009.9571533203
638.137451       953.8484497070
638.476563       976.2919311523
638.815735       940.3823242188
639.154907       980.7806396484
639.494019       987.5136718750
639.833008       994.2467041016
640.171997       917.9388427734
640.510925       882.0292358398
640.849854       965.0701904297
641.188660       960.5814819336
641.527527      1003.2241210938
641.866333       933.6492919922
642.205078       949.3597412109
642.543762       949.3597412109
642.882446       998.7354125977
643.221008      1014.4458618164
643.559570      1052.5998535156
643.898071      1032.4006347656
644.236572      1027.9119873047
644.575073      1061.5771484375
644.913452       960.5814819336
645.251831      1054.8441162109
645.590149      1066.0659179688
645.928406      1027.9119873047
646.266602       958.3370971680
646.604858      1016.6901855469
646.942932       958.3370971680
647.281128       985.2692871094
647.619141      1012.2015380859
647.957214       998.7354125977
648.295166      1021.1788940430
648.633057      1000.9797363281
648.970947      1016.6901855469
649.308838      1048.1110839844
649.646606       949.3597412109
649.984436      1003.2241210938
650.322144      1023.4232788086
650.659851       969.5588989258
650.997498       953.8484497070
651.335022       969.5588989258
651.672607       978.5362548828
652.010132       960.5814819336
652.347595       938.1380004883
652.684998       960.5814819336
653.022461       980.7806396484
653.359802       967.3145141602
653.697021      1059.3328857422
654.034302       915.6945190430
654.371521       974.0475463867
654.708740       911.2058105469
655.045837       922.4275512695
655.382935       985.2692871094
655.719971       978.5362548828
656.057007       962.8258056641
656.393921       944.8710327148
656.730835      1007.7128295898
657.067749      1018.9345703125
657.404602       958.3370971680
657.741333      1007.7128295898
658.078064       996.4910888672
658.414795       940.3823242188
658.751465       931.4049072266
659.088074      1009.9571533203
659.424683      1018.9345703125
659.761230      1016.6901855469
660.097717      1045.8666992188
660.434143       978.5362548828
660.770569       985.2692871094
661.106934       956.0927734375
661.443298      1027.9119873047
661.779541      1039.1336669922
662.115784       969.5588989258
662.451965      1021.1788940430
662.788086       953.8484497070
663.124268      1052.5998535156
663.460266      1007.7128295898
663.796265      1012.2015380859
664.132324      1018.9345703125
664.468201       974.0475463867
664.804077       944.8710327148
665.139954       956.0927734375
665.475769       962.8258056641
665.811523       980.7806396484
666.147278       926.9162597656
666.482971       965.0701904297
666.818542       915.6945190430
667.154236       877.5405273438
667.489685       967.3145141602
667.825195       949.3597412109
668.160706       994.2467041016
668.496094      1007.7128295898
668.831421      1052.5998535156
669.166809       951.6040649414
669.502136      1016.6901855469
669.837402       911.2058105469
670.172546       958.3370971680
670.507751       956.0927734375
670.842834       933.6492919922
671.177917       985.2692871094
671.512878       915.6945190430
671.847961       987.5136718750
672.182861       956.0927734375
672.517761       947.1153564453
672.852600      1000.9797363281
673.187439      1018.9345703125
673.522217       951.6040649414
673.856934      1014.4458618164
674.191650      1079.5319824219
674.526306      1041.3780517578
674.860901      1045.8666992188
675.195435      1000.9797363281
675.529968       994.2467041016
675.864441      1014.4458618164
676.198853       989.7579956055
676.533264      1023.4232788086
676.867554       985.2692871094
677.201843       978.5362548828
677.536133       992.0023803711
677.870361      1009.9571533203
678.204529       884.2736206055
678.538635       996.4910888672
678.872742      1050.3554687500
679.206787       983.0249633789
679.540710      1018.9345703125
679.874695       920.1831665039
680.208618       987.5136718750
680.542480      1003.2241210938
680.876282       938.1380004883
681.210083       976.2919311523
681.543823       989.7579956055
681.877502       989.7579956055
682.211121      1045.8666992188
682.544739       949.3597412109
682.878357       944.8710327148
683.211853      1021.1788940430
683.545227      1003.2241210938
683.878723       940.3823242188
684.212097      1036.8894042969
684.545471       965.0701904297
684.878723       938.1380004883
685.212036      1016.6901855469
685.545227      1000.9797363281
685.878418      1005.4684448242
686.211487       935.8936157227
686.544556       976.2919311523
686.877625       956.0927734375
687.210632      1009.9571533203
687.543518       922.4275512695
687.876465       915.6945190430
688.209290       951.6040649414
688.542114       951.6040649414
688.874878       974.0475463867
689.207642       976.2919311523
689.540344       978.5362548828
689.872986       908.9614257813
690.205566       989.7579956055
690.538147      1032.4006347656
690.870667       938.1380004883
691.203125      1000.9797363281
691.535461       960.5814819336
691.867920       929.1605834961
692.200256       998.7354125977
692.532593      1018.9345703125
692.864807      1009.9571533203
693.196960      1025.6676025391
693.529114       989.7579956055
693.861267      1000.9797363281
694.193420      1016.6901855469
694.525391       971.8032226563
694.857361       974.0475463867
695.189270       969.5588989258
695.521240      1050.3554687500
695.853027       958.3370971680
696.184814      1025.6676025391
696.516663       949.3597412109
696.848389       992.0023803711
697.179993       971.8032226563
697.511658       917.9388427734
697.843262       983.0249633789
698.174805      1016.6901855469
698.506287       976.2919311523
698.837708       942.6267089844
699.169189      1023.4232788086
699.500549       976.2919311523
699.831787       944.8710327148
700.163147       978.5362548828
700.494385       976.2919311523
700.825562       922.4275512695
701.156677      1012.2015380859
701.487793       924.6718750000
701.818848       902.2283935547
702.149902       969.5588989258
702.480774       987.5136718750
702.811768       947.1153564453
703.142639      1005.4684448242
703.473511       992.0023803711
703.804199       976.2919311523
704.135010       962.8258056641
704.465759      1032.4006347656
704.796387       992.0023803711
705.126953       989.7579956055
705.457520       998.7354125977
705.788086       971.8032226563
706.118591       987.5136718750
706.448975       985.2692871094
706.779419      1021.1788940430
707.109741      1048.1110839844
707.440063      1036.8894042969
707.770325       893.2509765625
708.100525       998.7354125977
708.430725       987.5136718750
708.760864       938.1380004883
709.090942       976.2919311523
709.420959       947.1153564453
709.750916       958.3370971680
710.080933       996.4910888672
710.410828      1036.8894042969
710.740662      1023.4232788086
711.070496      1005.4684448242
711.400269       987.5136718750
711.729980      1003.2241210938
712.059631       940.3823242188
712.389282       949.3597412109
712.718872       929.1605834961
713.048462       987.5136718750
713.377930      1036.8894042969
713.707397       931.4049072266
714.036865       976.2919311523
714.366211       933.6492919922
714.695435       942.6267089844
715.024780       951.6040649414
715.354004      1000.9797363281
715.683228       976.2919311523
716.012329      1009.9571533203
716.341431       965.0701904297
716.670532       949.3597412109
716.999573       978.5362548828
717.328430       983.0249633789
717.657349      1045.8666992188
717.986267       994.2467041016
718.315125       994.2467041016
718.643860       996.4910888672
718.972656      1021.1788940430
719.301331      1012.2015380859
719.630005      1000.9797363281
719.958557       996.4910888672
720.287170       965.0701904297
720.615662       992.0023803711
720.944214      1009.9571533203
721.272583      1030.1562500000
721.600952      1034.6450195313
721.929321       989.7579956055
722.257629       967.3145141602
722.585876       980.7806396484
722.914063       974.0475463867
723.242188       996.4910888672
723.570313      1012.2015380859
723.898376      1023.4232788086
724.226440      1025.6676025391
724.554382       989.7579956055
724.882324       969.5588989258
725.210266      1054.8441162109
725.538025       985.2692871094
725.865784      1021.1788940430
726.193604       962.8258056641
726.521301      1045.8666992188
726.848938      1041.3780517578
727.176514       994.2467041016
727.504150       938.1380004883
727.831726       960.5814819336
728.159119      1009.9571533203
728.486572      1090.7537841797
728.813965      1025.6676025391
729.141357       998.7354125977
729.468567       980.7806396484
729.795837      1025.6676025391
730.123108       971.8032226563
730.450317       994.2467041016
730.777344       989.7579956055
731.104431      1027.9119873047
731.431519       994.2467041016
731.758484       944.8710327148
732.085388       987.5136718750
732.412292       884.2736206055
732.739136       933.6492919922
733.065979      1036.8894042969
733.392639      1007.7128295898
733.719421      1000.9797363281
734.046082      1003.2241210938
734.372681       978.5362548828
734.699219       974.0475463867
735.025757      1003.2241210938
735.352234      1077.2875976563
735.678711       967.3145141602
736.005127       933.6492919922
736.331482      1023.4232788086
736.657715       994.2467041016
736.984009      1032.4006347656
737.310181      1068.3101806641
737.636353      1025.6676025391
737.962524       976.2919311523
738.288574       985.2692871094
738.614624      1005.4684448242
738.940613       996.4910888672
739.266541       994.2467041016
739.592407       965.0701904297
739.918274       980.7806396484
740.244080       985.2692871094
740.569824      1014.4458618164
740.895569       965.0701904297
741.221191      1050.3554687500
741.546753      1014.4458618164
741.872375       965.0701904297
742.197937      1036.8894042969
742.523376       949.3597412109
742.848816       958.3370971680
743.174194       989.7579956055
743.499573       978.5362548828
743.824890       976.2919311523
744.150085      1012.2015380859
744.475342       996.4910888672
744.800476       947.1153564453
745.125610       944.8710327148
745.450623      1014.4458618164
745.775696       933.6492919922
746.100708       929.1605834961
746.425598       953.8484497070
746.750427       953.8484497070
747.075256       956.0927734375
747.400085      1034.6450195313
747.724915       989.7579956055
748.049561       938.1380004883
748.374207       920.1831665039
748.698853      1052.5998535156
749.023438      1012.2015380859
749.347900      1021.1788940430
749.672363       998.7354125977
749.996765      1027.9119873047
750.321167      1000.9797363281
750.645508       965.0701904297
750.969788      1018.9345703125
751.294067       949.3597412109
751.618286       992.0023803711
751.942383      1025.6676025391
752.266479      1050.3554687500
752.590576      1036.8894042969
752.914551      1057.0885009766
753.238525      1012.2015380859
753.562439      1005.4684448242
753.886292       924.6718750000
754.210144       980.7806396484
754.533936       983.0249633789
754.857666       985.2692871094
755.181335      1003.2241210938
755.505005       974.0475463867
755.828613       998.7354125977
756.152100       994.2467041016
756.475586      1023.4232788086
756.799133       951.6040649414
757.122498       996.4910888672
757.445862       987.5136718750
757.769165       989.7579956055
758.092468       992.0023803711
758.415710      1007.7128295898
758.738831       985.2692871094
759.061951       924.6718750000
759.385071       994.2467041016
759.708130       971.8032226563
760.031067       944.8710327148
760.354004      1000.9797363281
760.676941      1027.9119873047
760.999817       953.8484497070
761.322632      1014.4458618164
761.645386       976.2919311523
761.968079       969.5588989258
762.290771      1025.6676025391
762.613342       915.6945190430
762.935974       940.3823242188
763.258484       987.5136718750
763.580994       992.0023803711
763.903381       994.2467041016
764.225830       940.3823242188
764.548157       951.6040649414
764.870422       965.0701904297
765.192688      1027.9119873047
765.514832      1063.8215332031
765.837036      1000.9797363281
766.159119       911.2058105469
766.481140       969.5588989258
766.803223       983.0249633789
767.125183       933.6492919922
767.447144       969.5588989258
767.768982       992.0023803711
768.090820      1032.4006347656
768.412659       985.2692871094
768.734314      1009.9571533203
769.056091       965.0701904297
769.377686      1063.8215332031
769.699280      1030.1562500000
770.020813      1007.7128295898
770.342346      1016.6901855469
770.663757      1000.9797363281
770.985229      1007.7128295898
771.306580       998.7354125977
771.627869      1009.9571533203
771.949158       940.3823242188
772.270386       931.4049072266
772.591553      1012.2015380859
772.912659      1039.1336669922
773.233765       953.8484497070
773.554810       944.8710327148
773.875793       956.0927734375
774.196716      1063.8215332031
774.517578       917.9388427734
774.838440       933.6492919922
775.159302       992.0023803711
775.480042      1036.8894042969
775.800659      1032.4006347656
776.121399      1009.9571533203
776.441956      1025.6676025391
776.762573       992.0023803711
777.083008      1018.9345703125
777.403503      1061.5771484375
777.723999      1014.4458618164
778.044373       983.0249633789
778.364624       933.6492919922
778.684937       915.6945190430
779.005188       951.6040649414
779.325378       942.6267089844
779.645447       985.2692871094
779.965637      1005.4684448242
780.285706      1000.9797363281
780.605652       951.6040649414
780.925598       931.4049072266
781.245483       992.0023803711
781.565369       983.0249633789
781.885193      1048.1110839844
782.204895       969.5588989258
782.524658       960.5814819336
782.844299       947.1153564453
783.163940       917.9388427734
783.483582       942.6267089844
783.803040       953.8484497070
784.122559       971.8032226563
784.442017       980.7806396484
784.761414       971.8032226563
785.080688       976.2919311523
785.400024      1009.9571533203
785.719238      1007.7128295898
786.038452      1041.3780517578
786.357544       996.4910888672
786.676697       956.0927734375
786.995789       922.4275512695
787.314758       965.0701904297
787.633728       987.5136718750
787.952637       949.3597412109
788.271484      1003.2241210938
788.590271       864.0744628906
788.908997      1018.9345703125
789.227783       989.7579956055
789.546448       962.8258056641
789.865112       949.3597412109
790.183655       994.2467041016
790.502197       974.0475463867
790.820679       985.2692871094
791.139099      1005.4684448242
791.457520      1039.1336669922
791.775879       926.9162597656
792.094116       974.0475463867
792.412415       992.0023803711
792.730530       924.6718750000
793.048767      1000.9797363281
793.366821      1018.9345703125
793.684937       965.0701904297
794.002869       942.6267089844
794.320862       967.3145141602
794.638733       958.3370971680
794.956665       904.4727172852
795.274414      1036.8894042969
795.592224       953.8484497070
795.909912       987.5136718750
796.227661       942.6267089844
796.545227       992.0023803711
796.862854       976.2919311523
797.180359       992.0023803711
797.497864       960.5814819336
797.815308      1009.9571533203
798.132629      1032.4006347656
798.450012      1023.4232788086
798.767273      1025.6676025391
799.084595      1012.2015380859
799.401733       985.2692871094
799.718933       908.9614257813
800.036011       996.4910888672
800.353027       967.3145141602
800.670044       985.2692871094
800.987000       992.0023803711
801.303894       956.0927734375
801.620850      1012.2015380859
801.937561       915.6945190430
802.254333       947.1153564453
802.571106       976.2919311523
802.887817       978.5362548828
803.204346       989.7579956055
803.520935       938.1380004883
803.837463       985.2692871094
804.153992       998.7354125977
804.470337       980.7806396484
804.786743       980.7806396484
805.103027       974.0475463867
805.419434      1016.6901855469
805.735535      1021.1788940430
806.051758      1016.6901855469
806.367920      1018.9345703125
806.684021      1041.3780517578
807.000000      1045.8666992188
807.316040      1088.5093994141
807.632019       985.2692871094
807.947876       976.2919311523
808.263672       958.3370971680
808.579529       960.5814819336
808.895325       958.3370971680
809.211060       985.2692871094
809.526611       992.0023803711
809.842224      1007.7128295898
810.157837       992.0023803711
810.473389       969.5588989258
810.788757       994.2467041016
811.104187       980.7806396484
811.419617       971.8032226563
811.734924       998.7354125977
812.050171       985.2692871094
812.365417       983.0249633789
812.680542       971.8032226563
812.995728       960.5814819336
813.310852       996.4910888672
813.625854       944.8710327148
813.940796       911.2058105469
814.255798      1014.4458618164
814.570679       971.8032226563
814.885498       922.4275512695
815.200256       994.2467041016
815.515015      1018.9345703125
815.829651       926.9162597656
816.144287       992.0023803711
816.458923      1050.3554687500
816.773438       971.8032226563
817.087952      1030.1562500000
817.402344       976.2919311523
817.716797      1005.4684448242
818.031189       944.8710327148
818.345520       994.2467041016
818.659668       965.0701904297
818.973877      1005.4684448242
819.288086      1000.9797363281
819.602173       960.5814819336
819.916199       989.7579956055
820.230225       971.8032226563
820.544189       962.8258056641
820.858154       983.0249633789
821.171997       971.8032226563
821.485779      1070.5545654297
821.799561       951.6040649414
822.113281      1000.9797363281
822.426880       967.3145141602
822.740540      1052.5998535156
823.054138       926.9162597656
823.367676       976.2919311523
823.681152       987.5136718750
823.994568      1009.9571533203
824.307922       960.5814819336
824.621277      1016.6901855469
824.934509       949.3597412109
825.247742       956.0927734375
825.560913       980.7806396484
825.874146       980.7806396484
826.187134       958.3370971680
826.500183       931.4049072266
826.813171      1045.8666992188
827.126160       983.0249633789
827.439026       967.3145141602
827.751831      1014.4458618164
828.064636       949.3597412109
828.377380       996.4910888672
828.690063      1007.7128295898
829.002686       926.9162597656
829.315308       960.5814819336
829.627869       998.7354125977
829.940308      1012.2015380859
830.252808       953.8484497070
830.565125      1012.2015380859
830.877563       971.8032226563
831.189880       922.4275512695
831.502075      1014.4458618164
831.814270       924.6718750000
832.126465      1014.4458618164
832.438599       996.4910888672
832.750549       920.1831665039
833.062622      1045.8666992188
833.374512      1036.8894042969
833.686462      1025.6676025391
833.998291      1009.9571533203
834.310120       985.2692871094
834.621887       980.7806396484
834.933594       998.7354125977
835.245239       996.4910888672
835.556885      1007.7128295898
835.868408      1041.3780517578
836.179932      1050.3554687500
836.491333       998.7354125977
836.802795      1007.7128295898
837.114197       996.4910888672
837.425537       994.2467041016
837.736694       971.8032226563
838.047913       994.2467041016
838.359131       951.6040649414
838.670227       942.6267089844
838.981262      1003.2241210938
839.292358       965.0701904297
839.603333      1012.2015380859
839.914246       976.2919311523
840.225037       956.0927734375
840.535889       965.0701904297
840.846680      1041.3780517578
841.157410       935.8936157227
841.468079       965.0701904297
841.778687       947.1153564453
842.089233       992.0023803711
842.399780       976.2919311523
842.710266       951.6040649414
843.020691      1030.1562500000
843.331055      1021.1788940430
843.641418       953.8484497070
843.951721       967.3145141602
844.261841       920.1831665039
844.572083      1059.3328857422
844.882202      1021.1788940430
845.192261      1032.4006347656
845.502258      1005.4684448242
845.812256       929.1605834961
846.122192       938.1380004883
846.432068      1003.2241210938
846.741882      1014.4458618164
847.051636       998.7354125977
847.361389      1018.9345703125
847.671143       994.2467041016
847.980713       926.9162597656
848.290283      1030.1562500000
848.599792       980.7806396484
848.909302       953.8484497070
849.218689       962.8258056641
849.528076       992.0023803711
849.837463       996.4910888672
850.146790      1054.8441162109
850.455933       980.7806396484
850.765137       924.6718750000
851.074280       998.7354125977
851.383362      1075.0433349609
851.692383       987.5136718750
852.001343      1025.6676025391
852.310303       998.7354125977
852.619202       998.7354125977
852.927979      1030.1562500000
853.236816       953.8484497070
853.545532       953.8484497070
853.854248       992.0023803711
854.162842      1023.4232788086
854.471436       974.0475463867
854.779968      1039.1336669922
855.088440      1012.2015380859
855.396851      1066.0659179688
855.705200      1007.7128295898
856.013611       949.3597412109
856.321899       951.6040649414
856.630127      1003.2241210938
856.938293       962.8258056641
857.246399      1012.2015380859
857.554504      1003.2241210938
857.862549       960.5814819336
858.170471      1012.2015380859
858.478394       976.2919311523
858.786316       965.0701904297
859.094177       992.0023803711
859.401917      1014.4458618164
859.709656       996.4910888672
860.017334       974.0475463867
860.324951       976.2919311523
860.632507       971.8032226563
860.940063       985.2692871094
861.247559       987.5136718750
861.555054       947.1153564453
861.862366       940.3823242188
862.169739      1021.1788940430
862.476990       965.0701904297
862.784241       998.7354125977
863.091370       996.4910888672
863.398499      1003.2241210938
863.705627       960.5814819336
864.012634       931.4049072266
864.319519      1005.4684448242
864.626526      1030.1562500000
864.933350      1054.8441162109
865.240234       926.9162597656
865.546936       965.0701904297
865.853699      1003.2241210938
866.160400      1041.3780517578
866.466980      1005.4684448242
866.773560       944.8710327148
867.080078      1018.9345703125
867.386536       962.8258056641
867.692993      1057.0885009766
867.999329       974.0475463867
868.305664       974.0475463867
868.611938       958.3370971680
868.918152       913.4501342773
869.224304       976.2919311523
869.530457       895.4953613281
869.836487       978.5362548828
870.142517       992.0023803711
870.448547      1018.9345703125
870.754395       971.8032226563
871.060242       960.5814819336
871.366089      1018.9345703125
871.671814      1016.6901855469
871.977539       983.0249633789
872.283203      1030.1562500000
872.588806      1059.3328857422
872.894409       926.9162597656
873.199890       987.5136718750
873.505371       969.5588989258
873.810730       978.5362548828
874.116150       962.8258056641
874.421387       956.0927734375
874.726685      1018.9345703125
875.031860       987.5136718750
875.337097       969.5588989258
875.642090      1030.1562500000
875.947205       983.0249633789
876.252197       933.6492919922
876.557129      1005.4684448242
876.862000       976.2919311523
877.166870       983.0249633789
877.471680       969.5588989258
877.776428       958.3370971680
878.081116       987.5136718750
878.385742       971.8032226563
878.690369       994.2467041016
878.994873       953.8484497070
879.299316      1027.9119873047
879.603821       931.4049072266
879.908203       971.8032226563
880.212585       987.5136718750
880.516846       906.7171020508
880.821106      1014.4458618164
881.125244       974.0475463867
881.429382      1018.9345703125
881.733459       998.7354125977
882.037537       906.7171020508
882.341492       994.2467041016
882.645447      1032.4006347656
882.949280       891.0066528320
883.253113       938.1380004883
883.556885       958.3370971680
883.860657      1003.2241210938
884.164307      1007.7128295898
884.467896      1036.8894042969
884.771484       967.3145141602
885.075073      1039.1336669922
885.378540      1036.8894042969
885.681885      1012.2015380859
885.985291      1059.3328857422
886.288635      1005.4684448242
886.591858       971.8032226563
886.895020       913.4501342773
887.198242      1000.9797363281
887.501343       987.5136718750
887.804443       940.3823242188
888.107422       989.7579956055
888.410400      1066.0659179688
888.713257      1007.7128295898
889.016174      1007.7128295898
889.318909       998.7354125977
889.621643       947.1153564453
889.924377       994.2467041016
890.227051       985.2692871094
890.529602       987.5136718750
890.832153      1050.3554687500
891.134705      1009.9571533203
891.437134       974.0475463867
891.739441       994.2467041016
892.041870       971.8032226563
892.344116      1012.2015380859
892.646362      1050.3554687500
892.948486      1048.1110839844
893.250671       920.1831665039
893.552734       998.7354125977
893.854797       953.8484497070
894.156738      1012.2015380859
894.458618      1016.6901855469
894.760559       998.7354125977
895.062378       951.6040649414
895.364136       960.5814819336
895.665894       980.7806396484
895.967590       998.7354125977
896.269165      1027.9119873047
896.570679       956.0927734375
896.872192      1012.2015380859
897.173706       960.5814819336
897.475159       960.5814819336
897.776428       992.0023803711
898.077759       974.0475463867
