0.098000
190.489868         0.0000000000
190.870819         0.0000000000
191.251740       990.8003540039
191.632629       986.3572998047
192.013474       928.5976562500
192.394302       970.8066406250
192.775101       953.0344238281
193.155838       977.4711914063
193.536575      1039.6739501953
193.917267      1070.7752685547
194.297943      1088.5474853516
194.678574      1039.6739501953
195.059174      1030.7878417969
195.439743       984.1357421875
195.820282      1017.4586181641
196.200790      1001.9079589844
196.581268       984.1357421875
196.961700       970.8066406250
197.342117       957.4774780273
197.722488       988.5787963867
198.102829      1004.1295166016
198.483154       968.5850830078
198.863434      1053.0030517578
199.243698      1024.1231689453
199.623901       977.4711914063
200.004089      1037.4523925781
200.384247      1021.9016723633
200.764389       984.1357421875
201.144485      1006.3510131836
201.524536       995.2434082031
201.904572      1004.1295166016
202.284561      1015.2371215820
202.664520       953.0344238281
203.044449       937.4837036133
203.424362       981.9142456055
203.804214      1001.9079589844
204.184067      1001.9079589844
204.563858       919.7115478516
204.943649       924.1546020508
205.323380       930.8191528320
205.703094       933.0407104492
206.082764       977.4711914063
206.462418      1008.5725708008
206.842026       948.5913696289
207.221588      1013.0156250000
207.601166      1019.6801757813
207.980667       944.1483154297
208.360153       959.6989746094
208.739609       939.7052612305
209.119034       984.1357421875
209.498428       924.1546020508
209.877777       990.8003540039
210.257111       977.4711914063
210.636398       984.1357421875
211.015656       966.3635864258
211.394882       961.9205322266
211.774094       968.5850830078
212.153244       981.9142456055
212.532394       964.1420288086
212.911484       977.4711914063
213.290543       939.7052612305
213.669571      1013.0156250000
214.048584       961.9205322266
214.427567       966.3635864258
214.806488       961.9205322266
215.185410       930.8191528320
215.564270       939.7052612305
215.943115       953.0344238281
216.321930       975.2496337891
216.700714       908.6038818359
217.079437       977.4711914063
217.458176       970.8066406250
217.836838      1015.2371215820
218.215485       979.6926879883
218.594101       959.6989746094
218.972687       919.7115478516
219.351227      1017.4586181641
219.729752      1030.7878417969
220.108246       955.2559204102
220.486694       979.6926879883
220.865128      1004.1295166016
221.243515       924.1546020508
221.621872       993.0218505859
222.000183      1035.2308349609
222.378494       968.5850830078
222.756744       968.5850830078
223.134964       959.6989746094
223.513153       961.9205322266
223.891327       988.5787963867
224.269455       988.5787963867
224.647552       986.3572998047
225.025620       928.5976562500
225.403656       946.3698120117
225.781647      1001.9079589844
226.159622      1008.5725708008
226.537552       979.6926879883
226.915436       901.9393310547
227.293335       946.3698120117
227.671158       910.8254394531
228.048950       944.1483154297
228.426727       926.3760986328
228.804459       926.3760986328
229.182175       979.6926879883
229.559845       997.4649047852
229.937500       921.9330444336
230.315094       928.5976562500
230.692673       977.4711914063
231.070221       984.1357421875
231.447723       917.4899902344
231.825180       950.8128662109
232.202652       941.9267578125
232.580048       939.7052612305
232.957428       950.8128662109
233.334778      1037.4523925781
233.712097      1013.0156250000
234.089386       961.9205322266
234.466614       961.9205322266
234.843842      1006.3510131836
235.221024       890.8317260742
235.598175       933.0407104492
235.975281       953.0344238281
236.352386       986.3572998047
236.729431       979.6926879883
237.106445      1030.7878417969
237.483414       984.1357421875
237.860382       964.1420288086
238.237305      1008.5725708008
238.614182       995.2434082031
238.991043       910.8254394531
239.367859       975.2496337891
239.744644       948.5913696289
240.121414       959.6989746094
240.498138       933.0407104492
240.874817      1030.7878417969
241.251480      1015.2371215820
241.628098       988.5787963867
242.004700       957.4774780273
242.381241       950.8128662109
242.757782       955.2559204102
243.134262       973.0281372070
243.510727       977.4711914063
243.887146       984.1357421875
244.263535      1035.2308349609
244.639893       997.4649047852
245.016220       948.5913696289
245.392517       984.1357421875
245.768768       981.9142456055
246.145020       970.8066406250
246.521194       970.8066406250
246.897354       984.1357421875
247.273483       930.8191528320
247.649567       939.7052612305
248.025650       973.0281372070
248.401672       990.8003540039
248.777664       986.3572998047
249.153641       981.9142456055
249.529556      1010.7940673828
249.905457       981.9142456055
250.281326       966.3635864258
250.657135       953.0344238281
251.032959       964.1420288086
251.408707       981.9142456055
251.784424       944.1483154297
252.160126       977.4711914063
252.535797       933.0407104492
252.911423       973.0281372070
253.287018       966.3635864258
253.662582       948.5913696289
254.038116      1001.9079589844
254.413605      1019.6801757813
254.789063       961.9205322266
255.164505       964.1420288086
255.539886      1013.0156250000
255.915268       959.6989746094
256.290588       993.0218505859
256.665894      1013.0156250000
257.041168      1013.0156250000
257.416351      1030.7878417969
257.791565      1059.6676025391
258.166779       973.0281372070
258.541870      1033.0092773438
258.916962       970.8066406250
259.292023      1019.6801757813
259.667023      1017.4586181641
260.042053       937.4837036133
260.416992       988.5787963867
260.791931      1015.2371215820
261.166809       970.8066406250
261.541687       993.0218505859
261.916504       981.9142456055
262.291321       953.0344238281
262.666077       957.4774780273
263.040802       997.4649047852
263.415497      1015.2371215820
263.790161       999.6864624023
264.164795       939.7052612305
264.539368       904.1608276367
264.913910       950.8128662109
265.288452       966.3635864258
265.662964      1010.7940673828
266.037384       968.5850830078
266.411865      1048.5600585938
266.786224      1035.2308349609
267.160583       966.3635864258
267.534912      1026.3447265625
267.909210       886.3886718750
268.283447      1004.1295166016
268.657654       993.0218505859
269.031860       984.1357421875
269.406006       961.9205322266
269.780151       973.0281372070
270.154236       993.0218505859
270.528290       961.9205322266
270.902283       926.3760986328
271.276306       953.0344238281
271.650238       961.9205322266
272.024170       946.3698120117
272.398041       997.4649047852
272.771881      1013.0156250000
273.145721      1008.5725708008
273.519531       928.5976562500
273.893219       981.9142456055
274.266937      1046.3385009766
274.640656       910.8254394531
275.014282       997.4649047852
275.387909       948.5913696289
275.761475       995.2434082031
276.135040       957.4774780273
276.508514       959.6989746094
276.882019       973.0281372070
277.255463      1075.2182617188
277.628906       948.5913696289
278.002258      1001.9079589844
278.375549       873.0595092773
278.748901       890.8317260742
279.122162       990.8003540039
279.495392      1008.5725708008
279.868622       957.4774780273
280.241791       928.5976562500
280.614929       924.1546020508
280.988007       986.3572998047
281.361084       977.4711914063
281.734131      1019.6801757813
282.107117       944.1483154297
282.480072      1015.2371215820
282.853027       941.9267578125
283.225952      1064.1107177734
283.598785       964.1420288086
283.971619       964.1420288086
284.344452      1006.3510131836
284.717194       919.7115478516
285.089905      1017.4586181641
285.462616       968.5850830078
285.835297       959.6989746094
286.207886       933.0407104492
286.580475       910.8254394531
286.953064       901.9393310547
287.325592       993.0218505859
287.698059       957.4774780273
288.070496       977.4711914063
288.442963       979.6926879883
288.815308       961.9205322266
289.187683       988.5787963867
289.559998       961.9205322266
289.932281       997.4649047852
290.304504       986.3572998047
290.676727       999.6864624023
291.048920       968.5850830078
291.421082       966.3635864258
291.793182       999.6864624023
292.165222       933.0407104492
292.537292       953.0344238281
292.909332       975.2496337891
293.281281       939.7052612305
293.653198       928.5976562500
294.025116       997.4649047852
294.397003       986.3572998047
294.768860       948.5913696289
295.140656       968.5850830078
295.512390       930.8191528320
295.884125       988.5787963867
296.255829       944.1483154297
296.627502      1010.7940673828
296.999146       964.1420288086
297.370728       926.3760986328
297.742249       997.4649047852
298.113831       953.0344238281
298.485291       964.1420288086
298.856781      1026.3447265625
299.228149       986.3572998047
299.599579       977.4711914063
299.970917       973.0281372070
300.342224      1004.1295166016
300.713531      1030.7878417969
301.084778       959.6989746094
301.455994       973.0281372070
301.827148       961.9205322266
302.198334       950.8128662109
302.569427       924.1546020508
302.940521       944.1483154297
303.311554       964.1420288086
303.682556       979.6926879883
304.053528       886.3886718750
304.424469      1008.5725708008
304.795380       957.4774780273
305.166260       937.4837036133
305.537048      1006.3510131836
305.907837       939.7052612305
306.278625       975.2496337891
306.649384       948.5913696289
307.020050       921.9330444336
307.390686       890.8317260742
307.761353       981.9142456055
308.131897       990.8003540039
308.502502       946.3698120117
308.872986      1017.4586181641
309.243500       953.0344238281
309.613922       950.8128662109
309.984344       984.1357421875
310.354736       959.6989746094
310.725098       990.8003540039
311.095398       928.5976562500
311.465637       979.6926879883
311.835907       941.9267578125
312.206116       993.0218505859
312.576294       950.8128662109
312.946411       913.0469360352
313.316528       981.9142456055
313.686584       935.2622070313
314.056610       959.6989746094
314.426605       979.6926879883
314.796570       986.3572998047
315.166504       921.9330444336
315.536377       908.6038818359
315.906250       968.5850830078
316.276093       935.2622070313
316.645844       995.2434082031
317.015594       973.0281372070
317.385315       944.1483154297
317.755035      1053.0030517578
318.124603       888.6101684570
318.494263       988.5787963867
318.863831       961.9205322266
319.233368       953.0344238281
319.602875      1024.1231689453
319.972351       984.1357421875
320.341797       953.0344238281
320.711182       966.3635864258
321.080536       955.2559204102
321.449890       946.3698120117
321.819183       921.9330444336
322.188446       919.7115478516
322.557648      1035.2308349609
322.926880       944.1483154297
323.295990       957.4774780273
323.665100       928.5976562500
324.034210       990.8003540039
324.403259       899.7177734375
324.772247       997.4649047852
325.141205      1010.7940673828
325.510193       984.1357421875
325.879120       964.1420288086
326.247955       999.6864624023
326.616791       981.9142456055
326.985596       977.4711914063
327.354340       975.2496337891
327.723053       937.4837036133
328.091797       986.3572998047
328.460449       984.1357421875
328.829071      1050.7814941406
329.197632       953.0344238281
329.566193      1004.1295166016
329.934753      1015.2371215820
330.303192       990.8003540039
330.671631       977.4711914063
331.040070      1055.2246093750
331.408478       973.0281372070
331.776794       950.8128662109
332.145081       970.8066406250
332.513367       977.4711914063
332.881592      1033.0092773438
333.249756      1004.1295166016
333.617920       981.9142456055
333.986084       928.5976562500
334.354156       913.0469360352
334.722229      1019.6801757813
335.090240       953.0344238281
335.458252      1010.7940673828
335.826202       973.0281372070
336.194092       935.2622070313
336.561951       973.0281372070
336.929779       975.2496337891
337.297577       921.9330444336
337.665375       979.6926879883
338.033142       950.8128662109
338.400787      1017.4586181641
338.768463       990.8003540039
339.136108      1024.1231689453
339.503693       910.8254394531
339.871246       919.7115478516
340.238770       970.8066406250
340.606262       941.9267578125
340.973755       950.8128662109
341.341125       997.4649047852
341.708527       975.2496337891
342.075867       964.1420288086
342.443146       910.8254394531
342.810425       968.5850830078
343.177673       955.2559204102
343.544861       950.8128662109
343.912018       901.9393310547
344.279114      1033.0092773438
344.646271      1008.5725708008
345.013336      1008.5725708008
345.380341       933.0407104492
345.747314       919.7115478516
346.114258       957.4774780273
346.481171       950.8128662109
346.848022       975.2496337891
347.214905       999.6864624023
347.581726       926.3760986328
347.948456       950.8128662109
348.315186       961.9205322266
348.681885       959.6989746094
349.048584      1033.0092773438
349.415161       946.3698120117
349.781738       946.3698120117
350.148346       977.4711914063
350.514862       955.2559204102
350.881287      1039.6739501953
351.247742       966.3635864258
351.614197      1013.0156250000
351.980530      1039.6739501953
352.346863       890.8317260742
352.713165       966.3635864258
353.079437       915.2684936523
353.445679       953.0344238281
353.811859       975.2496337891
354.178009      1006.3510131836
354.544159       875.2810058594
354.910217      1053.0030517578
355.276276       906.3823852539
355.642303       935.2622070313
356.008270       986.3572998047
356.374176      1046.3385009766
356.740112      1028.5662841797
357.105988       955.2559204102
357.471802      1004.1295166016
357.837585       973.0281372070
358.203339       959.6989746094
358.569092      1024.1231689453
358.934753       966.3635864258
359.300415       988.5787963867
359.666016       981.9142456055
360.031616      1028.5662841797
360.397125      1057.4460449219
360.762634       979.6926879883
361.128143       975.2496337891
361.493530       950.8128662109
361.858917       988.5787963867
362.224274       950.8128662109
362.589630       990.8003540039
362.954895       988.5787963867
363.320160       921.9330444336
363.685394       961.9205322266
364.050568       999.6864624023
364.415680       968.5850830078
364.780792       999.6864624023
365.145874       966.3635864258
365.510895      1004.1295166016
365.875854       957.4774780273
366.240845       966.3635864258
366.605774       921.9330444336
366.970642      1044.1169433594
367.335480       917.4899902344
367.700317       939.7052612305
368.065125       979.6926879883
368.429840      1092.9904785156
368.794525       948.5913696289
369.159241       973.0281372070
369.523834       957.4774780273
369.888397       939.7052612305
370.252991      1037.4523925781
370.617554       955.2559204102
370.981995       935.2622070313
371.346436       935.2622070313
371.710846       979.6926879883
372.075256      1006.3510131836
372.439545       941.9267578125
372.803864      1010.7940673828
373.168121       968.5850830078
373.532379       997.4649047852
373.896545       997.4649047852
374.260681       930.8191528320
374.624847       997.4649047852
374.988892       944.1483154297
375.352936       950.8128662109
375.716949      1059.6676025391
376.080933       961.9205322266
376.444855       997.4649047852
376.808716       968.5850830078
377.172638      1033.0092773438
377.536469       950.8128662109
377.900208       997.4649047852
378.263947       975.2496337891
378.627686       939.7052612305
378.991364       990.8003540039
379.354980       973.0281372070
379.718628      1021.9016723633
380.082214       997.4649047852
380.445709      1053.0030517578
380.809174       981.9142456055
381.172668       964.1420288086
381.536072       895.2747192383
381.899475       899.7177734375
382.262787       986.3572998047
382.626129       970.8066406250
382.989380       988.5787963867
383.352631       953.0344238281
383.715790       948.5913696289
384.078979       944.1483154297
384.442078       957.4774780273
384.805145       997.4649047852
385.168243       917.4899902344
385.531250       981.9142456055
385.894226       964.1420288086
386.257141       950.8128662109
386.620056       961.9205322266
386.982941       913.0469360352
387.345734      1006.3510131836
387.708527       986.3572998047
388.071289       941.9267578125
388.433990       937.4837036133
388.796661       993.0218505859
389.159332       933.0407104492
389.521942       981.9142456055
389.884491       939.7052612305
390.247040       981.9142456055
390.609528       961.9205322266
390.971985       995.2434082031
391.334412       988.5787963867
391.696747       939.7052612305
392.059143       959.6989746094
392.421478       990.8003540039
392.783691       977.4711914063
393.145935      1008.5725708008
393.508148       944.1483154297
393.870270       957.4774780273
394.232391       964.1420288086
394.594482       968.5850830078
394.956573       966.3635864258
395.318542      1017.4586181641
395.680511       993.0218505859
396.042450      1015.2371215820
396.404388       950.8128662109
396.766235      1021.9016723633
397.128021      1033.0092773438
397.489838      1004.1295166016
397.851563      1030.7878417969
398.213257       968.5850830078
398.574951       968.5850830078
398.936615       973.0281372070
399.298187       993.0218505859
399.659729       913.0469360352
400.021271      1079.6613769531
400.382751       961.9205322266
400.744202       953.0344238281
401.105621      1004.1295166016
401.466980       953.0344238281
401.828339      1057.4460449219
402.189606       995.2434082031
402.550873      1010.7940673828
402.912140       910.8254394531
403.273285       941.9267578125
403.634430       988.5787963867
403.995544       966.3635864258
404.356659       948.5913696289
404.717651       988.5787963867
405.078674      1004.1295166016
405.439636       953.0344238281
405.800568       939.7052612305
406.161438      1033.0092773438
406.522278      1015.2371215820
406.883118       977.4711914063
407.243866       897.4962768555
407.604584       917.4899902344
407.965302      1046.3385009766
408.325989       933.0407104492
408.686584       924.1546020508
409.047150       970.8066406250
409.407715       981.9142456055
409.768250       957.4774780273
410.128723       988.5787963867
410.489136       941.9267578125
410.849518       964.1420288086
411.209900       995.2434082031
411.570190      1008.5725708008
411.930511       919.7115478516
412.290741       953.0344238281
412.650940      1084.1043701172
413.011078       901.9393310547
413.371246       964.1420288086
413.731354       968.5850830078
414.091400       977.4711914063
414.451385       973.0281372070
414.811401      1039.6739501953
415.171356       988.5787963867
415.531281       979.6926879883
415.891113       955.2559204102
416.250946       901.9393310547
416.610718       999.6864624023
416.970490       961.9205322266
417.330200       973.0281372070
417.689911       988.5787963867
418.049530      1008.5725708008
418.409119      1010.7940673828
418.768707      1017.4586181641
419.128235       917.4899902344
419.487701       946.3698120117
419.847137      1072.9968261719
420.206573       970.8066406250
420.565948       986.3572998047
420.925232       988.5787963867
421.284576       917.4899902344
421.643860       979.6926879883
422.003052       961.9205322266
422.362213       939.7052612305
422.721375       979.6926879883
423.080536      1024.1231689453
423.439575      1001.9079589844
423.798584       995.2434082031
424.157593       948.5913696289
424.516571       946.3698120117
424.875458       944.1483154297
425.234314       935.2622070313
425.593201      1001.9079589844
425.951965       957.4774780273
426.310699      1057.4460449219
426.669495       955.2559204102
427.028168      1004.1295166016
427.386810       970.8066406250
427.745392      1006.3510131836
428.103973       979.6926879883
428.462524      1055.2246093750
428.821045       941.9267578125
429.179504       997.4649047852
429.537903      1008.5725708008
429.896271       973.0281372070
430.254608       928.5976562500
430.612915      1015.2371215820
430.971222       999.6864624023
431.329437       988.5787963867
431.687622       930.8191528320
432.045776       935.2622070313
432.403900       946.3698120117
432.761993      1006.3510131836
433.119995      1001.9079589844
433.477997       946.3698120117
433.835968       977.4711914063
434.193909       966.3635864258
434.551758      1008.5725708008
434.909637       953.0344238281
435.267395       981.9142456055
435.625183      1013.0156250000
435.982910       957.4774780273
436.340607       937.4837036133
436.698273       990.8003540039
437.055878       904.1608276367
437.413452       944.1483154297
437.770996       979.6926879883
438.128479       935.2622070313
438.485962       979.6926879883
438.843384      1013.0156250000
439.200775       977.4711914063
439.558136       933.0407104492
439.915405       957.4774780273
440.272705       986.3572998047
440.629883       973.0281372070
440.987091       977.4711914063
441.344238       941.9267578125
441.701355       890.8317260742
442.058441       913.0469360352
442.415436       988.5787963867
442.772461       950.8128662109
443.129425       933.0407104492
443.486359       915.2684936523
443.843231       937.4837036133
444.200104       999.6864624023
444.556885       957.4774780273
444.913635       975.2496337891
445.270355       926.3760986328
445.627075       968.5850830078
445.983704       904.1608276367
446.340302       957.4774780273
446.696869       915.2684936523
447.053436      1008.5725708008
447.409912       950.8128662109
447.766357       984.1357421875
448.122803      1039.6739501953
448.479156       988.5787963867
448.835510      1033.0092773438
449.191772      1028.5662841797
449.548096       995.2434082031
449.904297       977.4711914063
450.260437       946.3698120117
450.616608       919.7115478516
450.972687       968.5850830078
451.328796       970.8066406250
451.684814       964.1420288086
452.040833       966.3635864258
452.396729      1021.9016723633
452.752655       946.3698120117
453.108551       939.7052612305
453.464355       935.2622070313
453.820160       937.4837036133
454.175934       948.5913696289
454.531616       944.1483154297
454.887299      1021.9016723633
455.242950       984.1357421875
455.598541       968.5850830078
455.954102       995.2434082031
456.309601      1024.1231689453
456.665131       944.1483154297
457.020538      1021.9016723633
457.375977       997.4649047852
457.731323       981.9142456055
458.086670      1001.9079589844
458.441956      1006.3510131836
458.797211       899.7177734375
459.152405       941.9267578125
459.507538      1006.3510131836
459.862701      1017.4586181641
460.217773       968.5850830078
460.572845       955.2559204102
460.927856       946.3698120117
461.282837       959.6989746094
461.637756       948.5913696289
461.992645       946.3698120117
462.347504       966.3635864258
462.702332       946.3698120117
463.057129       941.9267578125
463.411835       928.5976562500
463.766541       937.4837036133
464.121185       961.9205322266
464.475830      1008.5725708008
464.830383      1008.5725708008
465.184937       975.2496337891
465.539429       964.1420288086
465.893921      1010.7940673828
466.248322       959.6989746094
466.602753      1008.5725708008
466.957062       930.8191528320
467.311371       957.4774780273
467.665619       915.2684936523
468.019897       981.9142456055
468.374054       981.9142456055
468.728180      1004.1295166016
469.082306       993.0218505859
469.436371       981.9142456055
469.790405       915.2684936523
470.144379      1030.7878417969
470.498352       955.2559204102
470.852264       930.8191528320
471.206146       997.4649047852
471.559967       964.1420288086
471.913788      1013.0156250000
472.267487      1017.4586181641
472.621246       890.8317260742
472.974915      1021.9016723633
473.328522       964.1420288086
473.682129      1026.3447265625
474.035675       935.2622070313
474.389191       970.8066406250
474.742676      1033.0092773438
475.096130       973.0281372070
475.449493       990.8003540039
475.802856       977.4711914063
476.156189       921.9330444336
476.509460       993.0218505859
476.862732       961.9205322266
477.215912       953.0344238281
477.569061       993.0218505859
477.922150       935.2622070313
478.275299       946.3698120117
478.628296       953.0344238281
478.981323      1035.2308349609
479.334259      1004.1295166016
479.687195       997.4649047852
480.040070       979.6926879883
480.392914       937.4837036133
480.745728       953.0344238281
481.098511       999.6864624023
481.451202      1041.8953857422
481.803925       997.4649047852
482.156525       988.5787963867
482.509125      1019.6801757813
482.861694       977.4711914063
483.214233       995.2434082031
483.566711       988.5787963867
483.919128      1004.1295166016
484.271576       981.9142456055
484.623901       984.1357421875
484.976257       959.6989746094
485.328522       939.7052612305
485.680786       935.2622070313
486.032959       910.8254394531
486.385132       924.1546020508
486.737274       999.6864624023
487.089325      1050.7814941406
487.441376       921.9330444336
487.793396       961.9205322266
488.145386       937.4837036133
488.497284       924.1546020508
488.849182       977.4711914063
489.201019       988.5787963867
489.552826      1008.5725708008
489.904572      1010.7940673828
490.256317      1037.4523925781
490.608002      1008.5725708008
490.959656       981.9142456055
491.311249      1021.9016723633
491.662811       990.8003540039
492.014343       984.1357421875
492.365814      1033.0092773438
492.717285       939.7052612305
493.068665       959.6989746094
493.420044       986.3572998047
493.771362       906.3823852539
494.122650      1024.1231689453
494.473877       973.0281372070
494.825104      1048.5600585938
495.176270       904.1608276367
495.527374       968.5850830078
495.878479       926.3760986328
496.229492      1024.1231689453
496.580536       990.8003540039
496.931458      1008.5725708008
497.282379       979.6926879883
497.633270       964.1420288086
497.984131       939.7052612305
498.334900       944.1483154297
498.685669       973.0281372070
499.036377       901.9393310547
499.387115       970.8066406250
499.737701       981.9142456055
500.088318       928.5976562500
500.438904      1019.6801757813
500.789429      1021.9016723633
501.139893       926.3760986328
501.490295      1035.2308349609
501.840729       993.0218505859
502.191040       955.2559204102
502.541382       981.9142456055
502.891663      1008.5725708008
503.241913      1006.3510131836
503.592133      1001.9079589844
503.942322       930.8191528320
504.292358       953.0344238281
504.642395       950.8128662109
504.992432       937.4837036133
505.342468       959.6989746094
505.692413       966.3635864258
506.042358      1008.5725708008
506.392242      1015.2371215820
506.742035      1004.1295166016
507.091858      1008.5725708008
507.441528       953.0344238281
507.791290       981.9142456055
508.140961       961.9205322266
508.490601       984.1357421875
508.840210       944.1483154297
509.189697       913.0469360352
509.539215       924.1546020508
509.888641      1017.4586181641
510.238098       961.9205322266
510.587494       959.6989746094
510.936859      1037.4523925781
511.286194       977.4711914063
511.635498       984.1357421875
511.984650       977.4711914063
512.333862       981.9142456055
512.682922      1013.0156250000
513.032043       999.6864624023
513.381104      1001.9079589844
513.730164       990.8003540039
514.079163      1061.8891601563
514.428040       988.5787963867
514.776978       977.4711914063
515.125793       953.0344238281
515.474609      1037.4523925781
515.823425      1039.6739501953
516.172180       921.9330444336
516.520813       999.6864624023
516.869568       937.4837036133
517.218079       970.8066406250
517.566650       926.3760986328
517.915161       990.8003540039
518.263672      1013.0156250000
518.612183      1033.0092773438
518.960571       986.3572998047
519.308899       995.2434082031
519.657227       995.2434082031
520.005554       926.3760986328
520.353699       957.4774780273
520.701904       993.0218505859
521.050110       995.2434082031
521.398254       964.1420288086
521.746338       917.4899902344
522.094421       917.4899902344
522.442383      1053.0030517578
522.790222       977.4711914063
523.138184      1039.6739501953
523.486145      1001.9079589844
523.833984       930.8191528320
524.181763       939.7052612305
524.529541       970.8066406250
524.877197       955.2559204102
525.224915       941.9267578125
525.572449       946.3698120117
525.920105       986.3572998047
526.267639       970.8066406250
526.615173       950.8128662109
526.962646       968.5850830078
527.309998       899.7177734375
527.657410       984.1357421875
528.004700       990.8003540039
528.351990       919.7115478516
528.699280       904.1608276367
529.046509       953.0344238281
529.393677       950.8128662109
529.740845       921.9330444336
530.087891      1006.3510131836
530.434998       946.3698120117
530.781921       941.9267578125
531.128906      1030.7878417969
531.475891       955.2559204102
531.822815       926.3760986328
532.169617       944.1483154297
532.516418       999.6864624023
532.863159       993.0218505859
533.209839       995.2434082031
533.556580       917.4899902344
533.903198       975.2496337891
534.249817      1004.1295166016
534.596436       993.0218505859
534.942932      1017.4586181641
535.289368      1017.4586181641
535.635803       973.0281372070
535.982178       941.9267578125
536.328552       995.2434082031
536.674805      1030.7878417969
537.021118       993.0218505859
537.367371       993.0218505859
537.713501       990.8003540039
538.059692      1024.1231689453
538.405701      1017.4586181641
538.751831       953.0344238281
539.097839      1013.0156250000
539.443787       939.7052612305
539.789734       979.6926879883
540.135620       953.0344238281
540.481506       939.7052612305
540.827209       999.6864624023
541.173035       961.9205322266
541.518799       986.3572998047
541.864502       937.4837036133
542.210144       977.4711914063
542.555786       970.8066406250
542.901245       888.6101684570
543.246826      1035.2308349609
543.592285       975.2496337891
543.937683       890.8317260742
544.283142       937.4837036133
544.628479       908.6038818359
544.973816       993.0218505859
545.319031       904.1608276367
545.664307       990.8003540039
546.009399      1001.9079589844
546.354614      1017.4586181641
546.699707       957.4774780273
547.044739       973.0281372070
547.389832       997.4649047852
547.734802       961.9205322266
548.079712       993.0218505859
548.424622      1001.9079589844
548.769409       999.6864624023
549.114258       933.0407104492
549.459045       986.3572998047
549.803772       875.2810058594
550.148499       997.4649047852
550.493103       986.3572998047
550.837708       997.4649047852
551.182190       973.0281372070
551.526733       948.5913696289
551.871216      1017.4586181641
552.215698       964.1420288086
552.560120      1008.5725708008
552.904480      1017.4586181641
553.248718       990.8003540039
553.592957       904.1608276367
553.937195      1001.9079589844
554.281372       977.4711914063
554.625549       993.0218505859
554.969666      1021.9016723633
555.313721       981.9142456055
555.657654       939.7052612305
556.001709       893.0532226563
556.345581       957.4774780273
556.689514       948.5913696289
557.033325       937.4837036133
557.377197       910.8254394531
557.720947      1008.5725708008
558.064575       986.3572998047
558.408264       981.9142456055
558.751892       993.0218505859
559.095520      1019.6801757813
559.439087      1053.0030517578
559.782654      1019.6801757813
560.126099       919.7115478516
560.469543       961.9205322266
560.812927       924.1546020508
561.156250       986.3572998047
561.499512       901.9393310547
561.842773       973.0281372070
562.185974       946.3698120117
562.529175       964.1420288086
562.872314      1026.3447265625
563.215332       979.6926879883
563.558472       966.3635864258
563.901367       986.3572998047
564.244385       990.8003540039
564.587341       957.4774780273
564.930237       981.9142456055
565.273071      1001.9079589844
565.615845       973.0281372070
565.958557       955.2559204102
566.301331       970.8066406250
566.643860       890.8317260742
566.986511       953.0344238281
567.329163       995.2434082031
567.671692       957.4774780273
568.014221       917.4899902344
568.356628       961.9205322266
568.699036      1061.8891601563
569.041321       946.3698120117
569.383728       946.3698120117
569.726013       953.0344238281
570.068298       948.5913696289
570.410461       941.9267578125
570.752686       973.0281372070
571.094727      1053.0030517578
571.436768      1019.6801757813
571.778809       955.2559204102
572.120850       990.8003540039
572.462769       944.1483154297
572.804688       933.0407104492
573.146606      1008.5725708008
573.488342       997.4649047852
573.830139       964.1420288086
574.171814       917.4899902344
574.513550       990.8003540039
574.855164       977.4711914063
575.196838      1055.2246093750
575.538391       970.8066406250
575.879883       964.1420288086
576.221375       948.5913696289
576.562744       977.4711914063
576.904175       926.3760986328
577.245483       995.2434082031
577.586792       981.9142456055
577.928101       997.4649047852
578.269348      1013.0156250000
578.610535      1019.6801757813
578.951660       948.5913696289
579.292664       981.9142456055
579.633728      1006.3510131836
579.974792      1017.4586181641
580.315796       953.0344238281
580.656677       997.4649047852
580.997498       946.3698120117
581.338379      1017.4586181641
581.679138       966.3635864258
582.019897       946.3698120117
582.360657      1001.9079589844
582.701294      1004.1295166016
583.041931      1035.2308349609
583.382507       988.5787963867
583.723022       999.6864624023
584.063538       957.4774780273
584.403931       977.4711914063
584.744385      1030.7878417969
585.084778       999.6864624023
585.425110       977.4711914063
585.765381       981.9142456055
586.105591      1004.1295166016
586.445801       997.4649047852
586.785889       957.4774780273
587.125977       924.1546020508
587.466064       990.8003540039
587.806152       953.0344238281
588.146118       957.4774780273
588.486023      1028.5662841797
588.825928       933.0407104492
589.165710       986.3572998047
589.505554       908.6038818359
589.845337       926.3760986328
590.185120      1046.3385009766
590.524780      1053.0030517578
590.864441      1010.7940673828
591.203918       917.4899902344
591.543518       964.1420288086
591.882996       990.8003540039
592.222473       950.8128662109
592.561890      1008.5725708008
592.901306       895.2747192383
593.240662       946.3698120117
593.579895       968.5850830078
593.919128       926.3760986328
594.258301       999.6864624023
594.597473      1055.2246093750
594.936646       975.2496337891
595.275696       986.3572998047
595.614807       941.9267578125
595.953796       921.9330444336
596.292725      1017.4586181641
596.631592       966.3635864258
596.970398       970.8066406250
597.309204       970.8066406250
597.648010       997.4649047852
597.986755       988.5787963867
598.325500       906.3823852539
598.664124       924.1546020508
599.002686      1037.4523925781
599.341187       975.2496337891
599.679749      1021.9016723633
600.018250       988.5787963867
600.356628       984.1357421875
600.695068       979.6926879883
601.033386       981.9142456055
601.371643       970.8066406250
601.709900       930.8191528320
602.048035       937.4837036133
602.386292       961.9205322266
602.724426       933.0407104492
603.062500       977.4711914063
603.400574       995.2434082031
603.738525       993.0218505859
604.076477       993.0218505859
604.414307       966.3635864258
604.752197       988.5787963867
605.090027       964.1420288086
605.427795       979.6926879883
605.765564       975.2496337891
606.103210      1024.1231689453
606.440857       990.8003540039
606.778442       953.0344238281
607.115967       966.3635864258
607.453552       973.0281372070
607.791016      1001.9079589844
608.128418       917.4899902344
608.465820       981.9142456055
608.803162      1037.4523925781
609.140442       995.2434082031
609.477661       941.9267578125
609.814880       935.2622070313
610.152100       946.3698120117
610.489258       973.0281372070
610.826294      1017.4586181641
611.163269       975.2496337891
611.500305       975.2496337891
611.837219       999.6864624023
612.174072       999.6864624023
612.510986       968.5850830078
612.847839       979.6926879883
613.184570      1015.2371215820
613.521362       999.6864624023
613.857971       935.2622070313
614.194641       981.9142456055
614.531189       993.0218505859
614.867737       995.2434082031
615.204285       924.1546020508
615.540771      1028.5662841797
615.877197      1035.2308349609
616.213562      1026.3447265625
616.549927       986.3572998047
616.886169       979.6926879883
617.222351      1037.4523925781
617.558594      1026.3447265625
617.894775      1019.6801757813
618.230896      1037.4523925781
618.566956      1004.1295166016
618.902954       993.0218505859
619.238953      1013.0156250000
619.574890       933.0407104492
619.910767       999.6864624023
620.246643       944.1483154297
620.582458      1004.1295166016
620.918213       899.7177734375
621.253967       961.9205322266
621.589661      1017.4586181641
621.925232       964.1420288086
622.260803       930.8191528320
622.596375      1033.0092773438
622.931885       953.0344238281
623.267334      1039.6739501953
623.602722       981.9142456055
623.938110       915.2684936523
624.273376       946.3698120117
624.608643       959.6989746094
624.943848       966.3635864258
625.279114       959.6989746094
625.614258       986.3572998047
625.949341      1030.7878417969
626.284424      1015.2371215820
626.619446       948.5913696289
626.954407       886.3886718750
627.289307       935.2622070313
627.624207      1008.5725708008
627.959045       970.8066406250
628.293884       928.5976562500
628.628601      1021.9016723633
628.963257       986.3572998047
629.297913       988.5787963867
629.632507       966.3635864258
629.967102       961.9205322266
630.301697       946.3698120117
630.636169       984.1357421875
630.970581       975.2496337891
631.304993       995.2434082031
631.639282      1010.7940673828
631.973572      1004.1295166016
632.307861       999.6864624023
632.642090      1019.6801757813
632.976257       948.5913696289
633.310425       939.7052612305
633.644470       908.6038818359
633.978516      1066.3321533203
634.312439       935.2622070313
634.646423       981.9142456055
634.980347       950.8128662109
635.314209       924.1546020508
635.648071       939.7052612305
635.981812       924.1546020508
636.315552       917.4899902344
636.649170      1015.2371215820
636.982849       995.2434082031
637.316406       961.9205322266
637.649963       997.4649047852
637.983521       950.8128662109
638.317017       986.3572998047
638.650391       975.2496337891
638.983765      1024.1231689453
639.317078       995.2434082031
639.650391       999.6864624023
639.983643      1039.6739501953
640.316833      1026.3447265625
640.649963      1028.5662841797
640.983032      1004.1295166016
641.316101       979.6926879883
641.649109       988.5787963867
641.982056      1001.9079589844
642.315002       955.2559204102
642.647888       988.5787963867
642.980774       981.9142456055
643.313538       979.6926879883
643.646301      1077.4398193359
643.979004      1026.3447265625
644.311646      1017.4586181641
644.644226       935.2622070313
644.976868      1013.0156250000
645.309387       921.9330444336
645.641846      1015.2371215820
645.974243       957.4774780273
646.306702       926.3760986328
646.638977      1001.9079589844
646.971252       997.4649047852
647.303528       977.4711914063
647.635803       930.8191528320
647.967957       995.2434082031
648.300110       917.4899902344
648.632141      1013.0156250000
648.964111       959.6989746094
649.296082       964.1420288086
649.628113       948.5913696289
649.960022       977.4711914063
650.291870       937.4837036133
650.623718       993.0218505859
650.955383       950.8128662109
651.287109      1037.4523925781
651.618774       975.2496337891
651.950378      1041.8953857422
652.281982       941.9267578125
652.613586       990.8003540039
652.945068       999.6864624023
653.276489       959.6989746094
653.607910      1010.7940673828
653.939209      1050.7814941406
654.270569       957.4774780273
654.601807       993.0218505859
654.933105      1035.2308349609
655.264221       955.2559204102
655.595398      1021.9016723633
655.926453      1079.6613769531
656.257507       910.8254394531
656.588440       966.3635864258
656.919434       986.3572998047
657.250366       959.6989746094
657.581238       997.4649047852
657.912048       966.3635864258
658.242798       928.5976562500
658.573486      1008.5725708008
658.904114       966.3635864258
659.234802       930.8191528320
659.565430       968.5850830078
659.895996       981.9142456055
660.226501       933.0407104492
660.556946       979.6926879883
660.887329      1008.5725708008
661.217712       946.3698120117
661.547974      1030.7878417969
661.878296      1075.2182617188
662.208557      1026.3447265625
662.538757       993.0218505859
662.868896      1048.5600585938
663.198975       975.2496337891
663.528992       990.8003540039
663.859009      1039.6739501953
664.188904       981.9142456055
664.518860       984.1357421875
664.848755      1008.5725708008
665.178589       968.5850830078
665.508362      1017.4586181641
665.838013       915.2684936523
666.167725      1013.0156250000
666.497375       901.9393310547
666.826965       993.0218505859
667.156494       930.8191528320
667.486084       950.8128662109
667.815552       948.5913696289
668.144897       970.8066406250
668.474304      1008.5725708008
668.803528       950.8128662109
669.132813       970.8066406250
669.462036       955.2559204102
669.791260       986.3572998047
670.120422       953.0344238281
670.449463       990.8003540039
670.778564      1010.7940673828
671.107544      1021.9016723633
671.436523       944.1483154297
671.765381       928.5976562500
672.094299       968.5850830078
672.423157       979.6926879883
672.751831       984.1357421875
673.080627      1024.1231689453
673.409302       977.4711914063
673.737976       926.3760986328
674.066528      1006.3510131836
674.395081      1028.5662841797
674.723572       964.1420288086
675.052002       957.4774780273
675.380432       906.3823852539
675.708801      1021.9016723633
676.037170       946.3698120117
676.365417       948.5913696289
676.693665      1001.9079589844
677.021851       908.6038818359
677.349976      1028.5662841797
677.678040       977.4711914063
678.006042       901.9393310547
678.334106      1046.3385009766
678.662048       964.1420288086
678.989929       928.5976562500
679.317810       955.2559204102
679.645630       993.0218505859
679.973389      1013.0156250000
680.301086       933.0407104492
680.628845      1061.8891601563
680.956482       955.2559204102
681.283997       939.7052612305
681.611572       973.0281372070
681.939087      1004.1295166016
682.266541      1075.2182617188
682.593872      1015.2371215820
682.921265       961.9205322266
683.248596       979.6926879883
683.575806       930.8191528320
683.903076       913.0469360352
684.230286      1006.3510131836
684.557373       959.6989746094
684.884399      1006.3510131836
685.211487       981.9142456055
685.538513       988.5787963867
685.865417       948.5913696289
686.192261       990.8003540039
686.519165      1024.1231689453
686.845947      1061.8891601563
687.172729       981.9142456055
687.499451       941.9267578125
687.826111      1010.7940673828
688.152771       990.8003540039
688.479248       993.0218505859
688.805847       979.6926879883
689.132324      1001.9079589844
689.458801       937.4837036133
689.785095       908.6038818359
690.111511       959.6989746094
690.437805       970.8066406250
690.764038       977.4711914063
691.090210      1008.5725708008
691.416443      1019.6801757813
691.742554       975.2496337891
692.068604       953.0344238281
692.394592       959.6989746094
692.720581       986.3572998047
693.046509      1021.9016723633
693.372375      1001.9079589844
693.698242       968.5850830078
694.023987      1004.1295166016
694.349792       979.6926879883
694.675476       899.7177734375
695.001099       864.1734008789
695.326721       937.4837036133
695.652222      1072.9968261719
695.977783      1026.3447265625
696.303284      1048.5600585938
696.628723       984.1357421875
696.954041       953.0344238281
697.279358       941.9267578125
697.604675       986.3572998047
697.929871       886.3886718750
698.255066       915.2684936523
698.580200       961.9205322266
698.905334       919.7115478516
699.230286       977.4711914063
699.555359      1024.1231689453
699.880310      1048.5600585938
700.205261       968.5850830078
700.530029       941.9267578125
700.854919       959.6989746094
701.179688       910.8254394531
701.504456      1021.9016723633
701.829102      1008.5725708008
702.153687       957.4774780273
702.478271      1030.7878417969
702.802856       975.2496337891
703.127319       946.3698120117
703.451721       946.3698120117
703.776123       986.3572998047
704.100464      1088.5474853516
704.424805       961.9205322266
704.749084       986.3572998047
705.073303       948.5913696289
705.397461       981.9142456055
705.721558       970.8066406250
706.045654       946.3698120117
706.369690       955.2559204102
706.693604       981.9142456055
707.017578       950.8128662109
707.341431       955.2559204102
707.665283       953.0344238281
707.989075      1013.0156250000
708.312805       964.1420288086
708.636536       975.2496337891
708.960144       975.2496337891
709.283752       973.0281372070
709.607361       966.3635864258
709.930847       975.2496337891
710.254333       910.8254394531
710.577759       946.3698120117
710.901062       939.7052612305
711.224426       959.6989746094
711.547668       973.0281372070
711.870911       946.3698120117
712.194153       957.4774780273
712.517212       966.3635864258
712.840332       975.2496337891
713.163391       950.8128662109
713.486389      1048.5600585938
713.809326       970.8066406250
714.132202       979.6926879883
714.455078       997.4649047852
714.777893       973.0281372070
715.100586       973.0281372070
715.423401       964.1420288086
715.746094       968.5850830078
716.068604       968.5850830078
716.391235       935.2622070313
716.713745      1024.1231689453
717.036255       946.3698120117
717.358643      1028.5662841797
717.681030       957.4774780273
718.003418      1017.4586181641
718.325745      1001.9079589844
718.647888       966.3635864258
718.970154      1019.6801757813
719.292297       935.2622070313
719.614380      1072.9968261719
719.936401       990.8003540039
720.258423       966.3635864258
720.580383      1077.4398193359
720.902283      1048.5600585938
721.224182       908.6038818359
721.545959       979.6926879883
721.867737      1001.9079589844
722.189453       944.1483154297
722.511169       977.4711914063
722.832764       955.2559204102
723.154419      1021.9016723633
723.475952       959.6989746094
723.797424      1055.2246093750
724.118896       984.1357421875
724.440247       926.3760986328
724.761597      1055.2246093750
725.082886       966.3635864258
725.404175      1010.7940673828
725.725342       899.7177734375
726.046509       975.2496337891
726.367615       966.3635864258
726.688721       973.0281372070
727.009644      1015.2371215820
727.330688       957.4774780273
727.651611       955.2559204102
727.972473      1017.4586181641
728.293274       935.2622070313
728.614075       995.2434082031
728.934814      1021.9016723633
729.255493      1001.9079589844
729.576172      1015.2371215820
729.896729       959.6989746094
730.217285       999.6864624023
730.537720       979.6926879883
730.858215      1004.1295166016
731.178650      1008.5725708008
731.498962       977.4711914063
731.819214       933.0407104492
732.139526       986.3572998047
732.459778       921.9330444336
732.779846       979.6926879883
733.100037       966.3635864258
733.420105       973.0281372070
733.740112       953.0344238281
734.060059       955.2559204102
734.380066       977.4711914063
734.699890       975.2496337891
735.019775      1001.9079589844
735.339478       973.0281372070
735.659241      1019.6801757813
735.978943       895.2747192383
736.298584       968.5850830078
736.618164       950.8128662109
736.937744       973.0281372070
737.257263       986.3572998047
737.576599       993.0218505859
737.896057       979.6926879883
738.215393       955.2559204102
738.534729       948.5913696289
738.853943      1001.9079589844
739.173157       979.6926879883
739.492371       944.1483154297
739.811523       979.6926879883
740.130493       988.5787963867
740.449524      1001.9079589844
740.768555       966.3635864258
741.087463       977.4711914063
741.406311      1013.0156250000
741.725159       941.9267578125
742.043945       935.2622070313
742.362610       993.0218505859
742.681396       959.6989746094
743.000061       981.9142456055
743.318604      1017.4586181641
743.637146       944.1483154297
743.955627       964.1420288086
744.274109       933.0407104492
744.592407       948.5913696289
744.910828       964.1420288086
745.229126       904.1608276367
745.547424       964.1420288086
745.865540       953.0344238281
746.183777       957.4774780273
746.501892       995.2434082031
746.819946       981.9142456055
747.137939       899.7177734375
747.455872       926.3760986328
747.773865       966.3635864258
748.091736       975.2496337891
748.409485      1021.9016723633
748.727295       990.8003540039
749.045044       921.9330444336
749.362671       995.2434082031
749.680298      1024.1231689453
749.997925       921.9330444336
750.315491       973.0281372070
750.632874      1035.2308349609
750.950378       975.2496337891
751.267822       995.2434082031
751.585083       928.5976562500
751.902405      1008.5725708008
752.219666      1001.9079589844
752.536865       899.7177734375
752.854004       999.6864624023
753.171082      1053.0030517578
753.488159       953.0344238281
753.805176      1030.7878417969
754.122070      1013.0156250000
754.439026       948.5913696289
754.755920       975.2496337891
755.072693       975.2496337891
755.389465       979.6926879883
755.706177      1028.5662841797
756.022888       995.2434082031
756.339478       961.9205322266
756.656006       906.3823852539
756.972595       910.8254394531
757.289063       935.2622070313
757.605408       968.5850830078
757.921814       995.2434082031
758.238159      1004.1295166016
758.554443       990.8003540039
758.870667       948.5913696289
759.186890      1055.2246093750
759.503052       979.6926879883
759.819092      1001.9079589844
760.135132       984.1357421875
760.451172       970.8066406250
760.767029       950.8128662109
761.082947       959.6989746094
761.398804      1004.1295166016
761.714600       990.8003540039
762.030396      1026.3447265625
762.346008       941.9267578125
762.661682       968.5850830078
762.977295       977.4711914063
763.292908       955.2559204102
763.608337       955.2559204102
763.923828      1033.0092773438
764.239258       995.2434082031
764.554626       901.9393310547
764.869873       995.2434082031
765.185181       935.2622070313
765.500427       999.6864624023
765.815491      1001.9079589844
766.130615       977.4711914063
766.445740      1006.3510131836
766.760803       950.8128662109
767.075745       997.4649047852
767.390686      1064.1107177734
767.705566      1010.7940673828
768.020386      1013.0156250000
768.335144       975.2496337891
768.649902       944.1483154297
768.964539       970.8066406250
769.279175       948.5913696289
769.593750       955.2559204102
769.908264       977.4711914063
770.222839       939.7052612305
770.537170       924.1546020508
770.851624       979.6926879883
771.165955       986.3572998047
771.480286       959.6989746094
771.794495       975.2496337891
772.108704       955.2559204102
772.422852      1053.0030517578
772.736938       990.8003540039
773.050964      1028.5662841797
773.364990      1010.7940673828
773.678894      1024.1231689453
773.992798       917.4899902344
774.306641      1035.2308349609
774.620422       928.5976562500
774.934204      1001.9079589844
775.247864       946.3698120117
775.561584       977.4711914063
775.875183       970.8066406250
776.188721       948.5913696289
776.502197       973.0281372070
776.815735       997.4649047852
777.129150       946.3698120117
777.442444      1041.8953857422
777.755737       950.8128662109
778.069092       968.5850830078
778.382324       939.7052612305
778.695435      1015.2371215820
779.008545      1004.1295166016
779.321594      1021.9016723633
779.634644       999.6864624023
779.947571       935.2622070313
780.260498       981.9142456055
780.573364       959.6989746094
780.886169      1017.4586181641
781.198975       964.1420288086
781.511719       966.3635864258
781.824402      1017.4586181641
782.136963      1037.4523925781
782.449585       999.6864624023
782.762146       901.9393310547
783.074646       990.8003540039
783.387024       990.8003540039
783.699402       984.1357421875
784.011719       975.2496337891
784.324097      1026.3447265625
784.636230       946.3698120117
784.948425      1010.7940673828
785.260620       959.6989746094
785.572632       979.6926879883
785.884644      1006.3510131836
786.196655       968.5850830078
786.508667      1019.6801757813
786.820496       964.1420288086
787.132324       928.5976562500
787.444153      1008.5725708008
787.755859       984.1357421875
788.067566       950.8128662109
788.379211       924.1546020508
788.690796       993.0218505859
789.002319       961.9205322266
789.313782       968.5850830078
789.625305       941.9267578125
789.936707      1017.4586181641
790.247986       988.5787963867
790.559326       984.1357421875
790.870605       984.1357421875
791.181763       973.0281372070
791.492920       950.8128662109
791.803955       957.4774780273
792.115051      1013.0156250000
792.426086       973.0281372070
792.737000       941.9267578125
793.047913       977.4711914063
793.358765       993.0218505859
793.669495      1024.1231689453
793.980347       917.4899902344
794.291016       961.9205322266
794.601685       970.8066406250
794.912292      1015.2371215820
795.222778       968.5850830078
795.533325       993.0218505859
795.843811       899.7177734375
796.154175      1013.0156250000
796.464539       957.4774780273
796.774902      1001.9079589844
797.085022      1013.0156250000
797.395325       997.4649047852
797.705505       959.6989746094
798.015625      1061.8891601563
798.325623       937.4837036133
798.635620      1035.2308349609
798.945618       970.8066406250
799.255554       986.3572998047
799.565369       888.6101684570
799.875183       895.2747192383
800.184998       968.5850830078
800.494690       995.2434082031
800.804321      1026.3447265625
801.113953      1008.5725708008
801.423462       986.3572998047
801.732910       955.2559204102
802.042419       935.2622070313
802.351868      1048.5600585938
802.661255       999.6864624023
802.970520       926.3760986328
803.279785       930.8191528320
803.588989       950.8128662109
803.898193       910.8254394531
804.207275      1044.1169433594
804.516357       953.0344238281
804.825378      1017.4586181641
805.134277       977.4711914063
805.443176       970.8066406250
805.752136       968.5850830078
806.060974       973.0281372070
806.369629       944.1483154297
806.678406       966.3635864258
806.987061       933.0407104492
807.295715       915.2684936523
807.604187      1033.0092773438
807.912720       959.6989746094
808.221191       966.3635864258
808.529663       979.6926879883
808.837952      1019.6801757813
809.146301       966.3635864258
809.454590       977.4711914063
809.762756       975.2496337891
810.070923      1021.9016723633
810.379028       957.4774780273
810.687073      1046.3385009766
810.995117       930.8191528320
811.303040       939.7052612305
811.611023      1037.4523925781
811.918884       941.9267578125
812.226624       946.3698120117
812.534424       995.2434082031
812.842163      1001.9079589844
813.149719       997.4649047852
813.457397      1010.7940673828
813.764954       955.2559204102
814.072510       986.3572998047
814.379883       984.1357421875
814.687378       966.3635864258
814.994690       997.4649047852
815.302063       966.3635864258
815.609314      1004.1295166016
815.916504       921.9330444336
816.223694       955.2559204102
816.530762       957.4774780273
816.837830      1035.2308349609
817.144836       968.5850830078
817.451843       968.5850830078
817.758667       995.2434082031
818.065552      1006.3510131836
818.372375      1006.3510131836
818.679138       995.2434082031
818.985779      1033.0092773438
819.292480       977.4711914063
819.599121      1030.7878417969
819.905701       957.4774780273
820.212158       995.2434082031
820.518616      1010.7940673828
820.825012       973.0281372070
821.131348       950.8128662109
821.437683       975.2496337891
821.743896      1001.9079589844
822.050110      1030.7878417969
822.356262      1039.6739501953
822.662415      1001.9079589844
822.968445       979.6926879883
823.274475       977.4711914063
823.580322       959.6989746094
823.886292       946.3698120117
824.192200       999.6864624023
824.497864       968.5850830078
824.803711       999.6864624023
825.109375      1008.5725708008
825.415039       955.2559204102
825.720581       961.9205322266
826.026184      1021.9016723633
826.331665       968.5850830078
826.637146       968.5850830078
826.942444       935.2622070313
827.247803       973.0281372070
827.553162      1017.4586181641
827.858398       964.1420288086
828.163574       999.6864624023
828.468750       955.2559204102
828.773804       941.9267578125
829.078796       957.4774780273
829.383850      1006.3510131836
829.688782       999.6864624023
829.993713       937.4837036133
830.298462       901.9393310547
830.603271       913.0469360352
830.908020       928.5976562500
831.212708      1033.0092773438
831.517273       970.8066406250
831.821960       979.6926879883
832.126465       990.8003540039
832.430908      1026.3447265625
832.735352       975.2496337891
833.039734       993.0218505859
833.344116       957.4774780273
833.648315      1001.9079589844
833.952576       988.5787963867
834.256714       946.3698120117
834.560913      1044.1169433594
834.864929       977.4711914063
835.169006      1044.1169433594
835.472961       939.7052612305
835.776917      1004.1295166016
836.080750       968.5850830078
836.384583      1001.9079589844
836.688354       997.4649047852
836.992004      1030.7878417969
837.295654       921.9330444336
837.599365       966.3635864258
837.902893       959.6989746094
838.206360       993.0218505859
838.509827       939.7052612305
838.813293       981.9142456055
839.116699       955.2559204102
839.419922       946.3698120117
839.723206       988.5787963867
840.026428       961.9205322266
840.329590       917.4899902344
840.632690       921.9330444336
840.935730       915.2684936523
841.238708       935.2622070313
841.541626       921.9330444336
841.844543       981.9142456055
842.147461       935.2622070313
842.450256       957.4774780273
842.752930       975.2496337891
843.055664      1033.0092773438
843.358337       961.9205322266
843.660889      1015.2371215820
843.963440       968.5850830078
844.265930      1028.5662841797
844.568420      1015.2371215820
844.870728      1001.9079589844
845.173096       997.4649047852
845.475403       948.5913696289
845.777649       973.0281372070
846.079834       924.1546020508
846.381958       959.6989746094
846.684021      1028.5662841797
846.986145      1017.4586181641
847.288025      1001.9079589844
847.589966      1017.4586181641
847.891846       957.4774780273
848.193665       941.9267578125
848.495483       917.4899902344
848.797180       964.1420288086
849.098877      1059.6676025391
849.400452      1019.6801757813
849.702026       981.9142456055
850.003540       973.0281372070
850.304993       975.2496337891
850.606445      1001.9079589844
850.907776       961.9205322266
851.209106      1030.7878417969
851.510315       955.2559204102
851.811584      1008.5725708008
852.112671       999.6864624023
852.413879      1006.3510131836
852.714844       948.5913696289
853.015869       977.4711914063
853.316833       955.2559204102
853.617737      1024.1231689453
853.918579       955.2559204102
854.219360      1017.4586181641
854.520142       966.3635864258
854.820862      1046.3385009766
855.121399       908.6038818359
855.421997       950.8128662109
855.722595       913.0469360352
856.023071       961.9205322266
856.323486       924.1546020508
856.623901       984.1357421875
856.924255       981.9142456055
857.224487       961.9205322266
857.524719       955.2559204102
857.824890      1010.7940673828
858.125000       921.9330444336
858.425049       988.5787963867
858.725098       986.3572998047
859.025085       948.5913696289
859.325012      1015.2371215820
859.624817       926.3760986328
859.924683       988.5787963867
860.224487      1021.9016723633
860.524170       993.0218505859
860.823792       961.9205322266
861.123474      1044.1169433594
861.422974       964.1420288086
861.722412       944.1483154297
862.021912      1019.6801757813
862.321350       948.5913696289
862.620728       915.2684936523
862.919983       999.6864624023
863.219238      1004.1295166016
863.518433       973.0281372070
863.817505      1030.7878417969
864.116638       964.1420288086
864.415710       999.6864624023
864.714722      1017.4586181641
865.013550       924.1546020508
865.312439       933.0407104492
865.611328       986.3572998047
865.910156       984.1357421875
866.208801      1050.7814941406
866.507507       981.9142456055
866.806091       941.9267578125
867.104614       979.6926879883
867.403137       950.8128662109
867.701660       981.9142456055
868.000061       926.3760986328
868.298401       990.8003540039
868.596741      1026.3447265625
868.894958       961.9205322266
869.193237      1024.1231689453
869.491333      1006.3510131836
869.789429       955.2559204102
870.087524       984.1357421875
870.385498       921.9330444336
870.683411       935.2622070313
870.981323       957.4774780273
871.279236      1006.3510131836
871.576965       930.8191528320
871.874695       968.5850830078
872.172363      1072.9968261719
872.470032       977.4711914063
872.767578      1001.9079589844
873.065125       984.1357421875
873.362549       966.3635864258
873.660034       984.1357421875
873.957397       988.5787963867
874.254700       984.1357421875
874.552002       981.9142456055
874.849182       966.3635864258
875.146362      1030.7878417969
875.443481       970.8066406250
875.740540      1057.4460449219
876.037476       995.2434082031
876.334473       961.9205322266
876.631348       993.0218505859
876.928223       955.2559204102
877.224976       959.6989746094
877.521729      1015.2371215820
877.818420       988.5787963867
878.115112       986.3572998047
878.411621       970.8066406250
878.708191       959.6989746094
879.004700      1028.5662841797
879.301086       975.2496337891
879.597473      1008.5725708008
879.893799      1041.8953857422
880.190063       986.3572998047
880.486267       957.4774780273
880.782471       970.8066406250
881.078613       933.0407104492
881.374695       988.5787963867
881.670654       944.1483154297
881.966614      1072.9968261719
882.262573       977.4711914063
882.558350       970.8066406250
882.854126       986.3572998047
883.149902       990.8003540039
883.445618       981.9142456055
883.741211       968.5850830078
884.036865      1035.2308349609
884.332336       999.6864624023
884.627869       993.0218505859
884.923218       933.0407104492
885.218689       995.2434082031
885.513977      1019.6801757813
885.809265       984.1357421875
886.104492       899.7177734375
886.399658       968.5850830078
886.694763       986.3572998047
886.989807       959.6989746094
887.284790       997.4649047852
887.579773      1010.7940673828
887.874695       961.9205322266
888.169495       973.0281372070
888.464355       886.3886718750
888.759094       968.5850830078
889.053772       941.9267578125
889.348389       893.0532226563
