0.036200
191.033081         0.0000000000
191.409973         0.0000000000
191.786819      1069.0106201172
192.163651      1017.8840942383
192.540451       971.4053344727
192.917221      1022.5319213867
193.293961      1071.3345947266
193.670670      1043.4473876953
194.047348      1059.7149658203
194.423981      1127.1090087891
194.800613      1094.5739746094
195.177200      1001.6165161133
195.553757      1062.0388183594
195.930283      1017.8840942383
196.306778      1031.8276367188
196.683258      1082.9542236328
197.059677      1034.1516113281
197.436081      1115.4893798828
197.812454      1085.2781982422
198.188812      1080.6303710938
198.565125      1024.8558349609
198.941406      1008.5883178711
199.317673      1106.1936035156
199.693893      1001.6165161133
200.070099      1069.0106201172
200.446259      1092.2500000000
200.822388      1071.3345947266
201.198486      1043.4473876953
201.574570      1048.0952148438
201.950607      1101.5457763672
202.326614      1106.1936035156
202.702606      1006.2644042969
203.078568      1043.4473876953
203.454483      1013.2362060547
203.830383      1020.2080078125
204.206253       992.3207397461
204.582077      1055.0670166016
204.957870      1008.5883178711
205.333633      1066.6867675781
205.709396      1006.2644042969
206.085098      1001.6165161133
206.460785      1010.9122314453
206.836426      1082.9542236328
207.212051      1055.0670166016
207.587646      1022.5319213867
207.963196      1057.3909912109
208.338730       985.3489379883
208.714218       980.7011108398
209.089691      1029.5037841797
209.465134      1022.5319213867
209.840530      1041.1234130859
210.215897      1087.6021728516
210.591263      1066.6867675781
210.966583       973.7292480469
211.341858      1029.5037841797
211.717102      1045.7712402344
212.092331      1057.3909912109
212.467529      1022.5319213867
212.842697      1041.1234130859
213.217819       992.3207397461
213.592926      1041.1234130859
213.968002      1013.2362060547
214.343018       980.7011108398
214.718033       969.0814208984
215.093018      1001.6165161133
215.467972       973.7292480469
215.842880      1022.5319213867
216.217773      1048.0952148438
216.592636      1034.1516113281
216.967453      1094.5739746094
217.342255      1124.7851562500
217.717026      1022.5319213867
218.091766       983.0250244141
218.466446      1015.5601196289
218.841125      1017.8840942383
219.215759      1045.7712402344
219.590378      1017.8840942383
219.964966      1048.0952148438
220.339508      1043.4473876953
220.714020      1069.0106201172
221.088516      1045.7712402344
221.462967      1015.5601196289
221.837402      1122.4611816406
222.211792      1036.4755859375
222.586166       978.3771362305
222.960510      1073.6585693359
223.334793      1064.3627929688
223.709061      1066.6867675781
224.083313      1045.7712402344
224.457520      1027.1798095703
224.831696      1013.2362060547
225.205856      1075.9824218750
225.579987      1003.9404296875
225.954056      1064.3627929688
226.328110      1050.4191894531
226.702148      1041.1234130859
227.076126       994.6447143555
227.450104      1050.4191894531
227.824036      1010.9122314453
228.197937      1038.7994384766
228.571823      1015.5601196289
228.945648      1013.2362060547
229.319473       978.3771362305
229.693237      1043.4473876953
230.066986       999.2926025391
230.440704      1027.1798095703
230.814392      1022.5319213867
231.188034       980.7011108398
231.561661      1013.2362060547
231.935257      1017.8840942383
232.308823       973.7292480469
232.682343      1036.4755859375
233.055847      1073.6585693359
233.429321      1010.9122314453
233.802750       999.2926025391
234.176147      1034.1516113281
234.549530      1059.7149658203
234.922882      1069.0106201172
235.296188      1057.3909912109
235.669464      1052.7431640625
236.042725      1031.8276367188
236.415924      1052.7431640625
236.789139       966.7574462891
237.162292      1031.8276367188
237.535416      1036.4755859375
237.908508       999.2926025391
238.281570      1045.7712402344
238.654617      1145.7005615234
239.027618       996.9686279297
239.400574       989.9968261719
239.773514      1094.5739746094
240.146423       987.6729125977
240.519302      1124.7851562500
240.892136      1024.8558349609
241.264969      1066.6867675781
241.637726      1043.4473876953
242.010498      1055.0670166016
242.383209      1082.9542236328
242.755905      1034.1516113281
243.128555      1015.5601196289
243.501190      1059.7149658203
243.873779      1006.2644042969
244.246353       983.0250244141
244.618866       971.4053344727
244.991379      1085.2781982422
245.363861      1048.0952148438
245.736282       969.0814208984
246.108688      1001.6165161133
246.481079       996.9686279297
246.853409       980.7011108398
247.225723      1010.9122314453
247.598007       989.9968261719
247.970261      1071.3345947266
248.342468      1034.1516113281
248.714645      1085.2781982422
249.086823      1036.4755859375
249.458954      1048.0952148438
249.831024      1066.6867675781
250.203094      1101.5457763672
250.575134      1099.2218017578
250.947113       989.9968261719
251.319092      1010.9122314453
251.691025      1038.7994384766
252.062912      1036.4755859375
252.434784      1062.0388183594
252.806641      1003.9404296875
253.178452      1064.3627929688
253.550232      1029.5037841797
253.921967      1085.2781982422
254.293686      1029.5037841797
254.665359      1069.0106201172
255.037003      1048.0952148438
255.408630      1031.8276367188
255.780228      1010.9122314453
256.151764      1024.8558349609
256.523285      1022.5319213867
256.894806       996.9686279297
257.266235      1059.7149658203
257.637695      1066.6867675781
258.009064      1050.4191894531
258.380432       985.3489379883
258.751770      1043.4473876953
259.123077      1052.7431640625
259.494385      1043.4473876953
259.865601       994.6447143555
260.236816      1003.9404296875
260.607941       976.0532226563
260.979126      1113.1654052734
261.350220       969.0814208984
261.721344      1015.5601196289
262.092346      1057.3909912109
262.463379       985.3489379883
262.834351      1008.5883178711
263.205292      1087.6021728516
263.576233       969.0814208984
263.947144      1024.8558349609
264.317993       983.0250244141
264.688812      1020.2080078125
265.059631      1017.8840942383
265.430359      1048.0952148438
265.801117      1055.0670166016
266.171783      1020.2080078125
266.542450      1055.0670166016
266.913086      1055.0670166016
267.283691      1043.4473876953
267.654266      1055.0670166016
268.024811      1027.1798095703
268.395325      1136.4047851563
268.765778      1059.7149658203
269.136230       980.7011108398
269.506653      1059.7149658203
269.877045      1094.5739746094
270.247375      1048.0952148438
270.617676      1010.9122314453
270.987946       969.0814208984
271.358246      1024.8558349609
271.728424      1055.0670166016
272.098633      1041.1234130859
272.468781      1071.3345947266
272.838867      1069.0106201172
273.209015      1050.4191894531
273.579041      1010.9122314453
273.949066      1069.0106201172
274.319061      1127.1090087891
274.689056      1066.6867675781
275.058960       978.3771362305
275.428864      1080.6303710938
275.798737      1015.5601196289
276.168579      1001.6165161133
276.538361      1031.8276367188
276.908142      1022.5319213867
277.277832      1015.5601196289
277.647583      1027.1798095703
278.017242      1075.9824218750
278.386902      1022.5319213867
278.756500      1057.3909912109
279.126038      1052.7431640625
279.495636       976.0532226563
279.865143      1066.6867675781
280.234619      1101.5457763672
280.604065      1057.3909912109
280.973450      1034.1516113281
281.342834       987.6729125977
281.712189      1048.0952148438
282.081512      1048.0952148438
282.450836      1103.8697509766
282.820038      1092.2500000000
283.189270      1031.8276367188
283.558502      1045.7712402344
283.927612       996.9686279297
284.296722      1036.4755859375
284.665863      1048.0952148438
285.034912      1050.4191894531
285.403931      1031.8276367188
285.772919      1108.5175781250
286.141876       996.9686279297
286.510834      1124.7851562500
286.879730      1073.6585693359
287.248596      1048.0952148438
287.617401      1059.7149658203
287.986206      1071.3345947266
288.354950      1073.6585693359
288.723724      1003.9404296875
289.092407      1006.2644042969
289.461060      1069.0106201172
289.829742      1050.4191894531
290.198334      1036.4755859375
290.566925      1022.5319213867
290.935455      1050.4191894531
291.303925      1017.8840942383
291.672394      1038.7994384766
292.040894      1027.1798095703
292.409271       987.6729125977
292.777679      1071.3345947266
293.145996       999.2926025391
293.514313      1008.5883178711
293.882599      1082.9542236328
294.250824       983.0250244141
294.619049      1050.4191894531
294.987244      1062.0388183594
295.355377      1043.4473876953
295.723480      1073.6585693359
296.091614      1036.4755859375
296.459625       973.7292480469
296.827667      1038.7994384766
297.195648      1092.2500000000
297.563599      1010.9122314453
297.931488      1017.8840942383
298.299408       989.9968261719
298.667267      1045.7712402344
299.035095      1013.2362060547
299.402893      1038.7994384766
299.770599      1038.7994384766
300.138367      1062.0388183594
300.506042      1008.5883178711
300.873718      1089.9261474609
301.241333      1059.7149658203
301.608917      1094.5739746094
301.976471      1052.7431640625
302.344025      1087.6021728516
302.711487      1075.9824218750
303.078979      1022.5319213867
303.446411      1010.9122314453
303.813782       971.4053344727
304.181183       987.6729125977
304.548492      1038.7994384766
304.915771      1055.0670166016
305.283051       978.3771362305
305.650299       980.7011108398
306.017456       989.9968261719
306.384644      1020.2080078125
306.751770      1017.8840942383
307.118896       980.7011108398
307.485962      1034.1516113281
307.852966      1059.7149658203
308.219971      1006.2644042969
308.586945       987.6729125977
308.953888      1048.0952148438
309.320801      1043.4473876953
309.687653       966.7574462891
310.054504      1080.6303710938
310.421326      1034.1516113281
310.788086      1043.4473876953
311.154846      1064.3627929688
311.521515      1010.9122314453
311.888184      1066.6867675781
312.254822      1038.7994384766
312.621429       999.2926025391
312.988007       973.7292480469
313.354553       966.7574462891
313.721039       976.0532226563
314.087494      1052.7431640625
314.453949      1022.5319213867
314.820343       962.1096191406
315.186737       969.0814208984
315.553101      1101.5457763672
315.919373      1041.1234130859
316.285645      1094.5739746094
316.651886      1064.3627929688
317.018066      1038.7994384766
317.384308       980.7011108398
317.750427      1085.2781982422
318.116516      1024.8558349609
318.482574      1031.8276367188
318.848633      1062.0388183594
319.214661      1024.8558349609
319.580627      1038.7994384766
319.946564      1041.1234130859
320.312439      1096.8979492188
320.678314      1034.1516113281
321.044159      1050.4191894531
321.410004      1045.7712402344
321.775757      1057.3909912109
322.141510      1020.2080078125
322.507202      1031.8276367188
322.872894      1038.7994384766
323.238525       964.4335327148
323.604156      1008.5883178711
323.969696      1038.7994384766
324.335266      1006.2644042969
324.700745      1082.9542236328
325.066223      1034.1516113281
325.431702      1036.4755859375
325.797089      1052.7431640625
326.162445      1082.9542236328
326.527802      1017.8840942383
326.893097      1048.0952148438
327.258362      1024.8558349609
327.623657      1036.4755859375
327.988861      1010.9122314453
328.353973      1048.0952148438
328.719116      1034.1516113281
329.084259       985.3489379883
329.449341      1006.2644042969
329.814392      1050.4191894531
330.179352      1071.3345947266
330.544312      1027.1798095703
330.909241       983.0250244141
331.274170       992.3207397461
331.639069      1031.8276367188
332.003906       985.3489379883
332.368713      1050.4191894531
332.733459       996.9686279297
333.098206      1022.5319213867
333.462921      1001.6165161133
333.827606      1048.0952148438
334.192230      1096.8979492188
334.556824      1003.9404296875
334.921356      1055.0670166016
335.285919      1024.8558349609
335.650452      1055.0670166016
336.014893      1064.3627929688
336.379333      1027.1798095703
336.743744      1027.1798095703
337.108124       985.3489379883
337.472443       983.0250244141
337.836731       999.2926025391
338.201019      1038.7994384766
338.565247      1064.3627929688
338.929413       980.7011108398
339.293579      1073.6585693359
339.657776       983.0250244141
340.021851      1003.9404296875
340.385895      1001.6165161133
340.749908      1080.6303710938
341.113922       943.5181274414
341.477875       983.0250244141
341.841827      1075.9824218750
342.205688       992.3207397461
342.569580       985.3489379883
342.933380      1080.6303710938
343.297211      1038.7994384766
343.660950       999.2926025391
344.024658      1048.0952148438
344.388367      1036.4755859375
344.752014      1080.6303710938
345.115601      1029.5037841797
345.479218      1003.9404296875
345.842804      1080.6303710938
346.206299      1017.8840942383
346.569763      1001.6165161133
346.933228      1096.8979492188
347.296661      1108.5175781250
347.660034      1020.2080078125
348.023407      1010.9122314453
348.386719      1020.2080078125
348.750000      1036.4755859375
349.113220      1017.8840942383
349.476471      1071.3345947266
349.839661      1034.1516113281
350.202820      1066.6867675781
350.565887      1122.4611816406
350.928955      1101.5457763672
351.292023      1131.7569580078
351.655029      1057.3909912109
352.018036      1055.0670166016
352.380981      1108.5175781250
352.743866      1057.3909912109
353.106720      1052.7431640625
353.469574       999.2926025391
353.832397      1052.7431640625
354.195160      1038.7994384766
354.557892      1041.1234130859
354.920593      1027.1798095703
355.283234      1059.7149658203
355.645905       994.6447143555
356.008514      1038.7994384766
356.371094      1022.5319213867
356.733612      1045.7712402344
357.096100      1029.5037841797
357.458588      1001.6165161133
357.820984      1008.5883178711
358.183411      1001.6165161133
358.545746      1031.8276367188
358.908081      1075.9824218750
359.270355      1066.6867675781
359.632629      1027.1798095703
359.994873      1064.3627929688
360.357056      1087.6021728516
360.719208      1050.4191894531
361.081329      1085.2781982422
361.443420      1055.0670166016
361.805481      1057.3909912109
362.167511      1038.7994384766
362.529480      1013.2362060547
362.891418      1022.5319213867
363.253326      1041.1234130859
363.615234      1031.8276367188
363.977081      1064.3627929688
364.338867      1057.3909912109
364.700653      1050.4191894531
365.062378      1087.6021728516
365.424103       978.3771362305
365.785767      1066.6867675781
366.147430      1006.2644042969
366.509033      1143.3765869141
366.870605      1027.1798095703
367.232117      1038.7994384766
367.593628      1085.2781982422
367.955109       966.7574462891
368.316559      1043.4473876953
368.677917      1069.0106201172
369.039307      1006.2644042969
369.400635      1073.6585693359
369.761902      1020.2080078125
370.123199      1020.2080078125
370.484436      1013.2362060547
370.845581      1078.3063964844
371.206726      1001.6165161133
371.567871       969.0814208984
371.928955      1029.5037841797
372.290039      1059.7149658203
372.651062      1075.9824218750
373.011993       957.4617309570
373.372955      1020.2080078125
373.733887       989.9968261719
374.094788      1038.7994384766
374.455627      1041.1234130859
374.816406      1099.2218017578
375.177185      1017.8840942383
375.537903       999.2926025391
375.898651       985.3489379883
376.259338      1038.7994384766
376.619965      1048.0952148438
376.980530       971.4053344727
377.341095      1031.8276367188
377.701660      1034.1516113281
378.062134      1015.5601196289
378.422607      1057.3909912109
378.783020      1036.4755859375
379.143402      1075.9824218750
379.503784       996.9686279297
379.864105      1029.5037841797
380.224396      1099.2218017578
380.584656      1017.8840942383
380.944855      1071.3345947266
381.305054       996.9686279297
381.665192      1087.6021728516
382.025299      1029.5037841797
382.385406      1087.6021728516
382.745453       999.2926025391
383.105438      1006.2644042969
383.465424      1003.9404296875
383.825348      1069.0106201172
384.185272      1057.3909912109
384.545135      1062.0388183594
384.904968      1075.9824218750
385.264771      1069.0106201172
385.624512      1006.2644042969
385.984253      1069.0106201172
386.343964      1075.9824218750
386.703613      1024.8558349609
387.063232      1036.4755859375
387.422821      1038.7994384766
387.782379      1008.5883178711
388.141907      1078.3063964844
388.501404      1022.5319213867
388.860840      1064.3627929688
389.220215      1024.8558349609
389.579620       952.8138427734
389.938995      1045.7712402344
390.298279      1071.3345947266
390.657562      1029.5037841797
391.016785      1055.0670166016
391.376007      1008.5883178711
391.735168      1064.3627929688
392.094299      1078.3063964844
392.453430      1052.7431640625
392.812469      1034.1516113281
393.171478      1034.1516113281
393.530457      1052.7431640625
393.889435       999.2926025391
394.248383      1071.3345947266
394.607269      1020.2080078125
394.966125      1050.4191894531
395.324921       980.7011108398
395.683655      1022.5319213867
396.042419      1022.5319213867
396.401154      1017.8840942383
396.759827      1020.2080078125
397.118469      1073.6585693359
397.477051      1036.4755859375
397.835632      1034.1516113281
398.194153      1134.0809326172
398.552673      1069.0106201172
398.911163       992.3207397461
399.269592      1048.0952148438
399.627960      1043.4473876953
399.986328      1024.8558349609
400.344666      1075.9824218750
400.702942      1006.2644042969
401.061188      1108.5175781250
401.419403      1020.2080078125
401.777588      1064.3627929688
402.135712      1006.2644042969
402.493835      1048.0952148438
402.851929      1038.7994384766
403.209961      1052.7431640625
403.567932      1029.5037841797
403.925903      1024.8558349609
404.283905      1029.5037841797
404.641754       976.0532226563
404.999634      1015.5601196289
405.357452      1062.0388183594
405.715210      1043.4473876953
406.072998      1027.1798095703
406.430725      1024.8558349609
406.788422      1059.7149658203
407.146027       989.9968261719
407.503662      1050.4191894531
407.861237       992.3207397461
408.218781      1020.2080078125
408.576294      1024.8558349609
408.933777      1062.0388183594
409.291168      1017.8840942383
409.648590      1115.4893798828
410.005951      1050.4191894531
410.363312       985.3489379883
410.720612      1038.7994384766
411.077820      1038.7994384766
411.435059      1069.0106201172
411.792267       992.3207397461
412.149384      1036.4755859375
412.506531      1066.6867675781
412.863586      1027.1798095703
413.220642      1017.8840942383
413.577606      1064.3627929688
413.934601      1034.1516113281
414.291565       989.9968261719
414.648468      1001.6165161133
415.005310       959.7856445313
415.362122       999.2926025391
415.718903      1038.7994384766
416.075684      1062.0388183594
416.432434      1001.6165161133
416.789093      1052.7431640625
417.145752      1136.4047851563
417.502350      1001.6165161133
417.858948      1020.2080078125
418.215485       983.0250244141
418.571991      1034.1516113281
418.928467      1031.8276367188
419.284882      1017.8840942383
419.641266      1069.0106201172
419.997650      1010.9122314453
420.354004      1001.6165161133
420.710266       989.9968261719
421.066528      1069.0106201172
421.422760      1017.8840942383
421.778931      1029.5037841797
422.135071      1057.3909912109
422.491211       976.0532226563
422.847260       985.3489379883
423.203308      1036.4755859375
423.559296      1008.5883178711
423.915283       971.4053344727
424.271210      1041.1234130859
424.627136      1017.8840942383
424.982971       966.7574462891
425.338776       994.6447143555
425.694611      1041.1234130859
426.050323      1024.8558349609
426.406036       955.1378173828
426.761749      1017.8840942383
427.117371      1078.3063964844
427.472961      1024.8558349609
427.828552      1062.0388183594
428.184113      1041.1234130859
428.539581      1069.0106201172
428.895050      1071.3345947266
429.250458      1036.4755859375
429.605865      1027.1798095703
429.961212      1015.5601196289
430.316559      1027.1798095703
430.671814      1064.3627929688
431.027069      1064.3627929688
431.382263      1045.7712402344
431.737457      1020.2080078125
432.092590      1066.6867675781
432.447723      1059.7149658203
432.802734      1024.8558349609
433.157776      1075.9824218750
433.512756       985.3489379883
433.867706      1078.3063964844
434.222656      1024.8558349609
434.577545       980.7011108398
434.932373      1050.4191894531
435.287201      1022.5319213867
435.641968       945.8420410156
435.996704      1071.3345947266
436.351410      1041.1234130859
436.706085       987.6729125977
437.060699      1073.6585693359
437.415283      1038.7994384766
437.769867      1015.5601196289
438.124420      1096.8979492188
438.478882      1069.0106201172
438.833313      1055.0670166016
439.187714      1073.6585693359
439.542084      1106.1936035156
439.896454      1017.8840942383
440.250732      1029.5037841797
440.605011      1038.7994384766
440.959229      1062.0388183594
441.313416      1059.7149658203
441.667572      1031.8276367188
442.021698      1055.0670166016
442.375793      1027.1798095703
442.729858      1003.9404296875
443.083832       978.3771362305
443.437836      1041.1234130859
443.791748      1057.3909912109
444.145630      1029.5037841797
444.499542      1036.4755859375
444.853363      1010.9122314453
445.207123      1036.4755859375
445.560883      1038.7994384766
445.914612       980.7011108398
446.268280      1001.6165161133
446.621918      1073.6585693359
446.975555      1003.9404296875
447.329132      1064.3627929688
447.682678      1036.4755859375
448.036133      1041.1234130859
448.389618      1029.5037841797
448.743042       962.1096191406
449.096405      1099.2218017578
449.449799       994.6447143555
449.803101      1075.9824218750
450.156372      1027.1798095703
450.509613       985.3489379883
450.862823      1003.9404296875
451.216003      1013.2362060547
451.569122      1057.3909912109
451.922211       996.9686279297
452.275269      1027.1798095703
452.628296       987.6729125977
452.981293       971.4053344727
453.334229      1113.1654052734
453.687134      1078.3063964844
454.040009       983.0250244141
454.392853      1003.9404296875
454.745636      1085.2781982422
455.098419      1064.3627929688
455.451172      1075.9824218750
455.803864      1001.6165161133
456.156464       987.6729125977
456.509125      1082.9542236328
456.861694      1050.4191894531
457.214264      1078.3063964844
457.566742      1075.9824218750
457.919220      1092.2500000000
458.271667      1027.1798095703
458.624023      1071.3345947266
458.976379      1069.0106201172
459.328705      1008.5883178711
459.681000      1094.5739746094
460.033234      1059.7149658203
460.385468      1050.4191894531
460.737610      1078.3063964844
461.089752      1050.4191894531
461.441864       999.2926025391
461.793945       938.8702392578
462.145996      1050.4191894531
462.497955      1008.5883178711
462.849884      1052.7431640625
463.201813      1008.5883178711
463.553680      1092.2500000000
463.905518      1041.1234130859
464.257355      1094.5739746094
464.609100       948.1659545898
464.960815      1006.2644042969
465.312531       927.2505493164
465.664185      1036.4755859375
466.015778      1017.8840942383
466.367371      1041.1234130859
466.718903      1136.4047851563
467.070435      1099.2218017578
467.421906      1069.0106201172
467.773346      1080.6303710938
468.124725      1050.4191894531
468.476074      1006.2644042969
468.827393      1052.7431640625
469.178680      1064.3627929688
469.529938      1099.2218017578
469.881134      1073.6585693359
470.232330      1038.7994384766
470.583435      1043.4473876953
470.934540      1034.1516113281
471.285614      1089.9261474609
471.636627      1029.5037841797
471.987610       987.6729125977
472.338562      1029.5037841797
472.689453      1062.0388183594
473.040375      1034.1516113281
473.391205      1062.0388183594
473.741974      1069.0106201172
474.092773      1052.7431640625
474.443481      1080.6303710938
474.794159      1082.9542236328
475.144806      1103.8697509766
475.495422       934.2223510742
475.846039      1045.7712402344
476.196533      1041.1234130859
476.547028      1059.7149658203
476.897522       999.2926025391
477.247925      1064.3627929688
477.598328      1092.2500000000
477.948700      1099.2218017578
478.299011      1043.4473876953
478.649231      1006.2644042969
478.999481       943.5181274414
479.349701      1099.2218017578
479.699829      1031.8276367188
480.049988      1036.4755859375
480.400055      1106.1936035156
480.750153      1038.7994384766
481.100128      1034.1516113281
481.450104      1031.8276367188
481.800049      1031.8276367188
482.149963       959.7856445313
482.499786      1057.3909912109
482.849670      1069.0106201172
483.199432      1013.2362060547
483.549194      1092.2500000000
483.898926      1017.8840942383
484.248566      1073.6585693359
484.598206      1029.5037841797
484.947815      1027.1798095703
485.297394      1064.3627929688
485.646912      1108.5175781250
485.996399      1048.0952148438
486.345825      1029.5037841797
486.695282      1008.5883178711
487.044617      1010.9122314453
487.393951      1055.0670166016
487.743286      1050.4191894531
488.092529      1027.1798095703
488.441711      1015.5601196289
488.790955      1034.1516113281
489.140076      1038.7994384766
489.489197      1022.5319213867
489.838257      1075.9824218750
490.187286      1034.1516113281
490.536316      1057.3909912109
490.885254      1110.8415527344
491.234161      1075.9824218750
491.583069      1064.3627929688
491.931915      1071.3345947266
492.280731      1020.2080078125
492.629486      1024.8558349609
492.978210      1008.5883178711
493.326874      1078.3063964844
493.675568      1057.3909912109
494.024200      1055.0670166016
494.372742      1080.6303710938
494.721313      1043.4473876953
495.069824       999.2926025391
495.418274      1103.8697509766
495.766724      1022.5319213867
496.115112      1045.7712402344
496.463470      1003.9404296875
496.811768      1015.5601196289
497.160034      1038.7994384766
497.508301      1055.0670166016
497.856506      1055.0670166016
498.204651      1075.9824218750
498.552765       987.6729125977
498.900848      1029.5037841797
499.248901      1087.6021728516
499.596924      1029.5037841797
499.944885      1038.7994384766
500.292816      1059.7149658203
500.640778      1055.0670166016
500.988556      1062.0388183594
501.336426      1066.6867675781
501.684204      1038.7994384766
502.031952      1066.6867675781
502.379700      1075.9824218750
502.727295      1080.6303710938
503.074982       976.0532226563
503.422546       987.6729125977
503.770081      1059.7149658203
504.117615      1055.0670166016
504.465088      1075.9824218750
504.812561      1115.4893798828
505.159943      1001.6165161133
505.507294      1034.1516113281
505.854645      1075.9824218750
506.201904      1055.0670166016
506.549194      1045.7712402344
506.896332      1059.7149658203
507.243591      1006.2644042969
507.590698      1110.8415527344
507.937775      1052.7431640625
508.284912      1008.5883178711
508.631836      1075.9824218750
508.978851      1078.3063964844
509.325806      1036.4755859375
509.672699      1062.0388183594
510.019592      1050.4191894531
510.366364      1059.7149658203
510.713196      1024.8558349609
511.059937      1029.5037841797
511.406677      1057.3909912109
511.753326      1013.2362060547
512.099976      1041.1234130859
512.446594       976.0532226563
512.793091      1092.2500000000
513.139648       980.7011108398
513.486145      1050.4191894531
513.832520      1052.7431640625
514.179016       996.9686279297
514.525269      1064.3627929688
514.871704      1059.7149658203
515.217957      1085.2781982422
515.564209      1048.0952148438
515.910522      1024.8558349609
516.256531      1020.2080078125
516.602783       969.0814208984
516.948853      1015.5601196289
517.294922       978.3771362305
517.640930      1029.5037841797
517.986877      1062.0388183594
518.332886      1066.6867675781
518.678711      1006.2644042969
519.024658      1069.0106201172
519.370422      1029.5037841797
519.716248      1045.7712402344
520.062073      1008.5883178711
520.407715      1008.5883178711
520.753418      1031.8276367188
521.099060      1006.2644042969
521.444580      1064.3627929688
521.790222       992.3207397461
522.135681      1075.9824218750
522.481201      1066.6867675781
522.826660      1048.0952148438
523.172058      1001.6165161133
523.517395      1057.3909912109
523.862671      1062.0388183594
524.208069      1013.2362060547
524.553284       989.9968261719
524.898438      1050.4191894531
525.243591      1057.3909912109
525.588745      1010.9122314453
525.933899       987.6729125977
526.278931      1103.8697509766
526.623962      1036.4755859375
526.968872      1010.9122314453
527.313904      1055.0670166016
527.658813      1024.8558349609
528.003601      1075.9824218750
528.348450      1108.5175781250
528.693237      1003.9404296875
529.037964      1055.0670166016
529.382751      1045.7712402344
529.727356      1064.3627929688
530.072021      1048.0952148438
530.416626      1043.4473876953
530.761169      1029.5037841797
531.105652      1008.5883178711
531.450134       994.6447143555
531.794617      1071.3345947266
532.138916      1071.3345947266
532.483337      1069.0106201172
532.827637      1015.5601196289
533.171936      1036.4755859375
533.516174      1006.2644042969
533.860352       969.0814208984
534.204529      1059.7149658203
534.548645      1050.4191894531
534.892700       983.0250244141
535.236816      1022.5319213867
535.580750       978.3771362305
535.924744      1043.4473876953
536.268738       973.7292480469
536.612549      1048.0952148438
536.956421      1052.7431640625
537.300232      1041.1234130859
537.644043      1008.5883178711
537.987671      1036.4755859375
538.331421      1101.5457763672
538.675049      1043.4473876953
539.018677      1082.9542236328
539.362305      1064.3627929688
539.705750      1117.8133544922
540.049316      1043.4473876953
540.392822      1031.8276367188
540.736145      1080.6303710938
541.079590      1050.4191894531
541.422913      1064.3627929688
541.766235      1052.7431640625
542.109436      1085.2781982422
542.452698       994.6447143555
542.795898      1036.4755859375
543.138977      1082.9542236328
543.482178       980.7011108398
543.825195      1013.2362060547
544.168213      1073.6585693359
544.511230      1050.4191894531
544.854187      1027.1798095703
545.197083      1127.1090087891
545.539917      1036.4755859375
545.882813      1003.9404296875
546.225586      1075.9824218750
546.568359      1043.4473876953
546.911133      1027.1798095703
547.253662      1008.5883178711
547.596436      1052.7431640625
547.938965      1017.8840942383
548.281494      1082.9542236328
548.624084      1069.0106201172
548.966492      1001.6165161133
549.308960      1024.8558349609
549.651367      1017.8840942383
549.993713       973.7292480469
550.336060      1096.8979492188
550.678345      1080.6303710938
551.020630      1029.5037841797
551.362732      1117.8133544922
551.704956      1069.0106201172
552.047058      1052.7431640625
552.389160      1073.6585693359
552.731262      1048.0952148438
553.073181      1080.6303710938
553.415161      1078.3063964844
553.757080      1066.6867675781
554.098999      1048.0952148438
554.440857      1069.0106201172
554.782593      1036.4755859375
555.124390      1075.9824218750
555.466125      1045.7712402344
555.807800      1034.1516113281
556.149414      1031.8276367188
556.491089      1027.1798095703
556.832642      1001.6165161133
557.174133      1085.2781982422
557.515686      1003.9404296875
557.857117      1024.8558349609
558.198486      1006.2644042969
558.539917      1078.3063964844
558.881165      1057.3909912109
559.222534      1010.9122314453
559.563782      1069.0106201172
559.904968      1080.6303710938
560.246216      1078.3063964844
560.587280      1029.5037841797
560.928406      1031.8276367188
561.269470       952.8138427734
561.610474      1034.1516113281
561.951477      1115.4893798828
562.292297      1064.3627929688
562.633301       980.7011108398
562.974121      1022.5319213867
563.315002      1031.8276367188
563.655762      1082.9542236328
563.996460      1003.9404296875
564.337158      1022.5319213867
564.677795      1022.5319213867
565.018433      1062.0388183594
565.359009      1052.7431640625
565.699524      1031.8276367188
566.040100      1071.3345947266
566.380493      1052.7431640625
566.720947      1082.9542236328
567.061340      1078.3063964844
567.401611      1022.5319213867
567.742004      1089.9261474609
568.082153      1080.6303710938
568.422424      1013.2362060547
568.762634       992.3207397461
569.102722      1066.6867675781
569.442810       992.3207397461
569.782898      1082.9542236328
570.122986       989.9968261719
570.462830       989.9968261719
570.802856      1055.0670166016
571.142761      1008.5883178711
571.482605      1089.9261474609
571.822449      1029.5037841797
572.162170       964.4335327148
572.501953      1085.2781982422
572.841675       999.2926025391
573.181274      1096.8979492188
573.520996      1075.9824218750
573.860474      1013.2362060547
574.200073      1031.8276367188
574.539551      1006.2644042969
574.878967      1020.2080078125
575.218384      1022.5319213867
575.557739      1096.8979492188
575.897156      1096.8979492188
576.236450      1048.0952148438
576.575684       989.9968261719
576.914856      1045.7712402344
577.254089      1015.5601196289
577.593262      1103.8697509766
577.932251      1020.2080078125
578.271362      1038.7994384766
578.610352       966.7574462891
578.949341       962.1096191406
579.288330      1027.1798095703
579.627197      1006.2644042969
579.966064      1027.1798095703
580.304871      1050.4191894531
580.643677       992.3207397461
580.982483      1052.7431640625
581.321045      1092.2500000000
581.659790      1078.3063964844
581.998413      1031.8276367188
582.336914      1064.3627929688
582.675476      1062.0388183594
583.013916      1010.9122314453
583.352478      1010.9122314453
583.690796      1010.9122314453
584.029175      1024.8558349609
584.367493      1022.5319213867
584.705811      1027.1798095703
585.044128      1050.4191894531
585.382202      1103.8697509766
585.720459      1031.8276367188
586.058594       978.3771362305
586.396667      1048.0952148438
586.734802      1041.1234130859
587.072693      1038.7994384766
587.410767      1034.1516113281
587.748657       999.2926025391
588.086487      1064.3627929688
588.424316      1052.7431640625
588.762146      1052.7431640625
589.099976      1029.5037841797
589.437622      1124.7851562500
589.775391      1066.6867675781
590.113037      1122.4611816406
590.450623       980.7011108398
590.788208      1003.9404296875
591.125671      1043.4473876953
591.463196      1038.7994384766
591.800659      1036.4755859375
592.138062      1006.2644042969
592.475464      1027.1798095703
592.812683       971.4053344727
593.150024      1069.0106201172
593.487244       992.3207397461
593.824402      1045.7712402344
594.161621      1027.1798095703
594.498657      1022.5319213867
594.835815      1043.4473876953
595.172852      1001.6165161133
595.509827      1101.5457763672
595.846741      1038.7994384766
596.183655      1048.0952148438
596.520630      1089.9261474609
596.857422      1080.6303710938
597.194214       929.5744628906
597.530945      1043.4473876953
597.867615      1020.2080078125
598.204346      1036.4755859375
598.540955      1106.1936035156
598.877563      1027.1798095703
599.214111      1022.5319213867
599.550598      1048.0952148438
599.887085      1041.1234130859
600.223450      1013.2362060547
600.559937      1006.2644042969
600.896240      1020.2080078125
601.232544      1034.1516113281
601.568787      1048.0952148438
601.905029      1045.7712402344
602.241272      1127.1090087891
602.577271      1029.5037841797
602.913452      1075.9824218750
603.249512      1022.5319213867
603.585510       971.4053344727
603.921509       992.3207397461
604.257385      1015.5601196289
604.593323      1036.4755859375
604.929199      1052.7431640625
605.264954      1017.8840942383
605.600830      1034.1516113281
605.936462      1048.0952148438
606.272217      1066.6867675781
606.607849       989.9968261719
606.943420      1001.6165161133
607.278992      1050.4191894531
607.614502      1008.5883178711
607.950012      1029.5037841797
608.285461      1015.5601196289
608.620850       966.7574462891
608.956177      1057.3909912109
609.291504      1041.1234130859
609.626831      1017.8840942383
609.962036      1055.0670166016
610.297302      1069.0106201172
610.632446      1029.5037841797
610.967529      1073.6585693359
611.302673      1064.3627929688
611.637634      1029.5037841797
611.972656      1057.3909912109
612.307617      1080.6303710938
612.642517      1075.9824218750
612.977356       962.1096191406
613.312195      1001.6165161133
613.646973      1006.2644042969
613.981750      1094.5739746094
614.316406      1069.0106201172
614.651062      1043.4473876953
614.985657      1064.3627929688
615.320313      1034.1516113281
615.654846       978.3771362305
615.989319      1069.0106201172
616.323792      1034.1516113281
616.658203       959.7856445313
616.992615      1036.4755859375
617.326904      1029.5037841797
617.661194      1122.4611816406
617.995483      1071.3345947266
618.329712       996.9686279297
618.663940      1045.7712402344
618.997925      1036.4755859375
619.332092       978.3771362305
619.666077      1096.8979492188
620.000061      1008.5883178711
620.334045      1080.6303710938
620.667969      1050.4191894531
621.001892      1066.6867675781
621.335632      1096.8979492188
621.669495      1022.5319213867
622.003296      1034.1516113281
622.336914      1034.1516113281
622.670654      1078.3063964844
623.004272      1134.0809326172
623.337891      1013.2362060547
623.671387      1108.5175781250
624.004883      1043.4473876953
624.338440      1064.3627929688
624.671753      1062.0388183594
625.005249      1029.5037841797
625.338562      1110.8415527344
625.671814      1022.5319213867
626.005066      1027.1798095703
626.338257      1027.1798095703
626.671509      1017.8840942383
627.004578      1038.7994384766
627.337708      1031.8276367188
627.670776      1078.3063964844
628.003723      1015.5601196289
628.336731       969.0814208984
628.669556      1085.2781982422
629.002502      1034.1516113281
629.335327      1048.0952148438
629.668152      1071.3345947266
630.000916       994.6447143555
630.333618      1094.5739746094
630.666321      1087.6021728516
630.998962      1062.0388183594
631.331482      1017.8840942383
631.664063      1022.5319213867
631.996521       994.6447143555
632.329102      1020.2080078125
632.661499      1043.4473876953
632.993835      1052.7431640625
633.326172      1041.1234130859
633.658447      1066.6867675781
633.990784      1073.6585693359
634.322937      1113.1654052734
634.655212      1038.7994384766
634.987244      1020.2080078125
635.319397      1103.8697509766
635.651489       966.7574462891
635.983398      1038.7994384766
636.315430      1036.4755859375
636.647278      1064.3627929688
636.979187       950.4899291992
637.311035      1071.3345947266
637.642761       962.1096191406
637.974609      1043.4473876953
638.306335       980.7011108398
638.637939      1082.9542236328
638.969604      1001.6165161133
639.301147      1003.9404296875
639.632751      1113.1654052734
639.964233      1008.5883178711
640.295715       985.3489379883
640.627075      1043.4473876953
640.958496       955.1378173828
641.289917      1036.4755859375
641.621094      1048.0952148438
641.952393      1043.4473876953
642.283569      1055.0670166016
642.614746      1062.0388183594
642.945923      1031.8276367188
643.276917      1003.9404296875
643.608093      1041.1234130859
643.939026      1052.7431640625
644.269958      1010.9122314453
644.600891      1064.3627929688
644.931763      1078.3063964844
645.262634      1045.7712402344
645.593384      1041.1234130859
645.924133      1048.0952148438
646.254822       929.5744628906
646.585510      1082.9542236328
646.916199      1048.0952148438
647.246704      1078.3063964844
647.577271      1031.8276367188
647.907715      1115.4893798828
648.238220      1057.3909912109
648.568665      1073.6585693359
648.898987      1048.0952148438
649.229309      1045.7712402344
649.559570      1022.5319213867
649.889832      1022.5319213867
650.220093       983.0250244141
650.550171      1043.4473876953
650.880310      1066.6867675781
651.210388      1131.7569580078
651.540405      1085.2781982422
651.870422       999.2926025391
652.200317       994.6447143555
652.530273      1113.1654052734
652.860046      1069.0106201172
653.189941      1043.4473876953
653.519775      1069.0106201172
653.849426      1022.5319213867
654.179199      1045.7712402344
654.508789      1096.8979492188
654.838440      1096.8979492188
655.168030      1027.1798095703
655.497498      1075.9824218750
655.827026      1048.0952148438
656.156372      1052.7431640625
656.485840      1043.4473876953
656.815247      1013.2362060547
657.144470      1087.6021728516
657.473755      1041.1234130859
657.802979       978.3771362305
658.132202      1010.9122314453
658.461243      1041.1234130859
658.790466      1108.5175781250
659.119507      1038.7994384766
659.448486      1045.7712402344
659.777527      1087.6021728516
660.106384      1048.0952148438
660.435242      1066.6867675781
660.764160      1062.0388183594
661.092896      1029.5037841797
661.421692      1031.8276367188
661.750427       952.8138427734
662.079102      1062.0388183594
662.407715      1062.0388183594
662.736328      1078.3063964844
663.064880      1043.4473876953
663.393311      1078.3063964844
663.721802      1020.2080078125
664.050232      1036.4755859375
664.378601      1131.7569580078
664.706970      1001.6165161133
665.035217      1045.7712402344
665.363525      1043.4473876953
665.691650      1075.9824218750
666.019897       989.9968261719
666.347961      1024.8558349609
666.676086      1108.5175781250
667.004150      1050.4191894531
667.332092      1092.2500000000
667.660095       971.4053344727
667.987915      1001.6165161133
668.315796      1113.1654052734
668.643677      1041.1234130859
668.971436      1062.0388183594
669.299133      1038.7994384766
669.626892      1057.3909912109
669.954468      1080.6303710938
670.282104      1029.5037841797
670.609619       978.3771362305
670.937256      1029.5037841797
671.264587      1031.8276367188
671.592163      1038.7994384766
671.919495      1057.3909912109
672.246887      1010.9122314453
672.574097      1041.1234130859
672.901489      1041.1234130859
673.228699      1103.8697509766
673.555847      1108.5175781250
673.882996       987.6729125977
674.210022      1038.7994384766
674.537109      1089.9261474609
674.864136      1027.1798095703
675.191101      1015.5601196289
675.518005       994.6447143555
675.844849      1031.8276367188
676.171692       983.0250244141
676.498535      1003.9404296875
676.825256      1015.5601196289
677.151978      1043.4473876953
677.478577      1006.2644042969
677.805237      1059.7149658203
678.131836      1055.0670166016
678.458435      1036.4755859375
678.784851      1010.9122314453
679.111328      1008.5883178711
679.437744       973.7292480469
679.764099      1080.6303710938
680.090454      1050.4191894531
680.416687      1008.5883178711
680.742920       999.2926025391
681.069153      1010.9122314453
681.395203       971.4053344727
681.721313      1029.5037841797
682.047485      1078.3063964844
682.373474      1029.5037841797
682.699402      1022.5319213867
683.025391      1052.7431640625
683.351196      1003.9404296875
683.677063      1034.1516113281
684.002930      1006.2644042969
684.328674      1059.7149658203
684.654358      1048.0952148438
684.980042      1010.9122314453
685.305603      1062.0388183594
685.631287      1034.1516113281
685.956787      1048.0952148438
686.282288      1020.2080078125
686.607788      1008.5883178711
686.933167      1034.1516113281
687.258545      1036.4755859375
687.583923      1038.7994384766
687.909180      1001.6165161133
688.234375      1038.7994384766
688.559631      1029.5037841797
688.884766      1055.0670166016
689.209839      1124.7851562500
689.534973       992.3207397461
689.859924       969.0814208984
690.184937      1036.4755859375
690.509827      1041.1234130859
690.834717       978.3771362305
691.159668      1043.4473876953
691.484436      1080.6303710938
691.809204      1050.4191894531
692.133911      1043.4473876953
692.458557       999.2926025391
692.783142      1027.1798095703
693.107849      1013.2362060547
693.432312      1048.0952148438
693.756836      1001.6165161133
694.081238      1010.9122314453
694.405701       973.7292480469
694.730164      1085.2781982422
695.054443       957.4617309570
695.378723       987.6729125977
695.702942      1008.5883178711
696.027100      1064.3627929688
696.351257      1038.7994384766
696.675476      1055.0670166016
696.999512      1024.8558349609
697.323486      1085.2781982422
697.647461      1050.4191894531
697.971375      1099.2218017578
698.295349      1059.7149658203
698.619202      1036.4755859375
698.942993      1027.1798095703
699.266724      1078.3063964844
699.590393      1080.6303710938
699.914124      1057.3909912109
700.237793      1059.7149658203
700.561340      1115.4893798828
700.884949      1029.5037841797
701.208374       999.2926025391
701.531860      1008.5883178711
701.855286       983.0250244141
702.178650      1010.9122314453
702.501953      1052.7431640625
702.825195      1036.4755859375
703.148499      1075.9824218750
703.471680       996.9686279297
703.794861      1052.7431640625
704.117981       943.5181274414
704.440979      1052.7431640625
704.764038      1015.5601196289
705.086975      1048.0952148438
705.409851       994.6447143555
705.732849      1034.1516113281
706.055664      1082.9542236328
706.378479      1089.9261474609
706.701233      1085.2781982422
707.023926      1027.1798095703
707.346619      1027.1798095703
707.669250      1010.9122314453
707.991821      1020.2080078125
708.314392      1017.8840942383
708.636841       999.2926025391
708.959290      1024.8558349609
709.281738      1034.1516113281
709.604065      1050.4191894531
709.926392      1087.6021728516
710.248657      1059.7149658203
710.570862       999.2926025391
710.893066      1027.1798095703
711.215210      1036.4755859375
711.537292      1045.7712402344
711.859314      1006.2644042969
712.181335      1094.5739746094
712.503357      1010.9122314453
712.825256      1008.5883178711
713.147156      1057.3909912109
713.468994      1080.6303710938
713.790771      1015.5601196289
714.112488       985.3489379883
714.434143       980.7011108398
714.755859      1069.0106201172
715.077515      1038.7994384766
715.399109      1110.8415527344
715.720581      1001.6165161133
716.042053       987.6729125977
716.363525       985.3489379883
716.684875      1099.2218017578
717.006287      1045.7712402344
717.327576      1008.5883178711
717.648804       980.7011108398
717.969971      1031.8276367188
718.291260      1073.6585693359
718.612366      1071.3345947266
718.933411      1073.6585693359
719.254395       994.6447143555
719.575439      1045.7712402344
719.896362      1029.5037841797
720.217285      1027.1798095703
720.538147      1110.8415527344
720.859009      1036.4755859375
721.179749      1045.7712402344
721.500488      1003.9404296875
721.821228      1064.3627929688
722.141785       999.2926025391
722.462402      1055.0670166016
722.782959      1064.3627929688
723.103455      1052.7431640625
723.423950      1059.7149658203
723.744385      1064.3627929688
724.064758       973.7292480469
724.385071      1013.2362060547
724.705322      1020.2080078125
725.025574      1006.2644042969
725.345825      1013.2362060547
725.665955       985.3489379883
725.986023      1031.8276367188
726.306091      1096.8979492188
726.626099      1117.8133544922
726.946045      1057.3909912109
727.266052      1010.9122314453
727.585938      1101.5457763672
727.905762      1096.8979492188
728.225525      1103.8697509766
728.545288       952.8138427734
728.864990      1048.0952148438
729.184692      1008.5883178711
729.504333      1015.5601196289
729.823853      1096.8979492188
730.143372      1045.7712402344
730.462891      1059.7149658203
730.782410      1089.9261474609
731.101746       994.6447143555
731.421143      1017.8840942383
731.740417      1010.9122314453
732.059631      1010.9122314453
732.378845      1055.0670166016
732.698059      1082.9542236328
733.017212       978.3771362305
733.336304      1034.1516113281
733.655273      1020.2080078125
733.974304      1059.7149658203
734.293335       957.4617309570
734.612183      1038.7994384766
734.931030      1050.4191894531
735.249878      1001.6165161133
735.568665      1069.0106201172
735.887329      1050.4191894531
736.206055       994.6447143555
736.524658      1001.6165161133
736.843262      1055.0670166016
737.161804      1089.9261474609
737.480286      1031.8276367188
737.798828      1027.1798095703
738.117249      1010.9122314453
738.435608      1041.1234130859
738.753906      1048.0952148438
739.072205      1029.5037841797
739.390442      1073.6585693359
739.708618      1036.4755859375
740.026733      1006.2644042969
740.344849      1078.3063964844
740.662903      1036.4755859375
740.980957       952.8138427734
741.298889      1043.4473876953
741.616821       976.0532226563
741.934692      1071.3345947266
742.252502      1062.0388183594
742.570313      1085.2781982422
742.888062      1036.4755859375
743.205750      1055.0670166016
743.523438      1052.7431640625
743.841003      1045.7712402344
744.158569      1052.7431640625
744.476074       985.3489379883
744.793518      1059.7149658203
745.111023      1045.7712402344
745.428345       994.6447143555
745.745728      1096.8979492188
746.062988      1092.2500000000
746.380249      1048.0952148438
746.697449      1078.3063964844
747.014648      1024.8558349609
747.331726      1075.9824218750
747.648804      1050.4191894531
747.965759      1085.2781982422
748.282776       994.6447143555
748.599731      1080.6303710938
748.916626      1034.1516113281
749.233459      1099.2218017578
749.550232      1062.0388183594
749.867004      1106.1936035156
750.183655      1010.9122314453
750.500366      1031.8276367188
750.816956       976.0532226563
751.133545      1096.8979492188
751.450073      1024.8558349609
751.766479      1057.3909912109
752.083008      1050.4191894531
752.399414      1082.9542236328
752.715698       999.2926025391
753.032043      1020.2080078125
753.348328      1027.1798095703
753.664429      1094.5739746094
753.980713       999.2926025391
754.296814      1066.6867675781
754.612854      1045.7712402344
754.928833      1001.6165161133
755.244873      1089.9261474609
755.560852      1069.0106201172
755.876709      1008.5883178711
756.192505      1034.1516113281
756.508362      1017.8840942383
756.824097      1085.2781982422
757.139771      1043.4473876953
757.455505      1073.6585693359
757.771118      1069.0106201172
758.086670      1080.6303710938
758.402222      1038.7994384766
758.717712       980.7011108398
759.033081      1024.8558349609
759.348511      1001.6165161133
759.663879      1115.4893798828
759.979187      1008.5883178711
760.294434      1020.2080078125
760.609619      1038.7994384766
760.924805       994.6447143555
761.239929      1069.0106201172
761.554993      1031.8276367188
761.869995      1038.7994384766
762.184998       992.3207397461
762.499939      1010.9122314453
762.814880      1027.1798095703
763.129700      1059.7149658203
763.444519       971.4053344727
763.759277      1050.4191894531
764.073975      1071.3345947266
764.388672      1078.3063964844
764.703308      1073.6585693359
765.017883       948.1659545898
765.332397       994.6447143555
765.646851      1059.7149658203
765.961304       999.2926025391
766.275696      1029.5037841797
766.590088      1010.9122314453
766.904358      1017.8840942383
767.218628      1055.0670166016
767.532776      1066.6867675781
767.846924      1041.1234130859
768.161072      1057.3909912109
768.475159      1087.6021728516
768.789185       999.2926025391
769.103149      1059.7149658203
769.417114      1031.8276367188
769.731079      1020.2080078125
770.044861      1022.5319213867
770.358643      1066.6867675781
770.672363      1034.1516113281
770.986084       994.6447143555
771.299683      1045.7712402344
771.613403      1059.7149658203
771.927002      1078.3063964844
772.240479      1010.9122314453
772.553955      1041.1234130859
772.867371      1048.0952148438
773.180847      1052.7431640625
773.494141      1008.5883178711
773.807434      1057.3909912109
774.120667      1008.5883178711
774.433899      1001.6165161133
774.747009       915.6308593750
775.060181       985.3489379883
775.373230      1048.0952148438
775.686218      1001.6165161133
775.999207      1006.2644042969
776.312073      1003.9404296875
776.624939      1048.0952148438
776.937866      1099.2218017578
777.250671      1069.0106201172
777.563416      1085.2781982422
777.876099      1089.9261474609
778.188721      1041.1234130859
778.501343      1015.5601196289
778.813904      1031.8276367188
779.126404      1029.5037841797
779.438904      1045.7712402344
779.751282      1080.6303710938
780.063660       996.9686279297
780.376038      1101.5457763672
780.688293      1124.7851562500
781.000549      1024.8558349609
781.312683      1015.5601196289
781.624817      1089.9261474609
781.937012      1055.0670166016
782.249023      1050.4191894531
782.561035      1066.6867675781
782.872986      1057.3909912109
783.184937      1043.4473876953
783.496765      1062.0388183594
783.808655      1024.8558349609
784.120422      1045.7712402344
784.432129      1043.4473876953
784.743774      1050.4191894531
785.055420      1008.5883178711
785.367004      1013.2362060547
785.678589      1024.8558349609
785.990051      1055.0670166016
786.301514      1015.5601196289
786.612976      1066.6867675781
786.924316      1036.4755859375
787.235657      1066.6867675781
787.546936      1087.6021728516
787.858154      1045.7712402344
788.169312      1041.1234130859
788.480408      1052.7431640625
788.791504       983.0250244141
789.102600      1038.7994384766
789.413513      1089.9261474609
789.724487       996.9686279297
790.035400      1050.4191894531
790.346191      1001.6165161133
790.657043      1010.9122314453
790.967834      1015.5601196289
791.278564      1020.2080078125
791.589172      1094.5739746094
791.899780      1036.4755859375
792.210327      1034.1516113281
792.520935      1057.3909912109
792.831421       973.7292480469
793.141846       994.6447143555
793.452209      1034.1516113281
793.762573      1022.5319213867
794.072815      1034.1516113281
794.383118      1008.5883178711
794.693359      1036.4755859375
795.003479      1015.5601196289
795.313538      1017.8840942383
795.623596       989.9968261719
795.933716      1082.9542236328
796.243652      1034.1516113281
796.553589      1078.3063964844
796.863464      1020.2080078125
797.173218      1069.0106201172
797.483032      1001.6165161133
797.792786      1020.2080078125
798.102478      1075.9824218750
798.412109      1050.4191894531
798.721741      1064.3627929688
799.031250      1064.3627929688
799.340820      1020.2080078125
799.650269      1029.5037841797
799.959656      1050.4191894531
800.269043      1050.4191894531
800.578369      1092.2500000000
800.887573      1080.6303710938
801.196899      1078.3063964844
801.505981       994.6447143555
801.815186      1062.0388183594
802.124207      1073.6585693359
802.433289      1048.0952148438
802.742188      1064.3627929688
803.051270      1045.7712402344
803.360168      1082.9542236328
803.668945      1036.4755859375
803.977783      1048.0952148438
804.286499      1048.0952148438
804.595276      1055.0670166016
804.903931       999.2926025391
805.212524      1041.1234130859
805.521057      1024.8558349609
805.829590      1038.7994384766
806.138062      1066.6867675781
806.446533      1062.0388183594
806.754944      1036.4755859375
807.063293      1087.6021728516
807.371521      1041.1234130859
807.679749      1082.9542236328
807.987976      1064.3627929688
808.296143       999.2926025391
808.604248      1034.1516113281
808.912292      1073.6585693359
809.220276       987.6729125977
809.528198      1048.0952148438
809.836182      1087.6021728516
810.144043      1082.9542236328
810.451843      1017.8840942383
810.759644      1066.6867675781
811.067322       941.1941528320
811.375061      1041.1234130859
811.682678      1057.3909912109
811.990295       994.6447143555
812.297791      1020.2080078125
812.605286      1001.6165161133
812.912720      1069.0106201172
813.220154      1003.9404296875
813.527527      1029.5037841797
813.834839      1043.4473876953
814.142029      1008.5883178711
814.449219      1062.0388183594
814.756409       957.4617309570
815.063538      1108.5175781250
815.370605      1073.6585693359
815.677612      1020.2080078125
815.984619      1110.8415527344
816.291504      1010.9122314453
816.598389      1034.1516113281
816.905273      1048.0952148438
817.212036      1029.5037841797
817.518738      1057.3909912109
817.825439      1031.8276367188
818.132080      1078.3063964844
818.438721      1069.0106201172
818.745239      1089.9261474609
819.051758      1031.8276367188
819.358215      1038.7994384766
819.664612      1017.8840942383
819.971008      1034.1516113281
820.277344       994.6447143555
820.583557      1031.8276367188
820.889771       992.3207397461
821.195923      1066.6867675781
821.502075      1038.7994384766
821.808167      1075.9824218750
822.114197       973.7292480469
822.420166      1027.1798095703
822.726074      1010.9122314453
823.031921      1059.7149658203
823.337769       992.3207397461
823.643677      1048.0952148438
823.949402      1069.0106201172
824.255066      1031.8276367188
824.560730      1089.9261474609
824.866272       996.9686279297
825.171936      1069.0106201172
825.477356      1055.0670166016
825.782837      1062.0388183594
826.088257      1017.8840942383
826.393616      1036.4755859375
826.698914      1024.8558349609
827.004272      1015.5601196289
827.309448       978.3771362305
827.614624      1062.0388183594
827.919739      1052.7431640625
828.224854      1015.5601196289
828.529907      1057.3909912109
828.834839      1038.7994384766
829.139832      1022.5319213867
829.444702      1064.3627929688
829.749512      1029.5037841797
830.054260      1043.4473876953
830.359131       996.9686279297
830.663818      1129.4329833984
830.968506       983.0250244141
831.273071      1010.9122314453
831.577576      1062.0388183594
831.882080      1043.4473876953
832.186646      1057.3909912109
832.491028      1036.4755859375
832.795410      1071.3345947266
833.099731       994.6447143555
833.403931      1041.1234130859
833.708191      1022.5319213867
834.012390      1096.8979492188
834.316467      1013.2362060547
834.620605      1017.8840942383
834.924622      1015.5601196289
835.228577      1064.3627929688
835.532593       994.6447143555
835.836426      1010.9122314453
836.140320      1059.7149658203
836.444031      1066.6867675781
836.747803      1038.7994384766
837.051514      1034.1516113281
837.355225      1075.9824218750
837.658752      1048.0952148438
837.962341      1069.0106201172
838.265808      1101.5457763672
838.569336      1015.5601196289
838.872742      1066.6867675781
839.176147      1029.5037841797
839.479370      1071.3345947266
839.782715       980.7011108398
840.085876      1036.4755859375
840.389038      1027.1798095703
840.692261      1008.5883178711
840.995300      1008.5883178711
841.298340      1036.4755859375
841.601257      1024.8558349609
841.904236      1057.3909912109
842.207153      1038.7994384766
842.509949      1013.2362060547
842.812805      1092.2500000000
843.115540      1010.9122314453
843.418152      1048.0952148438
843.720825      1048.0952148438
844.023438      1013.2362060547
844.325989      1085.2781982422
844.628540      1096.8979492188
844.930969      1027.1798095703
845.233337      1066.6867675781
845.535767      1059.7149658203
845.838013      1096.8979492188
846.140259      1094.5739746094
846.442505       996.9686279297
846.744690      1034.1516113281
847.046753       992.3207397461
847.348877      1031.8276367188
847.650879      1013.2362060547
847.952881      1059.7149658203
848.254761       959.7856445313
848.556641      1020.2080078125
848.858459      1094.5739746094
849.160278      1015.5601196289
849.462036      1089.9261474609
849.763733      1043.4473876953
850.065308      1010.9122314453
850.366882      1066.6867675781
850.668518      1066.6867675781
850.969971      1096.8979492188
851.271423      1073.6585693359
851.572815      1166.6159667969
851.874084      1055.0670166016
852.175476      1029.5037841797
852.476685      1045.7712402344
852.777893      1127.1090087891
853.079041       978.3771362305
853.380127       994.6447143555
853.681213      1013.2362060547
853.982239       996.9686279297
854.283203      1034.1516113281
854.584106      1089.9261474609
854.885010      1024.8558349609
855.185791      1082.9542236328
855.486572      1062.0388183594
855.787292      1013.2362060547
856.088013      1059.7149658203
856.388611      1052.7431640625
856.689148      1075.9824218750
856.989685      1106.1936035156
857.290161      1055.0670166016
857.590637       996.9686279297
857.890991      1001.6165161133
858.191284      1001.6165161133
858.491577      1078.3063964844
858.791809      1038.7994384766
859.092041       987.6729125977
859.392212      1062.0388183594
859.692261      1013.2362060547
859.992310      1029.5037841797
860.292297      1043.4473876953
860.592224      1017.8840942383
860.892151      1057.3909912109
861.191956      1029.5037841797
861.491760      1041.1234130859
861.791565      1073.6585693359
862.091248      1062.0388183594
862.390930      1036.4755859375
862.690552      1003.9404296875
862.990051      1027.1798095703
863.289551       987.6729125977
863.589050       994.6447143555
863.888428      1027.1798095703
864.187805      1092.2500000000
864.487122      1089.9261474609
864.786377      1055.0670166016
865.085632      1108.5175781250
865.384705      1043.4473876953
865.683838      1057.3909912109
865.982971      1057.3909912109
866.281982      1048.0952148438
866.580933      1057.3909912109
866.879883      1024.8558349609
867.178711       980.7011108398
867.477600      1024.8558349609
867.776367       969.0814208984
868.075134      1036.4755859375
868.373718      1052.7431640625
868.672424      1027.1798095703
868.970947       996.9686279297
869.269531      1059.7149658203
869.568054      1094.5739746094
869.866455      1045.7712402344
870.164856      1024.8558349609
870.463196      1034.1516113281
870.761536      1087.6021728516
871.059753      1045.7712402344
871.357971      1048.0952148438
871.656067      1043.4473876953
871.954102      1029.5037841797
872.252197      1064.3627929688
872.550232      1024.8558349609
872.848206      1078.3063964844
873.146057      1017.8840942383
873.443848       996.9686279297
873.741638      1036.4755859375
874.039429      1038.7994384766
874.337158      1073.6585693359
874.634827       989.9968261719
874.932373      1120.1372070313
875.229980      1038.7994384766
875.527466      1075.9824218750
875.825012      1029.5037841797
876.122375      1052.7431640625
876.419739      1022.5319213867
876.717041      1073.6585693359
877.014282       996.9686279297
877.311462      1066.6867675781
877.608704      1103.8697509766
877.905762      1052.7431640625
878.202881      1043.4473876953
878.499817      1003.9404296875
878.796814      1138.7287597656
879.093811      1010.9122314453
879.390625      1062.0388183594
879.687439      1075.9824218750
879.984253      1087.6021728516
880.280884      1034.1516113281
880.577637       994.6447143555
880.874268      1062.0388183594
881.170837      1080.6303710938
881.467346       989.9968261719
881.763855      1069.0106201172
882.060242      1017.8840942383
882.356567      1022.5319213867
882.652954      1013.2362060547
882.949280      1071.3345947266
883.245483      1034.1516113281
883.541626      1075.9824218750
883.837830      1059.7149658203
884.133911      1078.3063964844
884.429932      1059.7149658203
884.725952      1064.3627929688
885.021851      1096.8979492188
885.317688      1089.9261474609
885.613525      1013.2362060547
885.909363      1031.8276367188
886.205078      1024.8558349609
