0.035900
191.033081         0.0000000000
191.409973         0.0000000000
191.786819      1029.5037841797
192.163651      1064.3627929688
192.540451      1010.9122314453
192.917221      1017.8840942383
193.293961       989.9968261719
193.670670      1059.7149658203
194.047348      1006.2644042969
194.423981      1094.5739746094
194.800613      1134.0809326172
195.177200      1113.1654052734
195.553757      1092.2500000000
195.930283      1089.9261474609
196.306778      1045.7712402344
196.683258      1085.2781982422
197.059677      1099.2218017578
197.436081      1129.4329833984
197.812454      1085.2781982422
198.188812      1113.1654052734
198.565125      1045.7712402344
198.941406      1075.9824218750
199.317673      1036.4755859375
199.693893      1038.7994384766
200.070099      1020.2080078125
200.446259      1048.0952148438
200.822388      1024.8558349609
201.198486       996.9686279297
201.574570      1141.0527343750
201.950607      1006.2644042969
202.326614      1101.5457763672
202.702606      1069.0106201172
203.078568      1027.1798095703
203.454483       964.4335327148
203.830383      1069.0106201172
204.206253      1027.1798095703
204.582077      1036.4755859375
204.957870      1094.5739746094
205.333633      1055.0670166016
205.709396      1038.7994384766
206.085098      1048.0952148438
206.460785      1022.5319213867
206.836426       950.4899291992
207.212051      1001.6165161133
207.587646      1078.3063964844
207.963196      1027.1798095703
208.338730      1029.5037841797
208.714218      1020.2080078125
209.089691      1080.6303710938
209.465134      1045.7712402344
209.840530      1050.4191894531
210.215897      1094.5739746094
210.591263      1003.9404296875
210.966583      1041.1234130859
211.341858      1103.8697509766
211.717102      1017.8840942383
212.092331      1022.5319213867
212.467529      1059.7149658203
212.842697       966.7574462891
213.217819      1052.7431640625
213.592926      1092.2500000000
213.968002      1050.4191894531
214.343018      1029.5037841797
214.718033       999.2926025391
215.093018      1082.9542236328
215.467972      1038.7994384766
215.842880      1055.0670166016
216.217773      1064.3627929688
216.592636      1057.3909912109
216.967453      1041.1234130859
217.342255      1057.3909912109
217.717026      1092.2500000000
218.091766      1010.9122314453
218.466446      1022.5319213867
218.841125      1089.9261474609
219.215759      1031.8276367188
219.590378      1062.0388183594
219.964966       969.0814208984
220.339508       989.9968261719
220.714020      1015.5601196289
221.088516       989.9968261719
221.462967      1108.5175781250
221.837402      1062.0388183594
222.211792      1052.7431640625
222.586166      1110.8415527344
222.960510      1052.7431640625
223.334793      1017.8840942383
223.709061      1075.9824218750
224.083313      1117.8133544922
224.457520      1087.6021728516
224.831696       999.2926025391
225.205856       978.3771362305
225.579987      1066.6867675781
225.954056      1052.7431640625
226.328110      1024.8558349609
226.702148      1015.5601196289
227.076126      1127.1090087891
227.450104      1066.6867675781
227.824036      1096.8979492188
228.197937      1050.4191894531
228.571823      1085.2781982422
228.945648       945.8420410156
229.319473      1024.8558349609
229.693237      1017.8840942383
230.066986      1085.2781982422
230.440704      1017.8840942383
230.814392      1008.5883178711
231.188034      1059.7149658203
231.561661      1071.3345947266
231.935257       969.0814208984
232.308823      1059.7149658203
232.682343      1082.9542236328
233.055847       999.2926025391
233.429321      1001.6165161133
233.802750       987.6729125977
234.176147      1122.4611816406
234.549530      1038.7994384766
234.922882      1029.5037841797
235.296188       989.9968261719
235.669464      1038.7994384766
236.042725      1048.0952148438
236.415924      1117.8133544922
236.789139      1038.7994384766
237.162292      1075.9824218750
237.535416      1020.2080078125
237.908508      1043.4473876953
238.281570       999.2926025391
238.654617      1108.5175781250
239.027618      1052.7431640625
239.400574      1101.5457763672
239.773514      1071.3345947266
240.146423      1052.7431640625
240.519302      1073.6585693359
240.892136      1050.4191894531
241.264969      1041.1234130859
241.637726      1048.0952148438
242.010498      1055.0670166016
242.383209      1113.1654052734
242.755905      1087.6021728516
243.128555      1131.7569580078
243.501190      1031.8276367188
243.873779      1015.5601196289
244.246353      1075.9824218750
244.618866      1036.4755859375
244.991379      1082.9542236328
245.363861      1082.9542236328
245.736282      1024.8558349609
246.108688      1108.5175781250
246.481079      1050.4191894531
246.853409      1062.0388183594
247.225723      1122.4611816406
247.598007      1041.1234130859
247.970261      1038.7994384766
248.342468      1069.0106201172
248.714645      1064.3627929688
249.086823      1099.2218017578
249.458954      1082.9542236328
249.831024      1124.7851562500
250.203094      1154.9963378906
250.575134      1006.2644042969
250.947113      1094.5739746094
251.319092      1022.5319213867
251.691025      1001.6165161133
252.062912      1066.6867675781
252.434784       985.3489379883
252.806641      1045.7712402344
253.178452      1059.7149658203
253.550232      1050.4191894531
253.921967      1038.7994384766
254.293686      1066.6867675781
254.665359      1022.5319213867
255.037003      1089.9261474609
255.408630      1050.4191894531
255.780228      1015.5601196289
256.151764      1094.5739746094
256.523285      1069.0106201172
256.894806       962.1096191406
257.266235      1022.5319213867
257.637695      1010.9122314453
258.009064      1055.0670166016
258.380432      1031.8276367188
258.751770      1001.6165161133
259.123077      1071.3345947266
259.494385      1085.2781982422
259.865601      1017.8840942383
260.236816      1082.9542236328
260.607941      1057.3909912109
260.979126      1110.8415527344
261.350220      1115.4893798828
261.721344      1052.7431640625
262.092346      1159.6441650391
262.463379      1096.8979492188
262.834351      1122.4611816406
263.205292      1103.8697509766
263.576233      1085.2781982422
263.947144      1057.3909912109
264.317993      1085.2781982422
264.688812      1075.9824218750
265.059631      1057.3909912109
265.430359      1071.3345947266
265.801117      1062.0388183594
266.171783      1143.3765869141
266.542450      1094.5739746094
266.913086      1024.8558349609
267.283691      1062.0388183594
267.654266      1055.0670166016
268.024811       976.0532226563
268.395325      1027.1798095703
268.765778       989.9968261719
269.136230      1020.2080078125
269.506653      1059.7149658203
269.877045      1066.6867675781
270.247375      1064.3627929688
270.617676      1071.3345947266
270.987946      1075.9824218750
271.358246      1038.7994384766
271.728424       996.9686279297
272.098633      1075.9824218750
272.468781      1055.0670166016
272.838867      1001.6165161133
273.209015      1043.4473876953
273.579041      1085.2781982422
273.949066       943.5181274414
274.319061      1106.1936035156
274.689056      1064.3627929688
275.058960      1015.5601196289
275.428864      1050.4191894531
275.798737      1062.0388183594
276.168579      1013.2362060547
276.538361      1043.4473876953
276.908142      1001.6165161133
277.277832      1064.3627929688
277.647583      1096.8979492188
278.017242      1052.7431640625
278.386902      1078.3063964844
278.756500      1064.3627929688
279.126038      1057.3909912109
279.495636      1094.5739746094
279.865143      1082.9542236328
280.234619      1020.2080078125
280.604065      1064.3627929688
280.973450      1117.8133544922
281.342834      1010.9122314453
281.712189      1017.8840942383
282.081512      1103.8697509766
282.450836      1059.7149658203
282.820038      1089.9261474609
283.189270      1124.7851562500
283.558502      1117.8133544922
283.927612      1057.3909912109
284.296722      1043.4473876953
284.665863      1094.5739746094
285.034912      1010.9122314453
285.403931      1050.4191894531
285.772919      1031.8276367188
286.141876      1048.0952148438
286.510834      1031.8276367188
286.879730       985.3489379883
287.248596      1024.8558349609
287.617401      1020.2080078125
287.986206      1038.7994384766
288.354950      1075.9824218750
288.723724       996.9686279297
289.092407      1103.8697509766
289.461060      1108.5175781250
289.829742      1087.6021728516
290.198334      1066.6867675781
290.566925      1073.6585693359
290.935455      1050.4191894531
291.303925      1022.5319213867
291.672394      1010.9122314453
292.040894      1017.8840942383
292.409271      1143.3765869141
292.777679      1057.3909912109
293.145996      1059.7149658203
293.514313      1008.5883178711
293.882599      1029.5037841797
294.250824      1066.6867675781
294.619049      1092.2500000000
294.987244       999.2926025391
295.355377      1057.3909912109
295.723480      1045.7712402344
296.091614      1055.0670166016
296.459625      1075.9824218750
296.827667      1041.1234130859
297.195648      1043.4473876953
297.563599      1064.3627929688
297.931488      1038.7994384766
298.299408      1071.3345947266
298.667267      1048.0952148438
299.035095      1106.1936035156
299.402893      1066.6867675781
299.770599      1094.5739746094
300.138367      1057.3909912109
300.506042      1017.8840942383
300.873718      1050.4191894531
301.241333      1064.3627929688
301.608917      1010.9122314453
301.976471      1082.9542236328
302.344025      1052.7431640625
302.711487      1096.8979492188
303.078979      1020.2080078125
303.446411      1094.5739746094
303.813782      1052.7431640625
304.181183      1073.6585693359
304.548492      1017.8840942383
304.915771      1059.7149658203
305.283051      1064.3627929688
305.650299      1059.7149658203
306.017456      1094.5739746094
306.384644      1045.7712402344
306.751770      1027.1798095703
307.118896      1001.6165161133
307.485962      1022.5319213867
307.852966      1024.8558349609
308.219971      1027.1798095703
308.586945      1036.4755859375
308.953888      1103.8697509766
309.320801      1050.4191894531
309.687653      1052.7431640625
310.054504      1064.3627929688
310.421326      1094.5739746094
310.788086      1055.0670166016
311.154846      1066.6867675781
311.521515      1036.4755859375
311.888184      1048.0952148438
312.254822      1099.2218017578
312.621429      1115.4893798828
312.988007      1117.8133544922
313.354553      1152.6723632813
313.721039      1124.7851562500
314.087494      1041.1234130859
314.453949      1080.6303710938
314.820343      1082.9542236328
315.186737      1069.0106201172
315.553101       969.0814208984
315.919373       992.3207397461
316.285645      1059.7149658203
316.651886      1073.6585693359
317.018066      1064.3627929688
317.384308      1020.2080078125
317.750427      1071.3345947266
318.116516      1029.5037841797
318.482574      1075.9824218750
318.848633      1064.3627929688
319.214661      1134.0809326172
319.580627      1052.7431640625
319.946564      1034.1516113281
320.312439      1092.2500000000
320.678314      1057.3909912109
321.044159      1013.2362060547
321.410004      1027.1798095703
321.775757      1010.9122314453
322.141510      1082.9542236328
322.507202       994.6447143555
322.872894      1071.3345947266
323.238525      1041.1234130859
323.604156      1041.1234130859
323.969696      1103.8697509766
324.335266      1050.4191894531
324.700745      1062.0388183594
325.066223      1096.8979492188
325.431702      1010.9122314453
325.797089      1017.8840942383
326.162445      1017.8840942383
326.527802      1064.3627929688
326.893097      1071.3345947266
327.258362      1006.2644042969
327.623657      1045.7712402344
327.988861      1059.7149658203
328.353973      1057.3909912109
328.719116      1071.3345947266
329.084259      1106.1936035156
329.449341      1038.7994384766
329.814392      1048.0952148438
330.179352      1045.7712402344
330.544312      1050.4191894531
330.909241      1041.1234130859
331.274170      1080.6303710938
331.639069      1075.9824218750
332.003906      1078.3063964844
332.368713      1041.1234130859
332.733459      1034.1516113281
333.098206      1038.7994384766
333.462921      1006.2644042969
333.827606      1038.7994384766
334.192230      1064.3627929688
334.556824      1034.1516113281
334.921356      1038.7994384766
335.285919      1082.9542236328
335.650452      1057.3909912109
336.014893      1013.2362060547
336.379333      1069.0106201172
336.743744      1050.4191894531
337.108124      1034.1516113281
337.472443      1034.1516113281
337.836731      1089.9261474609
338.201019      1027.1798095703
338.565247      1029.5037841797
338.929413      1043.4473876953
339.293579       987.6729125977
339.657776       976.0532226563
340.021851      1031.8276367188
340.385895       959.7856445313
340.749908      1003.9404296875
341.113922      1099.2218017578
341.477875       985.3489379883
341.841827      1075.9824218750
342.205688      1062.0388183594
342.569580      1043.4473876953
342.933380      1057.3909912109
343.297211      1034.1516113281
343.660950      1094.5739746094
344.024658      1031.8276367188
344.388367      1059.7149658203
344.752014      1034.1516113281
345.115601      1024.8558349609
345.479218      1075.9824218750
345.842804      1050.4191894531
346.206299      1057.3909912109
346.569763      1057.3909912109
346.933228      1050.4191894531
347.296661      1036.4755859375
347.660034      1096.8979492188
348.023407      1099.2218017578
348.386719      1048.0952148438
348.750000      1041.1234130859
349.113220       994.6447143555
349.476471      1006.2644042969
349.839661      1092.2500000000
350.202820      1036.4755859375
350.565887      1059.7149658203
350.928955      1085.2781982422
351.292023      1041.1234130859
351.655029      1064.3627929688
352.018036      1071.3345947266
352.380981      1027.1798095703
352.743866       989.9968261719
353.106720       966.7574462891
353.469574      1078.3063964844
353.832397      1024.8558349609
354.195160      1001.6165161133
354.557892      1071.3345947266
354.920593      1089.9261474609
355.283234      1071.3345947266
355.645905      1034.1516113281
356.008514       950.4899291992
356.371094      1048.0952148438
356.733612      1017.8840942383
357.096100      1013.2362060547
357.458588      1045.7712402344
357.820984      1075.9824218750
358.183411      1003.9404296875
358.545746      1059.7149658203
358.908081      1159.6441650391
359.270355      1085.2781982422
359.632629      1020.2080078125
359.994873       971.4053344727
360.357056      1017.8840942383
360.719208      1066.6867675781
361.081329      1089.9261474609
361.443420      1082.9542236328
361.805481      1050.4191894531
362.167511      1071.3345947266
362.529480      1043.4473876953
362.891418      1129.4329833984
363.253326       964.4335327148
363.615234      1038.7994384766
363.977081      1003.9404296875
364.338867      1050.4191894531
364.700653      1055.0670166016
365.062378      1066.6867675781
365.424103       978.3771362305
365.785767      1041.1234130859
366.147430      1062.0388183594
366.509033      1024.8558349609
366.870605      1020.2080078125
367.232117      1041.1234130859
367.593628      1027.1798095703
367.955109      1010.9122314453
368.316559      1043.4473876953
368.677917       996.9686279297
369.039307      1106.1936035156
369.400635      1059.7149658203
369.761902      1034.1516113281
370.123199      1064.3627929688
370.484436      1092.2500000000
370.845581      1038.7994384766
371.206726      1085.2781982422
371.567871      1022.5319213867
371.928955      1087.6021728516
372.290039      1085.2781982422
372.651062      1073.6585693359
373.011993      1103.8697509766
373.372955      1048.0952148438
373.733887      1071.3345947266
374.094788      1029.5037841797
374.455627      1048.0952148438
374.816406      1122.4611816406
375.177185      1073.6585693359
375.537903      1064.3627929688
375.898651      1017.8840942383
376.259338      1029.5037841797
376.619965      1003.9404296875
376.980530      1110.8415527344
377.341095      1038.7994384766
377.701660      1057.3909912109
378.062134      1006.2644042969
378.422607      1003.9404296875
378.783020      1136.4047851563
379.143402      1089.9261474609
379.503784       980.7011108398
379.864105       962.1096191406
380.224396      1089.9261474609
380.584656       978.3771362305
380.944855      1094.5739746094
381.305054      1148.0245361328
381.665192      1013.2362060547
382.025299      1036.4755859375
382.385406      1031.8276367188
382.745453      1027.1798095703
383.105438      1082.9542236328
383.465424      1124.7851562500
383.825348      1092.2500000000
384.185272      1078.3063964844
384.545135      1036.4755859375
384.904968      1003.9404296875
385.264771       999.2926025391
385.624512      1085.2781982422
385.984253      1031.8276367188
386.343964      1045.7712402344
386.703613      1034.1516113281
387.063232      1022.5319213867
387.422821      1066.6867675781
387.782379      1034.1516113281
388.141907      1045.7712402344
388.501404      1064.3627929688
388.860840      1020.2080078125
389.220215      1038.7994384766
389.579620      1069.0106201172
389.938995      1071.3345947266
390.298279      1094.5739746094
390.657562      1010.9122314453
391.016785      1041.1234130859
391.376007      1129.4329833984
391.735168      1138.7287597656
392.094299      1043.4473876953
392.453430      1094.5739746094
392.812469      1027.1798095703
393.171478      1055.0670166016
393.530457      1078.3063964844
393.889435      1059.7149658203
394.248383      1062.0388183594
394.607269      1071.3345947266
394.966125      1020.2080078125
395.324921      1089.9261474609
395.683655      1045.7712402344
396.042419      1062.0388183594
396.401154       989.9968261719
396.759827      1048.0952148438
397.118469      1064.3627929688
397.477051      1038.7994384766
397.835632      1066.6867675781
398.194153      1034.1516113281
398.552673      1062.0388183594
398.911163      1001.6165161133
399.269592      1069.0106201172
399.627960      1103.8697509766
399.986328      1096.8979492188
400.344666      1008.5883178711
400.702942      1080.6303710938
401.061188      1006.2644042969
401.419403      1045.7712402344
401.777588      1024.8558349609
402.135712      1045.7712402344
402.493835      1075.9824218750
402.851929       966.7574462891
403.209961       987.6729125977
403.567932      1043.4473876953
403.925903      1043.4473876953
404.283905      1073.6585693359
404.641754      1092.2500000000
404.999634      1050.4191894531
405.357452      1085.2781982422
405.715210      1069.0106201172
406.072998      1106.1936035156
406.430725      1096.8979492188
406.788422      1073.6585693359
407.146027       989.9968261719
407.503662      1038.7994384766
407.861237      1055.0670166016
408.218781      1055.0670166016
408.576294      1101.5457763672
408.933777      1036.4755859375
409.291168      1066.6867675781
409.648590      1057.3909912109
410.005951      1027.1798095703
410.363312      1048.0952148438
410.720612      1038.7994384766
411.077820      1010.9122314453
411.435059      1034.1516113281
411.792267      1015.5601196289
412.149384      1071.3345947266
412.506531      1050.4191894531
412.863586      1024.8558349609
413.220642      1094.5739746094
413.577606       994.6447143555
413.934601      1080.6303710938
414.291565      1073.6585693359
414.648468      1066.6867675781
415.005310      1029.5037841797
415.362122      1008.5883178711
415.718903      1024.8558349609
416.075684      1052.7431640625
416.432434      1075.9824218750
416.789093      1108.5175781250
417.145752      1064.3627929688
417.502350      1043.4473876953
417.858948      1075.9824218750
418.215485      1092.2500000000
418.571991      1062.0388183594
418.928467      1073.6585693359
419.284882      1089.9261474609
419.641266      1059.7149658203
419.997650      1041.1234130859
420.354004      1045.7712402344
420.710266      1055.0670166016
421.066528      1043.4473876953
421.422760      1062.0388183594
421.778931      1045.7712402344
422.135071      1059.7149658203
422.491211      1106.1936035156
422.847260      1080.6303710938
423.203308      1071.3345947266
423.559296      1064.3627929688
423.915283      1082.9542236328
424.271210       973.7292480469
424.627136      1027.1798095703
424.982971      1108.5175781250
425.338776      1087.6021728516
425.694611      1043.4473876953
426.050323      1013.2362060547
426.406036      1120.1372070313
426.761749      1075.9824218750
427.117371      1038.7994384766
427.472961      1059.7149658203
427.828552       966.7574462891
428.184113      1013.2362060547
428.539581       996.9686279297
428.895050      1001.6165161133
429.250458      1092.2500000000
429.605865      1094.5739746094
429.961212      1043.4473876953
430.316559      1059.7149658203
430.671814      1059.7149658203
431.027069      1087.6021728516
431.382263      1062.0388183594
431.737457      1078.3063964844
432.092590      1036.4755859375
432.447723      1078.3063964844
432.802734      1048.0952148438
433.157776      1043.4473876953
433.512756      1050.4191894531
433.867706      1069.0106201172
434.222656      1080.6303710938
434.577545       994.6447143555
434.932373      1069.0106201172
435.287201      1101.5457763672
435.641968      1057.3909912109
435.996704      1055.0670166016
436.351410       999.2926025391
436.706085      1082.9542236328
437.060699      1059.7149658203
437.415283      1050.4191894531
437.769867      1066.6867675781
438.124420       976.0532226563
438.478882      1057.3909912109
438.833313      1136.4047851563
439.187714      1069.0106201172
439.542084      1048.0952148438
439.896454      1050.4191894531
440.250732      1064.3627929688
440.605011      1029.5037841797
440.959229      1071.3345947266
441.313416      1069.0106201172
441.667572      1057.3909912109
442.021698      1087.6021728516
442.375793      1036.4755859375
442.729858      1082.9542236328
443.083832      1145.7005615234
443.437836      1017.8840942383
443.791748      1078.3063964844
444.145630      1108.5175781250
444.499542      1045.7712402344
444.853363      1101.5457763672
445.207123      1059.7149658203
445.560883      1041.1234130859
445.914612      1080.6303710938
446.268280      1041.1234130859
446.621918      1087.6021728516
446.975555      1038.7994384766
447.329132       973.7292480469
447.682678      1085.2781982422
448.036133      1020.2080078125
448.389618      1080.6303710938
448.743042      1052.7431640625
449.096405      1057.3909912109
449.449799      1057.3909912109
449.803101      1124.7851562500
450.156372      1043.4473876953
450.509613      1066.6867675781
450.862823      1043.4473876953
451.216003      1055.0670166016
451.569122      1015.5601196289
451.922211      1041.1234130859
452.275269      1024.8558349609
452.628296      1041.1234130859
452.981293      1099.2218017578
453.334229      1059.7149658203
453.687134      1043.4473876953
454.040009      1113.1654052734
454.392853      1078.3063964844
454.745636      1087.6021728516
455.098419      1101.5457763672
455.451172      1092.2500000000
455.803864      1059.7149658203
456.156464      1106.1936035156
456.509125      1045.7712402344
456.861694      1027.1798095703
457.214264      1036.4755859375
457.566742      1082.9542236328
457.919220      1087.6021728516
458.271667       969.0814208984
458.624023      1103.8697509766
458.976379       989.9968261719
459.328705      1055.0670166016
459.681000      1036.4755859375
460.033234      1001.6165161133
460.385468       976.0532226563
460.737610      1045.7712402344
461.089752      1006.2644042969
461.441864      1052.7431640625
461.793945      1034.1516113281
462.145996      1017.8840942383
462.497955      1120.1372070313
462.849884      1085.2781982422
463.201813      1103.8697509766
463.553680      1043.4473876953
463.905518      1099.2218017578
464.257355      1029.5037841797
464.609100      1013.2362060547
464.960815      1103.8697509766
465.312531      1036.4755859375
465.664185      1001.6165161133
466.015778      1017.8840942383
466.367371      1006.2644042969
466.718903      1008.5883178711
467.070435      1008.5883178711
467.421906      1071.3345947266
467.773346      1138.7287597656
468.124725      1038.7994384766
468.476074      1050.4191894531
468.827393      1124.7851562500
469.178680      1080.6303710938
469.529938      1055.0670166016
469.881134      1057.3909912109
470.232330      1017.8840942383
470.583435      1057.3909912109
470.934540      1038.7994384766
471.285614      1036.4755859375
471.636627      1045.7712402344
471.987610      1052.7431640625
472.338562      1103.8697509766
472.689453      1057.3909912109
473.040375      1055.0670166016
473.391205      1062.0388183594
473.741974      1059.7149658203
474.092773      1052.7431640625
474.443481      1034.1516113281
474.794159      1062.0388183594
475.144806      1092.2500000000
475.495422      1131.7569580078
475.846039      1022.5319213867
476.196533      1071.3345947266
476.547028      1087.6021728516
476.897522      1050.4191894531
477.247925      1050.4191894531
477.598328       999.2926025391
477.948700      1036.4755859375
478.299011      1050.4191894531
478.649231      1043.4473876953
478.999481      1085.2781982422
479.349701      1017.8840942383
479.699829      1017.8840942383
480.049988       966.7574462891
480.400055      1055.0670166016
480.750153      1064.3627929688
481.100128      1041.1234130859
481.450104       996.9686279297
481.800049      1027.1798095703
482.149963      1115.4893798828
482.499786      1045.7712402344
482.849670      1080.6303710938
483.199432      1003.9404296875
483.549194       976.0532226563
483.898926      1073.6585693359
484.248566      1050.4191894531
484.598206      1043.4473876953
484.947815      1087.6021728516
485.297394      1082.9542236328
485.646912      1064.3627929688
485.996399      1050.4191894531
486.345825      1057.3909912109
486.695282      1064.3627929688
487.044617      1064.3627929688
487.393951       980.7011108398
487.743286      1048.0952148438
488.092529      1038.7994384766
488.441711      1048.0952148438
488.790955      1057.3909912109
489.140076       989.9968261719
489.489197      1062.0388183594
489.838257      1087.6021728516
490.187286      1108.5175781250
490.536316      1048.0952148438
490.885254      1027.1798095703
491.234161      1043.4473876953
491.583069      1043.4473876953
491.931915      1036.4755859375
492.280731      1031.8276367188
492.629486      1094.5739746094
492.978210      1052.7431640625
493.326874      1013.2362060547
493.675568      1101.5457763672
494.024200      1080.6303710938
494.372742      1024.8558349609
494.721313      1092.2500000000
495.069824      1022.5319213867
495.418274      1101.5457763672
495.766724      1048.0952148438
496.115112      1045.7712402344
496.463470      1057.3909912109
496.811768      1034.1516113281
497.160034      1015.5601196289
497.508301      1034.1516113281
497.856506      1034.1516113281
498.204651      1050.4191894531
498.552765      1075.9824218750
498.900848      1050.4191894531
499.248901      1059.7149658203
499.596924      1055.0670166016
499.944885      1062.0388183594
500.292816      1106.1936035156
500.640778      1096.8979492188
500.988556      1064.3627929688
501.336426      1117.8133544922
501.684204      1045.7712402344
502.031952      1094.5739746094
502.379700      1108.5175781250
502.727295      1108.5175781250
503.074982      1034.1516113281
503.422546      1041.1234130859
503.770081      1055.0670166016
504.117615      1038.7994384766
504.465088      1003.9404296875
504.812561      1008.5883178711
505.159943      1150.3483886719
505.507294       985.3489379883
505.854645      1029.5037841797
506.201904      1010.9122314453
506.549194      1010.9122314453
506.896332      1043.4473876953
507.243591      1094.5739746094
507.590698      1096.8979492188
507.937775      1036.4755859375
508.284912      1043.4473876953
508.631836      1055.0670166016
508.978851      1050.4191894531
509.325806      1075.9824218750
509.672699      1089.9261474609
510.019592      1064.3627929688
510.366364      1048.0952148438
510.713196      1050.4191894531
511.059937      1020.2080078125
511.406677       936.5463256836
511.753326      1008.5883178711
512.099976      1057.3909912109
512.446594      1038.7994384766
512.793091      1071.3345947266
513.139648      1057.3909912109
513.486145      1022.5319213867
513.832520      1034.1516113281
514.179016      1066.6867675781
514.525269      1045.7712402344
514.871704      1041.1234130859
515.217957      1034.1516113281
515.564209      1036.4755859375
515.910522       980.7011108398
516.256531      1092.2500000000
516.602783      1057.3909912109
516.948853      1052.7431640625
517.294922      1020.2080078125
517.640930      1006.2644042969
517.986877      1057.3909912109
518.332886      1131.7569580078
518.678711      1048.0952148438
519.024658      1131.7569580078
519.370422      1027.1798095703
519.716248      1059.7149658203
520.062073      1057.3909912109
520.407715      1075.9824218750
520.753418      1131.7569580078
521.099060      1087.6021728516
521.444580      1087.6021728516
521.790222      1013.2362060547
522.135681      1094.5739746094
522.481201      1094.5739746094
522.826660      1094.5739746094
523.172058      1089.9261474609
523.517395      1010.9122314453
523.862671       973.7292480469
524.208069      1082.9542236328
524.553284      1092.2500000000
524.898438      1127.1090087891
525.243591      1071.3345947266
525.588745      1022.5319213867
525.933899      1057.3909912109
526.278931      1138.7287597656
526.623962      1027.1798095703
526.968872      1062.0388183594
527.313904      1041.1234130859
527.658813      1036.4755859375
528.003601      1071.3345947266
528.348450      1024.8558349609
528.693237      1017.8840942383
529.037964      1087.6021728516
529.382751      1085.2781982422
529.727356      1055.0670166016
530.072021      1024.8558349609
530.416626      1045.7712402344
530.761169      1043.4473876953
531.105652      1101.5457763672
531.450134      1080.6303710938
531.794617      1003.9404296875
532.138916      1043.4473876953
532.483337      1006.2644042969
532.827637      1122.4611816406
533.171936      1045.7712402344
533.516174      1052.7431640625
533.860352      1038.7994384766
534.204529      1092.2500000000
534.548645      1048.0952148438
534.892700      1075.9824218750
535.236816      1017.8840942383
535.580750      1071.3345947266
535.924744      1089.9261474609
536.268738      1120.1372070313
536.612549      1094.5739746094
536.956421      1027.1798095703
537.300232       999.2926025391
537.644043      1080.6303710938
537.987671      1010.9122314453
538.331421      1066.6867675781
538.675049      1069.0106201172
539.018677      1027.1798095703
539.362305      1082.9542236328
539.705750      1055.0670166016
540.049316      1069.0106201172
540.392822      1034.1516113281
540.736145       999.2926025391
541.079590      1064.3627929688
541.422913      1008.5883178711
541.766235      1071.3345947266
542.109436       996.9686279297
542.452698      1052.7431640625
542.795898      1024.8558349609
543.138977      1020.2080078125
543.482178      1057.3909912109
543.825195       992.3207397461
544.168213      1110.8415527344
544.511230      1129.4329833984
544.854187      1031.8276367188
545.197083      1057.3909912109
545.539917      1066.6867675781
545.882813      1075.9824218750
546.225586      1080.6303710938
546.568359      1055.0670166016
546.911133      1015.5601196289
547.253662      1066.6867675781
547.596436      1043.4473876953
547.938965      1092.2500000000
548.281494      1129.4329833984
548.624084      1055.0670166016
548.966492      1110.8415527344
549.308960      1057.3909912109
549.651367      1036.4755859375
549.993713      1099.2218017578
550.336060      1082.9542236328
550.678345      1085.2781982422
551.020630      1075.9824218750
551.362732      1075.9824218750
551.704956      1122.4611816406
552.047058      1022.5319213867
552.389160      1015.5601196289
552.731262      1043.4473876953
553.073181      1024.8558349609
553.415161      1029.5037841797
553.757080      1052.7431640625
554.098999      1017.8840942383
554.440857      1043.4473876953
554.782593      1069.0106201172
555.124390       976.0532226563
555.466125      1064.3627929688
555.807800      1052.7431640625
556.149414      1059.7149658203
556.491089      1038.7994384766
556.832642       985.3489379883
557.174133       964.4335327148
557.515686      1073.6585693359
557.857117      1010.9122314453
558.198486      1001.6165161133
558.539917       994.6447143555
558.881165      1008.5883178711
559.222534      1020.2080078125
559.563782      1006.2644042969
559.904968      1062.0388183594
560.246216      1087.6021728516
560.587280      1001.6165161133
560.928406      1059.7149658203
561.269470      1064.3627929688
561.610474      1073.6585693359
561.951477      1120.1372070313
562.292297      1092.2500000000
562.633301      1038.7994384766
562.974121      1127.1090087891
563.315002      1031.8276367188
563.655762      1038.7994384766
563.996460      1059.7149658203
564.337158      1043.4473876953
564.677795      1024.8558349609
565.018433      1069.0106201172
565.359009      1059.7149658203
565.699524       955.1378173828
566.040100      1055.0670166016
566.380493      1062.0388183594
566.720947      1085.2781982422
567.061340      1055.0670166016
567.401611      1059.7149658203
567.742004      1048.0952148438
568.082153      1013.2362060547
568.422424      1057.3909912109
568.762634      1020.2080078125
569.102722      1110.8415527344
569.442810      1017.8840942383
569.782898      1099.2218017578
570.122986      1099.2218017578
570.462830      1043.4473876953
570.802856      1120.1372070313
571.142761      1101.5457763672
571.482605      1013.2362060547
571.822449      1034.1516113281
572.162170      1008.5883178711
572.501953      1008.5883178711
572.841675      1066.6867675781
573.181274      1036.4755859375
573.520996      1106.1936035156
573.860474      1108.5175781250
574.200073      1048.0952148438
574.539551      1045.7712402344
574.878967      1038.7994384766
575.218384       969.0814208984
575.557739       983.0250244141
575.897156      1073.6585693359
576.236450      1069.0106201172
576.575684      1038.7994384766
576.914856      1034.1516113281
577.254089       959.7856445313
577.593262       994.6447143555
577.932251      1057.3909912109
578.271362      1043.4473876953
578.610352      1034.1516113281
578.949341      1122.4611816406
579.288330      1108.5175781250
579.627197      1094.5739746094
579.966064      1050.4191894531
580.304871      1057.3909912109
580.643677      1103.8697509766
580.982483      1101.5457763672
581.321045      1069.0106201172
581.659790      1115.4893798828
581.998413      1010.9122314453
582.336914      1099.2218017578
582.675476      1059.7149658203
583.013916      1066.6867675781
583.352478      1010.9122314453
583.690796      1008.5883178711
584.029175      1022.5319213867
584.367493      1029.5037841797
584.705811      1059.7149658203
585.044128      1064.3627929688
585.382202      1034.1516113281
585.720459      1027.1798095703
586.058594      1050.4191894531
586.396667      1048.0952148438
586.734802      1031.8276367188
587.072693      1078.3063964844
587.410767      1024.8558349609
587.748657      1022.5319213867
588.086487      1013.2362060547
588.424316      1031.8276367188
588.762146      1092.2500000000
589.099976      1015.5601196289
589.437622      1038.7994384766
589.775391      1103.8697509766
590.113037      1022.5319213867
590.450623      1059.7149658203
590.788208       992.3207397461
591.125671      1003.9404296875
591.463196      1027.1798095703
591.800659      1020.2080078125
592.138062      1064.3627929688
592.475464      1048.0952148438
592.812683      1043.4473876953
593.150024      1131.7569580078
593.487244       962.1096191406
593.824402      1075.9824218750
594.161621      1045.7712402344
594.498657      1038.7994384766
594.835815      1052.7431640625
595.172852      1078.3063964844
595.509827      1136.4047851563
595.846741      1082.9542236328
596.183655      1024.8558349609
596.520630      1048.0952148438
596.857422      1055.0670166016
597.194214      1017.8840942383
597.530945      1099.2218017578
597.867615      1108.5175781250
598.204346      1113.1654052734
598.540955      1003.9404296875
598.877563      1103.8697509766
599.214111      1034.1516113281
599.550598      1006.2644042969
599.887085      1034.1516113281
600.223450      1050.4191894531
600.559937      1048.0952148438
600.896240      1052.7431640625
601.232544      1062.0388183594
601.568787      1052.7431640625
601.905029      1038.7994384766
602.241272      1006.2644042969
602.577271      1045.7712402344
602.913452      1122.4611816406
603.249512      1064.3627929688
603.585510      1008.5883178711
603.921509      1020.2080078125
604.257385      1103.8697509766
604.593323      1043.4473876953
604.929199      1045.7712402344
605.264954      1034.1516113281
605.600830      1069.0106201172
605.936462      1087.6021728516
606.272217      1048.0952148438
606.607849      1082.9542236328
606.943420      1066.6867675781
607.278992      1113.1654052734
607.614502      1038.7994384766
607.950012      1064.3627929688
608.285461      1082.9542236328
608.620850      1069.0106201172
608.956177      1027.1798095703
609.291504      1057.3909912109
609.626831      1085.2781982422
609.962036      1094.5739746094
610.297302      1064.3627929688
610.632446      1071.3345947266
610.967529      1050.4191894531
611.302673      1064.3627929688
611.637634      1045.7712402344
611.972656      1069.0106201172
612.307617       959.7856445313
612.642517       996.9686279297
612.977356      1117.8133544922
613.312195      1055.0670166016
613.646973      1062.0388183594
613.981750      1059.7149658203
614.316406       983.0250244141
614.651062      1082.9542236328
614.985657      1050.4191894531
615.320313      1066.6867675781
615.654846      1031.8276367188
615.989319      1006.2644042969
616.323792      1020.2080078125
616.658203      1087.6021728516
616.992615      1075.9824218750
617.326904      1055.0670166016
617.661194      1082.9542236328
617.995483      1078.3063964844
618.329712      1145.7005615234
618.663940      1069.0106201172
618.997925      1006.2644042969
619.332092      1020.2080078125
619.666077      1113.1654052734
620.000061      1069.0106201172
620.334045      1034.1516113281
620.667969      1108.5175781250
621.001892      1106.1936035156
621.335632      1052.7431640625
621.669495      1069.0106201172
622.003296      1020.2080078125
622.336914      1066.6867675781
622.670654      1141.0527343750
623.004272      1150.3483886719
623.337891      1141.0527343750
623.671387      1029.5037841797
624.004883      1027.1798095703
624.338440      1017.8840942383
624.671753       973.7292480469
625.005249      1043.4473876953
625.338562      1108.5175781250
625.671814      1073.6585693359
626.005066      1045.7712402344
626.338257      1115.4893798828
626.671509      1073.6585693359
627.004578      1052.7431640625
627.337708      1010.9122314453
627.670776       999.2926025391
628.003723      1027.1798095703
628.336731      1057.3909912109
628.669556      1099.2218017578
629.002502      1020.2080078125
629.335327      1041.1234130859
629.668152      1020.2080078125
630.000916      1045.7712402344
630.333618      1066.6867675781
630.666321      1064.3627929688
630.998962      1050.4191894531
631.331482      1031.8276367188
631.664063      1055.0670166016
631.996521      1103.8697509766
632.329102      1082.9542236328
632.661499      1034.1516113281
632.993835      1122.4611816406
633.326172      1010.9122314453
633.658447      1027.1798095703
633.990784      1017.8840942383
634.322937      1027.1798095703
634.655212      1045.7712402344
634.987244      1101.5457763672
635.319397      1041.1234130859
635.651489      1038.7994384766
635.983398      1050.4191894531
636.315430       989.9968261719
636.647278      1115.4893798828
636.979187      1057.3909912109
637.311035      1059.7149658203
637.642761      1064.3627929688
637.974609      1075.9824218750
638.306335      1064.3627929688
638.637939      1034.1516113281
638.969604      1003.9404296875
639.301147      1110.8415527344
639.632751      1110.8415527344
639.964233      1062.0388183594
640.295715      1110.8415527344
640.627075      1050.4191894531
640.958496      1015.5601196289
641.289917      1010.9122314453
641.621094      1001.6165161133
641.952393      1031.8276367188
642.283569      1034.1516113281
642.614746      1066.6867675781
642.945923      1087.6021728516
643.276917      1080.6303710938
643.608093      1010.9122314453
643.939026      1057.3909912109
644.269958       980.7011108398
644.600891      1052.7431640625
644.931763      1022.5319213867
645.262634      1106.1936035156
645.593384      1048.0952148438
645.924133      1031.8276367188
646.254822       994.6447143555
646.585510      1029.5037841797
646.916199      1022.5319213867
647.246704       992.3207397461
647.577271      1038.7994384766
647.907715      1055.0670166016
648.238220      1094.5739746094
648.568665      1022.5319213867
648.898987      1059.7149658203
649.229309      1045.7712402344
649.559570      1057.3909912109
649.889832      1124.7851562500
650.220093      1008.5883178711
650.550171      1096.8979492188
650.880310      1036.4755859375
651.210388      1115.4893798828
651.540405      1064.3627929688
651.870422      1048.0952148438
652.200317      1045.7712402344
652.530273      1089.9261474609
652.860046      1036.4755859375
653.189941      1020.2080078125
653.519775      1036.4755859375
653.849426      1136.4047851563
654.179199      1003.9404296875
654.508789      1106.1936035156
654.838440      1085.2781982422
655.168030      1115.4893798828
655.497498      1078.3063964844
655.827026      1048.0952148438
656.156372      1071.3345947266
656.485840      1064.3627929688
656.815247      1131.7569580078
657.144470      1024.8558349609
657.473755      1071.3345947266
657.802979      1059.7149658203
658.132202      1096.8979492188
658.461243      1024.8558349609
658.790466      1080.6303710938
659.119507      1136.4047851563
659.448486      1062.0388183594
659.777527      1024.8558349609
660.106384      1027.1798095703
660.435242      1038.7994384766
660.764160       992.3207397461
661.092896      1041.1234130859
661.421692      1031.8276367188
661.750427      1092.2500000000
662.079102      1041.1234130859
662.407715      1043.4473876953
662.736328      1069.0106201172
663.064880      1106.1936035156
663.393311      1043.4473876953
663.721802      1094.5739746094
664.050232       983.0250244141
664.378601      1066.6867675781
664.706970      1001.6165161133
665.035217      1048.0952148438
665.363525      1059.7149658203
665.691650      1096.8979492188
666.019897      1082.9542236328
666.347961      1024.8558349609
666.676086      1087.6021728516
667.004150      1096.8979492188
667.332092      1113.1654052734
667.660095      1092.2500000000
667.987915      1094.5739746094
668.315796      1075.9824218750
668.643677      1057.3909912109
668.971436      1034.1516113281
669.299133      1108.5175781250
669.626892      1041.1234130859
669.954468      1071.3345947266
670.282104      1031.8276367188
670.609619      1024.8558349609
670.937256      1062.0388183594
671.264587      1073.6585693359
671.592163      1020.2080078125
671.919495      1080.6303710938
672.246887      1117.8133544922
672.574097      1082.9542236328
672.901489      1020.2080078125
673.228699       985.3489379883
673.555847      1043.4473876953
673.882996      1029.5037841797
674.210022      1010.9122314453
674.537109      1075.9824218750
674.864136       973.7292480469
675.191101       989.9968261719
675.518005      1043.4473876953
675.844849      1075.9824218750
676.171692       989.9968261719
676.498535      1062.0388183594
676.825256      1052.7431640625
677.151978      1050.4191894531
677.478577      1038.7994384766
677.805237      1022.5319213867
678.131836      1066.6867675781
678.458435      1052.7431640625
678.784851      1038.7994384766
679.111328      1024.8558349609
679.437744      1062.0388183594
679.764099      1178.2357177734
680.090454      1115.4893798828
680.416687      1101.5457763672
680.742920      1057.3909912109
681.069153      1064.3627929688
681.395203      1041.1234130859
681.721313      1001.6165161133
682.047485       931.8984375000
682.373474      1078.3063964844
682.699402       996.9686279297
683.025391       999.2926025391
683.351196      1078.3063964844
683.677063      1045.7712402344
684.002930       962.1096191406
684.328674      1094.5739746094
684.654358      1059.7149658203
684.980042      1057.3909912109
685.305603       987.6729125977
685.631287      1045.7712402344
685.956787      1071.3345947266
686.282288      1043.4473876953
686.607788      1010.9122314453
686.933167      1050.4191894531
687.258545      1113.1654052734
687.583923      1064.3627929688
687.909180      1055.0670166016
688.234375      1027.1798095703
688.559631      1069.0106201172
688.884766      1071.3345947266
689.209839      1041.1234130859
689.534973      1075.9824218750
689.859924      1027.1798095703
690.184937      1024.8558349609
690.509827      1038.7994384766
690.834717       985.3489379883
691.159668      1027.1798095703
691.484436      1020.2080078125
691.809204      1027.1798095703
692.133911      1062.0388183594
692.458557      1029.5037841797
692.783142      1013.2362060547
693.107849       971.4053344727
693.432312      1124.7851562500
693.756836      1071.3345947266
694.081238      1038.7994384766
694.405701      1113.1654052734
694.730164      1066.6867675781
695.054443      1062.0388183594
695.378723      1115.4893798828
695.702942       994.6447143555
696.027100      1080.6303710938
696.351257      1048.0952148438
696.675476      1099.2218017578
696.999512      1110.8415527344
697.323486      1057.3909912109
697.647461      1038.7994384766
697.971375      1003.9404296875
698.295349      1117.8133544922
698.619202      1103.8697509766
698.942993      1043.4473876953
699.266724      1045.7712402344
699.590393      1050.4191894531
699.914124      1029.5037841797
700.237793      1008.5883178711
700.561340       976.0532226563
700.884949      1092.2500000000
701.208374       973.7292480469
701.531860      1057.3909912109
701.855286      1082.9542236328
702.178650       989.9968261719
702.501953      1036.4755859375
702.825195      1001.6165161133
703.148499      1027.1798095703
703.471680      1008.5883178711
703.794861       999.2926025391
704.117981      1057.3909912109
704.440979      1048.0952148438
704.764038      1038.7994384766
705.086975      1096.8979492188
705.409851      1048.0952148438
705.732849      1015.5601196289
706.055664      1048.0952148438
706.378479      1048.0952148438
706.701233      1069.0106201172
707.023926      1062.0388183594
707.346619      1087.6021728516
707.669250      1099.2218017578
707.991821      1094.5739746094
708.314392      1099.2218017578
708.636841      1066.6867675781
708.959290      1103.8697509766
709.281738      1052.7431640625
709.604065      1031.8276367188
709.926392      1071.3345947266
710.248657      1117.8133544922
710.570862      1092.2500000000
710.893066      1041.1234130859
711.215210      1131.7569580078
711.537292      1134.0809326172
711.859314      1075.9824218750
712.181335      1010.9122314453
712.503357       994.6447143555
712.825256      1057.3909912109
713.147156       971.4053344727
713.468994      1038.7994384766
713.790771      1082.9542236328
714.112488      1134.0809326172
714.434143      1082.9542236328
714.755859      1020.2080078125
715.077515      1082.9542236328
715.399109      1008.5883178711
715.720581      1087.6021728516
716.042053      1003.9404296875
716.363525      1024.8558349609
716.684875      1066.6867675781
717.006287      1048.0952148438
717.327576      1036.4755859375
717.648804      1034.1516113281
717.969971      1052.7431640625
718.291260      1073.6585693359
718.612366      1066.6867675781
718.933411      1020.2080078125
719.254395       994.6447143555
719.575439       969.0814208984
719.896362       980.7011108398
720.217285       948.1659545898
720.538147      1075.9824218750
720.859009      1129.4329833984
721.179749      1020.2080078125
721.500488      1029.5037841797
721.821228      1043.4473876953
722.141785      1082.9542236328
722.462402      1048.0952148438
722.782959      1134.0809326172
723.103455      1043.4473876953
723.423950      1052.7431640625
723.744385      1050.4191894531
724.064758      1036.4755859375
724.385071      1071.3345947266
724.705322      1069.0106201172
725.025574      1055.0670166016
725.345825      1078.3063964844
725.665955      1038.7994384766
725.986023      1115.4893798828
726.306091      1094.5739746094
726.626099      1080.6303710938
726.946045      1120.1372070313
727.266052      1024.8558349609
727.585938      1062.0388183594
727.905762      1015.5601196289
728.225525      1062.0388183594
728.545288      1052.7431640625
728.864990      1078.3063964844
729.184692      1059.7149658203
729.504333       978.3771362305
729.823853      1055.0670166016
730.143372      1013.2362060547
730.462891      1043.4473876953
730.782410      1092.2500000000
731.101746      1099.2218017578
731.421143      1062.0388183594
731.740417      1022.5319213867
732.059631      1071.3345947266
732.378845      1075.9824218750
732.698059      1017.8840942383
733.017212      1041.1234130859
733.336304      1087.6021728516
733.655273      1092.2500000000
733.974304      1066.6867675781
734.293335       985.3489379883
734.612183      1094.5739746094
734.931030      1080.6303710938
735.249878      1031.8276367188
735.568665      1092.2500000000
735.887329      1073.6585693359
736.206055      1001.6165161133
736.524658      1041.1234130859
736.843262      1092.2500000000
737.161804      1017.8840942383
737.480286      1082.9542236328
737.798828      1075.9824218750
738.117249      1027.1798095703
738.435608       978.3771362305
738.753906      1017.8840942383
739.072205      1066.6867675781
739.390442      1015.5601196289
739.708618      1082.9542236328
740.026733      1017.8840942383
740.344849      1089.9261474609
740.662903      1038.7994384766
740.980957      1006.2644042969
741.298889      1015.5601196289
741.616821      1071.3345947266
741.934692      1096.8979492188
742.252502      1027.1798095703
742.570313      1066.6867675781
742.888062      1038.7994384766
743.205750       994.6447143555
743.523438      1089.9261474609
743.841003      1045.7712402344
744.158569      1071.3345947266
744.476074      1034.1516113281
744.793518      1092.2500000000
745.111023      1008.5883178711
745.428345      1027.1798095703
745.745728      1059.7149658203
746.062988      1038.7994384766
746.380249      1069.0106201172
746.697449      1094.5739746094
747.014648      1017.8840942383
747.331726       989.9968261719
747.648804      1057.3909912109
747.965759      1050.4191894531
748.282776      1055.0670166016
748.599731      1017.8840942383
748.916626      1057.3909912109
749.233459      1036.4755859375
749.550232      1027.1798095703
749.867004      1029.5037841797
750.183655      1038.7994384766
750.500366      1041.1234130859
750.816956      1062.0388183594
751.133545      1027.1798095703
751.450073      1078.3063964844
751.766479      1024.8558349609
752.083008      1020.2080078125
752.399414      1008.5883178711
752.715698      1024.8558349609
753.032043      1069.0106201172
753.348328      1017.8840942383
753.664429      1110.8415527344
753.980713      1071.3345947266
754.296814      1027.1798095703
754.612854      1003.9404296875
754.928833      1087.6021728516
755.244873      1078.3063964844
755.560852      1017.8840942383
755.876709      1048.0952148438
756.192505      1020.2080078125
756.508362      1075.9824218750
756.824097      1087.6021728516
757.139771      1082.9542236328
757.455505       987.6729125977
757.771118      1052.7431640625
758.086670       999.2926025391
758.402222      1043.4473876953
758.717712      1106.1936035156
759.033081      1059.7149658203
759.348511      1108.5175781250
759.663879      1103.8697509766
759.979187      1059.7149658203
760.294434      1080.6303710938
760.609619      1043.4473876953
760.924805      1094.5739746094
761.239929      1043.4473876953
761.554993      1082.9542236328
761.869995      1031.8276367188
762.184998      1003.9404296875
762.499939      1124.7851562500
762.814880      1048.0952148438
763.129700      1078.3063964844
763.444519      1075.9824218750
763.759277      1050.4191894531
764.073975      1055.0670166016
764.388672      1085.2781982422
764.703308      1073.6585693359
765.017883      1127.1090087891
765.332397      1094.5739746094
765.646851      1096.8979492188
765.961304      1062.0388183594
766.275696      1085.2781982422
766.590088      1050.4191894531
766.904358      1062.0388183594
767.218628      1057.3909912109
767.532776      1027.1798095703
767.846924      1064.3627929688
768.161072      1043.4473876953
768.475159      1031.8276367188
768.789185      1064.3627929688
769.103149      1048.0952148438
769.417114      1124.7851562500
769.731079      1062.0388183594
770.044861      1048.0952148438
770.358643      1124.7851562500
770.672363      1071.3345947266
770.986084      1071.3345947266
771.299683      1006.2644042969
771.613403      1029.5037841797
771.927002      1080.6303710938
772.240479      1073.6585693359
772.553955      1057.3909912109
772.867371      1043.4473876953
773.180847      1038.7994384766
773.494141      1052.7431640625
773.807434      1059.7149658203
774.120667      1015.5601196289
774.433899      1057.3909912109
774.747009      1071.3345947266
775.060181      1003.9404296875
775.373230      1096.8979492188
775.686218      1038.7994384766
775.999207      1115.4893798828
776.312073      1043.4473876953
776.624939      1115.4893798828
776.937866      1062.0388183594
777.250671      1087.6021728516
777.563416      1029.5037841797
777.876099      1013.2362060547
778.188721      1080.6303710938
778.501343      1066.6867675781
778.813904      1064.3627929688
779.126404      1145.7005615234
779.438904      1062.0388183594
779.751282      1013.2362060547
780.063660      1017.8840942383
780.376038      1089.9261474609
780.688293      1124.7851562500
781.000549      1055.0670166016
781.312683      1066.6867675781
781.624817      1031.8276367188
781.937012      1020.2080078125
782.249023      1043.4473876953
782.561035      1027.1798095703
782.872986      1020.2080078125
783.184937      1066.6867675781
783.496765      1075.9824218750
783.808655      1003.9404296875
784.120422      1036.4755859375
784.432129      1085.2781982422
784.743774      1027.1798095703
785.055420      1029.5037841797
785.367004      1052.7431640625
785.678589      1055.0670166016
785.990051      1064.3627929688
786.301514      1010.9122314453
786.612976      1043.4473876953
786.924316      1057.3909912109
787.235657      1092.2500000000
787.546936      1029.5037841797
787.858154      1117.8133544922
788.169312      1022.5319213867
788.480408      1027.1798095703
788.791504       976.0532226563
789.102600      1022.5319213867
789.413513      1092.2500000000
789.724487      1055.0670166016
790.035400      1069.0106201172
790.346191      1108.5175781250
790.657043      1034.1516113281
790.967834      1057.3909912109
791.278564      1010.9122314453
791.589172      1078.3063964844
791.899780      1120.1372070313
792.210327      1075.9824218750
792.520935      1055.0670166016
792.831421      1073.6585693359
793.141846      1048.0952148438
793.452209      1050.4191894531
793.762573      1052.7431640625
794.072815      1138.7287597656
794.383118      1059.7149658203
794.693359      1059.7149658203
795.003479      1075.9824218750
795.313538      1071.3345947266
795.623596      1064.3627929688
795.933716      1020.2080078125
796.243652       992.3207397461
796.553589      1015.5601196289
796.863464      1048.0952148438
797.173218      1029.5037841797
797.483032      1073.6585693359
797.792786       999.2926025391
798.102478      1052.7431640625
798.412109      1082.9542236328
798.721741      1027.1798095703
799.031250      1038.7994384766
799.340820      1024.8558349609
799.650269      1043.4473876953
799.959656      1089.9261474609
800.269043      1122.4611816406
800.578369       992.3207397461
800.887573      1036.4755859375
801.196899      1038.7994384766
801.505981       987.6729125977
801.815186       994.6447143555
802.124207      1034.1516113281
802.433289      1022.5319213867
802.742188      1020.2080078125
803.051270      1073.6585693359
803.360168      1085.2781982422
803.668945      1010.9122314453
803.977783      1066.6867675781
804.286499      1082.9542236328
804.595276      1017.8840942383
804.903931      1082.9542236328
805.212524      1066.6867675781
805.521057      1036.4755859375
805.829590      1087.6021728516
806.138062       994.6447143555
806.446533      1048.0952148438
806.754944      1013.2362060547
807.063293      1022.5319213867
807.371521      1003.9404296875
807.679749      1117.8133544922
807.987976      1064.3627929688
808.296143      1055.0670166016
808.604248      1048.0952148438
808.912292      1017.8840942383
809.220276      1043.4473876953
809.528198      1096.8979492188
809.836182      1064.3627929688
810.144043      1017.8840942383
810.451843      1036.4755859375
810.759644      1115.4893798828
811.067322      1062.0388183594
811.375061      1043.4473876953
811.682678      1101.5457763672
811.990295      1073.6585693359
812.297791      1022.5319213867
812.605286      1071.3345947266
812.912720      1006.2644042969
813.220154      1041.1234130859
813.527527      1006.2644042969
813.834839      1085.2781982422
814.142029      1029.5037841797
814.449219      1141.0527343750
814.756409      1078.3063964844
815.063538      1122.4611816406
815.370605      1036.4755859375
815.677612      1078.3063964844
815.984619       994.6447143555
816.291504      1078.3063964844
816.598389      1103.8697509766
816.905273      1089.9261474609
817.212036      1064.3627929688
817.518738      1048.0952148438
817.825439      1015.5601196289
818.132080      1031.8276367188
818.438721      1034.1516113281
818.745239      1085.2781982422
819.051758      1022.5319213867
819.358215      1010.9122314453
819.664612      1071.3345947266
819.971008      1106.1936035156
820.277344      1059.7149658203
820.583557      1059.7149658203
820.889771      1055.0670166016
821.195923      1101.5457763672
821.502075       999.2926025391
821.808167      1073.6585693359
822.114197      1089.9261474609
822.420166      1087.6021728516
822.726074      1075.9824218750
823.031921      1069.0106201172
823.337769      1071.3345947266
823.643677      1078.3063964844
823.949402      1108.5175781250
824.255066      1106.1936035156
824.560730      1071.3345947266
824.866272      1052.7431640625
825.171936      1034.1516113281
825.477356      1050.4191894531
825.782837      1006.2644042969
826.088257       941.1941528320
826.393616      1024.8558349609
826.698914      1052.7431640625
827.004272      1062.0388183594
827.309448      1134.0809326172
827.614624      1085.2781982422
827.919739      1027.1798095703
828.224854      1003.9404296875
828.529907      1085.2781982422
828.834839      1020.2080078125
829.139832      1069.0106201172
829.444702      1052.7431640625
829.749512      1045.7712402344
830.054260      1075.9824218750
830.359131      1092.2500000000
830.663818      1029.5037841797
830.968506      1041.1234130859
831.273071      1103.8697509766
831.577576      1106.1936035156
831.882080      1031.8276367188
832.186646      1041.1234130859
832.491028      1096.8979492188
832.795410      1096.8979492188
833.099731       999.2926025391
833.403931      1013.2362060547
833.708191      1024.8558349609
834.012390      1055.0670166016
834.316467      1052.7431640625
834.620605      1078.3063964844
834.924622      1073.6585693359
835.228577      1010.9122314453
835.532593      1022.5319213867
835.836426      1036.4755859375
836.140320      1027.1798095703
836.444031      1062.0388183594
836.747803      1089.9261474609
837.051514      1071.3345947266
837.355225      1055.0670166016
837.658752      1034.1516113281
837.962341      1027.1798095703
838.265808      1080.6303710938
838.569336       971.4053344727
838.872742       978.3771362305
839.176147      1066.6867675781
839.479370      1120.1372070313
839.782715      1064.3627929688
840.085876      1036.4755859375
840.389038      1036.4755859375
840.692261      1089.9261474609
840.995300      1029.5037841797
841.298340      1050.4191894531
841.601257      1062.0388183594
841.904236      1096.8979492188
842.207153      1064.3627929688
842.509949      1003.9404296875
842.812805      1020.2080078125
843.115540      1062.0388183594
843.418152      1010.9122314453
843.720825      1094.5739746094
844.023438      1015.5601196289
844.325989      1013.2362060547
844.628540      1096.8979492188
844.930969      1022.5319213867
845.233337      1045.7712402344
845.535767       989.9968261719
845.838013      1048.0952148438
846.140259      1143.3765869141
846.442505      1008.5883178711
846.744690      1036.4755859375
847.046753      1064.3627929688
847.348877      1024.8558349609
847.650879      1031.8276367188
847.952881      1052.7431640625
848.254761      1052.7431640625
848.556641      1045.7712402344
848.858459      1038.7994384766
849.160278      1022.5319213867
849.462036      1080.6303710938
849.763733      1082.9542236328
850.065308      1101.5457763672
850.366882      1087.6021728516
850.668518      1103.8697509766
850.969971      1050.4191894531
851.271423      1027.1798095703
851.572815      1089.9261474609
851.874084      1031.8276367188
852.175476      1103.8697509766
852.476685      1099.2218017578
852.777893      1115.4893798828
853.079041      1045.7712402344
853.380127      1101.5457763672
853.681213      1064.3627929688
853.982239      1066.6867675781
854.283203      1008.5883178711
854.584106      1006.2644042969
854.885010      1038.7994384766
855.185791      1108.5175781250
855.486572      1168.9399414063
855.787292      1062.0388183594
856.088013      1029.5037841797
856.388611      1062.0388183594
856.689148      1059.7149658203
856.989685      1073.6585693359
857.290161      1022.5319213867
857.590637      1071.3345947266
857.890991      1075.9824218750
858.191284      1043.4473876953
858.491577      1052.7431640625
858.791809      1048.0952148438
859.092041      1087.6021728516
859.392212      1041.1234130859
859.692261      1096.8979492188
859.992310      1022.5319213867
860.292297      1066.6867675781
860.592224      1043.4473876953
860.892151      1110.8415527344
861.191956      1106.1936035156
861.491760      1080.6303710938
861.791565      1048.0952148438
862.091248      1045.7712402344
862.390930      1120.1372070313
862.690552      1008.5883178711
862.990051      1062.0388183594
863.289551      1059.7149658203
863.589050       996.9686279297
863.888428      1099.2218017578
864.187805      1075.9824218750
864.487122      1066.6867675781
864.786377      1092.2500000000
865.085632      1010.9122314453
865.384705      1080.6303710938
865.683838      1050.4191894531
865.982971      1041.1234130859
866.281982      1024.8558349609
866.580933      1075.9824218750
866.879883      1069.0106201172
867.178711      1017.8840942383
867.477600      1027.1798095703
867.776367      1038.7994384766
868.075134       996.9686279297
868.373718       955.1378173828
868.672424      1050.4191894531
868.970947      1099.2218017578
869.269531      1062.0388183594
869.568054      1048.0952148438
869.866455      1059.7149658203
870.164856      1073.6585693359
870.463196      1024.8558349609
870.761536      1048.0952148438
871.059753       927.2505493164
871.357971       999.2926025391
871.656067      1059.7149658203
871.954102      1022.5319213867
872.252197      1034.1516113281
872.550232      1082.9542236328
872.848206      1034.1516113281
873.146057      1013.2362060547
873.443848      1071.3345947266
873.741638      1041.1234130859
874.039429      1052.7431640625
874.337158      1001.6165161133
874.634827      1013.2362060547
874.932373      1057.3909912109
875.229980      1022.5319213867
875.527466      1038.7994384766
875.825012      1036.4755859375
876.122375      1052.7431640625
876.419739      1036.4755859375
876.717041      1008.5883178711
877.014282      1052.7431640625
877.311462      1020.2080078125
877.608704      1052.7431640625
877.905762      1024.8558349609
878.202881       999.2926025391
878.499817      1041.1234130859
878.796814       985.3489379883
879.093811      1010.9122314453
879.390625      1031.8276367188
879.687439      1064.3627929688
879.984253      1071.3345947266
880.280884      1108.5175781250
880.577637      1075.9824218750
880.874268      1101.5457763672
881.170837      1020.2080078125
881.467346      1106.1936035156
881.763855      1055.0670166016
882.060242      1069.0106201172
882.356567      1027.1798095703
882.652954      1036.4755859375
882.949280       978.3771362305
883.245483      1048.0952148438
883.541626      1045.7712402344
883.837830      1050.4191894531
884.133911      1080.6303710938
884.429932      1062.0388183594
884.725952      1120.1372070313
885.021851      1041.1234130859
885.317688      1069.0106201172
885.613525      1064.3627929688
885.909363      1050.4191894531
886.205078      1020.2080078125
