0.113000
190.544205         0.0000000000
190.924866         0.0000000000
191.305481      1096.7081298828
191.686081      1072.1882324219
192.066635      1072.1882324219
192.447174      1110.0826416016
192.827667      1143.5189208984
193.208130      1147.9770507813
193.588577      1201.4749755859
193.968964      1112.3117675781
194.349350      1174.7260742188
194.729691      1145.7479248047
195.110001      1103.3953857422
195.490295      1165.8096923828
195.870529      1190.3295898438
196.250763      1165.8096923828
196.630936      1163.5805664063
197.011093      1179.1842041016
197.391220      1110.0826416016
197.771301      1078.8754882813
198.151367      1145.7479248047
198.531403      1156.8933105469
198.911407      1197.0168457031
199.291382      1145.7479248047
199.671295      1152.4351806641
200.051208      1143.5189208984
200.431076      1192.5587158203
200.810928      1174.7260742188
201.190735      1150.2061767578
201.570511      1181.4132080078
201.950272      1185.8714599609
202.329971      1116.7698974609
202.709671      1132.3734130859
203.089310      1165.8096923828
203.468933      1154.6643066406
203.848541      1121.2280273438
204.228073      1125.6862792969
204.607620      1219.3076171875
204.987106      1172.4969482422
205.366577      1067.7301025391
205.746017      1141.2897949219
206.125412      1136.8316650391
206.504776      1174.7260742188
206.884125      1096.7081298828
207.263428      1168.0388183594
207.642700      1098.9372558594
208.021942      1147.9770507813
208.401169      1145.7479248047
208.780334      1176.9550781250
209.159485      1136.8316650391
209.538605      1165.8096923828
209.917694      1136.8316650391
210.296753      1125.6862792969
210.675766      1121.2280273438
211.054764      1159.1224365234
211.433716      1132.3734130859
211.812637      1087.7918701172
212.191544      1185.8714599609
212.570404      1176.9550781250
212.949249      1201.4749755859
213.328033      1118.9990234375
213.706802      1096.7081298828
214.085556      1136.8316650391
214.464249      1090.0208740234
214.842926      1125.6862792969
215.221558      1112.3117675781
215.600174      1281.7219238281
215.978760      1118.9990234375
216.357300      1152.4351806641
216.735825      1161.3515625000
217.114288      1179.1842041016
217.492737      1194.7877197266
217.871185      1112.3117675781
218.249557      1174.7260742188
218.627914      1127.9152832031
219.006226      1152.4351806641
219.384521      1159.1224365234
219.762772      1143.5189208984
220.141006      1105.6245117188
220.519196      1096.7081298828
220.897354      1096.7081298828
221.275497      1161.3515625000
221.653580      1121.2280273438
222.031662      1116.7698974609
222.409698      1116.7698974609
222.787704      1192.5587158203
223.165680      1118.9990234375
223.543610      1054.3555908203
223.921524      1121.2280273438
224.299393      1107.8535156250
224.677231      1219.3076171875
225.055054      1147.9770507813
225.432816      1190.3295898438
225.810577      1205.9331054688
226.188278      1130.1444091797
226.565979      1183.6423339844
226.943634      1168.0388183594
227.321243      1130.1444091797
227.698837      1194.7877197266
228.076385      1123.4571533203
228.453903      1152.4351806641
228.831406      1163.5805664063
229.208847      1208.1622314453
229.586288      1210.3913574219
229.963669      1127.9152832031
230.341034      1181.4132080078
230.718369      1125.6862792969
231.095657      1154.6643066406
231.472916      1096.7081298828
231.850143      1105.6245117188
232.227356      1114.5407714844
232.604523      1147.9770507813
232.981659      1150.2061767578
233.358749      1078.8754882813
233.735825      1143.5189208984
234.112869      1098.9372558594
234.489868      1163.5805664063
234.866852      1214.8494873047
235.243790      1136.8316650391
235.620697      1130.1444091797
235.997589      1174.7260742188
236.374405      1123.4571533203
236.751221      1156.8933105469
237.128006      1141.2897949219
237.504745      1116.7698974609
237.881470      1185.8714599609
238.258133      1179.1842041016
238.634796      1154.6643066406
239.011414      1174.7260742188
239.388000      1136.8316650391
239.764557      1201.4749755859
240.141068      1136.8316650391
240.517563      1190.3295898438
240.893997      1161.3515625000
241.270432      1136.8316650391
241.646835      1201.4749755859
242.023178      1197.0168457031
242.399506      1105.6245117188
242.775787      1159.1224365234
243.152054      1181.4132080078
243.528290      1145.7479248047
243.904465      1168.0388183594
244.280640      1132.3734130859
244.656754      1156.8933105469
245.032852      1159.1224365234
245.408936      1085.5627441406
245.784943      1154.6643066406
246.160950      1161.3515625000
246.536911      1174.7260742188
246.912842      1136.8316650391
247.288757      1127.9152832031
247.664612      1085.5627441406
248.040451      1152.4351806641
248.416229      1143.5189208984
248.792023      1165.8096923828
249.167755      1150.2061767578
249.543457      1121.2280273438
249.919113      1183.6423339844
250.294754      1170.2678222656
250.670364      1205.9331054688
251.045944      1176.9550781250
251.421478      1147.9770507813
251.796982      1203.7041015625
252.172440      1212.6203613281
252.547897      1174.7260742188
252.923294      1183.6423339844
253.298676      1221.5367431641
253.673996      1183.6423339844
254.049316      1116.7698974609
254.424606      1121.2280273438
254.799850      1179.1842041016
255.175064      1181.4132080078
255.550217      1123.4571533203
255.925369      1199.2459716797
256.300476      1147.9770507813
256.675537      1154.6643066406
257.050598      1152.4351806641
257.425598      1130.1444091797
257.800598      1237.1402587891
258.175537      1188.1004638672
258.550446      1188.1004638672
258.925354      1116.7698974609
259.300171      1241.5985107422
259.674988      1230.4530029297
260.049774      1199.2459716797
260.424500      1118.9990234375
260.799225      1154.6643066406
261.173889      1201.4749755859
261.548553      1136.8316650391
261.923187      1141.2897949219
262.297760      1125.6862792969
262.672302      1130.1444091797
263.046814      1110.0826416016
263.421326      1201.4749755859
263.795776      1165.8096923828
264.170135      1197.0168457031
264.544525      1192.5587158203
264.918915      1197.0168457031
265.293243      1194.7877197266
265.667511      1165.8096923828
266.041748      1121.2280273438
266.415955      1118.9990234375
266.790161      1174.7260742188
267.164307      1183.6423339844
267.538422      1156.8933105469
267.912476      1163.5805664063
268.286530      1098.9372558594
268.660583      1194.7877197266
269.034546      1172.4969482422
269.408508      1214.8494873047
269.782440      1174.7260742188
270.156311      1208.1622314453
270.530151      1199.2459716797
270.903992      1092.2500000000
271.277710      1168.0388183594
271.651489      1134.6025390625
272.025208      1176.9550781250
272.398895      1185.8714599609
272.772552      1134.6025390625
273.146179      1159.1224365234
273.519745      1230.4530029297
273.893280      1125.6862792969
274.266815      1165.8096923828
274.640289      1179.1842041016
275.013733      1239.3693847656
275.387146      1168.0388183594
275.760529      1217.0786132813
276.133881      1092.2500000000
276.507202      1172.4969482422
276.880463      1130.1444091797
277.253723      1203.7041015625
277.626923      1110.0826416016
278.000122      1161.3515625000
278.373260      1199.2459716797
278.746338      1156.8933105469
279.119446      1145.7479248047
279.492493      1217.0786132813
279.865509      1217.0786132813
280.238495      1127.9152832031
280.611450      1217.0786132813
280.984314      1150.2061767578
281.357208      1121.2280273438
281.730072      1107.8535156250
282.102875      1165.8096923828
282.475647      1183.6423339844
282.848358      1147.9770507813
283.221069      1188.1004638672
283.593750      1197.0168457031
283.966400      1205.9331054688
284.339020      1152.4351806641
284.711548      1199.2459716797
285.084106      1163.5805664063
285.456635      1172.4969482422
285.829071      1183.6423339844
286.201508      1136.8316650391
286.573914      1074.4173583984
286.946320      1250.5147705078
287.318634      1214.8494873047
287.690948      1199.2459716797
288.063202      1221.5367431641
288.435425      1118.9990234375
288.807648      1150.2061767578
289.179810      1179.1842041016
289.551941      1197.0168457031
289.924011      1197.0168457031
290.296112      1212.6203613281
290.668121      1130.1444091797
291.040161      1165.8096923828
291.412109      1192.5587158203
291.783997      1190.3295898438
292.155914      1101.1663818359
292.527771      1214.8494873047
292.899597      1225.9948730469
293.271393      1210.3913574219
293.643127      1219.3076171875
294.014862      1114.5407714844
294.386566      1183.6423339844
294.758240      1261.6601562500
295.129852      1159.1224365234
295.501404      1176.9550781250
295.872955      1170.2678222656
296.244507      1179.1842041016
296.615997      1139.0606689453
296.987427      1239.3693847656
297.358826      1228.2239990234
297.730225      1201.4749755859
298.101593      1154.6643066406
298.472900      1168.0388183594
298.844177      1143.5189208984
299.215393      1268.3474121094
299.586609      1156.8933105469
299.957794      1268.3474121094
300.328918      1143.5189208984
300.700043      1243.8275146484
301.071136      1221.5367431641
301.442169      1214.8494873047
301.813171      1199.2459716797
302.184174      1237.1402587891
302.555115      1270.5765380859
302.925995      1156.8933105469
303.296844      1237.1402587891
303.667694      1328.5325927734
304.038483      1308.4709472656
304.409271      1230.4530029297
304.779968      1341.9071044922
305.150696      1299.5545654297
305.521362      1339.6781005859
305.891968      1419.9250488281
306.262543      1439.9866943359
306.633118      1379.8015136719
307.003632      1395.4051513672
307.374146      1489.0264892578
307.744598      1435.5285644531
308.114990      1493.4847412109
308.485413      1600.4805908203
308.855743      1618.3132324219
309.226074      1653.9785156250
309.596375      1582.6479492188
309.966614      1596.0224609375
310.336792      1682.9566650391
310.707001      1738.6837158203
311.077148      1758.7453613281
311.447235      1894.7193603516
311.817322      2061.9003906250
312.187347      2010.6315917969
312.557373      1995.0280761719
312.927368      2142.1474609375
313.297302      2122.0856933594
313.667175      2133.2312011719
314.037048      2175.5837402344
314.406891      2266.9760742188
314.776642      2287.0378417969
315.146423      2313.7866210938
315.516144      2298.1831054688
315.885864      2474.2805175781
316.255524      2465.3642578125
316.625153      2378.4301757813
316.994751      2458.6770019531
317.364288      2467.5932617188
317.733795      2599.1091308594
318.103302      2759.6030273438
318.472717      2875.5153808594
318.842133      2766.2902832031
319.211517      2857.6826171875
319.580872      2815.3300781250
319.950195      2978.0529785156
320.319489      2980.2822265625
320.688751      3085.0490722656
321.057922      3218.7939453125
321.427094      3270.0627441406
321.796234      3345.8515625000
322.165344      3272.2917480469
322.534393      3163.0668945313
322.903412      3343.6225585938
323.272430      3383.7458496094
323.641418      3156.3796386719
324.010315      3221.0229492188
324.379242      3314.6442871094
324.748077      3356.9968261719
325.116913      3526.4072265625
325.485657      3780.5224609375
325.854431      3847.3947753906
326.223145      3898.6638183594
326.591827      4085.9067382813
326.960480      4277.6074218750
327.329102      4442.5595703125
327.697693      4431.4140625000
328.066193      4364.5419921875
328.434723      4469.3085937500
328.803192      4531.7231445313
329.171600      4618.6572265625
329.540009      4598.5952148438
329.908386      4761.3183593750
330.276703      4881.6889648438
330.645050      5142.4912109375
331.013306      5238.3417968750
331.381500      5338.6503906250
331.749695      5164.7822265625
332.117859      5162.5532226563
332.485962      4993.1430664063
332.854034      5055.5571289063
333.222107      5253.9453125000
333.590118      5338.6503906250
333.958099      5583.8496093750
334.326050      5278.4653320313
334.693970      5229.4252929688
335.061859      5238.3417968750
335.429657      5334.1923828125
335.797455      5425.5844726563
336.165192      5398.8359375000
336.532959      5338.6503906250
336.900665      5035.4956054688
337.268341      4917.3540039063
337.635956      4863.8559570313
338.003571      4781.3798828125
338.371124      4946.3320312500
338.738647      5122.4296875000
339.106110      5280.6943359375
339.473572      5418.8974609375
339.840942      5425.5844726563
340.208344      5581.6206054688
340.575653      5737.6562500000
340.942993      5960.5644531250
341.310272      5942.7314453125
341.677521      5902.6083984375
342.044708      5742.1142578125
342.411865      5826.8193359375
342.778992      5746.5722656250
343.146088      6027.4365234375
343.513123      6016.2915039063
343.880157      6185.7016601563
344.247131      5951.6479492188
344.614105      5829.0483398438
344.981049      5545.9550781250
345.347900      5233.8837890625
345.714783      5450.1044921875
346.081573      5788.9248046875
346.448334      5938.2734375000
346.815094      6183.4726562500
347.181763      5991.7714843750
347.548431      6179.0141601563
347.915070      6297.1557617188
348.281677      6043.0405273438
348.648224      6045.2695312500
349.014771      6179.0141601563
349.381256      6031.8950195313
349.747711      6005.1459960938
350.114105      5913.7534179688
350.480469      6234.7412109375
350.846832      6471.0239257813
351.213135      6910.1528320313
351.579407      6903.4658203125
351.945679      6912.3823242188
352.311890      6930.2148437500
352.678040      6800.9282226563
353.044189      6705.0776367188
353.410278      6482.1694335938
353.776337      6640.4340820313
354.142303      7012.6909179688
354.508301      7179.8720703125
354.874268      7384.9472656250
355.240204      7743.8295898438
355.606079      7817.3891601563
355.971924      7821.8476562500
356.337738      7781.7241210938
356.703491      7340.3657226563
357.069244      7355.9692382813
357.434937      6903.4658203125
357.800598      6484.3984375000
358.166229      6332.8208007813
358.531830      6495.5439453125
358.897369      6125.5161132813
359.262909      5953.8769531250
359.628418      5958.3349609375
359.993866      6410.8388671875
360.359222      7360.4277343750
360.724609      7853.0546875000
361.089966      7799.5566406250
361.455261      7674.7280273438
361.820526      7126.3740234375
362.185760      7068.4179687500
362.550964      7150.8940429688
362.916138      7282.4096679688
363.281250      7641.2919921875
363.646332      8067.0463867188
364.011383      7915.4687500000
364.376404      8100.4824218750
364.741333      8247.6015625000
365.106293      8231.9980468750
365.471222      8254.2890625000
365.836090      8361.2851562500
366.200928      8873.9736328125
366.565735      9232.8564453125
366.930511      9714.3378906250
367.295227      9707.6503906250
367.659912      9910.4970703125
368.024536      9705.4218750000
368.389160      9665.2978515625
368.753723      9513.7207031250
369.118317      9471.3681640625
369.482819      9255.1464843750
369.847260      9344.3105468750
370.211731      9865.9150390625
370.576111     10144.5507812500
370.940460     10233.7138671875
371.304810      9968.4531250000
371.669098      9585.0507812500
372.033325      9814.6464843750
372.397522      9972.9111328125
372.761749      9558.3017578125
373.125885      9103.5693359375
373.489990      8896.2646484375
373.854065      9054.5292968750
374.218109      8537.3828125000
374.582092      8093.7954101563
374.946075      8062.5883789063
375.309998      8194.1044921875
375.673859      8174.0424804688
376.037720      8619.8583984375
376.401550      9003.2607421875
376.765320      9188.2744140625
377.129059      9451.3056640625
377.492798      9743.3154296875
377.856476      9883.7480468750
378.220062     10505.6621093750
378.583679     11132.0332031250
378.947205     11738.3437500000
379.310730     11778.4677734375
379.674225     11185.5312500000
380.037689     10724.1113281250
380.401093     10102.1982421875
380.764496      9794.5849609375
381.127838     10231.4843750000
381.491119     10697.3623046875
381.854370     10779.8388671875
382.217621     10256.0048828125
382.580811      9883.7480468750
382.943939      8809.3310546875
383.307068      8026.9228515625
383.670166      7670.2700195313
384.033203      7340.3657226563
384.396240      7257.8896484375
384.759216      7442.9038085938
385.122131      8196.3330078125
385.485016      9246.2304687500
385.847900      9680.9013671875
386.210724      9979.5986328125
386.573486      9700.9628906250
386.936279      9297.4990234375
387.298981      9729.9414062500
387.661652      9792.3554687500
388.024323      9879.2900390625
388.386902      9678.6728515625
388.749481      9665.2978515625
389.112000      9770.0644531250
389.474487      9694.2763671875
389.836945     10284.9824218750
390.199371     10871.2314453125
390.561737     11421.8144531250
390.924103     12222.0546875000
391.286407     12030.3535156250
391.648682     12378.0898437500
392.010925     12723.5976562500
392.373108     12810.5322265625
392.735291     12427.1298828125
393.097382     11930.0449218750
393.459473     10124.4882812500
393.821533      8735.7705078125
394.183533      7436.2163085938
394.545532      7257.8896484375
394.907471      8125.0024414063
395.269379      9647.4648437500
395.631256     11067.3906250000
395.993042     12255.4912109375
396.354828     12692.3906250000
396.716583     12476.1699218750
397.078308     10764.2353515625
397.439972      9239.5429687500
397.801636      8434.8447265625
398.163239      9070.1328125000
398.524841     10663.9267578125
398.886383     12819.4482421875
399.247833     14234.9150390625
399.609283     15460.9101562500
399.970703     16118.4892578125
400.332062     16568.7636718750
400.693420     17128.2636718750
401.054718     17375.6914062500
401.416016     17504.9785156250
401.777252     17609.7441406250
402.138458     18311.9062500000
402.499603     18744.3476562500
402.860718     18650.7265625000
403.221832     19114.3750000000
403.582855     19127.7500000000
403.943848     18686.3906250000
404.304810     18664.0996093750
404.665771     18797.8457031250
405.026642     18802.3027343750
405.387543     18599.4570312500
405.748352     18893.6953125000
406.109161     18606.1445312500
406.469849     18771.0957031250
406.830597     18229.4296875000
407.191223     18314.1347656250
407.551880     17946.3359375000
407.912476     18628.4355468750
408.273041     18766.6386718750
408.633575     18706.4531250000
408.994049     19265.9531250000
409.354492     20099.6289062500
409.714935     20286.8710937500
410.075287     20494.1757812500
410.435608     19829.9101562500
410.795868     19096.5429687500
411.156158     18329.7382812500
411.516388     18989.5468750000
411.876587     20068.4218750000
412.236725     20474.1152343750
412.596832     21323.3945312500
412.956909     21345.6855468750
413.316925     21347.9140625000
413.676910     20906.5566406250
414.036896     20670.2734375000
414.396820     20906.5566406250
414.756683     21160.6718750000
415.116547     21359.0605468750
415.476379     21392.4960937500
415.836121     21138.3808593750
416.195862     21182.9628906250
416.555542     21191.8789062500
416.915192     21648.8398437500
417.274811     22132.5507812500
417.634399     22125.8652343750
417.993927     21410.3281250000
418.353455     20995.7207031250
418.712891     20957.8261718750
419.072357     21029.1562500000
419.431763     21087.1113281250
419.791107     21720.1718750000
420.150452     21214.1699218750
420.509674     21080.4257812500
420.868927     21089.3417968750
421.228119     21613.1757812500
421.587280     21976.5156250000
421.946411     22351.0019531250
422.305542     22712.1132812500
422.664581     22079.0527343750
423.023621     21437.0781250000
423.382568     21370.2050781250
423.741516     20752.7500000000
424.100403     21046.9882812500
424.459259     20957.8261718750
424.818054     21838.3125000000
425.176880     21989.8906250000
425.535614     21865.0625000000
425.894348     21367.9765625000
426.252991     20877.5781250000
426.611633     21432.6191406250
426.970245     21292.1875000000
427.328796     21561.9062500000
427.687317     21403.6425781250
428.045807     20670.2734375000
428.404205     20924.3886718750
428.762604     21178.5039062500
429.121002     21073.7382812500
429.479340     20612.3183593750
429.837616     20503.0937500000
430.195892     19956.9687500000
430.554138     18788.9296875000
430.912292     17587.4531250000
431.270416     16731.4863281250
431.628510     16149.6962890625
431.986542     17449.2519531250
432.344574     19546.8164062500
432.702576     21281.0429687500
433.060516     21907.4140625000
433.418427     21925.2460937500
433.776306     22484.7460937500
434.134155     23073.2246093750
434.491913     22188.2792968750
434.849701     22016.6386718750
435.207397     21590.8847656250
435.565063     22230.6308593750
435.922729     22957.3125000000
436.280334     23501.2070312500
436.637909     24218.9726562500
436.995453     25141.8125000000
437.352936     25173.0195312500
437.710388     25242.1210937500
438.067780     24785.1582031250
438.425171     24332.6542968750
438.782471     23492.2910156250
439.139771     22611.8046875000
439.497040     22870.3769531250
439.854279     23198.0527343750
440.211426     23819.9667968750
440.568604     24439.6503906250
440.925720     24192.2226562500
441.282776     24145.4121093750
441.639801     24711.5996093750
441.996735     25090.5429687500
442.353699     26140.4394531250
442.710602     26303.1640625000
443.067505     26971.8886718750
443.424347     26775.7285156250
443.781128     27221.5449218750
444.137878     26399.0136718750
444.494629     26922.8476562500
444.851288     27012.0117187500
445.207916     27767.6699218750
445.564514     27854.6035156250
445.921051     27212.6289062500
446.277618     26773.5000000000
446.634094     26320.9960937500
446.990540     26691.0234375000
447.346985     27029.8437500000
447.703339     27165.8183593750
448.059692     27921.4765625000
448.416016     28590.2011718750
448.772186     28541.1621093750
449.128418     29007.0390625000
449.484589     28645.9277343750
449.840729     28904.5019531250
450.196838     29011.4980468750
450.552917     29305.7363281250
450.908966     29903.1308593750
451.264954     30458.1718750000
451.620880     30471.5449218750
451.976807     30547.3339843750
452.332611     30114.8925781250
452.688446     30137.1835937500
453.044250     29535.3320312500
453.399994     28710.5722656250
453.755707     27674.0488281250
454.111389     28019.5566406250
454.467041     28284.8164062500
454.822632     28420.7910156250
455.178192     28995.8945312500
455.533722     28726.1757812500
455.889130     28338.3144531250
456.244598     28376.2089843750
456.600006     29283.4453125000
456.955353     29299.0488281250
457.310699     29515.2695312500
457.665985     29680.2226562500
458.021240     29900.9003906250
458.376434     29885.2968750000
458.731628     29945.4824218750
459.086700     28982.5195312500
459.441772     29218.8027343750
459.796844     29238.8632812500
460.151886     29733.7207031250
460.506836     29187.5957031250
460.861786     29684.6796875000
461.216675     29753.7812500000
461.571533     30304.3652343750
461.926361     30701.1406250000
462.281158     30342.2597656250
462.635803     30578.5410156250
462.990540     30990.9218750000
463.345184     31367.6367187500
463.699829     31748.8105468750
464.054413     31612.8359375000
464.408936     31200.4550781250
464.763458     31124.6660156250
465.117920     31195.9980468750
465.472351     31311.9101562500
465.826752     31543.7343750000
466.181030     31623.9804687500
466.535339     32158.9609375000
466.889618     31606.1484375000
467.243866     31543.7343750000
467.598053     31610.6074218750
467.952209     32025.2148437500
468.306305     32562.4238281250
468.660370     32867.8085937500
469.014435     33300.2500000000
469.368439     33119.6953125000
469.722321     33960.0585937500
470.076263     33915.4765625000
470.430115     34151.7578125000
470.783966     34289.9609375000
471.137756     33968.9765625000
471.491516     33957.8281250000
471.845245     35230.6367187500
472.198944     35634.0976562500
472.552582     36449.9414062500
472.906128     37328.1992187500
473.259705     37720.5195312500
473.613220     38161.8789062500
473.966675     37892.1601562500
474.320129     37918.9062500000
474.673553     38899.7031250000
475.026917     39604.0937500000
475.380249     40344.1484375000
475.733521     40816.7148437500
476.086761     41293.7382812500
476.439911     40491.2695312500
476.793091     41242.4687500000
477.146210     41171.1367187500
477.499298     41677.1406250000
477.852356     42330.2617187500
478.205353     43547.3398437500
478.558350     44282.9375000000
478.911285     44804.5390625000
479.264160     44862.4960937500
479.617035     45185.7148437500
479.969757     46280.1914062500
480.322540     46170.9687500000
480.675262     47283.2812500000
481.027985     47495.0429687500
481.380615     47604.2656250000
481.733246     47664.4531250000
482.085815     48803.5117187500
482.438324     49191.3750000000
482.790833     49213.6640625000
483.143280     49467.7812500000
483.495667     49068.7734375000
483.848022     49712.9804687500
484.200348     50181.0859375000
484.552673     49866.7851562500
484.904907     49920.2812500000
485.257111     50259.1054687500
485.609283     50178.8554687500
485.961456     50087.4648437500
486.313538     48148.1640625000
486.665588     46086.2617187500
487.017548     44574.9453125000
487.369507     45357.3515625000
487.721466     46652.4492187500
488.073334     47907.4218750000
488.425232     49394.2187500000
488.777039     50174.3984375000
489.128815     50606.8398437500
489.480560     50325.9765625000
489.832245     50693.7734375000
490.183868     51277.7929687500
490.535461     52494.8710937500
490.887054     52791.3398437500
491.238586     52976.3554687500
491.590057     53029.8515625000
491.941528     53183.6601562500
492.292938     52784.6523437500
492.644318     51803.8554687500
492.995667     51311.2304687500
493.346954     52133.7617187500
493.698181     52827.0039062500
494.049377     52842.6093750000
494.400543     52659.8242187500
494.751678     53003.1015625000
495.102783     53509.1054687500
495.453827     54204.5781250000
495.804871     54295.9687500000
496.155853     54200.1210937500
496.506775     53908.1093750000
496.857666     53845.6953125000
497.208466     54427.4843750000
497.559265     54652.6250000000
497.910065     54420.8007812500
498.260773     54592.4375000000
498.611481     54287.0546875000
498.962128     53587.1210937500
499.312744     53377.5898437500
499.663300     53810.0312500000
500.013855     54244.7031250000
500.364349     53912.5664062500
500.714752     54251.3906250000
501.065155     53542.5390625000
501.415527     53125.7031250000
501.765869     53058.8281250000
502.116150     52679.8867187500
502.466400     52789.1093750000
502.816620     52775.7382812500
503.166779     53335.2343750000
503.516907     53464.5234375000
503.866943     54003.9609375000
504.217010     53821.1757812500
504.567017     53056.6015625000
504.916962     53183.6601562500
505.266876     53794.4257812500
505.616791     54117.6445312500
505.966644     54182.2890625000
506.316437     54512.1914062500
506.666199     54933.4882812500
507.015930     55307.9726562500
507.365570     55223.2695312500
507.715210     54877.7617187500
508.064789     54877.7617187500
508.414368     54590.2109375000
508.763885     54284.8242187500
509.113373     54489.9023437500
509.462830     54964.6953125000
509.812225     55363.6992187500
510.161591     55392.6796875000
510.510895     55299.0585937500
510.860107     55421.6562500000
511.209381     55185.3750000000
511.558563     55381.5312500000
511.907715     55550.9414062500
512.256836     56150.5664062500
512.605896     56467.0976562500
512.954956     55956.6367187500
513.303955     55550.9414062500
513.652832     55430.5742187500
514.001831     55849.6406250000
514.350647     55361.4726562500
514.699463     55134.1054687500
515.048279     55180.9140625000
515.396973     55185.3750000000
515.745728     55499.6757812500
516.094360     55889.7656250000
516.442993     55878.6171875000
516.791565     55802.8281250000
517.140137     54971.3828125000
517.488586     53277.2812500000
517.837036     51979.9531250000
518.185425     53188.1171875000
518.533875     53522.4804687500
518.882202     53324.0898437500
519.230469     53208.1796875000
519.578735     53497.9609375000
519.927002     54521.1093750000
520.275146     54955.7773437500
520.623291     55624.5039062500
520.971313     55885.3046875000
521.319336     55836.2656250000
521.667419     56117.1289062500
522.015381     56277.6250000000
522.363281     56788.0820312500
522.711182     56770.2500000000
523.059021     56507.2187500000
523.406860     56520.5937500000
523.754639     55963.3242187500
524.102356     56244.1875000000
524.449951     56607.5273437500
524.797607     57209.3789062500
525.145203     57409.9960937500
525.492798     57329.7500000000
525.840332     57267.3359375000
526.187805     57427.8281250000
526.535217     57198.2343750000
526.882629     57015.4492187500
527.230042     55769.3945312500
527.577332     54958.0078125000
527.924500     54521.1093750000
528.271729     55163.0820312500
528.618896     55513.0507812500
528.966125     56021.2812500000
529.313232     56489.3867187500
529.660278     57002.0742187500
530.007324     57316.3750000000
530.354309     57314.1484375000
530.701233     57175.9453125000
531.048096     57133.5898437500
531.394958     57483.5585937500
531.741760     57668.5703125000
532.088562     57423.3710937500
532.435303     57479.0976562500
532.781982     57169.2578125000
533.128601     56551.8007812500
533.475281     55932.1171875000
533.821838     56117.1289062500
534.168335     56598.6132812500
534.514832     56616.4453125000
534.861206     56554.0312500000
535.207703     56326.6640625000
535.554016     56467.0976562500
535.900391     56808.1445312500
536.246643     57035.5117187500
536.592896     57452.3515625000
536.939087     56957.4921875000
537.285278     56596.3828125000
537.631348     56284.3125000000
537.977417     56090.3828125000
538.323425     56536.1992187500
538.669373     56663.2539062500
539.015381     56859.4140625000
539.361267     56206.2929687500
539.707153     56340.0390625000
540.052979     56023.5078125000
540.398804     55695.8320312500
540.744507     55314.6601562500
541.090210     55156.3945312500
541.435791     55002.5898437500
541.781433     55011.5039062500
542.127014     55357.0117187500
542.472595     55550.9414062500
542.818054     55575.4648437500
543.163513     55829.5781250000
543.508911     55793.9140625000
543.854309     55655.7109375000
544.199646     55756.0195312500
544.544800     56005.6757812500
544.890076     56150.5664062500
545.235291     56141.6484375000
545.580444     55912.0546875000
545.925537     55996.7578125000
546.270630     56061.4023437500
546.615723     56228.5859375000
546.960693     56148.3359375000
547.305603     56190.6914062500
547.650574     55985.6132812500
547.995361     55526.4218750000
548.340149     55573.2343750000
548.684998     55111.8125000000
549.029724     55464.0078125000
549.374390     55521.9648437500
549.719116     55562.0898437500
550.063660     55573.2343750000
550.408264     55546.4843750000
550.752869     55426.1132812500
551.097290     55352.5546875000
551.441711     55236.6445312500
551.786133     55158.6250000000
552.130493     55169.7695312500
552.474854     55216.5820312500
552.819092     55102.8984375000
553.163330     55414.9687500000
553.507507     55176.4570312500
553.851685     55062.7734375000
554.195801     54851.0117187500
554.539917     55065.0039062500
554.883850     55009.2773437500
555.227844     55278.9960937500
555.571777     55250.0156250000
555.915710     55058.3164062500
556.259583     55192.0625000000
556.603333     55007.0468750000
556.947205     54826.4921875000
557.290894     54509.9609375000
557.634583     54093.1250000000
557.978210     54173.3710937500
558.321777     53972.7539062500
558.665405     54255.8476562500
559.008911     54030.7109375000
559.352417     53395.4218750000
559.695862     53074.4335937500
560.039185     53087.8085937500
560.382568     52686.5742187500
560.725891     53190.3476562500
561.069153     53246.0742187500
561.412354     53582.6640625000
561.755554     53716.4101562500
562.098694     53580.4335937500
562.441772     53203.7187500000
562.784851     52951.8359375000
563.127930     53234.9257812500
563.470825     53132.3906250000
563.813782     53598.2695312500
564.156738     53348.6093750000
564.499573     53016.4765625000
564.842285     53212.6367187500
565.185059     52878.2734375000
565.527771     53214.8671875000
565.870422     53174.7421875000
566.213135     52218.4648437500
566.555725     52523.8515625000
566.898254     51968.8085937500
567.240784     52111.4687500000
567.583252     52071.3476562500
567.925659     52109.2421875000
568.268005     52720.0078125000
568.610291     52572.8906250000
568.952637     51797.1679687500
569.294922     51728.0664062500
569.637146     51054.8867187500
569.979309     51373.6445312500
570.321411     51291.1679687500
570.663513     50836.4375000000
571.005554     50769.5625000000
571.347473     50455.2617187500
571.689453     49969.3242187500
572.031372     49984.9257812500
572.373230     50522.1367187500
572.715088     50698.2343750000
573.056885     50854.2695312500
573.398621     50972.4101562500
573.740295     51103.9257812500
574.082031     50934.5156250000
574.423584     51054.8867187500
574.765137     50526.5937500000
575.106689     50551.1132812500
575.448120     50508.7617187500
575.789612     50444.1171875000
576.130981     49875.7031250000
576.472351     50085.2343750000
576.813721     49741.9570312500
577.154968     49646.1054687500
577.496216     49958.1757812500
577.837402     49958.1757812500
578.178467     49757.5585937500
578.519592     49253.7890625000
578.860657     49523.5078125000
579.201660     48928.3398437500
579.542664     48758.9296875000
579.883606     49028.6523437500
580.224487     48997.4414062500
580.565308     49068.7734375000
580.906189     49073.2304687500
581.246948     49338.4921875000
581.587585     49264.9335937500
581.928223     49104.4375000000
582.268921     48970.6953125000
582.609497     49173.5390625000
582.950012     49770.9335937500
583.290527     49483.3828125000
583.630981     49737.5000000000
583.971436     49637.1914062500
584.311829     49380.8437500000
584.652100     49597.0664062500
584.992371     49474.4648437500
585.332642     49055.3984375000
585.672852     49140.1054687500
586.013000     48955.0898437500
586.353088     47934.1718750000
586.693176     48038.9375000000
587.033264     47967.6093750000
587.373230     47938.6289062500
587.713196     48152.6210937500
588.053040     47960.9218750000
588.392883     47771.4492187500
588.732727     47024.7070312500
589.072510     45974.8085937500
589.412231     44550.4257812500
589.751892     42967.7773437500
590.091553     42031.5625000000
590.431152     41973.6054687500
590.770752     42267.8476562500
591.110229     42825.1171875000
591.449707     43888.3867187500
591.789124     44002.0703125000
592.128479     43812.5976562500
592.467834     43772.4765625000
592.807129     43770.2460937500
593.146423     44010.9882812500
593.485596     44167.0234375000
593.824768     44545.9687500000
594.163879     44771.1054687500
594.502991     44465.7187500000
594.841980     44071.1718750000
595.180969     43529.5078125000
595.519897     43052.4843750000
595.858887     43384.6171875000
596.197693     43094.8359375000
596.536499     43625.3554687500
596.875305     43536.1914062500
597.214050     43609.7539062500
597.552734     43676.6250000000
597.891296     43768.0195312500
598.229980     43747.9570312500
598.568542     43442.5703125000
598.907043     43540.6523437500
599.245483     43594.1484375000
599.583984     43511.6718750000
599.922363     43389.0742187500
600.260681     43741.2695312500
600.598999     43536.1914062500
600.937256     43509.4453125000
601.275452     43732.3515625000
601.613586     43509.4453125000
601.951721     43351.1796875000
602.289856     42809.5117187500
602.627869     42611.1250000000
602.965881     42718.1210937500
603.303833     42793.9101562500
603.641724     42934.3398437500
603.979614     43036.8789062500
604.317444     43701.1445312500
604.655151     43698.9179687500
604.992859     42974.4648437500
605.330566     43025.7343750000
605.668274     43284.3085937500
606.005859     42923.1953125000
606.343445     42782.7656250000
606.680908     42747.0976562500
607.018433     42733.7226562500
607.355835     42348.0937500000
607.693237     42691.3710937500
608.030579     42571.0000000000
608.367859     42470.6914062500
608.705078     41545.6250000000
609.042297     41855.4648437500
609.379456     41538.9375000000
609.716614     41741.7812500000
610.053650     40948.2304687500
610.390686     41139.9296875000
610.727722     40671.8242187500
611.064575     40970.5195312500
611.401550     40894.7304687500
611.738403     40977.2070312500
612.075256     41926.7968750000
612.411987     41211.2617187500
612.748779     41024.0195312500
613.085449     40431.0820312500
613.422058     40139.0742187500
613.758667     40368.6679687500
614.095215     39862.6679687500
614.431702     39358.8945312500
614.768127     39234.0664062500
615.104614     39528.3046875000
615.440979     39336.6054687500
615.777283     39412.3906250000
616.113586     39107.0078125000
616.449829     39202.8593750000
616.786011     37912.2187500000
617.122192     37568.9414062500
617.458374     37560.0273437500
617.794373     37887.6992187500
618.130371     38126.2109375000
618.466370     38360.2656250000
618.802246     38792.7070312500
619.138184     38761.5000000000
619.474060     38293.3945312500
619.809875     38529.6757812500
620.145630     38286.7070312500
620.481323     38447.1992187500
620.817017     38629.9843750000
621.152588     38781.5625000000
621.488220     38665.6484375000
621.823792     38235.4375000000
622.159241     38137.3593750000
622.494690     37854.2656250000
622.830078     38095.0039062500
623.165466     37961.2617187500
623.500793     37544.4218750000
623.836060     37531.0468750000
624.171265     37397.3007812500
624.506470     37274.7031250000
624.841553     36893.5312500000
625.176697     37125.3554687500
625.511719     36806.5976562500
625.846741     36559.1679687500
626.181702     36104.4335937500
626.516663     36091.0625000000
626.851563     36345.1757812500
627.186401     36240.4101562500
627.521118     36030.8750000000
627.855896     36628.2695312500
628.190552     35823.5703125000
628.525269     34764.7578125000
628.859863     35250.6953125000
629.194458     34742.4648437500
629.528992     35422.3359375000
629.863403     34885.1289062500
630.197815     34860.6093750000
630.532288     34474.9765625000
630.866516     34345.6914062500
631.200867     34363.5234375000
631.535156     34789.2773437500
631.869324     34595.3476562500
632.203491     34169.5937500000
632.537659     33955.6015625000
632.871704     34352.3789062500
633.205750     33663.5898437500
633.539795     34153.9882812500
633.873718     34004.6406250000
634.207520     33870.8945312500
634.541443     33712.6289062500
634.875244     34158.4453125000
635.208984     34136.1562500000
635.542725     33850.8320312500
635.876404     33558.8242187500
636.210022     33804.0234375000
636.543640     33333.6875000000
636.877197     33050.5937500000
637.210571     33322.5429687500
637.544067     33349.2890625000
637.877502     33260.1289062500
638.210815     33623.4687500000
638.544189     33507.5546875000
638.877441     33460.7460937500
639.210693     33237.8359375000
639.543884     33104.0898437500
639.877014     33362.6640625000
640.210144     32635.9843750000
640.543091     32471.0312500000
640.876099     32330.5996093750
641.209106     32225.8339843750
641.541992     32181.2519531250
641.874939     31893.6992187500
642.207703     32025.2148437500
642.540527     31358.7207031250
642.873230     31730.9765625000
643.205994     31806.7656250000
643.538574     31639.5839843750
643.871155     31797.8496093750
644.203674     31537.0468750000
644.536255     31133.5839843750
644.868713     31367.6367187500
645.201172     31242.8085937500
645.533508     31153.6445312500
645.865845     30556.2519531250
646.198120     30632.0390625000
646.530396     30101.5175781250
646.862610     29938.7949218750
647.194702     29867.4648437500
647.526855     29608.8906250000
647.858887     29040.4746093750
648.190857     28677.1347656250
648.522827     28610.2636718750
648.854797     28213.4863281250
649.186707     28269.2128906250
649.518555     27703.0273437500
649.850342     27642.8417968750
650.182007     26960.7421875000
650.513733     27551.4492187500
650.845398     27384.2675781250
651.177063     28052.9921875000
651.508606     28226.8613281250
651.840088     27974.9746093750
652.171631     27943.7675781250
652.503052     27607.1757812500
652.834412     27446.6816406250
653.165771     27714.1718750000
653.497070     28021.7851562500
653.828308     28113.1777343750
654.159485     27992.8066406250
654.490662     28427.4785156250
654.821838     28222.4023437500
655.152832     27607.1757812500
655.483887     27551.4492187500
655.814880     27292.8750000000
656.145813     26887.1835937500
656.476685     25783.7871093750
656.807495     24232.3457031250
657.138306     23764.2402343750
657.469116     23494.5195312500
657.799744     24435.1933593750
658.130493     25050.4199218750
658.461121     25551.9628906250
658.791687     25971.0292968750
659.122192     26345.5156250000
659.452698     26365.5781250000
659.783142     26695.4824218750
660.113464     26472.5742187500
660.443787     27112.3203125000
660.774109     26726.6894531250
661.104370     27052.1347656250
661.434570     27277.2714843750
661.764771     26777.9570312500
662.094849     26871.5781250000
662.424988     26864.8925781250
662.755005     26813.6230468750
663.084900     27130.1523437500
663.414856     27074.4257812500
663.744751     26762.3535156250
664.074585     26646.4414062500
664.404419     26356.6621093750
664.734131     26140.4394531250
665.063904     25964.3437500000
665.393555     26098.0878906250
665.723206     26242.9785156250
666.052734     26040.1308593750
666.382202     26140.4394531250
666.711670     25908.6152343750
667.041138     26040.1308593750
667.370544     25904.1582031250
667.699829     25641.1269531250
668.029175     25578.7109375000
668.358459     25313.4511718750
668.687622     25538.5878906250
669.016846     25623.2929687500
669.345947     25473.9453125000
669.674927     25054.8769531250
670.003967     25204.2265625000
670.332947     24615.7480468750
670.661865     25063.7929687500
670.990784     24914.4453125000
671.319641     25010.2949218750
671.648438     24609.0605468750
671.977112     24573.3964843750
672.305847     24548.8769531250
672.634521     24366.0917968750
672.963135     24134.2675781250
673.291687     24203.3691406250
673.620178     24497.6074218750
673.948669     24214.5136718750
674.277100     23806.5917968750
674.605469     24065.1660156250
674.933899     23655.0136718750
675.262085     23561.3925781250
675.590332     23490.0625000000
675.918579     23831.1113281250
676.246704     23579.2246093750
676.574829     23371.9199218750
676.902893     23445.4804687500
677.230896     23516.8105468750
677.558899     23164.6171875000
677.886841     23048.7031250000
678.214661     22999.6640625000
678.542480     22816.8789062500
678.870239     22935.0214843750
679.197998     23115.5761718750
679.525696     22564.9941406250
679.853394     22698.7382812500
680.180969     22863.6894531250
680.508484     22567.2226562500
680.836060     22457.9980468750
681.163452     22297.5039062500
681.490845     22257.3808593750
681.818237     22230.6308593750
682.145569     22150.3847656250
682.472839     22110.2597656250
682.800110     21827.1679687500
683.127319     22215.0273437500
683.454468     21577.5097656250
683.781494     21813.7929687500
684.108582     21544.0742187500
684.435608     21597.5722656250
684.762451     21080.4257812500
685.089355     21111.6328125000
685.416199     21131.6933593750
685.743103     21363.5175781250
686.069824     21082.6542968750
686.396606     21084.8828125000
686.723267     20518.6972656250
687.049927     20106.3164062500
687.376465     18759.9511718750
687.703003     17442.5644531250
688.029419     16657.9277343750
688.355957     16401.5820312500
688.682312     16958.8535156250
689.008667     17085.9101562500
689.334961     17502.7480468750
689.661316     17277.6113281250
689.987427     17056.9335937500
690.313660     16949.9375000000
690.639771     17478.2285156250
690.965881     17533.9570312500
691.291809     17883.9218750000
691.617798     18086.7675781250
691.943726     17966.3984375000
692.269714     18249.4921875000
692.595459     18111.2890625000
692.921326     17810.3613281250
693.247009     17455.9375000000
693.572754     17707.8242187500
693.898438     17616.4316406250
694.223999     17502.7480468750
694.549561     17215.1972656250
694.875061     17112.6601562500
695.200562     17188.4492187500
695.526001     17105.9726562500
695.851379     17163.9277343750
696.176697     17328.8808593750
696.502014     17253.0917968750
696.827271     17246.4042968750
697.152405     17364.5468750000
697.477539     18033.2695312500
697.802612     18046.6445312500
698.127625     17794.7578125000
698.452698     18122.4335937500
698.777649     17861.6308593750
699.102539     17830.4238281250
699.427429     17714.5117187500
699.752258     17337.7968750000
700.077026     17110.4296875000
700.401733     17324.4218750000
700.726379     16887.5214843750
701.051025     16827.3378906250
701.375610     16722.5703125000
701.700134     16535.3281250000
702.024658     16749.3203125000
702.349060     16566.5351562500
702.673462     16539.7851562500
702.997864     16550.9316406250
703.322144     16455.0800781250
703.646362     16604.4296875000
703.970520     16646.7812500000
704.294739     16595.5136718750
704.618896     16693.5917968750
704.942932     16845.1699218750
705.266968     16947.7070312500
705.590942     17197.3652343750
705.914917     16831.7949218750
706.238770     16856.3144531250
706.562622     16802.8164062500
706.886292     16784.9843750000
707.210083     16758.2363281250
707.533813     16758.2363281250
707.857422     16990.0605468750
708.181030     16905.3554687500
708.504578     16958.8535156250
708.828064     17056.9335937500
709.151550     16887.5214843750
709.474976     16328.0224609375
709.798340     16773.8398437500
710.121582     16798.3593750000
710.444885     16606.6582031250
710.768127     16577.6796875000
711.091248     16646.7812500000
711.414429     16635.6367187500
711.737488     16428.3320312500
712.060547     16622.2617187500
712.383484     16562.0761718750
712.706482     16472.9140625000
713.029358     16316.8779296875
713.352112     16383.7500000000
713.674927     15991.4316406250
713.997681     16194.2783203125
714.320435     16131.8632812500
714.643066     16339.1679687500
714.965698     16212.1103515625
715.288269     15908.9560546875
715.610779     15674.9023437500
715.933289     15536.6992187500
716.255737     15405.1835937500
716.578003     15320.4785156250
716.900330     14961.5957031250
717.222595     14419.9287109375
717.544861     13610.7724609375
717.867065     12828.3652343750
718.189209     12340.1962890625
718.511292     11994.6884765625
718.833313     11571.1630859375
719.155334     11100.8261718750
719.477234     10824.4199218750
719.799133     10405.3535156250
720.120972     10414.2695312500
720.442749     10492.2871093750
720.764587     10501.2031250000
721.086304     10423.1855468750
721.407898     10773.1513671875
721.729553     11247.9462890625
722.051147     11999.1464843750
722.372681     12438.2753906250
722.694092     12788.2412109375
723.015503     13135.9785156250
723.336914     13073.5634765625
723.658264     12786.0126953125
723.979492     12565.3330078125
724.300781     11863.1728515625
724.621948     11533.2685546875
724.943115     11337.1093750000
725.264160     11303.6728515625
725.585205     10989.3720703125
725.906189     11002.7470703125
726.227173     11016.1210937500
726.548035     11013.8925781250
726.868896     11087.4521484375
727.189697     11143.1787109375
727.510498     10846.7109375000
727.831177     11210.0517578125
728.151855     10935.8740234375
728.472473     10726.3408203125
728.793091     11045.0996093750
729.113525     11069.6191406250
729.434021     11120.8886718750
729.754456     10891.2929687500
730.074829     10739.7148437500
730.395142     10955.9365234375
730.715454     11103.0556640625
731.035706     10973.7685546875
731.355896     11076.3066406250
731.676025     10933.6455078125
731.996033     10840.0244140625
732.316101     11074.0771484375
732.636108     11212.2802734375
732.956055     11642.4931640625
733.275940     11776.2382812500
733.595825     11903.2958984375
733.915649     12021.4375000000
734.235413     12186.3896484375
734.555054     12427.1298828125
734.874817     12770.4082031250
735.194336     12576.4785156250
735.513855     12415.9843750000
735.833435     12607.6855468750
736.152893     12572.0205078125
736.472290     12371.4033203125
736.791687     12148.4951171875
737.111023     12228.7421875000
737.430298     12204.2216796875
737.749512     12190.8476562500
738.068665     12315.6757812500
738.387817     12520.7519531250
738.706909     12447.1914062500
739.025879     12447.1914062500
739.344910     12081.6220703125
739.663879     11990.2304687500
739.982788     11918.8994140625
740.301636     12177.4726562500
740.620422     12110.6005859375
740.939148     12297.8437500000
741.257874     12072.7060546875
741.576477     12173.0146484375
741.895020     12014.7500000000
742.213623     11854.2558593750
742.532166     12139.5781250000
742.850586     12184.1601562500
743.169006     11901.0664062500
743.487366     12106.1425781250
743.805725     11896.6083984375
744.123962     12295.6142578125
744.442200     12043.7285156250
744.760315     12070.4765625000
745.078430     12213.1386718750
745.396484     11974.6269531250
745.714539     11952.3359375000
746.032532     11901.0664062500
746.350464     11934.5029296875
746.668335     11678.1582031250
746.986206     11789.6123046875
747.303955     11836.4238281250
747.621643     11823.0488281250
747.939331     11571.1630859375
748.257019     11582.3085937500
748.574585     11640.2646484375
748.892151     11537.7265625000
749.209656     11486.4580078125
749.527100     11437.4179687500
749.844482     11290.2988281250
750.161804     11265.7783203125
750.479126     11395.0654296875
750.796326     11087.4521484375
751.113525     11301.4443359375
751.430725     10973.7685546875
751.747803     11091.9101562500
752.064880     11004.9755859375
752.381897     11272.4658203125
752.698853     11154.3242187500
753.015747     11085.2226562500
753.332703     11152.0957031250
753.649475     11185.5312500000
753.966187     11013.8925781250
754.282898     11025.0380859375
754.599609     10980.4560546875
754.916199     11089.6806640625
755.232788     11372.7744140625
755.549316     10909.1259765625
755.865784     11009.4345703125
756.182190     10886.8349609375
756.498596     10766.4638671875
756.814941     10808.8164062500
757.131165     10873.4599609375
757.447388     10889.0634765625
757.763611     10748.6318359375
758.079712     10739.7148437500
758.395813     10857.8564453125
758.711853     10775.3808593750
759.027832     10880.1474609375
759.343811     10409.8115234375
759.659668     10340.7099609375
759.975464      9371.0595703125
760.291260      7951.1342773438
760.606995      6270.4067382813
760.922668      4984.2265625000
761.238342      4052.4704589844
761.554016      3508.5744628906
761.869507      3419.4111328125
762.185059      4210.7353515625
762.500488      4946.3320312500
762.815918      5383.2319335938
763.131165      5492.4570312500
763.446533      5418.8974609375
763.761719      5189.3022460938
764.076965      5120.2006835938
764.392151      5080.0771484375
764.707214      5153.6367187500
765.022339      5532.5805664063
765.337341      5795.6123046875
765.652283      6074.2475585938
765.967224      6464.3369140625
766.282043      7030.5234375000
766.596863      7240.0571289063
766.911621      7182.1010742188
767.226379      7598.9394531250
767.541016      8044.7553710938
767.855591      8227.5400390625
768.170227      8573.0478515625
768.484741      8646.6074218750
768.799194      9116.9443359375
769.113647      9072.3623046875
769.427979      9181.5869140625
769.742310      9252.9179687500
770.056580      9121.4023437500
770.370850      9295.2705078125
770.684998      9116.9443359375
770.999084      9257.3759765625
771.313232      9170.4414062500
771.627258      9330.9355468750
771.941223      9244.0019531250
772.255066      9163.7548828125
772.569031      8989.8857421875
772.882813      9101.3398437500
773.196594      9038.9257812500
773.510376      9252.9179687500
773.824036      8972.0537109375
774.137695      8940.8466796875
774.451294      8947.5332031250
774.764832      8983.1992187500
775.078308      8784.8105468750
775.391724      8985.4277343750
775.705078      8635.4619140625
776.018433      8695.6474609375
776.331726      8657.7529296875
776.644958      8760.2910156250
776.958130      8617.6298828125
777.271301      8624.3164062500
777.584412      8524.0078125000
777.897461      8503.9462890625
778.210510      8434.8447265625
778.523315      8200.7910156250
778.836304      8272.1220703125
779.149109      8281.0380859375
779.461914      8227.5400390625
779.774658      8256.5185546875
780.087402      8136.1479492188
780.400024      8263.2060546875
780.712585      7942.2177734375
781.025146      8035.8393554688
781.337646      7993.4868164063
781.650085      7915.4687500000
781.962463      7799.5566406250
782.274841      7848.5961914063
782.587158      7951.1342773438
782.899414      7890.9487304688
783.211609      7812.9311523438
783.523743      7717.0805664063
783.835938      7614.5429687500
784.147949      7554.3574218750
784.459900      7480.7978515625
784.771851      7565.5029296875
785.083801      7496.4013671875
785.395630      7398.3217773438
785.707397      7331.4497070313
786.019226      7376.0312500000
786.330933      7224.4536132813
786.642578      7313.6166992188
786.954224      7155.3520507813
787.265747      7237.8281250000
787.577209      7106.3120117188
787.888672      7059.5014648438
788.200073      7023.8364257813
788.511414      7001.5454101563
788.822754      6816.5317382813
789.133972      6959.1928710938
789.445190      6916.8403320313
789.756409      6664.9541015625
790.067505      6644.8925781250
790.378540      6669.4121093750
790.689514      6537.8964843750
791.000488      6486.6274414063
791.311401      6484.3984375000
791.622314      6399.6933593750
791.933105      6419.7548828125
792.243896      6448.7333984375
792.554565      6381.8608398438
792.865234      6475.4819335938
793.175842      6216.9086914063
793.486389      6270.4067382813
793.796875      6317.2172851563
794.107300      6294.9267578125
794.417786      6248.1157226563
794.728088      6272.6357421875
795.038452      6094.3090820313
795.348694      6007.3750000000
795.658936      6049.7275390625
795.969055      6138.8906250000
796.279175      6074.2475585938
796.589172      5889.2338867188
796.899231      5775.5502929688
797.209167      5817.9028320313
797.519104      5806.7578125000
797.828979      5822.3613281250
798.138794      5844.6518554688
798.448547      5822.3613281250
798.758301      5904.8374023438
799.067932      5675.2416992188
799.377563      5907.0664062500
799.687073      5875.8593750000
799.996582      5929.3569335938
800.306030      5568.2460937500
800.615479      5588.3076171875
800.924805      5465.7080078125
801.234192      5501.3735351563
801.543457      5626.2021484375
801.852600      5679.7001953125
802.161743      5559.3295898438
802.470886      5599.4531250000
802.779907      5421.1264648438
803.088867      5454.5629882813
803.397827      5240.5708007813
803.706787      5365.3994140625
804.015686      5298.5268554688
804.324463      5271.7778320313
804.633179      5291.8398437500
804.941956      5369.8574218750
805.250610      5213.8217773438
805.559204      5158.0947265625
805.867676      5331.9633789063
806.176270      5276.2363281250
806.484680      5191.5312500000
806.793091      5291.8398437500
807.101440      5323.0468750000
807.409729      5280.6943359375
807.718018      5135.8041992188
808.026184      5260.6328125000
808.334351      5146.9497070313
808.642456      5184.8437500000
808.950439      5135.8041992188
809.258484      4910.6669921875
809.566467      4944.1030273438
809.874329      4981.9975585938
810.182190      4852.7109375000
810.489990      4801.4418945313
810.797791      4792.5253906250
811.105469      4743.4858398438
811.413147      4776.9218750000
811.720642      4645.4062500000
812.028198      4667.6967773438
812.335693      4558.4721679688
812.643188      4558.4721679688
812.950562      4393.5200195313
813.257935      4438.1015625000
813.565186      4277.6074218750
813.872498      4039.0959472656
814.179626      3992.2851562500
814.486816      4007.8886718750
814.793823      3925.4128417969
815.100830      3809.5004882813
815.407837      3749.3151855469
815.714783      3662.3811035156
816.021667      3591.0505371094
816.328552      3622.2575683594
816.635315      3461.7636718750
816.942078      3446.1601562500
817.248779      3303.4990234375
817.555359      3417.1821289063
817.861938      3468.4509277344
818.168457      3390.4331054688
818.474976      3390.4331054688
818.781372      3390.4331054688
819.087769      3408.2658691406
819.394104      3443.9311523438
819.700378      3397.1203613281
820.006592      3504.1162109375
820.312744      3408.2658691406
820.618896      3472.9091796875
820.924927      3579.9050292969
821.230957      3606.6540527344
821.536926      3889.7475585938
821.842896      3649.0065917969
822.148804      3776.0642089844
822.454590      3671.2973632813
822.760376      3568.7597656250
823.066040      3343.6225585938
823.371704      3004.8020019531
823.677307      3000.3439941406
823.982910      3015.9475097656
824.288391      3160.8376464844
824.593872      3276.7500000000
824.899292      3397.1203613281
825.204651      3372.6005859375
825.509949      3519.7199707031
825.815186      3492.9709472656
826.120422      3566.5305175781
826.425598      3484.0546875000
826.730652      3361.4550781250
827.035706      3597.7377929688
827.340759      3597.7377929688
827.645630      3461.7636718750
827.950623      3352.5388183594
828.255432      3200.9611816406
828.560242      3187.5866699219
828.864990      3290.1245117188
829.169739      3245.5429687500
829.474304      3323.5607910156
829.778870      3281.2082519531
830.083435      3180.8994140625
830.387878      3178.6704101563
830.692383      3256.6882324219
830.996765      3274.5209960938
831.301086      3270.0627441406
831.605408      3212.1066894531
831.909668      3334.7060546875
832.213867      3241.0847167969
832.517883      3022.6347656250
832.821960      3250.0009765625
833.126038      3285.6662597656
833.429993      3299.0407714844
833.733948      3200.9611816406
834.037842      3216.5646972656
834.341614      3134.0888671875
834.645386      3125.1723632813
834.949158      3192.0449218750
835.252808      3345.8515625000
835.556335      3111.7978515625
835.859924      3299.0407714844
836.163513      3214.3356933594
836.466980      3243.3137207031
836.770325      3185.3576660156
837.073730      3245.5429687500
837.377075      3136.3178710938
837.680298      3209.8774414063
837.983521      3225.4812011719
838.286682      3216.5646972656
838.589722      3272.2917480469
838.892761      3205.4194335938
839.195801      3080.5908203125
839.498779      3160.8376464844
839.801636      3252.2299804688
840.104492      3154.1503906250
840.407288      3064.9873046875
840.710022      3192.0449218750
841.012695      3223.2519531250
841.315369      3109.5688476563
841.617920      3147.4633789063
841.920410      3194.2739257813
842.222961      3071.6745605469
842.525391      3245.5429687500
842.827759      3120.7143554688
843.130127      3163.0668945313
843.432373      3183.1286621094
843.734619      3118.4851074219
844.036804      3080.5908203125
844.338867      3024.8637695313
844.640930      3024.8637695313
844.942993      3036.0092773438
845.244934      2989.1984863281
845.546814      3100.6525878906
845.848755      3125.1723632813
846.150513      2984.7402343750
846.452332      3158.6086425781
846.754028      2966.9077148438
847.055664      2978.0529785156
847.357239      2982.5112304688
847.658813      3013.7182617188
847.960327      3049.3837890625
848.261780      2886.6606445313
848.563110      3015.9475097656
848.864563      2937.9296875000
849.165771      2879.9733886719
849.467041      2966.9077148438
849.768250      2893.3479003906
850.069397      2911.1806640625
850.370422      2835.3918457031
850.671448      2730.6250000000
850.972473      2721.7087402344
851.273376      2739.5412597656
851.574280      2692.7307128906
851.875122      2768.5192871094
852.175842      2752.9157714844
852.476624      2761.8320312500
852.777222      2799.7265625000
853.077881      2715.0214843750
853.378418      2697.1887207031
853.678955      2741.7705078125
853.979370      2752.9157714844
854.279785      2594.6511230469
854.580200      2612.4836425781
854.880493      2547.8403320313
855.180725      2514.4040527344
855.480957      2547.8403320313
855.781067      2489.8842773438
856.081116      2547.8403320313
856.381165      2645.9199218750
856.681152      2616.9418945313
856.981140      2621.3999023438
857.281006      2509.9458007813
857.580872      2632.5454101563
857.880676      2592.4218750000
858.180420      2661.5234375000
858.480103      2558.9855957031
858.779724      2538.9240722656
859.079224      2509.9458007813
859.378723      2545.6113281250
859.678223      2652.6071777344
859.977661      2596.8801269531
860.277039      2590.1928710938
860.576355      2552.2985839844
860.875610      2543.3820800781
861.174805      2489.8842773438
861.473999      2556.7565917969
861.773071      2505.4877929688
862.072083      2530.0075683594
862.371094      2485.4260253906
862.670044      2465.3642578125
862.968933      2496.5715332031
863.267761      2382.8881835938
863.566589      2353.9101562500
863.865356      2454.2189941406
864.164001      2427.4699707031
864.462646      2398.4919433594
864.761230      2394.0336914063
865.059692      2420.7827148438
865.358154      2382.8881835938
865.656616      2360.5974121094
865.954956      2367.2846679688
866.253357      2307.0996093750
866.551575      2295.9541015625
866.849792      2195.6455078125
867.147949      2173.3544921875
867.446106      2175.5837402344
867.744080      2240.2270507813
868.042053      2193.4162597656
868.340027      2159.9799804688
868.637878      2175.5837402344
868.935791      2220.1652832031
869.233582      2182.2709960938
869.531311      2282.5795898438
869.828979      2287.0378417969
870.126648      2320.4738769531
870.424255      2224.6235351563
870.721741      2266.9760742188
871.019165      2229.0815429688
871.316589      2139.9184570313
871.613953      2126.5439453125
871.911316      2104.2531738281
872.208557      2217.9362792969
872.505798      2271.4340820313
872.802979      2166.6672363281
873.100037      2131.0019531250
873.397156      2211.2490234375
873.694092      2137.6892089844
873.991028      2173.3544921875
874.287964      2110.9401855469
874.584778      2032.9224853516
874.881592      2157.7509765625
875.178284      2064.1296386719
875.474976      2046.2969970703
875.771606      1981.6535644531
876.068237      2066.3586425781
876.364746      2081.9621582031
876.661194      1977.1954345703
876.957581      2044.0678710938
877.253967      2024.0061035156
877.550293      2010.6315917969
877.846497      2068.5876464844
878.142761      2024.0061035156
878.438904      2010.6315917969
878.734985      2057.4423828125
879.031067      2008.4025878906
879.326965      2026.2352294922
879.622925      1939.3010253906
879.918823      2068.5876464844
880.214661      1917.0102539063
880.510498      2024.0061035156
880.806213      1983.8826904297
881.101868      1939.3010253906
881.397522      1919.2392578125
881.693115      1921.4683837891
881.988586      1830.0760498047
882.283997      1881.3448486328
882.579407      1930.3846435547
882.874817      1981.6535644531
883.170105      1941.5301513672
883.465332      1939.3010253906
883.760559      1923.6973876953
884.055725      1925.9265136719
884.350769      1847.9086914063
884.645813      1836.7633056641
884.940857      1772.1198730469
885.235718      1974.9663085938
885.530579      1959.3627929688
885.825439      1948.2172851563
886.120239      1856.8249511719
886.414917      1896.9484863281
886.709595      1879.1158447266
887.004272      1852.3668212891
887.298767      1872.4285888672
887.593323      1879.1158447266
887.887756      1767.6617431641
888.182129      1865.7413330078
888.476440      1818.9306640625
888.770752      1781.0362548828
889.065002      1816.7015380859
