0.115000
190.260635         0.0000000000
190.642441         0.0000000000
191.024216      1137.8850097656
191.405975      1128.9077148438
191.787704      1146.8624267578
192.169403      1182.7720947266
192.551071      1164.8172607422
192.932724      1220.9260253906
193.314331      1214.1929931641
193.695923      1218.6816406250
194.077499      1196.2381591797
194.459030      1236.6364746094
194.840546      1164.8172607422
195.222031      1214.1929931641
195.603485      1169.3059082031
195.984909      1211.9486083984
196.366302      1171.5502929688
196.747681      1167.0616455078
197.129028      1198.4825439453
197.510345      1187.2607421875
197.891647      1207.4598388672
198.272919      1229.9034423828
198.654175      1202.9711914063
199.035355      1180.5277099609
199.416550      1202.9711914063
199.797714      1216.4372558594
200.178848      1176.0390625000
200.559937      1151.3511962891
200.941025      1185.0163574219
201.322083      1196.2381591797
201.703079      1207.4598388672
202.084091      1162.5728759766
202.465057      1227.6590576172
202.845993      1187.2607421875
203.226898      1218.6816406250
203.607788      1178.2833251953
203.988647      1200.7268066406
204.369461      1171.5502929688
204.750275      1142.3737792969
205.131042      1158.0842285156
205.511795      1191.7493896484
205.892517      1084.0206298828
206.273209      1202.9711914063
206.653870      1160.3286132813
207.034515      1144.6181640625
207.415115      1216.4372558594
207.795700      1106.4642333984
208.176254      1171.5502929688
208.556778      1158.0842285156
208.937271      1117.6859130859
209.317749      1223.1702880859
209.698196      1149.1068115234
210.078613      1191.7493896484
210.459000      1191.7493896484
210.839371      1158.0842285156
211.219696      1182.7720947266
211.600006      1113.1972656250
211.980286      1160.3286132813
212.360535      1196.2381591797
212.740768      1117.6859130859
213.120956      1167.0616455078
213.501129      1198.4825439453
213.881256      1146.8624267578
214.261383      1142.3737792969
214.641464      1205.2155761719
215.021530      1153.5954589844
215.401550      1128.9077148438
215.781570      1146.8624267578
216.161530      1173.7946777344
216.541504      1137.8850097656
216.921402      1202.9711914063
217.301315      1133.3963623047
217.681152      1198.4825439453
218.061005      1144.6181640625
218.440811      1164.8172607422
218.820587      1146.8624267578
219.200348      1144.6181640625
219.580078      1153.5954589844
219.959763      1099.7310791016
220.339432      1171.5502929688
220.719070      1146.8624267578
221.098694      1115.4415283203
221.478271      1167.0616455078
221.857819      1160.3286132813
222.237366      1153.5954589844
222.616867      1144.6181640625
222.996338      1205.2155761719
223.375778      1164.8172607422
223.755188      1122.1745605469
224.134583      1158.0842285156
224.513947      1092.9980468750
224.893265      1149.1068115234
225.272583      1167.0616455078
225.651855      1223.1702880859
226.031097      1173.7946777344
226.410339      1149.1068115234
226.789520      1092.9980468750
227.168686      1146.8624267578
227.547806      1173.7946777344
227.926926      1158.0842285156
228.306015      1211.9486083984
228.685059      1151.3511962891
229.064087      1176.0390625000
229.443069      1131.1519775391
229.822037      1167.0616455078
230.200989      1198.4825439453
230.579895      1137.8850097656
230.958786      1131.1519775391
231.337631      1202.9711914063
231.716461      1155.8398437500
232.095261      1185.0163574219
232.474030      1113.1972656250
232.852783      1205.2155761719
233.231476      1106.4642333984
233.610184      1173.7946777344
233.988831      1176.0390625000
234.367462      1167.0616455078
234.746048      1128.9077148438
235.124649      1144.6181640625
235.503159      1133.3963623047
235.881683      1119.9302978516
236.260162      1160.3286132813
236.638641      1187.2607421875
237.017075      1142.3737792969
237.395477      1187.2607421875
237.773834      1182.7720947266
238.152176      1193.9937744141
238.530502      1110.9528808594
238.908783      1070.5545654297
239.287048      1198.4825439453
239.665268      1135.6407470703
240.043472      1162.5728759766
240.421661      1133.3963623047
240.799805      1211.9486083984
241.177902      1182.7720947266
241.556000      1126.6633300781
241.934052      1077.2875976563
242.312088      1205.2155761719
242.690094      1178.2833251953
243.068054      1202.9711914063
243.446014      1178.2833251953
243.823929      1128.9077148438
244.201813      1193.9937744141
244.579666      1162.5728759766
244.957504      1191.7493896484
245.335297      1146.8624267578
245.713074      1158.0842285156
246.090820      1117.6859130859
246.468536      1176.0390625000
246.846207      1198.4825439453
247.223862      1232.1477050781
247.601501      1198.4825439453
247.979095      1106.4642333984
248.356674      1153.5954589844
248.734222      1126.6633300781
249.111725      1173.7946777344
249.489212      1122.1745605469
249.866669      1146.8624267578
250.244095      1153.5954589844
250.621506      1173.7946777344
250.998871      1137.8850097656
251.376221      1124.4189453125
251.753510      1137.8850097656
252.130814      1169.3059082031
252.508057      1117.6859130859
252.885284      1211.9486083984
253.262466      1211.9486083984
253.639648      1178.2833251953
254.016769      1191.7493896484
254.393906      1162.5728759766
254.770966      1202.9711914063
255.148026      1173.7946777344
255.525040      1144.6181640625
255.902054      1133.3963623047
256.278992      1158.0842285156
256.655945      1104.2198486328
257.032837      1155.8398437500
257.409729      1164.8172607422
257.786591      1176.0390625000
258.163391      1189.5051269531
258.540161      1124.4189453125
258.916962      1131.1519775391
259.293701      1198.4825439453
259.670380      1211.9486083984
260.047058      1173.7946777344
260.423706      1185.0163574219
260.800323      1207.4598388672
261.176880      1178.2833251953
261.553436      1182.7720947266
261.929962      1162.5728759766
262.306488      1153.5954589844
262.682953      1142.3737792969
263.059387      1153.5954589844
263.435791      1144.6181640625
263.812195      1232.1477050781
264.188507      1220.9260253906
264.564850      1176.0390625000
264.941132      1151.3511962891
265.317413      1041.3780517578
265.693634      1292.7451171875
266.069885      1137.8850097656
266.446045      1216.4372558594
266.822174      1084.0206298828
267.198273      1122.1745605469
267.574371      1131.1519775391
267.950439      1115.4415283203
268.326447      1167.0616455078
268.702454      1110.9528808594
269.078430      1137.8850097656
269.454376      1155.8398437500
269.830292      1162.5728759766
270.206146      1119.9302978516
270.582001      1191.7493896484
270.957825      1151.3511962891
271.333618      1124.4189453125
271.709381      1151.3511962891
272.085144      1160.3286132813
272.460815      1108.7084960938
272.836487      1140.1293945313
273.212128      1176.0390625000
273.587769      1072.7989501953
273.963348      1124.4189453125
274.338898      1151.3511962891
274.714447      1092.9980468750
275.089935      1218.6816406250
275.465393      1149.1068115234
275.840820      1140.1293945313
276.216278      1160.3286132813
276.591644      1128.9077148438
276.966949      1124.4189453125
277.342285      1135.6407470703
277.717590      1171.5502929688
278.092834      1207.4598388672
278.468048      1160.3286132813
278.843262      1193.9937744141
279.218445      1128.9077148438
279.593567      1176.0390625000
279.968658      1176.0390625000
280.343781      1135.6407470703
280.718811      1218.6816406250
281.093842      1162.5728759766
281.468811      1180.5277099609
281.843781      1122.1745605469
282.218719      1205.2155761719
282.593628      1164.8172607422
282.968506      1236.6364746094
283.343353      1182.7720947266
283.718170      1167.0616455078
284.092896      1104.2198486328
284.467682      1153.5954589844
284.842407      1108.7084960938
285.217102      1182.7720947266
285.591766      1198.4825439453
285.966400      1122.1745605469
286.340973      1209.7042236328
286.715576      1131.1519775391
287.090118      1124.4189453125
287.464630      1191.7493896484
287.839081      1223.1702880859
288.213562      1144.6181640625
288.587982      1146.8624267578
288.962372      1209.7042236328
289.336731      1119.9302978516
289.711060      1176.0390625000
290.085327      1099.7310791016
290.459625      1158.0842285156
290.833862      1124.4189453125
291.208069      1131.1519775391
291.582275      1173.7946777344
291.956421      1153.5954589844
292.330505      1214.1929931641
292.704620      1149.1068115234
293.078705      1144.6181640625
293.452698      1180.5277099609
293.826691      1077.2875976563
294.200684      1133.3963623047
294.574615      1196.2381591797
294.948517      1214.1929931641
295.322388      1137.8850097656
295.696259      1158.0842285156
296.070068      1171.5502929688
296.443848      1207.4598388672
296.817596      1110.9528808594
297.191345      1097.4868164063
297.565063      1153.5954589844
297.938690      1151.3511962891
298.312317      1234.3920898438
298.685913      1117.6859130859
299.059540      1182.7720947266
299.433044      1122.1745605469
299.806549      1153.5954589844
300.180054      1207.4598388672
300.553528      1155.8398437500
300.926910      1189.5051269531
301.300323      1101.9754638672
301.673676      1090.7537841797
302.046997      1149.1068115234
302.420319      1216.4372558594
302.793579      1155.8398437500
303.166809      1162.5728759766
303.540039      1124.4189453125
303.913208      1110.9528808594
304.286377      1104.2198486328
304.659454      1171.5502929688
305.032593      1167.0616455078
305.405609      1209.7042236328
305.778656      1182.7720947266
306.151611      1110.9528808594
306.524597      1124.4189453125
306.897522      1128.9077148438
307.270416      1162.5728759766
307.643280      1243.3695068359
308.016144      1238.8807373047
308.388916      1106.4642333984
308.761749      1207.4598388672
309.134460      1176.0390625000
309.507202      1164.8172607422
309.879913      1106.4642333984
310.252563      1220.9260253906
310.625153      1108.7084960938
310.997742      1131.1519775391
311.370361      1113.1972656250
311.742859      1128.9077148438
312.115356      1171.5502929688
312.487823      1167.0616455078
312.860291      1106.4642333984
313.232697      1117.6859130859
313.605042      1158.0842285156
313.977386      1110.9528808594
314.349731      1122.1745605469
314.721985      1191.7493896484
315.094269      1119.9302978516
315.466492      1178.2833251953
315.838684      1142.3737792969
316.210846      1144.6181640625
316.582977      1113.1972656250
316.955048      1142.3737792969
317.327148      1173.7946777344
317.699158      1110.9528808594
318.071167      1104.2198486328
318.443176      1137.8850097656
318.815125      1167.0616455078
319.187012      1185.0163574219
319.558868      1142.3737792969
319.930756      1149.1068115234
320.302582      1160.3286132813
320.674347      1119.9302978516
321.046112      1137.8850097656
321.417847      1200.7268066406
321.789581      1133.3963623047
322.161224      1182.7720947266
322.532867      1155.8398437500
322.904419      1142.3737792969
323.276031      1146.8624267578
323.647583      1169.3059082031
324.019073      1149.1068115234
324.390533      1167.0616455078
324.762024      1158.0842285156
325.133423      1137.8850097656
325.504791      1202.9711914063
325.876129      1227.6590576172
326.247467      1155.8398437500
326.618774      1072.7989501953
326.990021      1133.3963623047
327.361237      1142.3737792969
327.732452      1144.6181640625
328.103607      1191.7493896484
328.474731      1218.6816406250
328.845825      1178.2833251953
329.216919      1180.5277099609
329.587952      1153.5954589844
329.958954      1113.1972656250
330.329926      1140.1293945313
330.700867      1119.9302978516
331.071808      1171.5502929688
331.442688      1142.3737792969
331.813507      1101.9754638672
332.184357      1185.0163574219
332.555115      1171.5502929688
332.925873      1193.9937744141
333.296570      1081.7763671875
333.667267      1180.5277099609
334.037994      1182.7720947266
334.408600      1149.1068115234
334.779144      1247.8581542969
335.149750      1133.3963623047
335.520294      1243.3695068359
335.890778      1131.1519775391
336.261230      1124.4189453125
336.631683      1198.4825439453
337.002106      1106.4642333984
337.372498      1135.6407470703
337.742798      1088.5093994141
338.113129      1180.5277099609
338.483429      1178.2833251953
338.853668      1180.5277099609
339.223907      1077.2875976563
339.594086      1176.0390625000
339.964233      1153.5954589844
340.334381      1178.2833251953
340.704437      1167.0616455078
341.074493      1178.2833251953
341.444519      1189.5051269531
341.814545      1171.5502929688
342.184509      1185.0163574219
342.554413      1187.2607421875
342.924347      1110.9528808594
343.294220      1153.5954589844
343.664032      1178.2833251953
344.033813      1153.5954589844
344.403595      1162.5728759766
344.773346      1200.7268066406
345.143036      1191.7493896484
345.512695      1104.2198486328
345.882385      1142.3737792969
346.251984      1173.7946777344
346.621552      1252.3469238281
346.991089      1140.1293945313
347.360626      1137.8850097656
347.730103      1133.3963623047
348.099548      1173.7946777344
348.468964      1119.9302978516
348.838379      1178.2833251953
349.207764      1180.5277099609
349.577057      1149.1068115234
349.946320      1207.4598388672
350.315582      1126.6633300781
350.684845      1099.7310791016
351.054047      1164.8172607422
351.423157      1075.0433349609
351.792328      1110.9528808594
352.161438      1144.6181640625
352.530487      1131.1519775391
352.899506      1162.5728759766
353.268524      1084.0206298828
353.637512      1128.9077148438
354.006409      1128.9077148438
354.375336      1155.8398437500
354.744232      1122.1745605469
355.113068      1066.0659179688
355.481873      1180.5277099609
355.850616      1173.7946777344
356.219391      1128.9077148438
356.588135      1086.2650146484
356.956818      1180.5277099609
357.325470      1182.7720947266
357.694031      1068.3101806641
358.062653      1131.1519775391
358.431213      1180.5277099609
358.799713      1158.0842285156
359.168182      1169.3059082031
359.536652      1207.4598388672
359.905090      1110.9528808594
360.273438      1155.8398437500
360.641785      1169.3059082031
361.010132      1128.9077148438
361.378448      1180.5277099609
361.746704      1135.6407470703
362.114899      1101.9754638672
362.483124      1187.2607421875
362.851288      1198.4825439453
363.219421      1144.6181640625
363.587463      1115.4415283203
363.955566      1140.1293945313
364.323608      1171.5502929688
364.691589      1209.7042236328
365.059540      1187.2607421875
365.427490      1115.4415283203
365.795410      1171.5502929688
366.163269      1209.7042236328
366.531067      1077.2875976563
366.898895      1142.3737792969
367.266693      1167.0616455078
367.634430      1164.8172607422
368.002106      1223.1702880859
368.369812      1198.4825439453
368.737457      1142.3737792969
369.105042      1153.5954589844
369.472595      1232.1477050781
369.840149      1178.2833251953
370.207672      1144.6181640625
370.575134      1137.8850097656
370.942566      1146.8624267578
371.309998      1173.7946777344
371.677399      1101.9754638672
372.044708      1149.1068115234
372.411987      1164.8172607422
372.779297      1173.7946777344
373.146576      1142.3737792969
373.513794      1144.6181640625
373.880951      1209.7042236328
374.248077      1151.3511962891
374.615204      1097.4868164063
374.982300      1137.8850097656
375.349365      1247.8581542969
375.716339      1140.1293945313
376.083374      1104.2198486328
376.450317      1146.8624267578
376.817230      1193.9937744141
377.184082      1162.5728759766
377.550964      1153.5954589844
377.917786      1209.7042236328
378.284576      1198.4825439453
378.651306      1185.0163574219
379.018036      1160.3286132813
379.384735      1155.8398437500
379.751373      1191.7493896484
380.117981      1155.8398437500
380.484589      1211.9486083984
380.851166      1225.4146728516
381.217651      1162.5728759766
381.584137      1115.4415283203
381.950623      1146.8624267578
382.317017      1126.6633300781
382.683411      1126.6633300781
383.049774      1160.3286132813
383.416107      1229.9034423828
383.782410      1218.6816406250
384.148651      1169.3059082031
384.514832      1117.6859130859
384.881042      1113.1972656250
385.247223      1117.6859130859
385.613342      1182.7720947266
385.979401      1182.7720947266
386.345459      1187.2607421875
386.711517      1173.7946777344
387.077484      1189.5051269531
387.443420      1117.6859130859
387.809357      1140.1293945313
388.175262      1135.6407470703
388.541107      1092.9980468750
388.906891      1119.9302978516
389.272705      1187.2607421875
389.638489      1191.7493896484
390.004211      1232.1477050781
390.369873      1097.4868164063
390.735535      1146.8624267578
391.101196      1167.0616455078
391.466766      1153.5954589844
391.832336      1167.0616455078
392.197815      1227.6590576172
392.563324      1151.3511962891
392.928802      1164.8172607422
393.294189      1153.5954589844
393.659607      1151.3511962891
394.024963      1169.3059082031
394.390289      1131.1519775391
394.755554      1144.6181640625
395.120789      1171.5502929688
395.486023      1205.2155761719
395.851227      1142.3737792969
396.216370      1189.5051269531
396.581482      1099.7310791016
396.946564      1207.4598388672
397.311646      1261.3242187500
397.676636      1131.1519775391
398.041626      1126.6633300781
398.406586      1128.9077148438
398.771515      1099.7310791016
399.136383      1140.1293945313
399.501221      1104.2198486328
399.866058      1140.1293945313
400.230865      1153.5954589844
400.595581      1135.6407470703
400.960297      1160.3286132813
401.324982      1117.6859130859
401.689636      1070.5545654297
402.054230      1151.3511962891
402.418793      1140.1293945313
402.783356      1128.9077148438
403.147919      1153.5954589844
403.512360      1178.2833251953
403.876770      1270.3016357422
404.241211      1229.9034423828
404.605621      1209.7042236328
404.969910      1164.8172607422
405.334229      1182.7720947266
405.698517      1207.4598388672
406.062775      1117.6859130859
406.426971      1169.3059082031
406.791107      1146.8624267578
407.155273      1131.1519775391
407.519379      1140.1293945313
407.883484      1232.1477050781
408.247498      1092.9980468750
408.611481      1171.5502929688
408.975464      1144.6181640625
409.339417      1160.3286132813
409.703308      1153.5954589844
410.067169      1153.5954589844
410.431030      1113.1972656250
410.794800      1176.0390625000
411.158569      1110.9528808594
411.522278      1142.3737792969
411.885986      1169.3059082031
412.249664      1153.5954589844
412.613312      1086.2650146484
412.976868      1209.7042236328
413.340454      1122.1745605469
413.703979      1196.2381591797
414.067474      1173.7946777344
414.430908      1126.6633300781
414.794342      1084.0206298828
415.157745      1193.9937744141
415.521088      1189.5051269531
415.884369      1162.5728759766
416.247711      1128.9077148438
416.610931      1256.8355712891
416.974152      1185.0163574219
417.337341      1167.0616455078
417.700500      1176.0390625000
418.063629      1142.3737792969
418.426697      1162.5728759766
418.789703      1153.5954589844
419.152740      1180.5277099609
419.515717      1227.6590576172
419.878662      1196.2381591797
420.241577      1189.5051269531
420.604431      1202.9711914063
420.967285      1126.6633300781
421.330109      1223.1702880859
421.692841      1142.3737792969
422.055603      1144.6181640625
422.418335      1113.1972656250
422.780975      1178.2833251953
423.143585      1173.7946777344
423.506226      1207.4598388672
423.868774      1234.3920898438
424.231293      1167.0616455078
424.593811      1110.9528808594
424.956238      1160.3286132813
425.318665      1209.7042236328
425.681091      1101.9754638672
426.043427      1196.2381591797
426.405731      1128.9077148438
426.768036      1180.5277099609
427.130310      1146.8624267578
427.492493      1110.9528808594
427.854675      1162.5728759766
428.216858      1180.5277099609
428.578979      1171.5502929688
428.941040      1180.5277099609
429.303040      1137.8850097656
429.665070      1104.2198486328
430.027069      1140.1293945313
430.389008      1151.3511962891
430.750885      1104.2198486328
431.112762      1151.3511962891
431.474640      1178.2833251953
431.836395      1173.7946777344
432.198181      1137.8850097656
432.559937      1234.3920898438
432.921600      1108.7084960938
433.283264      1142.3737792969
433.644867      1117.6859130859
434.006500      1079.5319824219
434.368073      1162.5728759766
434.729553      1128.9077148438
435.091034      1081.7763671875
435.452515      1110.9528808594
435.813934      1216.4372558594
436.175293      1153.5954589844
436.536621      1146.8624267578
436.897949      1110.9528808594
437.259277      1216.4372558594
437.620483      1133.3963623047
437.981659      1171.5502929688
438.342865      1178.2833251953
438.704010      1173.7946777344
439.065125      1101.9754638672
439.426178      1185.0163574219
439.787201      1160.3286132813
440.148224      1135.6407470703
440.509186      1113.1972656250
440.870087      1160.3286132813
441.230988      1171.5502929688
441.591858      1158.0842285156
441.952667      1149.1068115234
442.313416      1182.7720947266
442.674194      1158.0842285156
443.034912      1223.1702880859
443.395630      1122.1745605469
443.756226      1149.1068115234
444.116852      1185.0163574219
444.477417      1202.9711914063
444.837982      1202.9711914063
445.198456      1135.6407470703
445.558960      1202.9711914063
445.919403      1187.2607421875
446.279816      1176.0390625000
446.640106      1158.0842285156
447.000458      1151.3511962891
447.360779      1191.7493896484
447.721039      1158.0842285156
448.081207      1122.1745605469
448.441406      1189.5051269531
448.801575      1090.7537841797
449.161713      1153.5954589844
449.521759      1131.1519775391
449.881805      1149.1068115234
450.241852      1196.2381591797
450.601837      1171.5502929688
450.961792      1209.7042236328
451.321655      1151.3511962891
451.681549      1092.9980468750
452.041382      1182.7720947266
452.401184      1211.9486083984
452.760895      1122.1745605469
453.120636      1113.1972656250
453.480347      1131.1519775391
453.840027      1135.6407470703
454.199585      1176.0390625000
454.559174      1209.7042236328
454.918762      1162.5728759766
455.278290      1149.1068115234
455.637726      1126.6633300781
455.997162      1151.3511962891
456.356598      1200.7268066406
456.715973      1115.4415283203
457.075287      1185.0163574219
457.434570      1173.7946777344
457.793854      1128.9077148438
458.153107      1193.9937744141
458.512268      1185.0163574219
458.871429      1099.7310791016
459.230560      1131.1519775391
459.589661      1218.6816406250
459.948639      1119.9302978516
460.307678      1151.3511962891
460.666687      1110.9528808594
461.025635      1207.4598388672
461.384491      1169.3059082031
461.743378      1164.8172607422
462.102264      1180.5277099609
462.461060      1153.5954589844
462.819794      1059.3328857422
463.178497      1155.8398437500
463.537231      1200.7268066406
463.895905      1146.8624267578
464.254456      1144.6181640625
464.613068      1155.8398437500
464.971649      1110.9528808594
465.330170      1122.1745605469
465.688568      1178.2833251953
466.047028      1122.1745605469
466.405457      1193.9937744141
466.763855      1182.7720947266
467.122192      1245.6137695313
467.480438      1122.1745605469
467.838715      1092.9980468750
468.196960      1185.0163574219
468.555176      1153.5954589844
468.913269      1185.0163574219
469.271393      1124.4189453125
469.629486      1185.0163574219
469.987549      1106.4642333984
470.345520      1160.3286132813
470.703491      1176.0390625000
471.061462      1155.8398437500
471.419342      1164.8172607422
471.777191      1155.8398437500
472.135040      1135.6407470703
472.492828      1182.7720947266
472.850586      1232.1477050781
473.208282      1227.6590576172
473.565979      1151.3511962891
473.923615      1135.6407470703
474.281281      1182.7720947266
474.638794      1081.7763671875
474.996338      1104.2198486328
475.353851      1106.4642333984
475.711334      1063.8215332031
476.068726      1124.4189453125
476.426117      1092.9980468750
476.783478      1185.0163574219
477.140808      1155.8398437500
477.498077      1173.7946777344
477.855316      1122.1745605469
478.212555      1169.3059082031
478.569763      1164.8172607422
478.926819      1119.9302978516
479.283936      1169.3059082031
479.641022      1178.2833251953
479.998077      1106.4642333984
480.355011      1126.6633300781
480.711975      1137.8850097656
481.068939      1189.5051269531
481.425842      1160.3286132813
481.782623      1135.6407470703
482.139435      1140.1293945313
482.496216      1104.2198486328
482.852966      1180.5277099609
483.209717      1162.5728759766
483.566315      1128.9077148438
483.922943      1176.0390625000
484.279572      1106.4642333984
484.636139      1178.2833251953
484.992615      1153.5954589844
485.349121      1142.3737792969
485.705566      1119.9302978516
486.062012      1191.7493896484
486.418304      1211.9486083984
486.774689      1171.5502929688
487.130981      1090.7537841797
487.487274      1124.4189453125
487.843445      1160.3286132813
488.199615      1167.0616455078
488.555786      1142.3737792969
488.911957      1128.9077148438
489.267975      1182.7720947266
489.624023      1155.8398437500
489.980042      1101.9754638672
490.336029      1140.1293945313
490.691925      1227.6590576172
491.047821      1171.5502929688
491.403687      1146.8624267578
491.759521      1137.8850097656
492.115265      1205.2155761719
492.471008      1171.5502929688
492.826752      1106.4642333984
493.182434      1191.7493896484
493.538025      1193.9937744141
493.893646      1140.1293945313
494.249207      1113.1972656250
494.604736      1162.5728759766
494.960205      1162.5728759766
495.315674      1131.1519775391
495.671082      1101.9754638672
496.026489      1135.6407470703
496.381775      1124.4189453125
496.737091      1128.9077148438
497.092377      1144.6181640625
497.447632      1160.3286132813
497.802795      1057.0885009766
498.157959      1164.8172607422
498.513062      1202.9711914063
498.868195      1110.9528808594
499.223175      1164.8172607422
499.578217      1142.3737792969
499.933167      1193.9937744141
500.288116      1223.1702880859
500.643036      1160.3286132813
500.997833      1167.0616455078
501.352692      1075.0433349609
501.707489      1144.6181640625
502.062225      1128.9077148438
502.416901      1133.3963623047
502.771606      1133.3963623047
503.126221      1135.6407470703
503.480865      1108.7084960938
503.835358      1189.5051269531
504.189941      1178.2833251953
504.544434      1176.0390625000
504.898865      1167.0616455078
505.253265      1110.9528808594
505.607635      1176.0390625000
505.961975      1171.5502929688
506.316315      1075.0433349609
506.670532      1140.1293945313
507.024750      1151.3511962891
507.378967      1162.5728759766
507.733154      1162.5728759766
508.087189      1124.4189453125
508.441315      1158.0842285156
508.795349      1101.9754638672
509.149353      1196.2381591797
509.503265      1149.1068115234
509.857208      1178.2833251953
510.211121      1110.9528808594
510.565002      1128.9077148438
510.918762      1173.7946777344
511.272583      1155.8398437500
511.626312      1128.9077148438
511.980042      1207.4598388672
512.333618      1090.7537841797
512.687256      1108.7084960938
513.040894      1162.5728759766
513.394470      1146.8624267578
513.747925      1043.6224365234
514.101440      1153.5954589844
514.454895      1200.7268066406
514.808289      1160.3286132813
515.161621      1144.6181640625
515.514893      1099.7310791016
515.868225      1193.9937744141
516.221497      1171.5502929688
516.574707      1142.3737792969
516.927856      1113.1972656250
517.281006      1171.5502929688
517.634155      1171.5502929688
517.987183      1151.3511962891
518.340210      1115.4415283203
518.693237      1169.3059082031
519.046204      1158.0842285156
519.399048      1182.7720947266
519.751892      1137.8850097656
520.104736      1126.6633300781
520.457520      1110.9528808594
520.810364      1196.2381591797
521.163025      1108.7084960938
521.515686      1171.5502929688
521.868408      1122.1745605469
522.221008      1135.6407470703
522.573547      1133.3963623047
522.926086      1187.2607421875
523.278625      1176.0390625000
523.631042      1149.1068115234
523.983459      1198.4825439453
524.335815      1176.0390625000
524.688171      1173.7946777344
525.040527      1196.2381591797
525.392761      1198.4825439453
525.744934      1119.9302978516
526.097168      1131.1519775391
526.449341      1158.0842285156
526.801453      1140.1293945313
527.153503      1187.2607421875
527.505554      1126.6633300781
527.857544      1113.1972656250
528.209534      1209.7042236328
528.561462      1133.3963623047
528.913330      1209.7042236328
529.265198      1070.5545654297
529.617004      1162.5728759766
529.968750      1162.5728759766
530.320496      1178.2833251953
530.672180      1099.7310791016
531.023804      1124.4189453125
531.375488      1155.8398437500
531.727051      1153.5954589844
532.078613      1088.5093994141
532.430115      1167.0616455078
532.781555      1119.9302978516
533.132996      1115.4415283203
533.484375      1182.7720947266
533.835815      1110.9528808594
534.187073      1146.8624267578
534.538330      1236.6364746094
534.889587      1117.6859130859
535.240784      1151.3511962891
535.591919      1151.3511962891
535.942993      1176.0390625000
536.294128      1196.2381591797
536.645203      1211.9486083984
536.996155      1090.7537841797
537.347107      1185.0163574219
537.698120      1146.8624267578
538.049011      1122.1745605469
538.399841      1187.2607421875
538.750610      1173.7946777344
539.101440      1137.8850097656
539.452209      1153.5954589844
539.802856      1135.6407470703
540.153503      1185.0163574219
540.504150      1158.0842285156
540.854736      1110.9528808594
541.205261      1149.1068115234
541.555786      1187.2607421875
541.906250      1162.5728759766
542.256714      1124.4189453125
542.607056      1122.1745605469
542.957458      1216.4372558594
543.307739      1214.1929931641
543.658020      1133.3963623047
544.008240      1133.3963623047
544.358398      1182.7720947266
544.708618      1110.9528808594
545.058777      1081.7763671875
545.408813      1099.7310791016
545.758850      1122.1745605469
546.108887      1220.9260253906
546.458862      1128.9077148438
546.808716      1162.5728759766
547.158691      1124.4189453125
547.508545      1167.0616455078
547.858337      1110.9528808594
548.208069      1243.3695068359
548.557800      1158.0842285156
548.907532      1155.8398437500
549.257202      1171.5502929688
549.606812      1081.7763671875
549.956360      1142.3737792969
550.305908      1216.4372558594
550.655457      1202.9711914063
551.004883      1187.2607421875
551.354309      1178.2833251953
551.703674      1189.5051269531
552.053040      1189.5051269531
552.402405      1137.8850097656
552.751587      1173.7946777344
553.100830      1236.6364746094
553.450012      1155.8398437500
553.799255      1185.0163574219
554.148254      1146.8624267578
554.497375      1131.1519775391
554.846436      1077.2875976563
555.195435      1229.9034423828
555.544373      1108.7084960938
555.893250      1162.5728759766
556.242188      1187.2607421875
556.591003      1113.1972656250
556.939758      1223.1702880859
557.288574      1142.3737792969
557.637268      1198.4825439453
557.985962      1146.8624267578
558.334595      1151.3511962891
558.683228      1117.6859130859
559.031799      1097.4868164063
559.380310      1189.5051269531
559.728760      1113.1972656250
560.077209      1110.9528808594
560.425659      1180.5277099609
560.774048      1153.5954589844
561.122314      1140.1293945313
561.470581      1158.0842285156
561.818909      1108.7084960938
562.167114      1135.6407470703
562.515259      1135.6407470703
562.863342      1151.3511962891
563.211487      1171.5502929688
563.559570      1182.7720947266
563.907532      1095.2424316406
564.255554      1153.5954589844
564.603455      1196.2381591797
564.951355      1196.2381591797
565.299255      1185.0163574219
565.647095      1193.9937744141
565.994812      1205.2155761719
566.342590      1142.3737792969
566.690308      1185.0163574219
567.037903      1158.0842285156
567.385620      1193.9937744141
567.733154      1164.8172607422
568.080750      1144.6181640625
568.428162      1211.9486083984
568.775696      1169.3059082031
569.123108      1106.4642333984
569.470520      1171.5502929688
569.817810      1180.5277099609
570.165161      1191.7493896484
570.512451      1167.0616455078
570.859680      1180.5277099609
571.206787      1110.9528808594
571.554016      1135.6407470703
571.901062      1171.5502929688
572.248169      1119.9302978516
572.595154      1124.4189453125
572.942200      1173.7946777344
573.289124      1077.2875976563
573.636047      1146.8624267578
573.982849      1090.7537841797
574.329712      1124.4189453125
574.676514      1162.5728759766
575.023315      1162.5728759766
575.369995      1171.5502929688
575.716675      1131.1519775391
576.063293      1131.1519775391
576.409912      1160.3286132813
576.756409      1068.3101806641
577.102966      1122.1745605469
577.449402      1149.1068115234
577.795898      1144.6181640625
578.142273      1171.5502929688
578.488647      1095.2424316406
578.834961      1142.3737792969
579.181213      1133.3963623047
579.527405      1169.3059082031
579.873596      1088.5093994141
580.219788      1122.1745605469
580.565918      1187.2607421875
580.911926      1238.8807373047
581.258057      1182.7720947266
581.604065      1164.8172607422
581.949951      1218.6816406250
582.295898      1200.7268066406
582.641724      1193.9937744141
582.987610      1185.0163574219
583.333435      1115.4415283203
583.679199      1200.7268066406
584.024902      1225.4146728516
584.370544      1211.9486083984
584.716187      1162.5728759766
585.061829      1187.2607421875
585.407349      1180.5277099609
585.752869      1153.5954589844
586.098328      1115.4415283203
586.443787      1232.1477050781
586.789124      1164.8172607422
587.134521      1185.0163574219
587.479858      1126.6633300781
587.825134      1137.8850097656
588.170288      1196.2381591797
588.515564      1117.6859130859
588.860657      1169.3059082031
589.205872      1198.4825439453
589.550842      1162.5728759766
589.895935      1176.0390625000
590.240906      1124.4189453125
590.585876      1131.1519775391
590.930786      1095.2424316406
591.275635      1160.3286132813
591.620483      1149.1068115234
591.965271      1218.6816406250
592.310059      1207.4598388672
592.654724      1142.3737792969
592.999451      1155.8398437500
593.344055      1198.4825439453
593.688660      1072.7989501953
594.033203      1198.4825439453
594.377686      1180.5277099609
594.722229      1140.1293945313
595.066528      1178.2833251953
595.411011      1126.6633300781
595.755371      1110.9528808594
596.099670      1117.6859130859
596.443848      1131.1519775391
596.788147      1126.6633300781
597.132324      1140.1293945313
597.476501      1077.2875976563
597.820618      1191.7493896484
598.164612      1160.3286132813
598.508667      1146.8624267578
598.852661      1149.1068115234
599.196655      1110.9528808594
599.540466      1124.4189453125
599.884338      1140.1293945313
600.228210      1160.3286132813
600.571960      1173.7946777344
600.915710      1182.7720947266
601.259460      1191.7493896484
601.603088      1191.7493896484
601.946716      1187.2607421875
602.290283      1189.5051269531
602.633850      1061.5771484375
602.977295      1173.7946777344
603.320801      1131.1519775391
603.664124      1167.0616455078
604.007568      1126.6633300781
604.350952      1108.7084960938
604.694214      1167.0616455078
605.037415      1176.0390625000
605.380676      1149.1068115234
605.723816      1169.3059082031
606.066956      1144.6181640625
606.410034      1117.6859130859
606.753052      1158.0842285156
607.096130      1119.9302978516
607.439087      1207.4598388672
607.781921      1198.4825439453
608.124878      1128.9077148438
608.467712      1176.0390625000
608.810547      1144.6181640625
609.153259      1160.3286132813
609.495972      1149.1068115234
609.838684      1106.4642333984
610.181335      1137.8850097656
610.523865      1128.9077148438
610.866516      1153.5954589844
611.209045      1198.4825439453
611.551453      1126.6633300781
611.893921      1225.4146728516
612.236267      1223.1702880859
612.578674      1171.5502929688
612.920959      1115.4415283203
613.263306      1162.5728759766
613.605469      1155.8398437500
613.947632      1151.3511962891
614.289795      1164.8172607422
614.631958      1155.8398437500
614.973938      1101.9754638672
615.315979      1232.1477050781
615.657959      1167.0616455078
615.999939      1164.8172607422
616.341858      1200.7268066406
616.683716      1198.4825439453
617.025513      1144.6181640625
617.367310      1193.9937744141
617.708984      1176.0390625000
618.050720      1128.9077148438
618.392395      1162.5728759766
618.734070      1180.5277099609
619.075500      1151.3511962891
619.417114      1160.3286132813
619.758606      1252.3469238281
620.100098      1128.9077148438
620.441467      1144.6181640625
620.782776      1135.6407470703
621.124146      1173.7946777344
621.465393      1250.1025390625
621.806641      1131.1519775391
622.147888      1158.0842285156
622.489014      1110.9528808594
622.830139      1176.0390625000
623.171204      1075.0433349609
623.512207      1117.6859130859
623.853271      1146.8624267578
624.194214      1124.4189453125
624.535095      1158.0842285156
624.875916      1131.1519775391
625.216797      1176.0390625000
625.557617      1261.3242187500
625.898315      1173.7946777344
626.239075      1052.5998535156
626.579712      1173.7946777344
626.920349      1173.7946777344
627.260864      1180.5277099609
627.601440      1193.9937744141
627.941895      1110.9528808594
628.282410      1155.8398437500
628.622803      1137.8850097656
628.963135      1160.3286132813
629.303528      1162.5728759766
629.643799      1155.8398437500
629.984070      1160.3286132813
630.324219      1167.0616455078
630.664429      1180.5277099609
631.004517      1124.4189453125
631.344604      1178.2833251953
631.684631      1196.2381591797
632.024597      1193.9937744141
632.364624      1128.9077148438
632.704529      1160.3286132813
633.044373      1169.3059082031
633.384155      1059.3328857422
633.723999      1128.9077148438
634.063782      1124.4189453125
634.403442      1149.1068115234
634.743042      1164.8172607422
635.082764      1173.7946777344
635.422302      1180.5277099609
635.761841      1131.1519775391
636.101318      1182.7720947266
636.440796      1202.9711914063
636.780212      1092.9980468750
637.119507      1144.6181640625
637.458862      1158.0842285156
637.798157      1169.3059082031
638.137451      1189.5051269531
638.476563      1189.5051269531
638.815735      1160.3286132813
639.154907      1263.5686035156
639.494019      1106.4642333984
639.833008      1193.9937744141
640.171997      1162.5728759766
640.510925      1207.4598388672
640.849854      1104.2198486328
641.188660      1108.7084960938
641.527527      1176.0390625000
641.866333      1180.5277099609
642.205078      1169.3059082031
642.543762      1110.9528808594
642.882446      1200.7268066406
643.221008      1189.5051269531
643.559570      1155.8398437500
643.898071      1126.6633300781
644.236572      1207.4598388672
644.575073      1178.2833251953
644.913452      1081.7763671875
645.251831      1162.5728759766
645.590149      1164.8172607422
645.928406      1088.5093994141
646.266602      1110.9528808594
646.604858      1081.7763671875
646.942932      1162.5728759766
647.281128      1259.0799560547
647.619141      1110.9528808594
647.957214      1097.4868164063
648.295166      1279.2790527344
648.633057      1092.9980468750
648.970947      1146.8624267578
649.308838      1191.7493896484
649.646606      1151.3511962891
649.984436      1131.1519775391
650.322144      1171.5502929688
650.659851      1167.0616455078
650.997498      1095.2424316406
651.335022      1117.6859130859
651.672607      1167.0616455078
652.010132      1149.1068115234
652.347595      1164.8172607422
652.684998      1173.7946777344
653.022461      1173.7946777344
653.359802      1140.1293945313
653.697021      1077.2875976563
654.034302      1146.8624267578
654.371521      1122.1745605469
654.708740      1124.4189453125
655.045837      1173.7946777344
655.382935      1164.8172607422
655.719971      1162.5728759766
656.057007      1128.9077148438
656.393921      1128.9077148438
656.730835      1164.8172607422
657.067749      1263.5686035156
657.404602      1146.8624267578
657.741333      1202.9711914063
658.078064      1162.5728759766
658.414795      1180.5277099609
658.751465      1146.8624267578
659.088074      1200.7268066406
659.424683      1108.7084960938
659.761230      1176.0390625000
660.097717      1216.4372558594
660.434143      1164.8172607422
660.770569      1142.3737792969
661.106934      1178.2833251953
661.443298      1131.1519775391
661.779541      1117.6859130859
662.115784      1043.6224365234
662.451965      1185.0163574219
662.788086      1133.3963623047
663.124268      1149.1068115234
663.460266      1104.2198486328
663.796265      1104.2198486328
664.132324      1149.1068115234
664.468201      1167.0616455078
664.804077      1144.6181640625
665.139954      1164.8172607422
665.475769      1146.8624267578
665.811523      1131.1519775391
666.147278      1182.7720947266
666.482971      1155.8398437500
666.818542      1115.4415283203
667.154236      1104.2198486328
667.489685      1171.5502929688
667.825195      1124.4189453125
668.160706      1137.8850097656
668.496094      1173.7946777344
668.831421      1097.4868164063
669.166809      1092.9980468750
669.502136      1176.0390625000
669.837402      1131.1519775391
670.172546      1202.9711914063
670.507751      1140.1293945313
670.842834      1218.6816406250
671.177917      1158.0842285156
671.512878      1225.4146728516
671.847961      1144.6181640625
672.182861      1160.3286132813
672.517761      1101.9754638672
672.852600      1193.9937744141
673.187439      1142.3737792969
673.522217      1180.5277099609
673.856934      1193.9937744141
674.191650      1176.0390625000
674.526306      1149.1068115234
674.860901      1117.6859130859
675.195435      1131.1519775391
675.529968      1142.3737792969
675.864441      1209.7042236328
676.198853      1180.5277099609
676.533264      1185.0163574219
676.867554      1167.0616455078
677.201843      1193.9937744141
677.536133      1088.5093994141
677.870361      1153.5954589844
678.204529      1182.7720947266
678.538635      1072.7989501953
678.872742      1189.5051269531
679.206787      1178.2833251953
679.540710      1133.3963623047
679.874695      1191.7493896484
680.208618      1115.4415283203
680.542480      1110.9528808594
680.876282      1113.1972656250
681.210083      1131.1519775391
681.543823      1234.3920898438
681.877502      1178.2833251953
682.211121      1173.7946777344
682.544739      1173.7946777344
682.878357      1155.8398437500
683.211853      1158.0842285156
683.545227      1187.2607421875
683.878723      1131.1519775391
684.212097      1144.6181640625
684.545471      1110.9528808594
684.878723      1119.9302978516
685.212036      1142.3737792969
685.545227      1146.8624267578
685.878418      1095.2424316406
686.211487      1122.1745605469
686.544556      1198.4825439453
686.877625      1155.8398437500
687.210632      1191.7493896484
687.543518      1135.6407470703
687.876465      1151.3511962891
688.209290      1180.5277099609
688.542114      1216.4372558594
688.874878      1196.2381591797
689.207642      1151.3511962891
689.540344      1124.4189453125
689.872986      1193.9937744141
690.205566      1092.9980468750
690.538147      1158.0842285156
690.870667      1137.8850097656
691.203125      1128.9077148438
691.535461      1144.6181640625
691.867920      1164.8172607422
692.200256      1173.7946777344
692.532593      1214.1929931641
692.864807      1113.1972656250
693.196960      1187.2607421875
693.529114      1171.5502929688
693.861267      1084.0206298828
694.193420      1142.3737792969
694.525391      1171.5502929688
694.857361      1115.4415283203
695.189270      1124.4189453125
695.521240      1142.3737792969
695.853027      1169.3059082031
696.184814      1135.6407470703
696.516663      1142.3737792969
696.848389      1106.4642333984
697.179993      1211.9486083984
697.511658      1106.4642333984
697.843262      1137.8850097656
698.174805      1164.8172607422
698.506287      1191.7493896484
698.837708      1185.0163574219
699.169189      1176.0390625000
699.500549      1164.8172607422
699.831787      1227.6590576172
700.163147      1225.4146728516
700.494385      1178.2833251953
700.825562      1227.6590576172
701.156677      1110.9528808594
701.487793      1144.6181640625
701.818848      1131.1519775391
702.149902      1144.6181640625
702.480774      1126.6633300781
702.811768      1169.3059082031
703.142639      1113.1972656250
703.473511      1158.0842285156
703.804199      1160.3286132813
704.135010      1200.7268066406
704.465759      1205.2155761719
704.796387      1149.1068115234
705.126953      1160.3286132813
705.457520      1200.7268066406
705.788086      1084.0206298828
706.118591      1200.7268066406
706.448975      1075.0433349609
706.779419      1160.3286132813
707.109741      1131.1519775391
707.440063      1205.2155761719
707.770325      1128.9077148438
708.100525      1137.8850097656
708.430725      1162.5728759766
708.760864      1153.5954589844
709.090942      1124.4189453125
709.420959      1140.1293945313
709.750916      1247.8581542969
710.080933      1151.3511962891
710.410828      1128.9077148438
710.740662      1149.1068115234
711.070496      1153.5954589844
711.400269      1122.1745605469
711.729980      1099.7310791016
712.059631      1198.4825439453
712.389282      1185.0163574219
712.718872      1153.5954589844
713.048462      1142.3737792969
713.377930      1146.8624267578
713.707397      1180.5277099609
714.036865      1218.6816406250
714.366211      1191.7493896484
714.695435      1155.8398437500
715.024780      1176.0390625000
715.354004      1088.5093994141
715.683228      1193.9937744141
716.012329      1113.1972656250
716.341431      1142.3737792969
716.670532      1176.0390625000
716.999573      1133.3963623047
717.328430      1155.8398437500
717.657349      1135.6407470703
717.986267      1119.9302978516
718.315125      1149.1068115234
718.643860      1182.7720947266
718.972656      1173.7946777344
719.301331      1169.3059082031
719.630005      1180.5277099609
719.958557      1128.9077148438
720.287170      1155.8398437500
720.615662      1169.3059082031
720.944214      1126.6633300781
721.272583      1196.2381591797
721.600952      1126.6633300781
721.929321      1135.6407470703
722.257629      1097.4868164063
722.585876      1079.5319824219
722.914063      1180.5277099609
723.242188      1259.0799560547
723.570313      1180.5277099609
723.898376      1218.6816406250
724.226440      1113.1972656250
724.554382      1180.5277099609
724.882324      1176.0390625000
725.210266      1149.1068115234
725.538025      1193.9937744141
725.865784      1198.4825439453
726.193604      1187.2607421875
726.521301      1149.1068115234
726.848938      1225.4146728516
727.176514      1146.8624267578
727.504150      1135.6407470703
727.831726      1189.5051269531
728.159119      1117.6859130859
728.486572      1158.0842285156
728.813965      1101.9754638672
729.141357      1119.9302978516
729.468567      1106.4642333984
729.795837      1151.3511962891
730.123108      1133.3963623047
730.450317      1155.8398437500
730.777344      1211.9486083984
731.104431      1104.2198486328
731.431519      1164.8172607422
731.758484      1097.4868164063
732.085388      1108.7084960938
732.412292      1214.1929931641
732.739136      1180.5277099609
733.065979      1196.2381591797
733.392639      1137.8850097656
733.719421      1146.8624267578
734.046082      1160.3286132813
734.372681      1149.1068115234
734.699219      1131.1519775391
735.025757      1146.8624267578
735.352234      1176.0390625000
735.678711      1234.3920898438
736.005127      1119.9302978516
736.331482      1216.4372558594
736.657715      1238.8807373047
736.984009      1185.0163574219
737.310181      1142.3737792969
737.636353      1211.9486083984
737.962524      1128.9077148438
738.288574      1131.1519775391
738.614624      1247.8581542969
738.940613      1202.9711914063
739.266541      1135.6407470703
739.592407      1140.1293945313
739.918274      1185.0163574219
740.244080      1236.6364746094
740.569824      1158.0842285156
740.895569      1180.5277099609
741.221191      1158.0842285156
741.546753      1176.0390625000
741.872375      1158.0842285156
742.197937      1131.1519775391
742.523376      1084.0206298828
742.848816      1160.3286132813
743.174194      1176.0390625000
743.499573      1133.3963623047
743.824890      1066.0659179688
744.150085      1117.6859130859
744.475342      1162.5728759766
744.800476      1146.8624267578
745.125610      1216.4372558594
745.450623      1202.9711914063
745.775696      1187.2607421875
746.100708      1128.9077148438
746.425598      1144.6181640625
746.750427      1149.1068115234
747.075256      1144.6181640625
747.400085      1225.4146728516
747.724915      1202.9711914063
748.049561      1169.3059082031
748.374207      1167.0616455078
748.698853      1223.1702880859
749.023438      1153.5954589844
749.347900      1198.4825439453
749.672363      1198.4825439453
749.996765      1122.1745605469
750.321167      1158.0842285156
750.645508      1117.6859130859
750.969788      1122.1745605469
751.294067      1158.0842285156
751.618286      1149.1068115234
751.942383      1189.5051269531
752.266479      1151.3511962891
752.590576      1193.9937744141
752.914551      1164.8172607422
753.238525      1140.1293945313
753.562439      1133.3963623047
753.886292      1092.9980468750
754.210144      1142.3737792969
754.533936      1142.3737792969
754.857666      1084.0206298828
755.181335      1110.9528808594
755.505005      1117.6859130859
755.828613      1158.0842285156
756.152100      1110.9528808594
756.475586      1124.4189453125
756.799133      1169.3059082031
757.122498      1200.7268066406
757.445862      1133.3963623047
757.769165      1191.7493896484
758.092468      1198.4825439453
758.415710      1142.3737792969
758.738831      1131.1519775391
759.061951      1135.6407470703
759.385071      1182.7720947266
759.708130      1104.2198486328
760.031067      1182.7720947266
760.354004      1090.7537841797
760.676941      1171.5502929688
760.999817      1211.9486083984
761.322632      1167.0616455078
761.645386      1142.3737792969
761.968079      1146.8624267578
762.290771      1155.8398437500
762.613342      1106.4642333984
762.935974      1115.4415283203
763.258484      1099.7310791016
763.580994      1155.8398437500
763.903381      1149.1068115234
764.225830      1153.5954589844
764.548157      1144.6181640625
764.870422      1167.0616455078
765.192688      1162.5728759766
765.514832      1214.1929931641
765.837036      1167.0616455078
766.159119      1106.4642333984
766.481140      1180.5277099609
766.803223      1216.4372558594
767.125183      1146.8624267578
767.447144      1178.2833251953
767.768982      1131.1519775391
768.090820      1097.4868164063
768.412659      1158.0842285156
768.734314      1135.6407470703
769.056091      1090.7537841797
769.377686      1131.1519775391
769.699280      1119.9302978516
770.020813      1137.8850097656
770.342346      1176.0390625000
770.663757      1131.1519775391
770.985229      1124.4189453125
771.306580      1137.8850097656
771.627869      1155.8398437500
771.949158      1128.9077148438
772.270386      1151.3511962891
772.591553      1142.3737792969
772.912659      1135.6407470703
773.233765      1126.6633300781
773.554810      1160.3286132813
773.875793      1196.2381591797
774.196716      1191.7493896484
774.517578      1189.5051269531
774.838440      1202.9711914063
775.159302      1137.8850097656
775.480042      1180.5277099609
775.800659      1135.6407470703
776.121399      1151.3511962891
776.441956      1115.4415283203
776.762573      1162.5728759766
777.083008      1198.4825439453
777.403503      1162.5728759766
777.723999      1187.2607421875
778.044373      1162.5728759766
778.364624      1200.7268066406
778.684937      1189.5051269531
779.005188      1193.9937744141
779.325378      1128.9077148438
779.645447      1241.1251220703
779.965637      1198.4825439453
780.285706      1054.8441162109
780.605652      1187.2607421875
780.925598      1101.9754638672
781.245483      1247.8581542969
781.565369      1167.0616455078
781.885193      1135.6407470703
782.204895      1153.5954589844
782.524658      1151.3511962891
782.844299      1169.3059082031
783.163940      1106.4642333984
783.483582      1133.3963623047
783.803040      1099.7310791016
784.122559      1104.2198486328
784.442017      1149.1068115234
784.761414      1124.4189453125
785.080688      1149.1068115234
785.400024      1158.0842285156
785.719238      1178.2833251953
786.038452      1162.5728759766
786.357544      1160.3286132813
786.676697      1146.8624267578
786.995789      1146.8624267578
787.314758      1162.5728759766
787.633728      1182.7720947266
787.952637      1178.2833251953
788.271484      1146.8624267578
788.590271      1142.3737792969
788.908997      1182.7720947266
789.227783      1115.4415283203
789.546448      1167.0616455078
789.865112      1128.9077148438
790.183655      1158.0842285156
790.502197      1171.5502929688
790.820679      1126.6633300781
791.139099      1173.7946777344
791.457520      1169.3059082031
791.775879      1182.7720947266
792.094116      1187.2607421875
792.412415      1214.1929931641
792.730530      1160.3286132813
793.048767      1158.0842285156
793.366821      1191.7493896484
793.684937      1117.6859130859
794.002869      1185.0163574219
794.320862      1068.3101806641
794.638733      1072.7989501953
794.956665      1142.3737792969
795.274414      1137.8850097656
795.592224      1173.7946777344
795.909912      1104.2198486328
796.227661      1092.9980468750
796.545227      1205.2155761719
796.862854      1099.7310791016
797.180359      1167.0616455078
797.497864      1135.6407470703
797.815308      1232.1477050781
798.132629      1171.5502929688
798.450012      1128.9077148438
798.767273      1113.1972656250
799.084595      1180.5277099609
799.401733      1153.5954589844
799.718933      1169.3059082031
800.036011      1137.8850097656
800.353027      1110.9528808594
800.670044      1189.5051269531
800.987000      1113.1972656250
801.303894      1115.4415283203
801.620850      1193.9937744141
801.937561      1113.1972656250
802.254333      1173.7946777344
802.571106      1146.8624267578
802.887817      1153.5954589844
803.204346      1185.0163574219
803.520935      1173.7946777344
803.837463      1133.3963623047
804.153992      1110.9528808594
804.470337      1164.8172607422
804.786743      1209.7042236328
805.103027      1153.5954589844
805.419434      1173.7946777344
805.735535      1173.7946777344
806.051758      1162.5728759766
806.367920      1137.8850097656
806.684021      1153.5954589844
807.000000      1092.9980468750
807.316040      1135.6407470703
807.632019      1180.5277099609
807.947876      1126.6633300781
808.263672      1158.0842285156
808.579529      1180.5277099609
808.895325      1151.3511962891
809.211060      1160.3286132813
809.526611      1142.3737792969
809.842224      1169.3059082031
810.157837      1169.3059082031
810.473389      1171.5502929688
810.788757      1151.3511962891
811.104187      1187.2607421875
811.419617      1196.2381591797
811.734924      1113.1972656250
812.050171      1149.1068115234
812.365417      1126.6633300781
812.680542      1068.3101806641
812.995728      1214.1929931641
813.310852      1106.4642333984
813.625854      1191.7493896484
813.940796      1135.6407470703
814.255798      1167.0616455078
814.570679      1081.7763671875
814.885498      1131.1519775391
815.200256      1214.1929931641
815.515015      1117.6859130859
815.829651      1119.9302978516
816.144287      1160.3286132813
816.458923      1191.7493896484
816.773438      1158.0842285156
817.087952      1196.2381591797
817.402344      1158.0842285156
817.716797      1133.3963623047
818.031189      1128.9077148438
818.345520      1140.1293945313
818.659668      1146.8624267578
818.973877      1207.4598388672
819.288086      1167.0616455078
819.602173      1137.8850097656
819.916199      1167.0616455078
820.230225      1131.1519775391
820.544189      1140.1293945313
820.858154      1202.9711914063
821.171997      1155.8398437500
821.485779      1079.5319824219
821.799561      1052.5998535156
822.113281      1171.5502929688
822.426880      1151.3511962891
822.740540      1140.1293945313
823.054138      1169.3059082031
823.367676      1176.0390625000
823.681152      1191.7493896484
823.994568      1209.7042236328
824.307922      1101.9754638672
824.621277      1133.3963623047
824.934509      1153.5954589844
825.247742      1173.7946777344
825.560913      1200.7268066406
825.874146      1140.1293945313
826.187134      1117.6859130859
826.500183      1108.7084960938
826.813171      1171.5502929688
827.126160      1142.3737792969
827.439026      1135.6407470703
827.751831      1122.1745605469
828.064636      1084.0206298828
828.377380      1142.3737792969
828.690063      1218.6816406250
829.002686      1265.8129882813
829.315308      1153.5954589844
829.627869      1068.3101806641
829.940308      1171.5502929688
830.252808      1153.5954589844
830.565125      1209.7042236328
830.877563      1176.0390625000
831.189880      1173.7946777344
831.502075      1144.6181640625
831.814270      1173.7946777344
832.126465      1142.3737792969
832.438599      1160.3286132813
832.750549      1155.8398437500
833.062622      1101.9754638672
833.374512      1146.8624267578
833.686462      1140.1293945313
833.998291      1115.4415283203
834.310120      1149.1068115234
834.621887      1137.8850097656
834.933594      1110.9528808594
835.245239      1146.8624267578
835.556885      1218.6816406250
835.868408      1187.2607421875
836.179932      1128.9077148438
836.491333      1169.3059082031
836.802795      1142.3737792969
837.114197      1187.2607421875
837.425537      1185.0163574219
837.736694      1160.3286132813
838.047913      1158.0842285156
838.359131      1209.7042236328
838.670227      1158.0842285156
838.981262      1135.6407470703
839.292358      1158.0842285156
839.603333      1236.6364746094
839.914246      1144.6181640625
840.225037      1142.3737792969
840.535889      1187.2607421875
840.846680      1153.5954589844
841.157410      1108.7084960938
841.468079      1178.2833251953
841.778687      1140.1293945313
842.089233      1180.5277099609
842.399780      1115.4415283203
842.710266      1176.0390625000
843.020691      1158.0842285156
843.331055      1169.3059082031
843.641418      1169.3059082031
843.951721      1187.2607421875
844.261841      1133.3963623047
844.572083      1164.8172607422
844.882202      1178.2833251953
845.192261      1149.1068115234
845.502258      1158.0842285156
845.812256      1131.1519775391
846.122192      1187.2607421875
846.432068      1119.9302978516
846.741882      1191.7493896484
847.051636      1146.8624267578
847.361389      1169.3059082031
847.671143      1180.5277099609
847.980713      1178.2833251953
848.290283      1176.0390625000
848.599792      1088.5093994141
848.909302      1182.7720947266
849.218689      1126.6633300781
849.528076      1097.4868164063
849.837463      1158.0842285156
850.146790      1146.8624267578
850.455933      1133.3963623047
850.765137      1137.8850097656
851.074280      1189.5051269531
851.383362      1122.1745605469
851.692383      1137.8850097656
852.001343      1171.5502929688
852.310303      1191.7493896484
852.619202      1155.8398437500
852.927979      1135.6407470703
853.236816      1158.0842285156
853.545532      1092.9980468750
853.854248      1173.7946777344
854.162842      1066.0659179688
854.471436      1173.7946777344
854.779968      1193.9937744141
855.088440      1169.3059082031
855.396851      1146.8624267578
855.705200      1072.7989501953
856.013611      1144.6181640625
856.321899      1189.5051269531
856.630127      1160.3286132813
856.938293      1140.1293945313
857.246399      1209.7042236328
857.554504      1252.3469238281
857.862549      1223.1702880859
858.170471      1151.3511962891
858.478394      1151.3511962891
858.786316      1070.5545654297
859.094177      1227.6590576172
859.401917      1160.3286132813
859.709656      1144.6181640625
860.017334      1200.7268066406
860.324951      1167.0616455078
860.632507      1140.1293945313
860.940063      1187.2607421875
861.247559      1110.9528808594
861.555054      1162.5728759766
861.862366      1193.9937744141
862.169739      1088.5093994141
862.476990      1164.8172607422
862.784241      1180.5277099609
863.091370      1099.7310791016
863.398499      1137.8850097656
863.705627      1176.0390625000
864.012634      1236.6364746094
864.319519      1176.0390625000
864.626526      1151.3511962891
864.933350      1178.2833251953
865.240234      1173.7946777344
865.546936      1131.1519775391
865.853699      1153.5954589844
866.160400      1214.1929931641
866.466980      1079.5319824219
866.773560      1158.0842285156
867.080078      1119.9302978516
867.386536      1117.6859130859
867.692993      1198.4825439453
867.999329      1115.4415283203
868.305664      1090.7537841797
868.611938      1160.3286132813
868.918152      1126.6633300781
869.224304      1160.3286132813
869.530457      1124.4189453125
869.836487      1117.6859130859
870.142517      1149.1068115234
870.448547      1160.3286132813
870.754395      1151.3511962891
871.060242      1189.5051269531
871.366089      1135.6407470703
871.671814      1137.8850097656
871.977539      1205.2155761719
872.283203      1155.8398437500
872.588806      1128.9077148438
872.894409      1167.0616455078
873.199890      1164.8172607422
873.505371      1149.1068115234
873.810730      1185.0163574219
874.116150      1153.5954589844
874.421387      1151.3511962891
874.726685      1180.5277099609
875.031860      1126.6633300781
875.337097      1164.8172607422
875.642090      1137.8850097656
875.947205      1079.5319824219
876.252197      1106.4642333984
876.557129      1061.5771484375
876.862000      1155.8398437500
877.166870      1185.0163574219
877.471680      1119.9302978516
877.776428      1115.4415283203
878.081116      1216.4372558594
878.385742      1169.3059082031
878.690369      1124.4189453125
878.994873      1146.8624267578
879.299316      1099.7310791016
879.603821      1099.7310791016
879.908203      1108.7084960938
880.212585      1117.6859130859
880.516846      1205.2155761719
880.821106      1126.6633300781
881.125244      1081.7763671875
881.429382      1133.3963623047
881.733459      1189.5051269531
882.037537      1135.6407470703
882.341492      1169.3059082031
882.645447      1122.1745605469
882.949280      1119.9302978516
883.253113      1081.7763671875
883.556885      1133.3963623047
883.860657      1182.7720947266
884.164307      1144.6181640625
884.467896      1146.8624267578
884.771484      1162.5728759766
885.075073      1133.3963623047
885.378540      1135.6407470703
885.681885      1167.0616455078
885.985291      1185.0163574219
886.288635      1200.7268066406
886.591858      1207.4598388672
886.895020      1180.5277099609
887.198242      1185.0163574219
887.501343      1207.4598388672
887.804443      1075.0433349609
888.107422      1110.9528808594
888.410400      1153.5954589844
888.713257      1126.6633300781
889.016174      1209.7042236328
889.318909      1171.5502929688
889.621643      1160.3286132813
889.924377      1173.7946777344
890.227051      1115.4415283203
890.529602      1176.0390625000
890.832153      1155.8398437500
891.134705      1106.4642333984
891.437134      1238.8807373047
891.739441      1115.4415283203
892.041870      1101.9754638672
892.344116      1126.6633300781
892.646362      1160.3286132813
892.948486      1153.5954589844
893.250671      1155.8398437500
893.552734      1187.2607421875
893.854797      1162.5728759766
894.156738      1142.3737792969
894.458618      1077.2875976563
894.760559      1153.5954589844
895.062378      1128.9077148438
895.364136      1063.8215332031
895.665894      1191.7493896484
895.967590      1086.2650146484
896.269165      1126.6633300781
896.570679      1090.7537841797
896.872192      1090.7537841797
897.173706      1155.8398437500
897.475159      1178.2833251953
897.776428      1211.9486083984
898.077759      1176.0390625000
