0.009320
190.260635         0.0000000000
190.642441         0.0000000000
191.024216       870.8074951172
191.405975       812.4544067383
191.787704       877.5405273438
192.169403       911.2058105469
192.551071       893.2509765625
192.932724       859.5857543945
193.314331       884.2736206055
193.695923       920.1831665039
194.077499       886.5179443359
194.459030       962.8258056641
194.840546       857.3414306641
195.222031       924.6718750000
195.603485       933.6492919922
195.984909       893.2509765625
196.366302       935.8936157227
196.747681       976.2919311523
197.129028       904.4727172852
197.510345       920.1831665039
197.891647       866.3187866211
198.272919       868.5631713867
198.654175       911.2058105469
199.035355       929.1605834961
199.416550       879.7849121094
199.797714       893.2509765625
200.178848       917.9388427734
200.559937       893.2509765625
200.941025       906.7171020508
201.322083       920.1831665039
201.703079       888.7623291016
202.084091       917.9388427734
202.465057       879.7849121094
202.845993       935.8936157227
203.226898       891.0066528320
203.607788       908.9614257813
203.988647       891.0066528320
204.369461       915.6945190430
204.750275       895.4953613281
205.131042       942.6267089844
205.511795       873.0518798828
205.892517       857.3414306641
206.273209       859.5857543945
206.653870       902.2283935547
207.034515       893.2509765625
207.415115       839.3865966797
207.795700       816.9431152344
208.176254       855.0970458984
208.556778       837.1422729492
208.937271       915.6945190430
209.317749       843.8753051758
209.698196       855.0970458984
210.078613       899.9840698242
210.459000       866.3187866211
210.839371       855.0970458984
211.219696       904.4727172852
211.600006       935.8936157227
211.980286       962.8258056641
212.360535       911.2058105469
212.740768       873.0518798828
213.120956       857.3414306641
213.501129       866.3187866211
213.881256       994.2467041016
214.261383       891.0066528320
214.641464       951.6040649414
215.021530       904.4727172852
215.401550       940.3823242188
215.781570       978.5362548828
216.161530       913.4501342773
216.541504       873.0518798828
216.921402       879.7849121094
217.301315       859.5857543945
217.681152       893.2509765625
218.061005       868.5631713867
218.440811       940.3823242188
218.820587       877.5405273438
219.200348       828.1648559570
219.580078       897.7396850586
219.959763       920.1831665039
220.339432       938.1380004883
220.719070       917.9388427734
221.098694       879.7849121094
221.478271       882.0292358398
221.857819       825.9205322266
222.237366       940.3823242188
222.616867       897.7396850586
222.996338       870.8074951172
223.375778       915.6945190430
223.755188       917.9388427734
224.134583       895.4953613281
224.513947       917.9388427734
224.893265       884.2736206055
225.272583       886.5179443359
225.651855       882.0292358398
226.031097       850.6083374023
226.410339       947.1153564453
226.789520       960.5814819336
227.168686       947.1153564453
227.547806       897.7396850586
227.926926       933.6492919922
228.306015       947.1153564453
228.685059       922.4275512695
229.064087       915.6945190430
229.443069       830.4092407227
229.822037       933.6492919922
230.200989       902.2283935547
230.579895       926.9162597656
230.958786       832.6535644531
231.337631       926.9162597656
231.716461       875.2962036133
232.095261       866.3187866211
232.474030       947.1153564453
232.852783       870.8074951172
233.231476       877.5405273438
233.610184       924.6718750000
233.988831       906.7171020508
234.367462       843.8753051758
234.746048       870.8074951172
235.124649       904.4727172852
235.503159       864.0744628906
235.881683       868.5631713867
236.260162       875.2962036133
236.638641       935.8936157227
237.017075       949.3597412109
237.395477       897.7396850586
237.773834       839.3865966797
238.152176       866.3187866211
238.530502       837.1422729492
238.908783       866.3187866211
239.287048       942.6267089844
239.665268       870.8074951172
240.043472       915.6945190430
240.421661       947.1153564453
240.799805       938.1380004883
241.177902       891.0066528320
241.556000       944.8710327148
241.934052       940.3823242188
242.312088       897.7396850586
242.690094       866.3187866211
243.068054       873.0518798828
243.446014       908.9614257813
243.823929       906.7171020508
244.201813       823.6761474609
244.579666       852.8527221680
244.957504       956.0927734375
245.335297       850.6083374023
245.713074       895.4953613281
246.090820       929.1605834961
246.468536       891.0066528320
246.846207       935.8936157227
247.223862       933.6492919922
247.601501       902.2283935547
247.979095       899.9840698242
248.356674       864.0744628906
248.734222       850.6083374023
249.111725       843.8753051758
249.489212       848.3640136719
249.866669       888.7623291016
250.244095       834.8978881836
250.621506       837.1422729492
250.998871       908.9614257813
251.376221       830.4092407227
251.753510       895.4953613281
252.130814       834.8978881836
252.508057       893.2509765625
252.885284       843.8753051758
253.262466       884.2736206055
253.639648       864.0744628906
254.016769       911.2058105469
254.393906       882.0292358398
254.770966       888.7623291016
255.148026       891.0066528320
255.525040       902.2283935547
255.902054       911.2058105469
256.278992       879.7849121094
256.655945       908.9614257813
257.032837       899.9840698242
257.409729       917.9388427734
257.786591       846.1196899414
258.163391       931.4049072266
258.540161       895.4953613281
258.916962       873.0518798828
259.293701       832.6535644531
259.670380       888.7623291016
260.047058       911.2058105469
260.423706       926.9162597656
260.800323       929.1605834961
261.176880       855.0970458984
261.553436       931.4049072266
261.929962       920.1831665039
262.306488       886.5179443359
262.682953       944.8710327148
263.059387       888.7623291016
263.435791       886.5179443359
263.812195       933.6492919922
264.188507       864.0744628906
264.564850       958.3370971680
264.941132       904.4727172852
265.317413       886.5179443359
265.693634       956.0927734375
266.069885       985.2692871094
266.446045       908.9614257813
266.822174       861.8300781250
267.198273       920.1831665039
267.574371       886.5179443359
267.950439       852.8527221680
268.326447       848.3640136719
268.702454       794.4996337891
269.078430       879.7849121094
269.454376       947.1153564453
269.830292       832.6535644531
270.206146       938.1380004883
270.582001       852.8527221680
270.957825       956.0927734375
271.333618       920.1831665039
271.709381       866.3187866211
272.085144       911.2058105469
272.460815       843.8753051758
272.836487       969.5588989258
273.212128       823.6761474609
273.587769       956.0927734375
273.963348       940.3823242188
274.338898       978.5362548828
274.714447       855.0970458984
275.089935       875.2962036133
275.465393       938.1380004883
275.840820       920.1831665039
276.216278       933.6492919922
276.591644       931.4049072266
276.966949       888.7623291016
277.342285       904.4727172852
277.717590       974.0475463867
278.092834       942.6267089844
278.468048       902.2283935547
278.843262       902.2283935547
279.218445       915.6945190430
279.593567       940.3823242188
279.968658       884.2736206055
280.343781       904.4727172852
280.718811       852.8527221680
281.093842       908.9614257813
281.468811       902.2283935547
281.843781       879.7849121094
282.218719       915.6945190430
282.593628       857.3414306641
282.968506       953.8484497070
283.343353       976.2919311523
283.718170       987.5136718750
284.092896       971.8032226563
284.467682       942.6267089844
284.842407       879.7849121094
285.217102       913.4501342773
285.591766       873.0518798828
285.966400       924.6718750000
286.340973       814.6987915039
286.715576       911.2058105469
287.090118       875.2962036133
287.464630       888.7623291016
287.839081       904.4727172852
288.213562       908.9614257813
288.587982       938.1380004883
288.962372       915.6945190430
289.336731       969.5588989258
289.711060       895.4953613281
290.085327       861.8300781250
290.459625       886.5179443359
290.833862       906.7171020508
291.208069       884.2736206055
291.582275       944.8710327148
291.956421       978.5362548828
292.330505       942.6267089844
292.704620       913.4501342773
293.078705       895.4953613281
293.452698       897.7396850586
293.826691       888.7623291016
294.200684       931.4049072266
294.574615       949.3597412109
294.948517       906.7171020508
295.322388       899.9840698242
295.696259       951.6040649414
296.070068       893.2509765625
296.443848       886.5179443359
296.817596       908.9614257813
297.191345       933.6492919922
297.565063       924.6718750000
297.938690       917.9388427734
298.312317       929.1605834961
298.685913       965.0701904297
299.059540      1021.1788940430
299.433044       848.3640136719
299.806549       897.7396850586
300.180054       931.4049072266
300.553528       913.4501342773
300.926910       922.4275512695
301.300323       924.6718750000
301.673676       920.1831665039
302.046997       922.4275512695
302.420319       940.3823242188
302.793579       920.1831665039
303.166809      1000.9797363281
303.540039       951.6040649414
303.913208       992.0023803711
304.286377      1009.9571533203
304.659454       994.2467041016
305.032593       951.6040649414
305.405609      1003.2241210938
305.778656       980.7806396484
306.151611      1032.4006347656
306.524597       998.7354125977
306.897522       987.5136718750
307.270416      1048.1110839844
307.643280      1048.1110839844
308.016144      1048.1110839844
308.388916      1135.6407470703
308.761749      1041.3780517578
309.134460      1059.3328857422
309.507202      1077.2875976563
309.879913      1128.9077148438
310.252563      1117.6859130859
310.625153      1135.6407470703
310.997742      1187.2607421875
311.370361      1088.5093994141
311.742859      1176.0390625000
312.115356      1151.3511962891
312.487823      1187.2607421875
312.860291      1149.1068115234
313.232697      1263.5686035156
313.605042      1236.6364746094
313.977386      1263.5686035156
314.349731      1348.8538818359
314.721985      1373.5417480469
315.094269      1357.8312988281
315.466492      1290.5008544922
315.838684      1324.1660156250
316.210846      1420.6730957031
316.582977      1413.9400634766
316.955048      1517.1800537109
317.327148      1593.4879150391
317.699158      1555.3339843750
318.071167      1553.0897216797
318.443176      1606.9541015625
318.815125      1557.5783691406
319.187012      1642.8636474609
319.558868      1593.4879150391
319.930756      1687.7506103516
320.302582      1779.7689208984
320.674347      1739.3706054688
321.046112      1683.2619628906
321.417847      1631.6418457031
321.789581      1723.6601562500
322.161224      1725.9045410156
322.532867      1748.3480224609
322.904419      1784.2576904297
323.276031      1849.3437500000
323.647583      1856.0767822266
324.019073      1934.6290283203
324.390533      1999.7152099609
324.762024      2111.9326171875
325.133423      2183.7517089844
325.504791      2217.4169921875
325.876129      2340.8562011719
326.247467      2387.9875488281
326.618774      2468.7841796875
326.990021      2527.1372070313
327.361237      2563.0468750000
327.732452      2504.6938476563
328.103607      2419.4084472656
328.474731      2542.8476562500
328.845825      2657.3095703125
329.216919      2670.7756347656
329.587952      2854.8122558594
329.958954      2931.1201171875
330.329926      2821.1469726563
330.700867      2782.9931640625
331.071808      2679.7529296875
331.442688      2852.5678710938
331.813507      2803.1921386719
332.184357      2958.0522460938
332.555115      2973.7626953125
332.925873      2906.4323730469
333.296570      2868.2783203125
333.667267      2830.1245117188
334.037994      2839.1018066406
334.408600      2962.5410156250
334.779144      3056.8037109375
335.149750      3097.2019042969
335.520294      2922.1428222656
335.890778      2910.9208984375
336.261230      2782.9931640625
336.631683      2861.5451660156
337.002106      2809.9252929688
337.372498      2877.2556152344
337.742798      3002.9392089844
338.113129      3047.8261718750
338.483429      3200.4421386719
338.853668      3261.0395507813
339.223907      3368.7683105469
339.594086      3339.5915527344
339.964233      3525.8725585938
340.334381      3566.2709960938
340.704437      3373.2568359375
341.074493      3480.9855957031
341.444519      3420.3881835938
341.814545      3512.4064941406
342.184509      3622.3796386719
342.554413      3528.1169433594
342.924347      3678.4885253906
343.294220      3676.2441406250
343.664032      3577.4926757813
344.033813      3429.3657226563
344.403595      3386.7229003906
344.773346      3422.6325683594
345.143036      3611.1579589844
345.512695      3806.4162597656
345.882385      3788.4614257813
346.251984      3734.5971679688
346.621552      3810.9050292969
346.991089      4030.8513183594
347.360626      3862.5251464844
347.730103      3938.8330078125
348.099548      3905.1677246094
348.468964      4021.8737792969
348.838379      4060.0278320313
349.207764      4064.5163574219
349.577057      4091.4487304688
349.946320      4282.2182617188
350.315582      4421.3681640625
350.684845      4437.0786132813
351.054047      4567.2504882813
351.423157      4345.0600585938
351.792328      4347.3046875000
352.161438      4378.7255859375
352.530487      4416.8793945313
352.899506      4398.9243164063
353.268524      4674.9794921875
353.637512      4977.9667968750
354.006409      5105.8945312500
354.375336      5123.8491210938
354.744232      5168.7363281250
355.113068      5213.6230468750
355.481873      4897.1699218750
355.850616      4879.2153320313
356.219391      4762.5092773438
356.588135      4275.4853515625
356.956818      4266.5078125000
357.325470      4230.5981445313
357.694031      4237.3315429688
358.062653      4221.6210937500
358.431213      4064.5163574219
358.799713      4363.0151367188
359.168182      4758.0205078125
359.536652      5215.8676757813
359.905090      5361.7504882813
360.273438      5247.2885742188
360.641785      5045.2968750000
361.010132      4827.5952148438
361.378448      4975.7221679688
361.746704      5052.0302734375
362.114899      5254.0214843750
362.483124      5597.4072265625
362.851288      5633.3164062500
363.219421      5880.1948242188
363.587463      5779.1992187500
363.955566      5974.4575195313
364.323608      6050.7656250000
364.691589      6061.9873046875
365.059540      6376.1962890625
365.427490      6566.9658203125
365.795410      7186.4062500000
366.163269      7316.5786132813
366.531067      7199.8725585938
366.898895      7244.7592773438
367.266693      6975.4375000000
367.634430      7177.4287109375
368.002106      6984.4150390625
368.369812      6910.3510742188
368.737457      7015.8359375000
369.105042      7289.6464843750
369.472595      7453.4838867188
369.840149      7597.1220703125
370.207672      7446.7509765625
370.575134      7231.2934570313
370.942566      7002.3696289063
371.309998      7493.8823242188
371.677399      7507.3481445313
372.044708      6903.6181640625
372.411987      6878.9306640625
372.779297      6755.4912109375
373.146576      6883.4189453125
373.513794      6412.1059570313
373.880951      6364.9746093750
374.248077      6445.7709960938
374.615204      6611.8530273438
374.982300      6643.2739257813
375.349365      7094.3881835938
375.716339      7538.7690429688
376.083374      7738.5161132813
376.450317      7716.0727539063
376.817230      7985.3945312500
377.184082      8582.3916015625
377.550964      8968.4199218750
377.917786      9527.2626953125
378.284576      9554.1943359375
378.651306      9004.3291015625
379.018036      8591.3691406250
379.384735      8241.2500000000
379.751373      8030.2817382813
380.117981      8474.6630859375
380.484589      8782.1386718750
380.851166      8997.5957031250
381.217651      8701.3417968750
381.584137      7873.1772460938
381.950623      7069.7001953125
382.317017      6782.4233398438
382.683411      6288.6665039063
383.049774      5990.1679687500
383.416107      6228.0693359375
383.782410      6364.9746093750
384.148651      6881.1748046875
384.514832      7868.6884765625
384.881042      8414.0654296875
385.247223      8333.2685546875
385.613342      8149.2319335938
385.979401      8066.1914062500
386.345459      8364.6894531250
386.711517      8494.8623046875
387.077484      8337.7578125000
387.443420      8463.4414062500
387.809357      8528.5273437500
388.175262      8512.8164062500
388.541107      8636.2558593750
388.906891      8647.4775390625
389.272705      9545.2177734375
389.638489     10198.3232421875
390.004211     10577.6181640625
390.369873     10624.7490234375
390.735535     10770.6318359375
391.101196     11033.2207031250
391.466766     11331.7197265625
391.832336     10647.1923828125
392.197815      9832.4941406250
392.563324      8777.6494140625
392.928802      7383.9091796875
393.294189      6555.7441406250
393.659607      6490.6582031250
394.024963      7511.8369140625
394.390289      8995.3515625000
394.755554     10207.3007812500
395.120789     11062.3974609375
395.486023     11114.0175781250
395.851227     10662.9033203125
396.216370      9345.4707031250
396.581482      8167.1870117188
396.946564      7599.3666992188
397.311646      8333.2685546875
397.676636     10418.2695312500
398.041626     12126.2187500000
398.406586     13508.7382812500
398.771515     14487.2744140625
399.136383     14826.1708984375
399.501221     15434.3896484375
399.866058     15551.0957031250
400.230865     15854.0830078125
400.595581     15883.2597656250
400.960297     16345.5957031250
401.324982     16504.9433593750
401.689636     16776.5097656250
402.054230     17061.5429687500
402.418793     16917.9042968750
402.783356     17036.8554687500
403.147919     16834.8632812500
403.512360     16347.8398437500
403.876770     16740.6015625000
404.241211     17041.3437500000
404.605621     16718.1582031250
404.969910     16668.7812500000
405.334229     17254.5566406250
405.698517     17043.5878906250
406.062775     16511.6777343750
406.426971     16293.9755859375
406.791107     16819.1523437500
407.155273     16991.9687500000
407.519379     17303.9335937500
407.883484     17355.5527343750
408.247498     17799.9335937500
408.611481     18172.4960937500
408.975464     18358.7773437500
409.339417     18518.1250000000
409.703308     17858.2871093750
410.067169     16848.3300781250
410.431030     17225.3808593750
410.794800     17597.9433593750
411.158569     18850.2890625000
411.522278     19308.1367187500
411.885986     19581.9472656250
412.249664     19929.8203125000
412.613312     19489.9296875000
412.976868     19359.7558593750
413.340454     19256.5156250000
413.703979     19898.4003906250
414.067474     19813.1152343750
414.430908     19743.5410156250
414.794342     19658.2558593750
415.157745     19765.9843750000
415.521088     20075.7031250000
415.884369     19774.9609375000
416.247711     20863.4707031250
416.610931     20648.0136718750
416.974152     20508.8632812500
417.337341     19691.9199218750
417.700500     19276.7148437500
418.063629     19516.8613281250
418.426697     19709.8750000000
418.789703     19752.5175781250
419.152740     20100.3925781250
419.515717     19765.9843750000
419.878662     20143.0351562500
420.241577     20008.3730468750
420.604431     20405.6230468750
420.967285     20890.4023437500
421.330109     21222.5664062500
421.692841     21087.9062500000
422.055603     21123.8144531250
422.418335     20062.2382812500
422.780975     19842.2910156250
423.143585     19725.5859375000
423.506226     20104.8808593750
423.868774     20587.4160156250
424.231293     20827.5605468750
424.593811     21034.0410156250
424.956238     20621.0800781250
425.318665     20648.0136718750
425.681091     20522.3300781250
426.043427     20699.6328125000
426.405731     20578.4375000000
426.768036     20838.7832031250
427.130310     20237.2968750000
427.492493     19911.8671875000
427.854675     20459.4882812500
428.216858     20244.0292968750
428.578979     20134.0566406250
428.941040     19606.6347656250
429.303040     18832.3339843750
429.665070     17851.5546875000
430.027069     17059.2988281250
430.389008     16217.6679687500
430.750885     16410.6816406250
431.112762     17079.4980468750
431.474640     19274.4707031250
431.836395     20784.9179687500
432.198181     21532.2871093750
432.559937     22198.8574218750
432.921600     21949.7363281250
433.283264     22412.0722656250
433.644867     21978.9121093750
434.006500     21433.5351562500
434.368073     21155.2363281250
434.729553     21925.0468750000
435.091034     22499.6015625000
435.452515     23215.5488281250
435.813934     24014.5371093750
436.175293     24546.4472656250
436.536621     25069.3808593750
436.897949     24418.5195312500
437.259277     24256.9257812500
437.620483     23662.1738281250
437.981659     23069.6660156250
438.342865     22447.9804687500
438.704010     22324.5410156250
439.065125     23271.6582031250
439.426178     23718.2832031250
439.787201     24151.4414062500
440.148224     24344.4570312500
440.509186     24485.8496093750
440.870087     24806.7929687500
441.230988     25394.8125000000
441.591858     26101.7812500000
441.952667     26294.7949218750
442.313416     26633.6933593750
442.674194     26876.0820312500
443.034912     27347.3945312500
443.395630     26698.7792968750
443.756226     27293.5312500000
444.116852     27208.2460937500
444.477417     27053.3867187500
444.837982     27125.2050781250
445.198456     27313.7304687500
445.558960     26667.3574218750
445.919403     26512.4980468750
446.279816     26362.1269531250
446.640106     27042.1640625000
447.000458     27728.9355468750
447.360779     28498.7460937500
447.721039     28846.6210937500
448.081207     28967.8164062500
448.441406     28285.5332031250
448.801575     29365.0664062500
449.161713     29165.3183593750
449.521759     29003.7246093750
449.881805     29223.6718750000
450.241852     29975.5292968750
450.601837     30114.6777343750
450.961792     30664.5429687500
451.321655     30960.7968750000
451.681549     30063.0585937500
452.041382     29995.7285156250
452.401184     29293.2460937500
452.760895     28213.7148437500
453.120636     27526.9433593750
453.480347     28449.3710937500
453.840027     28788.2675781250
454.199585     28777.0468750000
454.559174     29277.5351562500
454.918762     29120.4316406250
455.278290     29304.4687500000
455.637726     29558.0800781250
455.997162     29620.9218750000
456.356598     30262.8046875000
456.715973     29652.3417968750
457.075287     30213.4296875000
457.434570     30332.3808593750
457.793854     29654.5859375000
458.153107     29607.4550781250
458.512268     29638.8769531250
458.871429     30074.2792968750
459.230560     30182.0078125000
459.589661     29831.8906250000
459.948639     29216.9375000000
460.307678     29551.3457031250
460.666687     30363.8007812500
461.025635     31438.8437500000
461.384491     31551.0625000000
461.743378     31236.8535156250
462.102264     32527.3535156250
462.461060     31766.5195312500
462.819794     32004.4199218750
463.178497     32289.4531250000
463.537231     32325.3613281250
463.895905     32082.9726562500
464.254456     31447.8222656250
464.613068     31106.6796875000
464.971649     31519.6406250000
465.330170     31829.3613281250
465.688568     32796.6757812500
466.047028     33122.1054687500
466.405457     32484.7109375000
466.763855     32258.0312500000
467.122192     32417.3808593750
467.480438     34125.3320312500
467.838715     33355.5195312500
468.196960     34183.6835937500
468.555176     34145.5312500000
468.913269     34946.7617187500
469.271393     34663.9726562500
469.629486     34946.7617187500
469.987549     35038.7812500000
470.345520     34713.3515625000
470.703491     35124.0664062500
471.061462     35786.1484375000
471.419342     36742.2421875000
471.777191     38052.9414062500
472.135040     38580.3632812500
472.492828     39237.9570312500
472.850586     39552.1679687500
473.208282     39276.1132812500
473.565979     39599.2968750000
473.923615     40909.9960937500
474.281281     41069.3476562500
474.638794     41994.0195312500
474.996338     42700.9882812500
475.353851     42709.9648437500
475.711334     42757.0976562500
476.068726     43179.0351562500
476.426117     43143.1250000000
476.783478     43749.1015625000
477.140808     44911.6718750000
477.498077     46085.4687500000
477.855316     46487.2070312500
478.212555     46612.8906250000
478.569763     46763.2617187500
478.926819     47162.7539062500
479.283936     47878.7031250000
479.641022     48235.5546875000
479.998077     49140.0273437500
480.355011     49541.7656250000
480.711975     49436.2812500000
481.068939     49912.0820312500
481.425842     50298.1093750000
481.782623     50677.4062500000
482.139435     51052.2109375000
482.496216     51032.0117187500
482.852966     51265.4257812500
483.209717     51644.7187500000
483.566315     51249.7148437500
483.922943     51651.4531250000
484.279572     51732.2500000000
484.636139     51357.4453125000
484.992615     51267.6679687500
485.349121     50253.2226562500
485.705566     48659.7343750000
486.062012     47030.3398437500
486.418304     46796.9257812500
486.774689     47955.0117187500
487.130981     49182.6679687500
487.487274     50623.5429687500
487.843445     51597.5898437500
488.199615     51857.9335937500
488.555786     52457.1757812500
488.911957     52203.5625000000
489.267975     52816.2695312500
489.624023     53700.5429687500
489.980042     54192.0585937500
490.336029     54598.2851562500
490.691925     54295.2968750000
491.047821     54344.6718750000
491.403687     53987.8203125000
491.759521     53745.4296875000
492.115265     53218.0078125000
492.471008     53357.1601562500
492.826752     54025.9765625000
493.182434     54706.0117187500
493.538025     54607.2617187500
493.893646     54766.6093750000
494.249207     55262.6132812500
494.604736     55807.9882812500
494.960205     55830.4335937500
495.315674     55511.7343750000
495.671082     55522.9570312500
496.026489     55754.1250000000
496.381775     55668.8398437500
496.737091     55830.4335937500
497.092377     56328.6757812500
497.447632     55913.4726562500
497.802795     55938.1601562500
498.157959     55433.1835937500
498.513062     55653.1289062500
498.868195     55435.4257812500
499.223175     55740.6562500000
499.578217     55940.4062500000
499.933167     55900.0078125000
500.288116     55421.9609375000
500.643036     55051.6406250000
500.997833     54943.9140625000
501.352692     54640.9257812500
501.707489     54591.5507812500
502.062225     54930.4492187500
502.416901     55246.9023437500
502.771606     55487.0468750000
503.126221     55810.2343750000
503.480865     55812.4765625000
503.835358     55388.2968750000
504.189941     55637.4179687500
504.544434     55823.6992187500
504.898865     55926.9375000000
505.253265     56510.4687500000
505.607635     56896.4960937500
505.961975     57233.1484375000
506.316315     57116.4453125000
506.670532     56844.8789062500
507.024750     56725.9257812500
507.378967     56934.6523437500
507.733154     56517.2031250000
508.087189     56364.5859375000
508.441315     56324.1875000000
508.795349     56636.1523437500
509.149353     56939.1406250000
509.503265     57062.5781250000
509.857208     56732.6601562500
510.211121     56954.8515625000
510.565002     56817.9453125000
510.918762     56981.7812500000
511.272583     57091.7578125000
511.626312     57554.0937500000
511.980042     57192.7500000000
512.333618     57004.2265625000
512.687256     56739.3945312500
513.040894     56629.4218750000
513.394470     56476.8046875000
513.747925     56461.0937500000
514.101440     56317.4570312500
514.454895     56346.6328125000
514.808289     56418.4531250000
515.161621     56422.9414062500
515.514893     56582.2890625000
515.868225     56624.9296875000
516.221497     55908.9843750000
516.574707     54730.6992187500
516.927856     53671.3671875000
517.281006     53301.0507812500
517.634155     54248.1640625000
517.987183     54311.0078125000
518.340210     54346.9179687500
518.693237     54741.9218750000
519.046204     55031.4453125000
519.399048     55823.6992187500
519.751892     56532.9140625000
520.104736     56786.5234375000
520.457520     56734.9062500000
520.810364     56602.4882812500
521.163025     57253.3476562500
521.515686     57361.0781250000
521.868408     57664.0664062500
522.221008     57457.5859375000
522.573547     57156.8437500000
522.926086     56984.0273437500
523.278625     56961.5820312500
523.631042     57372.3007812500
523.983459     57996.2304687500
524.335815     58200.4648437500
524.688171     58243.1054687500
525.040527     58061.3164062500
525.392761     58142.1132812500
525.744934     58137.6210937500
526.097168     57183.7734375000
526.449341     56564.3320312500
526.801453     55668.8398437500
527.153503     55718.2148437500
527.505554     56252.3710937500
527.857544     56905.4765625000
528.209534     57388.0117187500
528.561462     57791.9921875000
528.913330     58301.4609375000
529.265198     58314.9257812500
529.617004     58404.6992187500
529.968750     58254.3281250000
530.320496     58299.2148437500
530.672180     58523.6523437500
531.023804     58537.1171875000
531.375488     58579.7578125000
531.727051     58566.2929687500
532.078613     58162.3125000000
532.430115     57563.0703125000
532.781555     57282.5273437500
533.132996     57138.8867187500
533.484375     57399.2304687500
533.835815     57565.3125000000
534.187073     57509.2031250000
534.538330     57774.0390625000
534.889587     57735.8828125000
535.240784     57989.4960937500
535.591919     58357.5703125000
535.942993     58402.4570312500
536.294128     58296.9726562500
536.645203     57917.6757812500
536.996155     57410.4531250000
537.347107     57192.7500000000
537.698120     57572.0468750000
538.049011     57612.4453125000
538.399841     57850.3476562500
538.750610     57749.3515625000
539.101440     57567.5585937500
539.452209     57192.7500000000
539.802856     57107.4648437500
540.153503     56968.3164062500
540.504150     56447.6289062500
540.854736     56420.6953125000
541.205261     56856.0976562500
541.555786     56600.2421875000
541.906250     56824.6796875000
542.256714     57134.3984375000
542.607056     56907.7187500000
542.957458     57026.6679687500
543.307739     57044.6250000000
543.658020     57091.7578125000
544.008240     57522.6718750000
544.358398     57327.4140625000
544.708618     57677.5312500000
545.058777     57426.1640625000
545.408813     57524.9140625000
545.758850     57179.2851562500
546.108887     57428.4101562500
546.458862     57475.5390625000
546.808716     57459.8281250000
547.158691     57482.2734375000
547.508545     57253.3476562500
547.858337     57152.3515625000
548.208069     57127.6640625000
548.557800     57394.7421875000
548.907532     57753.8398437500
549.257202     57565.3125000000
549.606812     57643.8671875000
549.956360     57713.4414062500
550.305908     57309.4570312500
550.655457     57592.2460937500
551.004883     57273.5468750000
551.354309     57453.0976562500
551.703674     57361.0781250000
552.053040     57408.2109375000
552.402405     57639.3789062500
552.751587     57269.0585937500
553.100830     56993.0039062500
553.450012     57367.8125000000
553.799255     57428.4101562500
554.148254     57439.6289062500
554.497375     57486.7617187500
554.846436     57417.1875000000
555.195435     57673.0429687500
555.544373     57327.4140625000
555.893250     57502.4726562500
556.242188     57087.2656250000
556.591003     56802.2343750000
556.939758     56514.9570312500
557.288574     56636.1523437500
557.637268     56548.6250000000
557.985962     56497.0039062500
558.334595     56268.0781250000
558.683228     55879.8085937500
559.031799     55646.3945312500
559.380310     55534.1757812500
559.728760     55478.0703125000
560.077209     55722.7031250000
560.425659     56025.6914062500
560.774048     56218.7031250000
561.122314     56494.7578125000
561.470581     56063.8437500000
561.818909     55994.2695312500
562.167114     55994.2695312500
562.515259     55830.4335937500
562.863342     55819.2109375000
563.211487     56153.6171875000
563.559570     55603.7539062500
563.907532     56075.0664062500
564.255554     55641.9062500000
564.603455     55774.3242187500
564.951355     56005.4921875000
565.299255     55662.1054687500
565.647095     55525.1992187500
565.994812     55127.9492187500
566.342590     55103.2617187500
566.690308     55350.1406250000
567.037903     55215.4804687500
567.385620     55473.5820312500
567.733154     55453.3828125000
568.080750     54993.2890625000
568.428162     54777.8320312500
568.775696     54730.6992187500
569.123108     54562.3750000000
569.470520     54564.6171875000
569.817810     54380.5820312500
570.165161     54275.0976562500
570.512451     54028.2187500000
570.859680     53927.2226562500
571.206787     53673.6132812500
571.554016     53714.0117187500
571.901062     53810.5156250000
572.248169     54290.8085937500
572.595154     54519.7304687500
572.942200     54649.9023437500
573.289124     54311.0078125000
573.636047     54425.4687500000
573.982849     54270.6093750000
574.329712     54521.9765625000
574.676514     53797.0507812500
575.023315     54156.1484375000
575.369995     53630.9687500000
575.716675     53754.4101562500
576.063293     53552.4179687500
576.409912     53568.1289062500
576.756409     53776.8515625000
577.102966     53529.9726562500
577.449402     53597.3046875000
577.795898     53408.7773437500
578.142273     53168.6328125000
578.488647     52793.8281250000
578.834961     52879.1132812500
579.181213     53119.2578125000
579.527405     53117.0117187500
579.873596     53229.2304687500
580.219788     53078.8593750000
580.565918     53565.8828125000
580.911926     53092.3242187500
581.258057     53226.9882812500
581.604065     53547.9296875000
581.949951     53397.5585937500
582.295898     53693.8125000000
582.641724     53529.9726562500
582.987610     53523.2421875000
583.333435     53485.0859375000
583.679199     53467.1328125000
584.024902     53505.2851562500
584.370544     53327.9804687500
584.716187     53177.6093750000
585.061829     52908.2890625000
585.407349     52463.9062500000
585.752869     52636.7226562500
586.098328     52282.1171875000
586.443787     52214.7851562500
586.789124     52475.1289062500
587.134521     52394.3320312500
587.479858     52190.0976562500
587.825134     52044.2148437500
588.170288     51440.4843750000
588.515564     50360.9531250000
588.860657     49368.9492187500
589.205872     47860.7460937500
589.550842     47600.4023437500
589.895935     47696.9101562500
590.240906     48706.8671875000
590.585876     49283.6640625000
590.930786     49532.7890625000
591.275635     49588.8984375000
591.620483     50022.0546875000
591.965271     49763.9570312500
592.310059     49802.1093750000
592.654724     49963.7031250000
592.999451     50048.9882812500
593.344055     50161.2070312500
593.688660     50001.8554687500
594.033203     49979.4140625000
594.377686     49425.0585937500
594.722229     49227.5546875000
595.066528     49256.7343750000
595.411011     49344.2617187500
595.755371     49285.9101562500
596.099670     49777.4218750000
596.443848     49357.7265625000
596.788147     49786.3984375000
597.132324     49752.7343750000
597.476501     49440.7695312500
597.820618     49602.3632812500
598.164612     49308.3515625000
598.508667     49279.1757812500
598.852661     49638.2734375000
599.196655     49595.6289062500
599.540466     49512.5898437500
599.884338     49490.1445312500
600.228210     49250.0000000000
600.571960     49097.3828125000
600.915710     49128.8046875000
601.259460     48958.2343750000
601.603088     49036.7851562500
601.946716     48682.1796875000
602.290283     48776.4414062500
602.633850     49009.8554687500
602.977295     49056.9843750000
603.320801     49481.1679687500
603.664124     49510.3437500000
604.007568     49050.2539062500
604.350952     49454.2343750000
604.694214     49712.3359375000
605.037415     49227.5546875000
605.380676     49512.5898437500
605.723816     49308.3515625000
606.066956     49034.5429687500
606.410034     49294.8867187500
606.753052     49232.0468750000
607.096130     48895.3906250000
607.439087     49164.7148437500
607.781921     48904.3710937500
608.124878     48439.7890625000
608.467712     49018.8320312500
608.810547     48614.8476562500
609.153259     48262.4843750000
609.495972     48035.8085937500
609.838684     48273.7070312500
610.181335     48125.5820312500
610.523865     47299.6601562500
610.866516     47975.2109375000
611.209045     47463.4960937500
611.551453     47833.8164062500
611.893921     47591.4257812500
612.236267     47055.0273437500
612.578674     47268.2382812500
612.920959     47236.8203125000
613.263306     46893.4335937500
613.605469     46460.2734375000
613.947632     46552.2929687500
614.289795     46159.5312500000
614.631958     46449.0507812500
614.973938     46392.9414062500
615.315979     46015.8906250000
615.657959     45988.9609375000
615.999939     45252.8125000000
616.341858     45041.8437500000
616.683716     44272.0312500000
617.025513     44898.2070312500
617.367310     44979.0039062500
617.708984     45261.7929687500
618.050720     45176.5078125000
618.392395     45306.6796875000
618.734070     45710.6601562500
619.075500     45246.0820312500
619.417114     45172.0156250000
619.758606     45600.6875000000
620.100098     45674.7500000000
620.441467     45210.1718750000
620.782776     45472.7617187500
621.124146     45068.7773437500
621.465393     45010.4257812500
621.806641     44610.9296875000
622.147888     44224.9023437500
622.489014     44067.7968750000
622.830139     43695.2343750000
623.171204     43636.8828125000
623.512207     43306.9648437500
623.853271     43028.6640625000
624.194214     43021.9296875000
624.535095     42837.8945312500
624.875916     42505.7304687500
625.216797     42341.8945312500
625.557617     42088.2812500000
625.898315     41971.5742187500
626.239075     42173.5664062500
626.579712     42126.4335937500
626.920349     41875.0664062500
627.260864     41785.2929687500
627.601440     41623.6992187500
627.941895     40939.1757812500
628.282410     41145.6562500000
628.622803     40993.0390625000
628.963135     40748.4062500000
629.303528     40591.3007812500
629.643799     40479.0820312500
629.984070     40149.1640625000
630.324219     40079.5898437500
630.664429     40510.5039062500
631.004517     40348.9101562500
631.344604     39949.4179687500
631.684631     39909.0195312500
632.024597     39754.1562500000
632.364624     39729.4687500000
632.704529     39837.1992187500
633.044373     39861.8867187500
633.384155     39839.4453125000
633.723999     39861.8867187500
634.063782     39951.6601562500
634.403442     39493.8125000000
634.743042     39547.6796875000
635.082764     39886.5742187500
635.422302     39612.7656250000
635.761841     39493.8125000000
636.101318     38802.5546875000
636.440796     39363.6406250000
636.780212     39823.7343750000
637.119507     39309.7773437500
637.458862     39525.2343750000
637.798157     39222.2460937500
638.137451     39258.1562500000
638.476563     39383.8398437500
638.815735     38977.6132812500
639.154907     39303.0429687500
639.494019     39022.5000000000
639.833008     38571.3867187500
640.171997     38544.4531250000
640.510925     37828.5078125000
640.849854     38400.8164062500
641.188660     37689.3554687500
641.527527     37570.4062500000
641.866333     37577.1406250000
642.205078     37839.7265625000
642.543762     37561.4296875000
642.882446     37720.7773437500
643.221008     37130.5156250000
643.559570     37920.5234375000
643.898071     37343.7265625000
644.236572     37186.6210937500
644.575073     37126.0234375000
644.913452     37260.6875000000
645.251831     36737.7539062500
645.590149     36515.5625000000
645.928406     36151.9765625000
646.266602     36477.4101562500
646.604858     35586.4023437500
646.942932     35647.0000000000
647.281128     35422.5625000000
647.619141     35162.2187500000
647.957214     34556.2460937500
648.295166     34594.3984375000
648.633057     34859.2304687500
648.970947     34298.1445312500
649.308838     34345.2773437500
649.646606     33934.5585937500
649.984436     34203.8828125000
650.322144     34408.1171875000
650.659851     34439.5390625000
650.997498     34980.4257812500
651.335022     34632.5546875000
651.672607     34082.6875000000
652.010132     34369.9648437500
652.347595     34329.5664062500
652.684998     34457.4921875000
653.022461     34210.6171875000
653.359802     34601.1328125000
653.697021     34500.1367187500
654.034302     34001.8906250000
654.371521     33781.9453125000
654.708740     33474.4687500000
655.045837     33158.0156250000
655.382935     32121.1269531250
655.719971     31319.8945312500
656.057007     29811.6914062500
656.393921     29414.4414062500
656.730835     28855.5976562500
657.067749     29677.0292968750
657.404602     30646.5898437500
657.741333     31225.6308593750
658.078064     32004.4199218750
658.414795     32098.6835937500
658.751465     32406.1582031250
659.088074     32085.2167968750
659.424683     32659.7695312500
659.761230     32421.8691406250
660.097717     32644.0605468750
660.434143     33200.6601562500
660.770569     33027.8437500000
661.106934     32688.9472656250
661.443298     32982.9570312500
661.779541     32980.7109375000
662.115784     33052.5312500000
662.451965     32691.1914062500
662.788086     32320.8730468750
663.124268     32448.8007812500
663.460266     32484.7109375000
663.796265     32484.7109375000
664.132324     31968.5097656250
664.468201     32296.1855468750
664.804077     31818.1386718750
665.139954     32376.9824218750
665.475769     31961.7773437500
665.811523     31948.3105468750
666.147278     31501.6855468750
666.482971     31573.5058593750
666.818542     31481.4863281250
667.154236     31019.1503906250
667.489685     30868.7792968750
667.825195     31250.3183593750
668.160706     31472.5097656250
668.496094     30945.0878906250
668.831421     30814.9160156250
669.166809     31014.6621093750
669.502136     30998.9511718750
669.837402     31016.9062500000
670.172546     30296.4707031250
670.507751     30606.1914062500
670.842834     30195.4746093750
671.177917     30029.3925781250
671.512878     29742.1152343750
671.847961     29811.6914062500
672.182861     29544.6132812500
672.517761     29616.4316406250
672.852600     29488.5039062500
673.187439     29643.3652343750
673.522217     29219.1835937500
673.856934     29185.5175781250
674.191650     29044.1230468750
674.526306     29288.7578125000
674.860901     28925.1738281250
675.195435     28963.3261718750
675.529968     28786.0234375000
675.864441     28772.5566406250
676.198853     28698.4941406250
676.533264     28615.4531250000
676.867554     28539.1445312500
677.201843     28348.3750000000
677.536133     28117.2070312500
677.870361     28195.7597656250
678.204529     28004.9902343750
678.538635     28038.6542968750
678.872742     27515.7226562500
679.206787     27973.5683593750
679.540710     27800.7539062500
679.874695     27383.3046875000
680.208618     27324.9511718750
680.542480     26620.2265625000
680.876282     27174.5800781250
681.210083     27275.5761718750
681.543823     27111.7382812500
681.877502     27206.0019531250
682.211121     27019.7207031250
682.544739     27206.0019531250
682.878357     26822.2187500000
683.211853     26600.0273437500
683.545227     26768.3535156250
683.878723     26335.1933593750
684.212097     25940.1894531250
684.545471     25762.8847656250
684.878723     26095.0488281250
685.212036     25538.4492187500
685.545227     25634.9570312500
685.878418     25186.0878906250
686.211487     24559.9140625000
686.544556     23446.7167968750
686.877625     21779.1640625000
687.210632     20724.3203125000
687.543518     20497.6425781250
687.876465     20327.0703125000
688.209290     20998.1308593750
688.542114     21319.0742187500
688.874878     20957.7324218750
689.207642     21175.4355468750
689.540344     21287.6523437500
689.872986     21447.0019531250
690.205566     21565.9511718750
690.538147     21561.4628906250
690.870667     21996.8671875000
691.203125     21931.7812500000
691.535461     22169.6816406250
691.867920     22082.1523437500
692.200256     21990.1347656250
692.532593     22109.0839843750
692.864807     21637.7714843750
693.196960     21545.7519531250
693.529114     21314.5839843750
693.861267     21256.2324218750
694.193420     20928.5566406250
694.525391     21341.5175781250
694.857361     20968.9550781250
695.189270     20861.2265625000
695.521240     20993.6425781250
695.853027     21150.7480468750
696.184814     21415.5800781250
696.516663     21375.1816406250
696.848389     21839.7617187500
697.179993     21981.1562500000
697.511658     21803.8535156250
697.843262     21478.4218750000
698.174805     21767.9433593750
698.506287     21671.4355468750
698.837708     21397.6250000000
699.169189     21209.0996093750
699.500549     20883.6699218750
699.831787     21076.6835937500
700.163147     20362.9804687500
700.494385     20639.0351562500
700.825562     20217.0976562500
701.156677     20217.0976562500
701.487793     20190.1660156250
701.818848     20167.7226562500
702.149902     19954.5097656250
702.480774     19992.6621093750
702.811768     20046.5273437500
703.142639     20410.1113281250
703.473511     20102.6367187500
703.804199     20378.6914062500
704.135010     20266.4746093750
704.465759     20378.6914062500
704.796387     20192.4101562500
705.126953     20569.4609375000
705.457520     20071.2148437500
705.788086     19970.2187500000
706.118591     20118.3457031250
706.448975     20156.5000000000
706.779419     19799.6484375000
707.109741     20100.3925781250
707.440063     20158.7441406250
707.770325     20358.4921875000
708.100525     19941.0429687500
708.430725     20086.9257812500
708.760864     20053.2597656250
709.090942     19952.2656250000
709.420959     19880.4453125000
709.750916     19911.8671875000
710.080933     19790.6718750000
710.410828     19878.2011718750
710.740662     20003.8847656250
711.070496     19842.2910156250
711.400269     19709.8750000000
711.729980     19299.1582031250
712.059631     19415.8652343750
712.389282     19510.1289062500
712.718872     19402.3984375000
713.048462     19395.6660156250
713.377930     18982.7050781250
713.707397     19184.6972656250
714.036865     19317.1132812500
714.366211     18960.2617187500
714.695435     18854.7773437500
715.024780     18612.3886718750
715.354004     18392.4414062500
715.683228     18392.4414062500
716.012329     17954.7929687500
716.341431     17566.5214843750
716.670532     16677.7597656250
716.999573     15838.3730468750
717.328430     15097.7373046875
717.657349     14702.7314453125
717.986267     14125.9345703125
718.315125     13791.5263671875
718.643860     13396.5205078125
718.972656     13124.9541015625
719.301331     13010.4921875000
719.630005     12772.5917968750
719.958557     12896.0302734375
720.287170     12664.8623046875
720.615662     13394.2763671875
720.944214     13650.1318359375
721.272583     14404.2333984375
721.600952     14960.8320312500
721.929321     15328.9052734375
722.257629     15385.0136718750
722.585876     15299.7285156250
722.914063     15257.0859375000
723.242188     14709.4648437500
723.570313     14330.1699218750
723.898376     13831.9248046875
724.226440     13755.6162109375
724.554382     13452.6289062500
724.882324     13591.7792968750
725.210266     13277.5703125000
725.538025     13273.0810546875
725.865784     13486.2949218750
726.193604     13434.6748046875
726.521301     13668.0869140625
726.848938     13553.6250000000
727.176514     13425.6972656250
727.504150     13392.0322265625
727.831726     13252.8818359375
728.159119     13192.2851562500
728.486572     13454.8740234375
728.813965     13156.3750000000
729.141357     13176.5742187500
729.468567     13057.6240234375
729.795837     13248.3935546875
730.123108     12958.8720703125
730.450317     13082.3115234375
730.777344     13174.3300781250
731.104431     13221.4609375000
731.431519     13275.3261718750
731.758484     13506.4941406250
732.085388     13697.2636718750
732.412292     13825.1914062500
732.739136     13962.0966796875
733.065979     14103.4902343750
733.392639     14485.0302734375
733.719421     14581.5371093750
734.046082     14886.7685546875
734.372681     14884.5244140625
734.699219     14693.7548828125
735.025757     14774.5507812500
735.352234     14691.5097656250
735.678711     14844.1259765625
736.005127     14494.0078125000
736.331482     14520.9394531250
736.657715     14417.6992187500
736.984009     14518.6953125000
737.310181     14662.3339843750
737.636353     14711.7089843750
737.962524     14655.6005859375
738.288574     14401.9892578125
738.614624     14309.9707031250
738.940613     14009.2275390625
739.266541     14431.1660156250
739.592407     13950.8750000000
739.918274     14532.1611328125
740.244080     14401.9892578125
740.569824     14498.4960937500
740.895569     14199.9980468750
741.221191     14085.5361328125
741.546753     13935.1640625000
741.872375     13838.6572265625
742.197937     14090.0244140625
742.523376     14121.4453125000
742.848816     14251.6181640625
743.174194     14267.3281250000
743.499573     14386.2783203125
743.824890     14583.7812500000
744.150085     14184.2871093750
744.475342     14202.2421875000
744.800476     13980.0517578125
745.125610     13962.0966796875
745.450623     14128.1787109375
745.775696     14152.8662109375
746.100708     13946.3857421875
746.425598     13995.7617187500
746.750427     14006.9833984375
747.075256     14146.1328125000
747.400085     13825.1914062500
747.724915     13946.3857421875
748.049561     13652.3759765625
748.374207     13616.4667968750
748.698853     13672.5751953125
749.023438     13432.4306640625
749.347900     13522.2041015625
749.672363     13145.1533203125
749.996765     13308.9912109375
750.321167     13151.8867187500
750.645508     13250.6376953125
750.969788     13154.1308593750
751.294067     13104.7548828125
751.618286     12900.5195312500
751.942383     12844.4111328125
752.266479     12887.0537109375
752.590576     12777.0800781250
752.914551     12756.8808593750
753.238525     12869.0986328125
753.562439     12768.1025390625
753.886292     12743.4150390625
754.210144     12824.2119140625
754.533936     12774.8359375000
754.857666     12608.7539062500
755.181335     12543.6679687500
755.505005     12501.0253906250
755.828613     12487.5595703125
756.152100     12734.4375000000
756.475586     12290.0566406250
756.799133     12272.1015625000
757.122498     12316.9882812500
757.445862     12186.8164062500
757.769165     12114.9970703125
758.092468     11998.2910156250
758.415710     11843.4306640625
758.738831     11675.1044921875
759.061951     11004.0439453125
759.385071      9783.1181640625
759.708130      8472.4179687500
760.031067      6977.6816406250
760.354004      5803.8872070313
760.676941      4957.7675781250
760.999817      4683.9570312500
761.322632      4749.0429687500
761.645386      5126.0937500000
761.968079      5469.4790039063
762.290771      5563.7416992188
762.613342      5530.0766601563
762.935974      5545.7871093750
763.258484      5570.4746093750
763.580994      5682.6923828125
763.903381      5759.0000000000
764.225830      5882.4394531250
764.548157      6250.5126953125
764.870422      6569.2104492188
765.192688      6831.7993164063
765.514832      7076.4331054688
765.837036      7401.8637695313
766.159119      7650.9863281250
766.481140      8115.5668945313
766.803223      8544.2373046875
767.125183      8694.6093750000
767.447144      8775.4052734375
767.768982      9289.3613281250
768.090820      9248.9628906250
768.412659      9610.3037109375
768.734314      9718.0322265625
769.056091      9922.2675781250
769.377686      9812.2949218750
769.699280      9861.6708984375
770.020813      9810.0507812500
770.342346     10021.0195312500
770.663757     10027.7519531250
770.985229     10110.7929687500
771.306580     10099.5712890625
771.627869     10155.6806640625
771.949158     10117.5263671875
772.270386      9937.9785156250
772.591553      9803.3173828125
772.912659     10061.4179687500
773.233765     10043.4628906250
773.554810     10074.8837890625
773.875793     10077.1279296875
774.196716      9852.6933593750
774.517578      9769.6523437500
774.838440      9801.0732421875
775.159302      9749.4531250000
775.480042      9729.2539062500
775.800659      9796.5839843750
776.121399      9673.1455078125
776.441956      9697.8330078125
776.762573      9706.8105468750
777.083008      9787.6074218750
777.403503      9805.5615234375
777.723999      9448.7099609375
778.044373      9484.6201171875
778.364624      9668.6562500000
778.684937      9565.4160156250
779.005188      9702.3212890625
779.325378      9441.9775390625
779.645447      9830.2500000000
779.965637      9560.9277343750
780.285706      9527.2626953125
780.605652      9381.3798828125
780.925598      9361.1806640625
781.245483      9477.8867187500
781.565369      9513.7968750000
781.885193      9522.7734375000
782.204895      9569.9052734375
782.524658      9733.7421875000
782.844299      9466.6650390625
783.163940      9480.1308593750
783.483582      9403.8232421875
783.803040      9569.9052734375
784.122559      9347.7148437500
784.442017      9298.3388671875
784.761414      9284.8730468750
785.080688      9446.4658203125
785.400024      9392.6015625000
785.719238      9343.2255859375
786.038452      9370.1582031250
786.357544      9275.8955078125
786.676697      9287.1171875000
786.995789      9037.9941406250
787.314758      9145.7236328125
787.633728      8963.9306640625
787.952637      8919.0439453125
788.271484      8865.1796875000
788.590271      8878.6455078125
788.908997      8712.5634765625
789.227783      8728.2744140625
789.546448      8595.8574218750
789.865112      8678.8984375000
790.183655      8465.6855468750
790.502197      8593.6132812500
790.820679      8669.9208984375
791.139099      8591.3691406250
791.457520      8577.9023437500
791.775879      8616.0566406250
792.094116      8337.7578125000
792.412415      8429.7753906250
792.730530      8405.0878906250
793.048767      8281.6484375000
793.366821      8324.2910156250
793.684937      8317.5585937500
794.002869      8283.8925781250
794.320862      8084.1459960938
794.638733      8084.1459960938
794.956665      8178.4086914063
795.274414      8068.4355468750
795.592224      8182.8974609375
795.909912      8001.1049804688
796.227661      7994.3720703125
796.545227      7799.1137695313
796.862854      7826.0458984375
797.180359      8005.5937500000
797.497864      7848.4892578125
797.815308      8075.1684570313
798.132629      7909.0869140625
798.450012      8052.7250976563
798.767273      7891.1318359375
799.084595      7765.4482421875
799.401733      7787.8920898438
799.718933      7837.2675781250
800.036011      7628.5429687500
800.353027      7570.1899414063
800.670044      7523.0585937500
800.987000      7471.4384765625
801.303894      7518.5698242188
801.620850      7462.4614257813
801.937561      7534.2802734375
802.254333      7424.3071289063
802.571106      7493.8823242188
802.887817      7278.4248046875
803.204346      7087.6547851563
803.520935      7276.1801757813
803.837463      7258.2255859375
804.153992      7123.5644531250
804.470337      7296.3793945313
804.786743      7062.9672851563
805.103027      7238.0263671875
805.419434      7323.3115234375
805.735535      7334.5332031250
806.051758      7229.0488281250
806.367920      7116.8315429688
806.684021      7103.3652343750
807.000000      7172.9399414063
807.316040      7121.3203125000
807.632019      7161.7182617188
807.947876      6937.2836914063
808.263672      6717.3374023438
808.579529      6822.8217773438
808.895325      6838.5322265625
809.211060      6739.7807617188
809.526611      6641.0292968750
809.842224      6710.6040039063
810.157837      6562.4770507813
810.473389      6697.1381835938
810.788757      6537.7895507813
811.104187      6232.5576171875
811.419617      6257.2456054688
811.734924      6257.2456054688
812.050171      6255.0014648438
812.365417      6221.3359375000
812.680542      6095.6523437500
812.995728      5927.3261718750
813.310852      5763.4887695313
813.625854      5622.0947265625
813.940796      5577.2080078125
814.255798      5482.9453125000
814.570679      5370.7275390625
814.885498      5218.1118164063
815.200256      5087.9399414063
815.515015      5130.5825195313
815.829651      4924.1020507813
816.144287      4957.7675781250
816.458923      4663.7578125000
816.773438      4565.0063476563
817.087952      4661.5131835938
817.402344      4524.6079101563
817.716797      4544.8071289063
818.031189      4587.4497070313
818.345520      4621.1152343750
818.659668      4598.6713867188
818.973877      4800.6630859375
819.288086      4744.5541992188
819.602173      4706.4003906250
819.916199      4791.6855468750
820.230225      4717.6220703125
820.544189      5114.8720703125
820.858154      5105.8945312500
821.171997      5038.5639648438
821.485779      5105.8945312500
821.799561      5076.7177734375
822.113281      5094.6728515625
822.426880      4874.7265625000
822.740540      4459.5219726563
823.054138      4336.0825195313
823.367676      4199.1772460938
823.681152      4356.2817382813
823.994568      4331.5942382813
824.307922      4455.0332031250
824.621277      4573.9838867188
824.934509      4879.2153320313
825.247742      4802.9072265625
825.560913      4854.5273437500
825.874146      5065.4960937500
826.187134      4928.5908203125
826.500183      4870.2377929688
826.813171      4926.3466796875
827.126160      4928.5908203125
827.439026      4600.9160156250
827.751831      4636.8256835938
828.064636      4699.6674804688
828.377380      4600.9160156250
828.690063      4634.5810546875
829.002686      4356.2817382813
829.315308      4354.0375976563
829.627869      4466.2548828125
829.940308      4448.3002929688
830.252808      4459.5219726563
830.565125      4425.8569335938
830.877563      4466.2548828125
831.189880      4472.9882812500
831.502075      4479.7211914063
831.814270      4446.0556640625
832.126465      4446.0556640625
832.438599      4434.8339843750
832.750549      4347.3046875000
833.062622      4493.1870117188
833.374512      4398.9243164063
833.686462      4446.0556640625
833.998291      4461.7661132813
834.310120      4481.9653320313
834.621887      4452.7890625000
834.933594      4389.9472656250
835.245239      4398.9243164063
835.556885      4569.4951171875
835.868408      4520.1191406250
836.179932      4392.1914062500
836.491333      4609.8935546875
836.802795      4423.6123046875
837.114197      4414.6347656250
837.425537      4376.4809570313
837.736694      4520.1191406250
838.047913      4459.5219726563
838.359131      4432.5898437500
838.670227      4349.5488281250
838.981262      4371.9921875000
839.292358      4383.2138671875
839.603333      4461.7661132813
839.914246      4387.7026367188
840.225037      4371.9921875000
840.535889      4268.7524414063
840.846680      4347.3046875000
841.157410      4320.3720703125
841.468079      4347.3046875000
841.778687      4394.4360351563
842.089233      4387.7026367188
842.399780      4376.4809570313
842.710266      4266.5078125000
843.020691      4172.2451171875
843.331055      4329.3496093750
843.641418      4248.5532226563
843.951721      4230.5981445313
844.261841      4246.3085937500
844.572083      4194.6889648438
844.882202      4069.0051269531
845.192261      4053.2946777344
845.502258      4026.3625488281
845.812256      4264.2636718750
846.122192      4129.6025390625
846.432068      4021.8737792969
846.741882      4071.2495117188
847.051636      4113.8920898438
847.361389      4194.6889648438
847.671143      3992.6972656250
847.980713      3947.8103027344
848.290283      4062.2722167969
848.599792      4008.4077148438
848.909302      4017.3852539063
849.218689      3918.6337890625
849.528076      3911.9006347656
849.837463      3705.4206542969
850.146790      3685.2214355469
850.455933      3792.9501953125
850.765137      3750.3076171875
851.074280      3626.8684082031
851.383362      3671.7553710938
851.692383      3653.8005371094
852.001343      3660.5336914063
852.310303      3766.0180664063
852.619202      3691.9545898438
852.927979      3595.4475097656
853.236816      3709.9091796875
853.545532      3539.3388671875
853.854248      3467.5195312500
854.162842      3362.0351562500
854.471436      3236.3515625000
854.779968      3272.2612304688
855.088440      3382.2343750000
855.396851      3355.3020019531
855.705200      3364.2795410156
856.013611      3561.7822265625
856.321899      3386.7229003906
856.630127      3541.5830078125
856.938293      3581.9814453125
857.246399      3595.4475097656
857.554504      3581.9814453125
857.862549      3492.2075195313
858.170471      3451.8090820313
858.478394      3498.9404296875
858.786316      3418.1437988281
859.094177      3386.7229003906
859.401917      3496.6960449219
859.709656      3406.9221191406
860.017334      3357.5463867188
860.324951      3391.2116699219
860.632507      3346.3247070313
860.940063      3404.6777343750
861.247559      3283.4829101563
861.555054      3290.2160644531
861.862366      3238.5959472656
862.169739      3341.8359375000
862.476990      3296.9489746094
862.784241      3308.1708984375
863.091370      3261.0395507813
863.398499      3344.0803222656
863.705627      3243.0847167969
864.012634      3200.4421386719
864.319519      3081.4914550781
864.626526      3234.1071777344
864.933350      3287.9716796875
865.240234      3216.1523437500
865.546936      3112.9123535156
865.853699      2946.8305664063
866.160400      2906.4323730469
866.466980      2908.6765136719
866.773560      2875.0114746094
867.080078      2904.1879882813
867.386536      2935.6088867188
867.692993      2962.5410156250
867.999329      3032.1157226563
868.305664      2881.7443847656
868.611938      2951.3193359375
868.918152      2953.5637207031
869.224304      3002.9392089844
869.530457      3027.6271972656
869.836487      2989.4731445313
870.142517      2919.8984375000
870.448547      3070.2697753906
870.754395      2933.3645019531
871.060242      2816.6582031250
871.366089      2886.2331542969
871.671814      2915.4096679688
871.977539      2897.4548339844
872.283203      2942.3417968750
872.588806      2859.3010253906
872.894409      2962.5410156250
873.199890      2857.0566406250
873.505371      2841.3461914063
873.810730      2854.8122558594
874.116150      2661.7980957031
874.421387      2830.1245117188
874.726685      2852.5678710938
875.031860      2827.8801269531
875.337097      2742.5947265625
875.642090      2733.6174316406
875.947205      2731.3730468750
876.252197      2729.1286621094
876.557129      2688.7304687500
876.862000      2771.7712402344
877.166870      2731.3730468750
877.471680      2765.0383300781
877.776428      2731.3730468750
878.081116      2722.3955078125
878.385742      2686.4860839844
878.690369      2666.2868652344
878.994873      2601.2006835938
879.299316      2563.0468750000
879.603821      2731.3730468750
879.908203      2670.7756347656
880.212585      2587.7346191406
880.516846      2641.5991210938
880.821106      2549.5808105469
881.125244      2477.7614746094
881.429382      2511.4267578125
881.733459      2515.9155273438
882.037537      2531.6259765625
882.341492      2522.6484375000
882.645447      2437.3632812500
882.949280      2457.5625000000
883.253113      2536.1147460938
883.556885      2497.9606933594
883.860657      2475.5173339844
884.164307      2430.6301269531
884.467896      2500.2050781250
884.771484      2493.4719238281
885.075073      2414.9196777344
885.378540      2428.3859863281
885.681885      2419.4084472656
885.985291      2486.7390136719
886.288635      2370.0327148438
886.591858      2410.4311523438
886.895020      2300.4580078125
887.198242      2307.1909179688
887.501343      2313.9240722656
887.804443      2408.1867675781
888.107422      2327.3901367188
888.410400      2264.5483398438
888.713257      2367.7883300781
889.016174      2226.3945312500
889.318909      2401.4536132813
889.621643      2325.1457519531
889.924377      2239.8605957031
890.227051      2262.3039550781
890.529602      2284.7475585938
890.832153      2228.6389160156
891.134705      2224.1501464844
891.437134      2221.9057617188
891.739441      2197.2180175781
892.041870      2199.4621582031
892.344116      2172.5300292969
892.646362      2190.4848632813
892.948486      2185.9960937500
893.250671      2033.3803710938
893.552734      2060.3125000000
893.854797      2089.4892578125
894.156738      2125.3986816406
894.458618      2120.9099121094
894.760559      1959.3168945313
895.062378      1972.7829589844
895.364136      1878.5202636719
895.665894      1970.5385742188
895.967590      2028.8917236328
896.269165      1921.1629638672
896.570679      1876.2760009766
896.872192      1755.0810546875
897.173706      1817.9228515625
897.475159      1773.0358886719
897.776428      1831.3890380859
898.077759      1802.2124023438
