0.010100
190.544205         0.0000000000
190.924866         0.0000000000
191.305481       851.5091552734
191.686081       840.3637695313
192.066635       876.0290527344
192.447174       896.0908203125
192.827667       882.7163085938
193.208130       971.8795776367
193.588577       893.8617553711
193.968964       884.9454345703
194.349350       882.7163085938
194.729691       876.0290527344
195.110001       931.7561035156
195.490295      1016.4612426758
195.870529       916.1525268555
196.250763       936.2142944336
196.630936       898.3198852539
197.011093       969.6505126953
197.391220       902.7780761719
197.771301       911.6943969727
198.151367       929.5270385742
198.531403       842.5928344727
198.911407       891.6326293945
199.291382       922.8397827148
199.671295       916.1525268555
200.051208       933.9852294922
200.431076       905.0071411133
200.810928       853.7382812500
201.190735       925.0688476563
201.570511       909.4653320313
201.950272       922.8397827148
202.329971       949.5887451172
202.709671       960.7341918945
203.089310       916.1525268555
203.468933       942.9015502930
203.848541       945.1306152344
204.228073       918.3816528320
204.607620       927.2979736328
204.987106       867.1127319336
205.366577       884.9454345703
205.746017       884.9454345703
206.125412       849.2800903320
206.504776       971.8795776367
206.884125       882.7163085938
207.263428       922.8397827148
207.642700       936.2142944336
208.021942       896.0908203125
208.401169       878.2581787109
208.780334       880.4872436523
209.159485       838.1347045898
209.538605       907.2362060547
209.917694       855.9673461914
210.296753       940.6724243164
210.675766       916.1525268555
211.054764       891.6326293945
211.433716       969.6505126953
211.812637       873.7999877930
212.191544       931.7561035156
212.570404       907.2362060547
212.949249       849.2800903320
213.328033       925.0688476563
213.706802       893.8617553711
214.085556       931.7561035156
214.464249       911.6943969727
214.842926       889.4035644531
215.221558       942.9015502930
215.600174       916.1525268555
215.978760       931.7561035156
216.357300       940.6724243164
216.735825       938.4433593750
217.114288       867.1127319336
217.492737       838.1347045898
217.871185       867.1127319336
218.249557       842.5928344727
218.627914       922.8397827148
219.006226       927.2979736328
219.384521       991.9413452148
219.762772       882.7163085938
220.141006       951.8178710938
220.519196       931.7561035156
220.897354       902.7780761719
221.275497       873.7999877930
221.653580       887.1744995117
222.031662       947.3596801758
222.409698       936.2142944336
222.787704       900.5489501953
223.165680       918.3816528320
223.543610       884.9454345703
223.921524       893.8617553711
224.299393       933.9852294922
224.677231       996.3994750977
225.055054       922.8397827148
225.432816       913.9234619141
225.810577       945.1306152344
226.188278       878.2581787109
226.565979       956.2760009766
226.943634       833.6765136719
227.321243       847.0510253906
227.698837       880.4872436523
228.076385       889.4035644531
228.453903       960.7341918945
228.831406       909.4653320313
229.208847       940.6724243164
229.586288       898.3198852539
229.963669       878.2581787109
230.341034       940.6724243164
230.718369       949.5887451172
231.095657       922.8397827148
231.472916       920.6107177734
231.850143       862.6546020508
232.227356       933.9852294922
232.604523       909.4653320313
232.981659       905.0071411133
233.358749       891.6326293945
233.735825       913.9234619141
234.112869       887.1744995117
234.489868       902.7780761719
234.866852       893.8617553711
235.243790       880.4872436523
235.620697       873.7999877930
235.997589       871.5709228516
236.374405       958.5051269531
236.751221      1016.4612426758
237.128006       945.1306152344
237.504745       929.5270385742
237.881470       902.7780761719
238.258133       898.3198852539
238.634796       900.5489501953
239.011414       929.5270385742
239.388000       905.0071411133
239.764557       974.1086425781
240.141068       887.1744995117
240.517563       909.4653320313
240.893997       916.1525268555
241.270432       916.1525268555
241.646835       913.9234619141
242.023178       864.8836669922
242.399506       951.8178710938
242.775787       907.2362060547
243.152054       891.6326293945
243.528290       907.2362060547
243.904465       873.7999877930
244.280640       940.6724243164
244.656754       880.4872436523
245.032852       864.8836669922
245.408936       940.6724243164
245.784943       974.1086425781
246.160950       860.4255371094
246.536911       942.9015502930
246.912842       909.4653320313
247.288757       918.3816528320
247.664612       956.2760009766
248.040451       896.0908203125
248.416229       851.5091552734
248.792023       909.4653320313
249.167755       829.2183837891
249.543457       858.1964111328
249.919113       983.0250244141
250.294754       945.1306152344
250.670364       918.3816528320
251.045944       938.4433593750
251.421478       887.1744995117
251.796982       876.0290527344
252.172440       918.3816528320
252.547897       922.8397827148
252.923294       989.7122192383
253.298676       918.3816528320
253.673996       907.2362060547
254.049316       889.4035644531
254.424606       969.6505126953
254.799850       954.0469360352
255.175064       898.3198852539
255.550217       920.6107177734
255.925369       945.1306152344
256.300476       967.4214477539
256.675537       925.0688476563
257.050598       940.6724243164
257.425598       880.4872436523
257.800598       887.1744995117
258.175537       927.2979736328
258.550446       976.3377685547
258.925354       896.0908203125
259.300171       849.2800903320
259.674988       862.6546020508
260.049774       933.9852294922
260.424500       878.2581787109
260.799225       842.5928344727
261.173889       985.2540893555
261.548553       927.2979736328
261.923187       931.7561035156
262.297760       971.8795776367
262.672302       907.2362060547
263.046814       989.7122192383
263.421326       909.4653320313
263.795776       869.3418579102
264.170135       958.5051269531
264.544525       840.3637695313
264.918915       871.5709228516
265.293243       965.1923217773
265.667511       869.3418579102
266.041748       962.9632568359
266.415955       969.6505126953
266.790161       967.4214477539
267.164307       951.8178710938
267.538422       909.4653320313
267.912476       936.2142944336
268.286530       954.0469360352
268.660583       900.5489501953
269.034546       891.6326293945
269.408508       967.4214477539
269.782440       933.9852294922
270.156311       882.7163085938
270.530151       989.7122192383
270.903992       920.6107177734
271.277710       911.6943969727
271.651489       884.9454345703
272.025208       962.9632568359
272.398895       945.1306152344
272.772552       905.0071411133
273.146179       855.9673461914
273.519745       989.7122192383
273.893280       945.1306152344
274.266815       925.0688476563
274.640289       893.8617553711
275.013733       893.8617553711
275.387146       878.2581787109
275.760529       931.7561035156
276.133881       918.3816528320
276.507202       962.9632568359
276.880463       920.6107177734
277.253723       880.4872436523
277.626923       909.4653320313
278.000122       945.1306152344
278.373260       954.0469360352
278.746338       905.0071411133
279.119446       951.8178710938
279.492493       878.2581787109
279.865509       913.9234619141
280.238495       947.3596801758
280.611450       840.3637695313
280.984314       945.1306152344
281.357208       931.7561035156
281.730072       907.2362060547
282.102875       936.2142944336
282.475647       954.0469360352
282.848358       920.6107177734
283.221069       951.8178710938
283.593750       954.0469360352
283.966400       940.6724243164
284.339020       907.2362060547
284.711548       907.2362060547
285.084106       945.1306152344
285.456635       909.4653320313
285.829071       960.7341918945
286.201508       936.2142944336
286.573914       922.8397827148
286.946320       911.6943969727
287.318634       922.8397827148
287.690948       896.0908203125
288.063202       909.4653320313
288.435425       922.8397827148
288.807648       869.3418579102
289.179810       938.4433593750
289.551941       996.3994750977
289.924011       882.7163085938
290.296112       947.3596801758
290.668121       889.4035644531
291.040161       933.9852294922
291.412109       983.0250244141
291.783997       958.5051269531
292.155914       927.2979736328
292.527771       940.6724243164
292.899597       925.0688476563
293.271393       925.0688476563
293.643127       896.0908203125
294.014862       840.3637695313
294.386566       920.6107177734
294.758240       891.6326293945
295.129852       876.0290527344
295.501404       949.5887451172
295.872955       862.6546020508
296.244507       896.0908203125
296.615997       978.5668334961
296.987427       905.0071411133
297.358826       916.1525268555
297.730225       922.8397827148
298.101593       985.2540893555
298.472900       867.1127319336
298.844177       951.8178710938
299.215393       905.0071411133
299.586609      1029.8356933594
299.957794       958.5051269531
300.328918       958.5051269531
300.700043       905.0071411133
301.071136       936.2142944336
301.442169       891.6326293945
301.813171       913.9234619141
302.184174       940.6724243164
302.555115       949.5887451172
302.925995       927.2979736328
303.296844       967.4214477539
303.667694       940.6724243164
304.038483       956.2760009766
304.409271       980.7958984375
304.779968      1020.9193725586
305.150696      1020.9193725586
305.521362      1038.7520751953
305.891968       983.0250244141
306.262543      1020.9193725586
306.633118      1063.2719726563
307.003632       980.7958984375
307.374146      1038.7520751953
307.744598      1074.4173583984
308.114990      1081.1046142578
308.485413      1098.9372558594
308.855743      1081.1046142578
309.226074      1181.4132080078
309.596375      1054.3555908203
309.966614      1116.7698974609
310.336792      1170.2678222656
310.707001      1203.7041015625
311.077148      1254.9729003906
311.447235      1268.3474121094
311.817322      1263.8892822266
312.187347      1379.8015136719
312.557373      1283.9510498047
312.927368      1384.2596435547
313.297302      1339.6781005859
313.667175      1366.4270019531
314.037048      1471.1938476563
314.406891      1386.4887695313
314.776642      1486.7974853516
315.146423      1522.4627685547
315.516144      1531.3790283203
315.885864      1609.3969726563
316.255524      1520.2336425781
316.625153      1649.5203857422
316.994751      1520.2336425781
317.364288      1620.5423583984
317.733795      1705.2474365234
318.103302      1830.0760498047
318.472717      1923.6973876953
318.842133      1867.9704589844
319.211517      1836.7633056641
319.580872      1801.0979003906
319.950195      1881.3448486328
320.319489      1939.3010253906
320.688751      1999.4862060547
321.057922      1983.8826904297
321.427094      2206.7907714844
321.796234      2104.2531738281
322.165344      2079.7331542969
322.534393      2030.6933593750
322.903412      2110.9401855469
323.272430      2041.8387451172
323.641418      2021.7770996094
324.010315      2081.9621582031
324.379242      2180.0417480469
324.748077      2329.3903808594
325.116913      2293.7250976563
325.485657      2431.9279785156
325.854431      2487.6550292969
326.223145      2628.0871582031
326.591827      2594.6511230469
326.960480      2755.1447753906
327.329102      2886.6606445313
327.697693      2857.6826171875
328.066193      2940.1586914063
328.434723      2895.5771484375
328.803192      2906.7224121094
329.171600      2991.4274902344
329.540009      3051.6127929688
329.908386      3109.5688476563
330.276703      3321.3315429688
330.645050      3564.3015136719
331.013306      3530.8652343750
331.381500      3468.4509277344
331.749695      3470.6801757813
332.117859      3283.4372558594
332.485962      3490.7419433594
332.854034      3524.1779785156
333.222107      3499.6582031250
333.590118      3602.1958007813
333.958099      3555.3852539063
334.326050      3537.5524902344
334.693970      3533.0944824219
335.061859      3513.0327148438
335.429657      3432.7856445313
335.797455      3550.9270019531
336.165192      3635.6320800781
336.532959      3684.6718750000
336.900665      3421.6403808594
337.268341      3312.4152832031
337.635956      3290.1245117188
338.003571      3243.3137207031
338.371124      3332.4770507813
338.738647      3432.7856445313
339.106110      3649.0065917969
339.473572      3604.4250488281
339.840942      3758.2316894531
340.208344      3972.2233886719
340.575653      3945.4743652344
340.942993      4043.5541992188
341.310272      4148.3208007813
341.677521      3927.6418457031
342.044708      3912.0383300781
342.411865      3934.3291015625
342.778992      4012.3469238281
343.146088      4177.2988281250
343.513123      4342.2509765625
343.880157      4241.9423828125
344.247131      4226.3388671875
344.614105      3981.1398925781
344.981049      3787.2097167969
345.347900      3715.8791503906
345.714783      3847.3947753906
346.081573      3905.3510742188
346.448334      4155.0083007813
346.815094      4264.2333984375
347.181763      4208.5063476563
347.548431      4155.0083007813
347.915070      4152.7792968750
348.281677      4248.6293945313
348.648224      4268.6914062500
349.014771      4141.6337890625
349.381256      4313.2729492188
349.747711      4337.7929687500
350.114105      4197.3608398438
350.480469      4288.7529296875
350.846832      4638.7187500000
351.213135      4834.8779296875
351.579407      5031.0371093750
351.945679      4846.0234375000
352.311890      4841.5654296875
352.678040      4710.0493164063
353.044189      4665.4677734375
353.410278      4614.1992187500
353.776337      4739.0273437500
354.142303      4823.7324218750
354.508301      5231.6547851563
354.874268      5485.7700195313
355.240204      5467.9370117188
355.606079      5528.1225585938
355.971924      5579.3911132813
356.337738      5340.8793945313
356.703491      5327.5048828125
357.069244      5209.3637695313
357.434937      4924.0415039063
357.800598      4629.8027343750
358.166229      4625.3442382813
358.531830      4491.5996093750
358.897369      4326.6474609375
359.262909      4212.9643554688
359.628418      4340.0219726563
359.993866      4859.3979492188
360.359222      5434.5009765625
360.724609      5791.1542968750
361.089966      5804.5288085938
361.455261      5590.5366210938
361.820526      5102.3676757813
362.185760      5171.4692382813
362.550964      5126.8876953125
362.916138      5421.1264648438
363.281250      5586.0786132813
363.646332      5844.6518554688
364.011383      5820.1323242188
364.376404      5889.2338867188
364.741333      5744.3432617188
365.106293      6087.6220703125
365.471222      6156.7236328125
365.836090      6170.0981445313
366.200928      6343.9663085938
366.565735      7046.1269531250
366.930511      7182.1010742188
367.295227      7364.8857421875
367.659912      7191.0175781250
368.024536      7179.8720703125
368.389160      7095.1669921875
368.753723      6925.7568359375
369.118317      6814.3027343750
369.482819      6780.8662109375
369.847260      7012.6909179688
370.211731      7309.1586914063
370.576111      7382.7182617188
370.940460      7273.4931640625
371.304810      7382.7182617188
371.669098      7050.5849609375
372.033325      7324.7622070313
372.397522      7456.2778320313
372.761749      7063.9594726563
373.125885      6758.5756835938
373.489990      6716.2231445313
373.854065      6531.2089843750
374.218109      6228.0541992188
374.582092      6123.2871093750
374.946075      5965.0224609375
375.309998      5996.2294921875
375.673859      6116.6000976563
376.037720      6453.1914062500
376.401550      6939.1313476563
376.765320      7130.8320312500
377.129059      7059.5014648438
377.492798      7269.0351562500
377.856476      7420.6127929688
378.220062      8031.3813476563
378.583679      8483.8847656250
378.947205      8775.8945312500
379.310730      8784.8105468750
379.674225      8343.4521484375
380.037689      7746.0585937500
380.401093      7487.4853515625
380.764496      7353.7402343750
381.127838      7801.7856445313
381.491119      8298.8710937500
381.854370      8318.9326171875
382.217621      7859.7416992188
382.580811      7284.6386718750
382.943939      6647.1215820313
383.307068      6116.6000976563
383.670166      5632.8891601563
384.033203      5418.8974609375
384.396240      5423.3554687500
384.759216      5690.8452148438
385.122131      6368.4863281250
385.485016      7110.7705078125
385.847900      7594.4809570313
386.210724      7402.7802734375
386.573486      7197.7045898438
386.936279      7179.8720703125
387.298981      7266.8061523438
387.661652      7389.4057617188
388.024323      7458.5073242188
388.386902      7195.4755859375
388.749481      7315.8457031250
389.112000      7322.5332031250
389.474487      7433.9873046875
389.836945      7864.2001953125
390.199371      8321.1621093750
390.561737      8847.2246093750
390.924103      9154.8378906250
391.286407      9061.2167968750
391.648682      9322.0195312500
392.010925      9536.0107421875
392.373108      9698.7343750000
392.735291      9223.9394531250
393.097382      8784.8105468750
393.459473      7561.0449218750
393.821533      6399.6933593750
394.183533      5354.2539062500
394.545532      5309.6723632813
394.907471      6056.4145507813
395.269379      7425.0708007813
395.631256      8495.0302734375
395.993042      9306.4160156250
396.354828      9705.4218750000
396.716583      9061.2167968750
397.078308      8138.3769531250
397.439972      6970.3383789063
397.801636      6185.7016601563
398.163239      6785.3247070313
398.524841      8102.7119140625
398.886383      9776.7519531250
399.247833     11096.3681640625
399.609283     11796.2998046875
399.970703     12413.7558593750
400.332062     12494.0029296875
400.693420     12694.6201171875
401.054718     12901.9248046875
401.416016     13222.9121093750
401.777252     13280.8681640625
402.138458     13806.9316406250
402.499603     13965.1962890625
402.860718     14076.6503906250
403.221832     14246.0605468750
403.582855     14007.5488281250
403.943848     13717.7685546875
404.304810     13980.7998046875
404.665771     13956.2802734375
405.026642     13958.5087890625
405.387543     13436.9042968750
405.748352     13526.0673828125
406.109161     13679.8740234375
406.469849     13893.8662109375
406.830597     13334.3662109375
407.191223     13499.3183593750
407.551880     13461.4238281250
407.912476     13450.2783203125
408.273041     13898.3242187500
408.633575     13871.5751953125
408.994049     14368.6601562500
409.354492     14903.6396484375
409.714935     14961.5957031250
410.075287     15126.5478515625
410.435608     14361.9726562500
410.795868     14065.5048828125
411.156158     13474.7988281250
411.516388     13662.0410156250
411.876587     14504.6337890625
412.236725     15157.7548828125
412.596832     15670.4443359375
412.956909     15726.1708984375
413.316925     15761.8359375000
413.676910     15469.8261718750
414.036896     15195.6494140625
414.396820     15547.8447265625
414.756683     15534.4697265625
415.116547     15795.2724609375
415.476379     15779.6689453125
415.836121     15608.0292968750
416.195862     15509.9501953125
416.555542     15913.4140625000
416.915192     16007.0351562500
417.274811     16307.9609375000
417.634399     16310.1904296875
417.993927     15590.1972656250
418.353455     15423.0156250000
418.712891     15376.2050781250
419.072357     15536.6992187500
419.431763     15527.7822265625
419.791107     15873.2900390625
420.150452     15726.1708984375
420.509674     15534.4697265625
420.868927     15808.6464843750
421.228119     15957.9951171875
421.587280     16457.3105468750
421.946411     16807.2753906250
422.305542     17016.8085937500
422.664581     16702.5078125000
423.023621     16007.0351562500
423.382568     15706.1093750000
423.741516     15411.8701171875
424.100403     15570.1347656250
424.459259     15808.6464843750
424.818054     16033.7841796875
425.176880     16566.5351562500
425.535614     16265.6083984375
425.894348     16091.7402343750
426.252991     15764.0654296875
426.611633     15672.6728515625
426.970245     16036.0136718750
427.328796     16310.1904296875
427.687317     16107.3437500000
428.045807     15594.6552734375
428.404205     15710.5673828125
428.762604     15864.3740234375
429.121002     16004.8056640625
429.479340     15866.6035156250
429.837616     15322.7070312500
430.195892     14747.6044921875
430.554138     14161.3554687500
430.912292     13008.9199218750
431.270416     12360.2578125000
431.628510     12197.5351562500
431.986542     13084.7089843750
432.344574     14941.5341796875
432.702576     16205.4238281250
433.060516     16956.6230468750
433.418427     16987.8320312500
433.776306     17099.2851562500
434.134155     17625.3476562500
434.491913     17139.4082031250
434.849701     16365.9169921875
435.207397     16441.7070312500
435.565063     17032.4121093750
435.922729     17774.6972656250
436.280334     17658.7851562500
436.637909     18525.8964843750
436.995453     19096.5429687500
437.352936     19194.6210937500
437.710388     19078.7089843750
438.067780     18771.0957031250
438.425171     18581.6250000000
438.782471     17814.8203125000
439.139771     17386.8359375000
439.497040     17340.0253906250
439.854279     17393.5234375000
440.211426     18269.5527343750
440.568604     18706.4531250000
440.925720     18753.2636718750
441.282776     18884.7792968750
441.639801     19165.6445312500
441.996735     19832.1386718750
442.353699     20237.8320312500
442.710602     20630.1503906250
443.067505     20850.8300781250
443.424347     20558.8203125000
443.781128     21060.3632812500
444.137878     20670.2734375000
444.494629     21033.6152343750
444.851288     21049.2187500000
445.207916     21539.6152343750
445.564514     21724.6289062500
445.921051     20984.5742187500
446.277618     20768.3535156250
446.634094     20055.0468750000
446.990540     20478.5722656250
447.346985     20650.2128906250
447.703339     21249.8359375000
448.059692     21972.0585937500
448.416016     22776.7558593750
448.772186     22322.0234375000
449.128418     22272.9843750000
449.484589     22620.7207031250
449.840729     22087.9707031250
450.196838     22785.6718750000
450.552917     22667.5312500000
450.908966     23195.8242187500
451.264954     23768.6972656250
451.620880     23891.2968750000
451.976807     23750.8652343750
452.332611     23755.3222656250
452.688446     23806.5917968750
453.044250     23432.1054687500
453.399994     22455.7675781250
453.755707     22009.9511718750
454.111389     21715.7128906250
454.467041     22391.1250000000
454.822632     22734.4042968750
455.178192     22631.8652343750
455.533722     22649.6992187500
455.889130     22435.7070312500
456.244598     22703.1972656250
456.600006     23053.1621093750
456.955353     23420.9609375000
457.310699     23447.7089843750
457.665985     23692.9082031250
458.021240     23704.0546875000
458.376434     23585.9121093750
458.731628     23545.7890625000
459.086700     23106.6601562500
459.441772     23369.6914062500
459.796844     23412.0449218750
460.151886     23371.9199218750
460.506836     23137.8671875000
460.861786     23695.1386718750
461.216675     23848.9453125000
461.571533     24412.9023437500
461.926361     24553.3339843750
462.281158     24285.8437500000
462.635803     24366.0917968750
462.990540     24626.8945312500
463.345184     25286.7011718750
463.699829     25099.4589843750
464.054413     25447.1953125000
464.408936     25148.4980468750
464.763458     25061.5644531250
465.117920     25144.0410156250
465.472351     24943.4238281250
465.826752     25186.3925781250
466.181030     25469.4863281250
466.535339     25716.9140625000
466.889618     26006.6953125000
467.243866     25823.9101562500
467.598053     25398.1562500000
467.952209     25808.3066406250
468.306305     25915.3027343750
468.660370     26276.4140625000
469.014435     26929.5351562500
469.368439     26858.2050781250
469.722321     27105.6328125000
470.076263     27531.3867187500
470.430115     27758.7539062500
470.783966     27386.4960937500
471.137756     27919.2480468750
471.491516     27618.3222656250
471.845245     27908.1015625000
472.198944     29069.4531250000
472.552582     29865.2363281250
472.906128     30462.6289062500
473.259705     30605.2910156250
473.613220     31089.0019531250
473.966675     31117.9804687500
474.320129     31189.3105468750
474.673553     31907.0742187500
475.026917     32542.3632812500
475.380249     33041.6757812500
475.733521     33545.4492187500
476.086761     33607.8632812500
476.439911     33754.9843750000
476.793091     33973.4335937500
477.146210     33520.9296875000
477.499298     34655.5312500000
477.852356     34766.9843750000
478.205353     35852.5507812500
478.558350     36813.2812500000
478.911285     37138.7304687500
479.264160     37060.7109375000
479.617035     37524.3593750000
479.969757     38304.5390625000
480.322540     38387.0156250000
480.675262     39363.3515625000
481.027985     39483.7226562500
481.380615     39795.7929687500
481.733246     40163.5937500000
482.085815     40584.8906250000
482.438324     41429.7109375000
482.790833     41365.0664062500
483.143280     41830.9453125000
483.495667     41984.7539062500
483.848022     42368.1562500000
484.200348     42238.8671875000
484.552673     42111.8085937500
484.904907     42189.8281250000
485.257111     42455.0898437500
485.609283     42470.6914062500
485.961456     42160.8515625000
486.313538     40228.2343750000
486.665588     38358.0351562500
487.017548     36949.2578125000
487.369507     37921.1367187500
487.721466     38625.5273437500
488.073334     40486.8085937500
488.425232     41492.1250000000
488.777039     42883.0742187500
489.128815     43083.6914062500
489.480560     42854.0937500000
489.832245     43030.1914062500
490.183868     44320.8281250000
490.535461     45410.8515625000
490.887054     45932.4570312500
491.238586     45983.7265625000
491.590057     45796.4804687500
491.941528     45961.4335937500
492.292938     45500.0156250000
492.644318     44626.2148437500
492.995667     44111.2968750000
493.346954     45426.4531250000
493.698181     46485.2695312500
494.049377     45956.9765625000
494.400543     45941.3710937500
494.751678     46306.9414062500
495.102783     47020.2460937500
495.453827     47943.0859375000
495.804871     47673.3671875000
496.155853     47479.4375000000
496.506775     47497.2695312500
496.857666     47604.2656250000
497.208466     47715.7226562500
497.559265     48326.4882812500
497.910065     48453.5468750000
498.260773     48250.6992187500
498.611481     48183.8281250000
498.962128     47171.8242187500
499.312744     46948.9179687500
499.663300     47515.1054687500
500.013855     47976.5234375000
500.364349     47791.5117187500
500.714752     47744.6992187500
501.065155     47075.9765625000
501.415527     46601.1796875000
501.765869     46373.8125000000
502.116150     46340.3789062500
502.466400     46030.5351562500
502.816620     46052.8281250000
503.166779     47071.5156250000
503.516907     47093.8085937500
503.866943     48114.7265625000
504.217010     47374.6718750000
504.567017     46478.5820312500
504.916962     46931.0859375000
505.266876     47586.4335937500
505.616791     47873.9843750000
505.966644     48132.5585937500
506.316437     48794.5976562500
506.666199     49532.4218750000
507.015930     49969.3242187500
507.365570     49369.6992187500
507.715210     48834.7187500000
508.064789     48790.1406250000
508.414368     48368.8437500000
508.763885     48228.4101562500
509.113373     48382.2148437500
509.462830     49015.2773437500
509.812225     49833.3476562500
510.161591     49483.3828125000
510.510895     49380.8437500000
510.860107     49318.4296875000
511.209381     49470.0078125000
511.558563     49875.7031250000
511.907715     49989.3828125000
512.256836     50388.3906250000
512.605896     50872.1015625000
512.954956     50225.6679687500
513.303955     50065.1718750000
513.652832     49790.9960937500
514.001831     49860.0976562500
514.350647     49688.4570312500
514.699463     49539.1093750000
515.048279     49336.2656250000
515.396973     49962.6367187500
515.745728     49416.5117187500
516.094360     50279.1640625000
516.442993     50437.4296875000
516.791565     50482.0117187500
517.140137     48912.7382812500
517.488586     46790.6523437500
517.837036     45620.3828125000
518.185425     46228.9257812500
518.533875     47403.6484375000
518.882202     47539.6250000000
519.230469     46641.3046875000
519.578735     47265.4453125000
519.927002     48689.8281250000
520.275146     49313.9726562500
520.623291     49987.1562500000
520.971313     50305.9140625000
521.319336     50339.3515625000
521.667419     50586.7773437500
522.015381     50952.3476562500
522.363281     51453.8906250000
522.711182     51467.2656250000
523.059021     51317.9179687500
523.406860     50874.3281250000
523.754639     50482.0117187500
524.102356     51230.9843750000
524.449951     51420.4531250000
524.797607     52140.4492187500
525.145203     52189.4882812500
525.492798     52156.0507812500
525.840332     52078.0351562500
526.187805     52392.3359375000
526.535217     51819.4609375000
526.882629     51144.0507812500
527.230042     49822.2031250000
527.577332     48861.4687500000
527.924500     48609.5820312500
528.271729     49697.3750000000
528.618896     50038.4257812500
528.966125     50640.2773437500
529.313232     51224.2968750000
529.660278     52095.8671875000
530.007324     52584.0351562500
530.354309     52040.1406250000
530.701233     51462.8085937500
531.048096     51741.4414062500
531.394958     52263.0468750000
531.741760     52704.4062500000
532.088562     52374.5039062500
532.435303     52546.1406250000
532.781982     51786.0234375000
533.128601     51144.0507812500
533.475281     50241.2695312500
533.821838     50629.1328125000
534.168335     50785.1679687500
534.514832     51159.6523437500
534.861206     50965.7226562500
535.207703     50909.9960937500
535.554016     51520.7656250000
535.900391     51460.5781250000
536.246643     52033.4531250000
536.592896     52300.9414062500
536.939087     51855.1250000000
537.285278     51210.9218750000
537.631348     50892.1640625000
537.977417     50684.8593750000
538.323425     50731.6679687500
538.669373     51264.4179687500
539.015381     51092.7812500000
539.361267     50938.9726562500
539.707153     50903.3085937500
540.052979     50247.9570312500
540.398804     49895.7617187500
540.744507     49434.3437500000
541.090210     49585.9218750000
541.435791     48854.7812500000
541.781433     48676.4570312500
542.127014     49420.9687500000
542.472595     49875.7031250000
542.818054     49824.4335937500
543.163513     49655.0234375000
543.508911     49940.3437500000
543.854309     49568.0898437500
544.199646     50083.0078125000
544.544800     50181.0859375000
544.890076     50363.8710937500
545.235291     50448.5742187500
545.580444     50250.1875000000
545.925537     50274.7070312500
546.270630     50245.7304687500
546.615723     50256.8750000000
546.960693     50274.7070312500
547.305603     49750.8710937500
547.650574     50149.8789062500
547.995361     49933.6562500000
548.340149     49463.3203125000
548.684998     49010.8164062500
549.029724     49712.9804687500
549.374390     49663.9375000000
549.719116     50201.1484375000
550.063660     49900.2226562500
550.408264     50176.6289062500
550.752869     50011.6757812500
551.097290     49706.2929687500
551.441711     49802.1406250000
551.786133     49619.3554687500
552.130493     49655.0234375000
552.474854     49650.5625000000
552.819092     50176.6289062500
553.163330     49496.7578125000
553.507507     49583.6914062500
553.851685     49507.9023437500
554.195801     49258.2460937500
554.539917     49427.6562500000
554.883850     49120.0429687500
555.227844     49646.1054687500
555.571777     49552.4843750000
555.915710     49692.9179687500
556.259583     49621.5859375000
556.603333     49621.5859375000
556.947205     49180.2265625000
557.290894     48834.7187500000
557.634583     48618.5000000000
557.978210     48426.7968750000
558.321777     48304.1992187500
558.665405     48620.7304687500
559.008911     48210.5781250000
559.352417     47265.4453125000
559.695862     47060.3710937500
560.039185     46890.9609375000
560.382568     46708.1757812500
560.725891     46759.4453125000
561.069153     47267.6757812500
561.412354     47501.7304687500
561.755554     48174.9140625000
562.098694     47622.1015625000
562.441772     47125.0156250000
562.784851     46919.9375000000
563.127930     47675.5976562500
563.470825     47281.0507812500
563.813782     47548.5390625000
564.156738     47691.2031250000
564.499573     47232.0117187500
564.842285     47055.9140625000
565.185059     46690.3437500000
565.527771     47474.9804687500
565.870422     46775.0507812500
566.213135     46244.5273437500
566.555725     46099.6367187500
566.898254     45640.4453125000
567.240784     46021.6210937500
567.583252     45878.9570312500
567.925659     46291.3398437500
568.268005     46358.2109375000
568.610291     46257.9023437500
568.952637     45945.8320312500
569.294922     45343.9804687500
569.637146     45223.6093750000
569.979309     45127.7578125000
570.321411     45283.7929687500
570.663513     44978.4101562500
571.005554     44766.6445312500
571.347473     44240.5820312500
571.689453     43504.9843750000
572.031372     43694.4570312500
572.373230     44091.2343750000
572.715088     44396.6171875000
573.056885     44875.8710937500
573.398621     44893.7031250000
573.740295     44958.3476562500
574.082031     44889.2460937500
574.423584     45196.8593750000
574.765137     44735.4375000000
575.106689     44621.7578125000
575.448120     44318.6015625000
575.789612     44026.5898437500
576.130981     43600.8359375000
576.472351     43705.6054687500
576.813721     44086.7773437500
577.154968     43375.6992187500
577.496216     43897.3046875000
577.837402     43946.3437500000
578.178467     43583.0039062500
578.519592     43126.0429687500
578.860657     42992.2968750000
579.201660     42894.2187500000
579.542664     42713.6640625000
579.883606     42593.2929687500
580.224487     43045.7968750000
580.565308     43279.8476562500
580.906189     43141.6445312500
581.246948     43210.7460937500
581.587585     43068.0859375000
581.928223     43279.8476562500
582.268921     43284.3085937500
582.609497     43324.4296875000
582.950012     43377.9296875000
583.290527     43141.6445312500
583.630981     43420.2812500000
583.971436     43654.3359375000
584.311829     43117.1250000000
584.652100     43558.4843750000
584.992371     43404.6757812500
585.332642     43168.3945312500
585.672852     43025.7343750000
586.013000     42296.8242187500
586.353088     42397.1328125000
586.693176     41837.6328125000
587.033264     41772.9882812500
587.373230     41911.1914062500
587.713196     42350.3203125000
588.053040     41888.9023437500
588.392883     41951.3164062500
588.732727     41064.1406250000
589.072510     40248.2968750000
589.412231     38917.5351562500
589.751892     37751.7265625000
590.091553     36438.7968750000
590.431152     36608.2070312500
590.770752     37292.5351562500
591.110229     37914.4492187500
591.449707     38828.3710937500
591.789124     38708.0039062500
592.128479     38694.6289062500
592.467834     38538.5937500000
592.807129     38375.8710937500
593.146423     38817.2265625000
593.485596     39242.9804687500
593.824768     38937.5976562500
594.163879     39260.8164062500
594.502991     38977.7226562500
594.841980     38728.0625000000
595.180969     38482.8671875000
595.519897     38505.1562500000
595.858887     38244.3554687500
596.197693     38400.3906250000
596.536499     38540.8203125000
596.875305     38420.4492187500
597.214050     38794.9375000000
597.552734     38594.3203125000
597.891296     38806.0820312500
598.229980     38705.7734375000
598.568542     38768.1875000000
598.907043     38313.4531250000
599.245483     38333.5156250000
599.583984     38253.2695312500
599.922363     38311.2265625000
600.260681     38647.8164062500
600.598999     38041.5078125000
600.937256     38988.8671875000
601.275452     38048.1953125000
601.613586     38284.4765625000
601.951721     37950.1132812500
602.289856     37776.2460937500
602.627869     37379.4687500000
602.965881     37693.7695312500
603.303833     37823.0585937500
603.641724     37838.6601562500
603.979614     37878.7851562500
604.317444     38061.5703125000
604.655151     38081.6289062500
604.992859     38072.7148437500
605.330566     38585.4023437500
605.668274     38186.3984375000
606.005859     37930.0546875000
606.343445     37504.2968750000
606.680908     37852.0351562500
607.018433     37314.8281250000
607.355835     37346.0351562500
607.693237     37479.7773437500
608.030579     37203.3710937500
608.367859     37370.5546875000
608.705078     37009.4414062500
609.042297     36891.3007812500
609.379456     36619.3515625000
609.716614     36282.7617187500
610.053650     35930.5664062500
610.390686     36222.5781250000
610.727722     35988.5234375000
611.064575     35778.9882812500
611.401550     35698.7421875000
611.738403     35772.3007812500
612.075256     36046.4804687500
612.411987     35230.6367187500
612.748779     35221.7187500000
613.085449     35141.4726562500
613.422058     35315.3398437500
613.758667     35382.2109375000
614.095215     34686.7382812500
614.431702     34470.5195312500
614.768127     34425.9375000000
615.104614     34548.5351562500
615.440979     34218.6328125000
615.777283     34602.0351562500
616.113586     34198.5703125000
616.449829     34526.2460937500
616.786011     33801.7929687500
617.122192     33438.4531250000
617.458374     33242.2929687500
617.794373     33293.5625000000
618.130371     33741.6093750000
618.466370     34022.4726562500
618.802246     34287.7343750000
619.138184     34182.9687500000
619.474060     33721.5468750000
619.809875     34401.4179687500
620.145630     33911.0195312500
620.481323     34127.2382812500
620.817017     34267.6718750000
621.152588     34622.0976562500
621.488220     34423.7070312500
621.823792     34608.7226562500
622.159241     34321.1679687500
622.494690     33726.0039062500
622.830078     33808.4804687500
623.165466     33723.7773437500
623.500793     33743.8359375000
623.836060     33387.1835937500
624.171265     33208.8593750000
624.506470     33302.4804687500
624.841553     33173.1914062500
625.176697     32698.3984375000
625.511719     32740.7519531250
625.846741     32711.7734375000
626.181702     32691.7109375000
626.516663     31942.7402343750
626.851563     32321.6835937500
627.186401     32751.8964843750
627.521118     32758.5839843750
627.855896     32571.3398437500
628.190552     31985.0917968750
628.525269     31621.7519531250
628.859863     31374.3242187500
629.194458     31075.6269531250
629.528992     31583.8574218750
629.863403     31418.9062500000
630.197815     31146.9570312500
630.532288     31167.0195312500
630.866516     31073.3984375000
631.200867     31144.7285156250
631.535156     30948.5703125000
631.869324     31209.3710937500
632.203491     30935.1953125000
632.537659     30538.4179687500
632.871704     30701.1406250000
633.205750     30661.0175781250
633.539795     30890.6132812500
633.873718     30716.7441406250
634.207520     30500.5234375000
634.541443     30471.5449218750
634.875244     30328.8847656250
635.208984     30718.9746093750
635.542725     30288.7617187500
635.876404     30589.6875000000
636.210022     30239.7207031250
636.543640     29900.9003906250
636.877197     29798.3632812500
637.210571     30039.1035156250
637.544067     30181.7656250000
637.877502     30074.7695312500
638.210815     30163.9335937500
638.544189     30489.3789062500
638.877441     30003.4394531250
639.210693     29793.9042968750
639.543884     29907.5878906250
639.877014     29952.1699218750
640.210144     29517.4980468750
640.543091     29871.9238281250
640.876099     29399.3574218750
641.209106     29134.0976562500
641.541992     28819.7968750000
641.874939     28723.9453125000
642.207703     28677.1347656250
642.540527     28737.3203125000
642.873230     28594.6582031250
643.205994     28884.4394531250
643.538574     28445.3105468750
643.871155     28757.3828125000
644.203674     28425.2480468750
644.536255     28322.7109375000
644.868713     28240.2343750000
645.201172     27961.5996093750
645.533508     27948.2246093750
645.865845     27852.3750000000
646.198120     27734.2343750000
646.530396     27101.1738281250
646.862610     27301.7910156250
647.194702     27259.4394531250
647.526855     26753.4375000000
647.858887     26728.9179687500
648.190857     26303.1640625000
648.522827     26098.0878906250
648.854797     25759.2675781250
649.186707     25656.7304687500
649.518555     25792.7031250000
649.850342     25097.2304687500
650.182007     24497.6074218750
650.513733     24918.9042968750
650.845398     25016.9824218750
651.177063     25864.0332031250
651.508606     25979.9472656250
651.840088     25558.6503906250
652.171631     25297.8476562500
652.503052     25353.5742187500
652.834412     25126.2089843750
653.165771     25498.4648437500
653.497070     25772.6425781250
653.828308     25540.8164062500
654.159485     25901.9277343750
654.490662     25826.1406250000
654.821838     25921.9902343750
655.152832     25679.0195312500
655.483887     25415.9882812500
655.814880     24907.7578125000
656.145813     24700.4531250000
656.476685     23376.3789062500
656.807495     22083.5117187500
657.138306     21664.4453125000
657.469116     21733.5468750000
657.799744     22310.8789062500
658.130493     22921.6464843750
658.461121     23251.5507812500
658.791687     23652.7851562500
659.122192     24038.4160156250
659.452698     24245.7207031250
659.783142     24419.5898437500
660.113464     24078.5390625000
660.443787     24417.3593750000
660.774109     24548.8769531250
661.104370     24493.1484375000
661.434570     24909.9863281250
661.764771     24560.0214843750
662.094849     24542.1894531250
662.424988     24638.0390625000
662.755005     24925.5898437500
663.084900     24655.8710937500
663.414856     25016.9824218750
663.744751     24234.5761718750
664.074585     24305.9062500000
664.404419     23949.2539062500
664.734131     23958.1699218750
665.063904     23906.9003906250
665.393555     23762.0097656250
665.723206     24221.2011718750
666.052734     24245.7207031250
666.382202     23605.9746093750
666.711670     23585.9121093750
667.041138     23561.3925781250
667.370544     23777.6132812500
667.699829     23548.0175781250
668.029175     23639.4101562500
668.358459     23527.9570312500
668.687622     23391.9824218750
669.016846     23634.9531250000
669.345947     23336.2558593750
669.674927     22968.4570312500
670.003967     23198.0527343750
670.332947     22729.9453125000
670.661865     22634.0957031250
670.990784     22738.8613281250
671.319641     22645.2402343750
671.648438     22524.8691406250
671.977112     22582.8261718750
672.305847     22194.9648437500
672.634521     22279.6718750000
672.963135     21896.2695312500
673.291687     22186.0488281250
673.620178     22021.0976562500
673.948669     21838.3125000000
674.277100     21704.5683593750
674.605469     22012.1816406250
674.933899     21648.8398437500
675.262085     21896.2695312500
675.590332     21829.3964843750
675.918579     21483.8886718750
676.246704     21463.8261718750
676.574829     21463.8261718750
676.902893     21564.1347656250
677.230896     21635.4667968750
677.558899     21156.2128906250
677.886841     21330.0820312500
678.214661     21187.4218750000
678.542480     21198.5664062500
678.870239     21024.6972656250
679.197998     20962.2832031250
679.525696     20895.4121093750
679.853394     21142.8398437500
680.180969     20746.0625000000
680.508484     20639.0664062500
680.836060     20567.7363281250
681.163452     20298.0175781250
681.490845     20313.6210937500
681.818237     20349.2871093750
682.145569     20512.0097656250
682.472839     20425.0742187500
682.800110     20008.2363281250
683.127319     20300.2460937500
683.454468     20233.3730468750
683.781494     19812.0781250000
684.108582     19945.8222656250
684.435608     19497.7773437500
684.762451     19651.5839843750
685.089355     19506.6933593750
685.416199     19401.9257812500
685.743103     19281.5566406250
686.069824     19281.5566406250
686.396606     19245.8906250000
686.723267     18844.6562500000
687.049927     18369.8613281250
687.376465     17386.8359375000
687.703003     15665.9853515625
688.029419     14870.2031250000
688.355957     14966.0537109375
688.682312     15527.7822265625
689.008667     15641.4658203125
689.334961     15949.0791015625
689.661316     16116.2597656250
689.987427     15728.4003906250
690.313660     15717.2548828125
690.639771     16085.0527343750
690.965881     16261.1503906250
691.291809     16388.2089843750
691.617798     16642.3242187500
691.943726     16555.3886718750
692.269714     16628.9492187500
692.595459     16860.7734375000
692.921326     16653.4687500000
693.247009     16637.8652343750
693.572754     16328.0224609375
693.898438     16461.7675781250
694.223999     16332.4814453125
694.549561     16171.9873046875
694.875061     15715.0253906250
695.200562     15929.0175781250
695.526001     15706.1093750000
695.851379     15875.5195312500
696.176697     15728.4003906250
696.502014     15922.3300781250
696.827271     16093.9697265625
697.152405     15982.5156250000
697.477539     16388.2089843750
697.802612     16437.2480468750
698.127625     16626.7207031250
698.452698     16428.3320312500
698.777649     16189.8203125000
699.102539     16122.9472656250
699.427429     15895.5810546875
699.752258     15859.9160156250
700.077026     15690.5058593750
700.401733     15688.2763671875
700.726379     15793.0429687500
701.051025     15701.6513671875
701.375610     15365.0595703125
701.700134     15070.8212890625
702.024658     14966.0537109375
702.349060     15131.0058593750
702.673462     14983.8867187500
702.997864     15128.7773437500
703.322144     14921.4726562500
703.646362     15068.5917968750
703.970520     15271.4384765625
704.294739     15351.6855468750
704.618896     15409.6416015625
704.942932     15496.5751953125
705.266968     15342.7685546875
705.590942     15599.1132812500
705.914917     15525.5537109375
706.238770     15260.2929687500
706.562622     15349.4560546875
706.886292     15073.0498046875
707.210083     15233.5439453125
707.533813     15131.0058593750
707.857422     15414.0996093750
708.181030     15394.0380859375
708.504578     15385.1210937500
708.828064     14974.9707031250
709.151550     15217.9404296875
709.474976     14981.6572265625
709.798340     14919.2431640625
710.121582     15003.9482421875
710.444885     15021.7812500000
710.768127     15104.2568359375
711.091248     14966.0537109375
711.414429     14823.3925781250
711.737488     14905.8691406250
712.060547     14760.9785156250
712.383484     14682.9609375000
712.706482     14716.3964843750
713.029358     14618.3173828125
713.352112     14301.7880859375
713.674927     14462.2812500000
713.997681     14553.6738281250
714.320435     14330.7656250000
714.643066     14491.2597656250
714.965698     14194.7919921875
715.288269     14382.0351562500
715.610779     14081.1083984375
715.933289     13971.8837890625
716.255737     13811.3896484375
716.578003     13949.5927734375
716.900330     13528.2968750000
717.222595     12864.0302734375
717.544861     12322.3632812500
717.867065     11655.8681640625
718.189209     11185.5312500000
718.511292     10726.3408203125
718.833313     10539.0976562500
719.155334      9988.5146484375
719.477234     10053.1582031250
719.799133      9881.5185546875
720.120972      9683.1308593750
720.442749      9469.1386718750
720.764587      9440.1611328125
721.086304      9513.7207031250
721.407898      9870.3730468750
721.729553     10498.9746093750
722.051147     10871.2314453125
722.372681     11314.8183593750
722.694092     11765.0927734375
723.015503     11776.2382812500
723.336914     11586.7666015625
723.658264     11426.2724609375
723.979492     11025.0380859375
724.300781     10641.6357421875
724.621948     10271.6083984375
724.943115     10490.0585937500
725.264160     10144.5507812500
725.585205     10133.4052734375
725.906189      9888.2060546875
726.227173      9935.0166015625
726.548035     10278.2949218750
726.868896      9968.4531250000
727.189697     10057.6162109375
727.510498     10133.4052734375
727.831177     10146.7792968750
728.151855      9834.7080078125
728.472473      9761.1484375000
728.793091      9836.9375000000
729.113525     10019.7216796875
729.434021      9845.8535156250
729.754456      9814.6464843750
730.074829      9685.3593750000
730.395142      9939.4746093750
730.715454      9955.0781250000
731.035706      9872.6025390625
731.355896      9892.6640625000
731.676025      9963.9951171875
731.996033      9961.7656250000
732.316101      9872.6025390625
732.636108     10128.9472656250
732.956055     10436.5605468750
733.275940     10490.0585937500
733.595825     10510.1201171875
733.915649     10412.0400390625
734.235413     10862.3144531250
734.555054     10953.7070312500
734.874817     11247.9462890625
735.194336     11132.0332031250
735.513855     10958.1650390625
735.833435     10960.3945312500
736.152893     11120.8886718750
736.472290     10632.7197265625
736.791687     10626.0322265625
737.111023     10610.4287109375
737.430298     10655.0097656250
737.749512     10619.3447265625
738.068665     10637.1777343750
738.387817     10588.1376953125
738.706909     10833.3369140625
739.025879     10590.3671875000
739.344910     10581.4501953125
739.663879     10389.7490234375
739.982788     10507.8906250000
740.301636     10668.3847656250
740.620422     10668.3847656250
740.939148     10527.9521484375
741.257874     10434.3310546875
741.576477     10396.4365234375
741.895020     10434.3310546875
742.213623     10313.9609375000
742.532166     10305.0439453125
742.850586     10447.7060546875
743.169006     10267.1503906250
743.487366     10383.0625000000
743.805725     10523.4941406250
744.123962     10590.3671875000
744.442200     10414.2695312500
744.760315     10349.6259765625
745.078430     10369.6875000000
745.396484     10244.8593750000
745.714539     10157.9248046875
746.032532     10142.3212890625
746.350464     10084.3652343750
746.668335     10120.0302734375
746.986206     10166.8417968750
747.303955     10186.9033203125
747.621643     10033.0966796875
747.939331      9890.4355468750
748.257019      9955.0781250000
748.574585      9836.9375000000
748.892151      9979.5986328125
749.209656      9923.8710937500
749.527100      9718.7958984375
749.844482      9471.3681640625
750.161804      9618.4873046875
750.479126      9663.0693359375
750.796326      9569.4472656250
751.113525      9558.3017578125
751.430725      9442.3896484375
751.747803      9317.5615234375
752.064880      9174.9003906250
752.381897      9544.9277343750
752.698853      9357.6845703125
753.015747      9571.6767578125
753.332703      9440.1611328125
753.649475      9493.6582031250
753.966187      9304.1865234375
754.282898      9326.4775390625
754.599609      9339.8515625000
754.916199      9480.2841796875
755.232788      9397.8085937500
755.549316      9413.4121093750
755.865784      9201.6494140625
756.182190      9420.0986328125
756.498596      9125.8603515625
756.814941      9148.1513671875
757.131165      9246.2304687500
757.447388      9210.5654296875
757.763611      9092.4238281250
758.079712      9217.2529296875
758.395813      9255.1464843750
758.711853      9150.3798828125
759.027832      9041.1552734375
759.343811      8891.8066406250
759.659668      8700.1054687500
759.975464      7598.9394531250
760.291260      6477.7114257813
760.606995      5084.5351562500
760.922668      3974.4526367188
761.238342      3200.9611816406
761.554016      2922.3259277344
761.869507      3098.4235839844
762.185059      3700.2753906250
762.500488      4331.1054687500
762.815918      4721.1948242188
763.131165      4843.7944335938
763.446533      4649.8642578125
763.761719      4475.9960937500
764.076965      4473.7666015625
764.392151      4337.7929687500
764.707214      4467.0795898438
765.022339      4799.2128906250
765.337341      5088.9931640625
765.652283      5327.5048828125
765.967224      5768.8632812500
766.282043      5958.3349609375
766.596863      6250.3447265625
766.911621      6292.6972656250
767.226379      6734.0556640625
767.541016      6903.4658203125
767.855591      7335.9077148438
768.170227      7199.9335937500
768.484741      7483.0268554688
768.799194      7690.3315429688
769.113647      7708.1640625000
769.427979      7866.4291992188
769.742310      7752.7460937500
770.056580      7741.6005859375
770.370850      7906.5527343750
770.684998      7859.7416992188
770.999084      7984.5703125000
771.313232      7824.0766601563
771.627258      7714.8515625000
771.941223      7832.9926757813
772.255066      7754.9750976563
772.569031      7714.8515625000
772.882813      7783.9531250000
773.196594      7578.8774414063
773.510376      7456.2778320313
773.824036      7710.3935546875
774.137695      7507.5468750000
774.451294      7471.8818359375
774.764832      7376.0312500000
775.078308      7433.9873046875
775.391724      7333.6787109375
775.705078      7280.1806640625
776.018433      7244.5151367188
776.331726      7413.9252929688
776.644958      7338.1367187500
776.958130      7338.1367187500
777.271301      7313.6166992188
777.584412      7217.7661132813
777.897461      7244.5151367188
778.210510      7155.3520507813
778.523315      6936.9018554688
778.836304      6963.6508789063
779.149109      7077.3339843750
779.461914      7115.2285156250
779.774658      6985.9418945313
780.087402      7003.7744140625
780.400024      6760.8046875000
780.712585      6856.6552734375
781.025146      6767.4916992188
781.337646      6798.6987304688
781.650085      6720.6811523438
781.962463      6676.0996093750
782.274841      6669.4121093750
782.587158      6635.9760742188
782.899414      6673.8706054688
783.211609      6495.5439453125
783.523743      6457.6494140625
783.835938      6424.2133789063
784.147949      6428.6713867188
784.459900      6455.4204101563
784.771851      6297.1557617188
785.083801      6270.4067382813
785.395630      6183.4726562500
785.707397      6174.5561523438
786.019226      6272.6357421875
786.330933      6236.9702148438
786.642578      6045.2695312500
786.954224      5969.4804687500
787.265747      6011.8330078125
787.577209      5980.6259765625
787.888672      5987.3134765625
788.200073      5985.0839843750
788.511414      5820.1323242188
788.822754      5784.4667968750
789.133972      5815.6738281250
789.445190      5701.9907226563
789.756409      5601.6821289063
790.067505      5494.6860351563
790.378540      5508.0605468750
790.689514      5430.0429687500
791.000488      5461.2500000000
791.311401      5405.5229492188
791.622314      5454.5629882813
791.933105      5409.9809570313
792.243896      5479.0825195313
792.554565      5311.9013671875
792.865234      5262.8618164063
793.175842      5296.2978515625
793.486389      5385.4614257813
793.796875      5253.9453125000
794.107300      5211.5927734375
794.417786      5253.9453125000
794.728088      5305.2143554688
795.038452      5220.5092773438
795.348694      5100.1386718750
795.658936      5242.7998046875
795.969055      5180.3857421875
796.279175      5080.0771484375
796.589172      5002.0590820313
796.899231      4846.0234375000
797.209167      5002.0590820313
797.519104      4888.3759765625
797.828979      5071.1606445313
798.138794      5019.8916015625
798.448547      4984.2265625000
798.758301      4910.6669921875
799.067932      5006.5175781250
799.377563      4901.7504882813
799.687073      4854.9399414063
799.996582      4981.9975585938
800.306030      4850.4814453125
800.615479      4805.8999023438
800.924805      4694.4458007813
801.234192      4632.0317382813
801.543457      4712.2788085938
801.852600      4569.6171875000
802.161743      4509.4321289063
802.470886      4591.9082031250
802.779907      4625.3442382813
803.088867      4538.4101562500
803.397827      4536.1811523438
803.706787      4386.8325195313
804.015686      4375.6870117188
804.324463      4360.0834960938
804.633179      4451.4760742188
804.941956      4404.6655273438
805.250610      4402.4360351563
805.559204      4366.7709960938
805.867676      4451.4760742188
806.176270      4462.6215820313
806.484680      4333.3344726563
806.793091      4420.2690429688
807.101440      4402.4360351563
807.409729      4317.7309570313
807.718018      4369.0000000000
808.026184      4308.8149414063
808.334351      4302.1274414063
808.642456      4317.7309570313
808.950439      4237.4843750000
809.258484      4244.1713867188
809.566467      4215.1933593750
809.874329      4190.6733398438
810.182190      4088.1357421875
810.489990      4090.3647460938
810.797791      4070.3029785156
811.105469      4063.6157226563
811.413147      3934.3291015625
811.720642      4050.2412109375
812.028198      3825.1040039063
812.335693      3891.9765625000
812.643188      3802.8132324219
812.950562      3633.4030761719
813.257935      3767.1479492188
813.565186      3582.1342773438
813.872498      3517.4907226563
814.179626      3388.2041015625
814.486816      3495.1999511719
814.793823      3292.3535156250
815.100830      3285.6662597656
815.407837      3225.4812011719
815.714783      3049.3837890625
816.021667      3138.5468750000
816.328552      3122.9433593750
816.635315      3002.5729980469
816.942078      2917.8679199219
817.248779      2931.2424316406
817.555359      2998.1147460938
817.861938      3018.1765136719
818.168457      2978.0529785156
818.474976      2951.3041992188
818.781372      2886.6606445313
819.087769      2933.4714355469
819.394104      3002.5729980469
819.700378      2953.5332031250
820.006592      2929.0131835938
820.312744      2906.7224121094
820.618896      2946.8459472656
820.924927      3024.8637695313
821.230957      3078.3618164063
821.536926      3200.9611816406
821.842896      3096.1943359375
822.148804      3169.7541503906
822.454590      3087.2780761719
822.760376      2980.2822265625
823.066040      2942.3876953125
823.371704      2628.0871582031
823.677307      2530.0075683594
823.982910      2612.4836425781
824.288391      2741.7705078125
824.593872      2743.9995117188
824.899292      2908.9514160156
825.204651      2902.2644042969
825.509949      3069.4453125000
825.815186      3013.7182617188
826.120422      3038.2382812500
826.425598      2953.5332031250
826.730652      3033.7800292969
827.035706      3076.1325683594
827.340759      3018.1765136719
827.645630      2866.5988769531
827.950623      2917.8679199219
828.255432      2806.4138183594
828.560242      2793.0393066406
828.864990      2741.7705078125
829.169739      2853.2246093750
829.474304      2775.2065429688
829.778870      2677.1269531250
830.083435      2764.0612792969
830.387878      2779.6647949219
830.692383      2886.6606445313
830.996765      2755.1447753906
831.301086      2882.2026367188
831.605408      2779.6647949219
831.909668      2772.9775390625
832.213867      2759.6030273438
832.517883      2661.5234375000
832.821960      2739.5412597656
833.126038      2703.8759765625
833.429993      2735.0832519531
833.733948      2699.4179687500
834.037842      2697.1887207031
834.341614      2632.5454101563
834.645386      2701.6469726563
834.949158      2752.9157714844
835.252808      2679.3562011719
835.556335      2735.0832519531
835.859924      2759.6030273438
836.163513      2726.1667480469
836.466980      2755.1447753906
836.770325      2804.1845703125
837.073730      2654.8361816406
837.377075      2710.5632324219
837.680298      2784.1230468750
837.983521      2679.3562011719
838.286682      2645.9199218750
838.589722      2637.0036621094
838.892761      2663.7524414063
839.195801      2639.2326660156
839.498779      2759.6030273438
839.801636      2661.5234375000
840.104492      2650.3781738281
840.407288      2739.5412597656
840.710022      2594.6511230469
841.012695      2592.4218750000
841.315369      2612.4836425781
841.617920      2674.8979492188
841.920410      2766.2902832031
842.222961      2612.4836425781
842.525391      2645.9199218750
842.827759      2603.5673828125
843.130127      2514.4040527344
843.432373      2592.4218750000
843.734619      2576.8183593750
844.036804      2668.2106933594
844.338867      2581.2766113281
844.640930      2465.3642578125
844.942993      2480.9677734375
845.244934      2480.9677734375
845.546814      2570.1311035156
845.848755      2532.2368164063
846.150513      2530.0075683594
846.452332      2570.1311035156
846.754028      2630.3164062500
847.055664      2532.2368164063
847.357239      2487.6550292969
847.658813      2530.0075683594
847.960327      2521.0913085938
848.261780      2418.5534667969
848.563110      2492.1132812500
848.864563      2545.6113281250
849.165771      2405.1791992188
849.467041      2340.5356445313
849.768250      2396.2626953125
850.069397      2336.0776367188
850.370422      2327.1611328125
850.671448      2246.9143066406
850.972473      2244.6853027344
851.273376      2246.9143066406
851.574280      2246.9143066406
851.875122      2244.6853027344
852.175842      2242.4560546875
852.476624      2311.5576171875
852.777222      2253.6015625000
853.077881      2264.7468261719
853.378418      2353.9101562500
853.678955      2266.9760742188
853.979370      2298.1831054688
854.279785      2171.1254882813
854.580200      2097.5659179688
854.880493      2075.2749023438
855.180725      2106.4821777344
855.480957      2086.4204101563
855.781067      2081.9621582031
856.081116      1986.1116943359
856.381165      2079.7331542969
856.681152      2137.6892089844
856.981140      2084.1914062500
857.281006      2135.4602050781
857.580872      2110.9401855469
857.880676      2122.0856933594
858.180420      2122.0856933594
858.480103      2131.0019531250
858.779724      2068.5876464844
859.079224      2075.2749023438
859.378723      2057.4423828125
859.678223      1990.5699462891
859.977661      2081.9621582031
860.277039      2035.1514892578
860.576355      2097.5659179688
860.875610      2052.9841308594
861.174805      2059.6713867188
861.473999      2070.8168945313
861.773071      2055.2133789063
862.072083      2066.3586425781
862.371094      2213.4780273438
862.670044      2044.0678710938
862.968933      2050.7551269531
863.267761      2037.3806152344
863.566589      1890.2612304688
863.865356      2039.6097412109
864.164001      1995.0280761719
864.462646      1979.4244384766
864.761230      1990.5699462891
865.059692      1981.6535644531
865.358154      1874.6575927734
865.656616      2021.7770996094
865.954956      1952.6755371094
866.253357      1948.2172851563
866.551575      1803.3270263672
866.849792      1836.7633056641
867.147949      1787.7235107422
867.446106      1807.7851562500
867.744080      1758.7453613281
868.042053      1818.9306640625
868.340027      1852.3668212891
868.637878      1810.0142822266
868.935791      1776.5780029297
869.233582      1901.4066162109
869.531311      1776.5780029297
869.828979      1774.3489990234
870.126648      1731.9964599609
870.424255      1867.9704589844
870.721741      1785.4943847656
871.019165      1810.0142822266
871.316589      1758.7453613281
871.613953      1859.0540771484
871.911316      1843.4505615234
872.208557      1720.8510742188
872.505798      1810.0142822266
872.802979      1749.8291015625
873.100037      1836.7633056641
873.397156      1821.1596679688
873.694092      1792.1816406250
873.991028      1760.9744873047
874.287964      1756.5163574219
874.584778      1671.8112792969
874.881592      1740.9127197266
875.178284      1669.5821533203
875.474976      1689.6439208984
875.771606      1725.3092041016
876.068237      1682.9566650391
876.364746      1723.0800781250
876.661194      1642.8331298828
876.957581      1674.0402832031
877.253967      1687.4147949219
877.550293      1598.2515869141
877.846497      1682.9566650391
878.142761      1611.6259765625
878.438904      1575.9606933594
878.734985      1662.8948974609
879.031067      1660.6657714844
879.326965      1607.1678466797
879.622925      1542.5245361328
879.918823      1538.0662841797
880.214661      1631.6877441406
880.510498      1553.6699218750
880.806213      1569.2734375000
881.101868      1596.0224609375
881.397522      1564.8153076172
881.693115      1535.8372802734
881.988586      1593.7933349609
882.283997      1611.6259765625
882.579407      1535.8372802734
882.874817      1593.7933349609
883.170105      1551.4407958984
883.465332      1567.0444335938
883.760559      1538.0662841797
884.055725      1616.0842285156
884.350769      1573.7316894531
884.645813      1497.9428710938
884.940857      1500.1719970703
885.235718      1578.1898193359
885.530579      1513.5463867188
885.825439      1540.2954101563
886.120239      1526.9208984375
886.414917      1546.9826660156
886.709595      1526.9208984375
887.004272      1513.5463867188
887.298767      1464.5065917969
887.593323      1442.2158203125
887.887756      1473.4229736328
888.182129      1482.3392333984
888.476440      1344.1362304688
888.770752      1390.9468994141
889.065002      1406.5505371094
