0.126000
190.489868         0.0000000000
190.870819         0.0000000000
191.251740       495.4001770020
191.632629       397.6530456543
192.013474       499.8432312012
192.394302       504.2862854004
192.775101       466.5203552246
193.155838       508.7293090820
193.536575       490.9571228027
193.917267       557.6029052734
194.297943       513.1723632813
194.678574       537.6091308594
195.059174       577.5966186523
195.439743       546.4952392578
195.820282       606.4764404297
196.200790       575.3750610352
196.581268       546.4952392578
196.961700       526.5015258789
197.342117       548.7167968750
197.722488       584.2611694336
198.102829       553.1598510742
198.483154       493.1786499023
198.863434       522.0584716797
199.243698       546.4952392578
199.623901       555.3813476563
200.004089       504.2862854004
200.384247       622.0270996094
200.764389       515.3939208984
201.144485       504.2862854004
201.524536       573.1535644531
201.904572       457.6342468262
202.284561       524.2800292969
202.664520       568.7105102539
203.044449       586.4827270508
203.424362       530.9445800781
203.804214       530.9445800781
204.184067       506.5078125000
204.563858       573.1535644531
204.943649       506.5078125000
205.323380       546.4952392578
205.703094       462.0773010254
206.082764       517.6154174805
206.462418       535.3876342773
206.842026       559.8244018555
207.221588       595.3688354492
207.601166       575.3750610352
207.980667       522.0584716797
208.360153       586.4827270508
208.739609       533.1660766602
209.119034       542.0521850586
209.498428       522.0584716797
209.877777       533.1660766602
210.257111       535.3876342773
210.636398       555.3813476563
211.015656       528.7230224609
211.394882       537.6091308594
211.774094       464.2988281250
212.153244       555.3813476563
212.532394       502.0647583008
212.911484       524.2800292969
213.290543       564.2674560547
213.669571       548.7167968750
214.048584       488.7355957031
214.427567       553.1598510742
214.806488       553.1598510742
215.185410       504.2862854004
215.564270       562.0459594727
215.943115       626.4701538086
216.321930       633.1347656250
216.700714       570.9320068359
217.079437       570.9320068359
217.458176       424.3113708496
217.836838       553.1598510742
218.215485       475.4064331055
218.594101       595.3688354492
218.972687       506.5078125000
219.351227       526.5015258789
219.729752       635.3562622070
220.108246       535.3876342773
220.486694       493.1786499023
220.865128       535.3876342773
221.243515       579.8181152344
221.621872       562.0459594727
222.000183       542.0521850586
222.378494       577.5966186523
222.756744       533.1660766602
223.134964       506.5078125000
223.513153       555.3813476563
223.891327       617.5840454102
224.269455       548.7167968750
224.647552       510.9508361816
225.025620       573.1535644531
225.403656       504.2862854004
225.781647       590.9257812500
226.159622       453.1911926270
226.537552       557.6029052734
226.915436       515.3939208984
227.293335       539.8306884766
227.671158       570.9320068359
228.048950       604.2549438477
228.426727       557.6029052734
228.804459       542.0521850586
229.182175       548.7167968750
229.559845       599.8118896484
229.937500       542.0521850586
230.315094       510.9508361816
230.692673       519.8369750977
231.070221       604.2549438477
231.447723       537.6091308594
231.825180       535.3876342773
232.202652       593.1472778320
232.580048       477.6279602051
232.957428       506.5078125000
233.334778       557.6029052734
233.712097       573.1535644531
234.089386       519.8369750977
234.466614       557.6029052734
234.843842       533.1660766602
235.221024       528.7230224609
235.598175       508.7293090820
235.975281       544.2737426758
236.352386       599.8118896484
236.729431       557.6029052734
237.106445       588.7042236328
237.483414       537.6091308594
237.860382       482.0710144043
238.237305       559.8244018555
238.614182       493.1786499023
238.991043       562.0459594727
239.367859       573.1535644531
239.744644       570.9320068359
240.121414       573.1535644531
240.498138       593.1472778320
240.874817       522.0584716797
241.251480       566.4890136719
241.628098       517.6154174805
242.004700       610.9194946289
242.381241       537.6091308594
242.757782       599.8118896484
243.134262       577.5966186523
243.510727       513.1723632813
243.887146       553.1598510742
244.263535       553.1598510742
244.639893       499.8432312012
245.016220       497.6217041016
245.392517       517.6154174805
245.768768       526.5015258789
246.145020       584.2611694336
246.521194       579.8181152344
246.897354       530.9445800781
247.273483       517.6154174805
247.649567       528.7230224609
248.025650       604.2549438477
248.401672       564.2674560547
248.777664       513.1723632813
249.153641       630.9132080078
249.529556       530.9445800781
249.905457       542.0521850586
250.281326       522.0584716797
250.657135       590.9257812500
251.032959       590.9257812500
251.408707       590.9257812500
251.784424       526.5015258789
252.160126       582.0396728516
252.535797       515.3939208984
252.911423       548.7167968750
253.287018       530.9445800781
253.662582       579.8181152344
254.038116       588.7042236328
254.413605       642.0208740234
254.789063       555.3813476563
255.164505       597.5903320313
255.539886       575.3750610352
255.915268       553.1598510742
256.290588       488.7355957031
256.665894       593.1472778320
257.041168       619.8056030273
257.416351       544.2737426758
257.791565       535.3876342773
258.166779       519.8369750977
258.541870       526.5015258789
258.916962       553.1598510742
259.292023       610.9194946289
259.667023       515.3939208984
260.042053       519.8369750977
260.416992       575.3750610352
260.791931       524.2800292969
261.166809       570.9320068359
261.541687       550.9382934570
261.916504       502.0647583008
262.291321       575.3750610352
262.666077       562.0459594727
263.040802       588.7042236328
263.415497       533.1660766602
263.790161       593.1472778320
264.164795       553.1598510742
264.539368       568.7105102539
264.913910       533.1660766602
265.288452       573.1535644531
265.662964       510.9508361816
266.037384       517.6154174805
266.411865       570.9320068359
266.786224       582.0396728516
267.160583       477.6279602051
267.534912       526.5015258789
267.909210       595.3688354492
268.283447       608.6979980469
268.657654       537.6091308594
269.031860       568.7105102539
269.406006       530.9445800781
269.780151       542.0521850586
270.154236       530.9445800781
270.528290       588.7042236328
270.902283       555.3813476563
271.276306       546.4952392578
271.650238       579.8181152344
272.024170       562.0459594727
272.398041       633.1347656250
272.771881       537.6091308594
273.145721       548.7167968750
273.519531       533.1660766602
273.893219       510.9508361816
274.266937       575.3750610352
274.640656       506.5078125000
275.014282       519.8369750977
275.387909       539.8306884766
275.761475       477.6279602051
276.135040       517.6154174805
276.508514       537.6091308594
276.882019       535.3876342773
277.255463       533.1660766602
277.628906       584.2611694336
278.002258       593.1472778320
278.375549       568.7105102539
278.748901       526.5015258789
279.122162       595.3688354492
279.495392       635.3562622070
279.868622       590.9257812500
280.241791       533.1660766602
280.614929       535.3876342773
280.988007       624.2486572266
281.361084       573.1535644531
281.734131       650.9069213867
282.107117       555.3813476563
282.480072       510.9508361816
282.853027       586.4827270508
283.225952       586.4827270508
283.598785       530.9445800781
283.971619       524.2800292969
284.344452       539.8306884766
284.717194       602.0333862305
285.089905       595.3688354492
285.462616       515.3939208984
285.835297       539.8306884766
286.207886       550.9382934570
286.580475       517.6154174805
286.953064       590.9257812500
287.325592       570.9320068359
287.698059       502.0647583008
288.070496       573.1535644531
288.442963       566.4890136719
288.815308       622.0270996094
289.187683       519.8369750977
289.559998       602.0333862305
289.932281       666.4576416016
290.304504       555.3813476563
290.676727       470.9633789063
291.048920       562.0459594727
291.421082       559.8244018555
291.793182       588.7042236328
292.165222       513.1723632813
292.537292       524.2800292969
292.909332       537.6091308594
293.281281       584.2611694336
293.653198       602.0333862305
294.025116       584.2611694336
294.397003       546.4952392578
294.768860       577.5966186523
295.140656       595.3688354492
295.512390       595.3688354492
295.884125       586.4827270508
296.255829       542.0521850586
296.627502       573.1535644531
296.999146       608.6979980469
297.370728       622.0270996094
297.742249       590.9257812500
298.113831       577.5966186523
298.485291       575.3750610352
298.856781       599.8118896484
299.228149       488.7355957031
299.599579       526.5015258789
299.970917       486.5140686035
300.342224       559.8244018555
300.713531       513.1723632813
301.084778       522.0584716797
301.455994       504.2862854004
301.827148       579.8181152344
302.198334       588.7042236328
302.569427       617.5840454102
302.940521       633.1347656250
303.311554       617.5840454102
303.682556       697.5589599609
304.053528       635.3562622070
304.424469       682.0083007813
304.795380       655.3499755859
305.166260       646.4639282227
305.537048       693.1159057617
305.907837       666.4576416016
306.278625       721.9957885742
306.649384       741.9895019531
307.020050       724.2172851563
307.390686       813.0783081055
307.761353       828.6289672852
308.131897       868.6164550781
308.502502       835.2935791016
308.872986       879.7240600586
309.243500       924.1546020508
309.613922       979.6926879883
309.984344       930.8191528320
310.354736       955.2559204102
310.725098      1119.6488037109
311.095398      1146.3071289063
311.465637      1288.4847412109
311.835907      1404.0040283203
312.206116      1384.0103759766
312.576294      1392.8964843750
312.946411      1468.4283447266
313.316528      1619.4920654297
313.686584      1526.1879882813
314.056610      1663.9226074219
314.426605      1668.3656005859
314.796570      1739.4544677734
315.166504      1877.1889648438
315.536377      1861.6383056641
315.906250      1834.9799804688
316.276093      1963.8284912109
316.645844      2068.2402343750
317.015594      2177.0949707031
317.385315      2330.3801269531
317.755035      2341.4877929688
318.124603      2548.0895996094
318.494263      2381.4753417969
318.863831      2603.6276855469
319.233368      2739.1408691406
319.602875      2748.0268554688
319.972351      2867.9892578125
320.341797      2954.6289062500
320.711182      3283.4145507813
321.080536      3354.5034179688
321.449890      3318.9589843750
321.819183      3227.8764648438
322.188446      3421.1491699219
322.557648      3343.3957519531
322.926880      3305.6298828125
323.295990      3372.2756347656
323.665100      3532.2253417969
324.034210      3634.4155273438
324.403259      3872.1188964844
324.772247      3998.7458496094
325.141205      4287.5439453125
325.510193      4460.8232421875
325.879120      4720.7416992188
326.247955      5133.9453125000
326.616791      5471.6171875000
326.985596      5573.8071289063
327.354340      5649.3393554688
327.723053      5636.0102539063
328.091797      5538.2626953125
328.460449      5402.7500000000
328.829071      5740.4218750000
329.197632      5911.4790039063
329.566193      6211.3852539063
329.934753      6624.5888671875
330.303192      6422.4301757813
330.671631      6377.9995117188
331.040070      6142.5175781250
331.408478      6240.2651367188
331.776794      6242.4863281250
332.145081      6162.5117187500
332.513367      6338.0122070313
332.881592      6551.2783203125
333.249756      6404.6577148438
333.617920      6351.3413085938
333.986084      6255.8154296875
334.354156      6262.4799804688
334.722229      6597.9306640625
335.090240      6609.0380859375
335.458252      6524.6201171875
335.826202      6353.5625000000
336.194092      5904.8144531250
336.561951      5771.5229492188
336.929779      5989.2324218750
337.297577      5969.2387695313
337.665375      6158.0683593750
338.033142      6375.7778320313
338.400787      6580.1582031250
338.768463      7173.3056640625
339.136108      7573.1801757813
339.503693      7695.3642578125
339.871246      8301.8408203125
340.238770      8417.3593750000
340.606262      8670.6132812500
340.973755      8221.8652343750
341.341125      8068.5805664063
341.708527      7746.4589843750
342.075867      7953.0610351563
342.443146      7839.7631835938
342.810425      8117.4541015625
343.177673      8079.6879882813
343.544861      8057.4726562500
343.912018      7597.6171875000
344.279114      7353.2490234375
344.646271      7035.5708007813
345.013336      7139.9829101563
345.380341      7613.1674804688
345.747314      7690.9208984375
346.114258      7804.2187500000
346.481171      7950.8393554688
346.848022      7928.6240234375
347.214905      8101.9033203125
347.581726      8119.6752929688
347.948456      8081.9096679688
348.315186      8013.0419921875
348.681885      8119.6752929688
349.048584      8061.9160156250
349.415161      7964.1684570313
349.781738      8068.5805664063
350.148346      8510.6640625000
350.514862      9148.2421875000
350.881287      9214.8876953125
351.247742      9183.7861328125
351.614197      9217.1093750000
351.980530      9068.2666015625
352.346863      8826.1201171875
352.713165      8588.4169921875
353.079437      8690.6074218750
353.445679      9052.7158203125
353.811859      9788.0410156250
354.178009     10119.0478515625
354.544159     10334.5361328125
354.910217     10365.6376953125
355.276276     10487.8212890625
355.642303     10196.8017578125
356.008270     10201.2451171875
356.374176      9721.3955078125
356.740112      9417.0458984375
357.105988      8963.8554687500
357.471802      8459.5683593750
357.837585      8348.4921875000
358.203339      8033.0361328125
358.569092      7702.0288085938
358.934753      7697.5854492188
359.300415      8475.1191406250
359.666016      9390.3876953125
360.031616     10210.1308593750
360.397125     10461.1630859375
360.762634     10087.9472656250
361.128143      9616.9833984375
361.493530      9668.0791015625
361.858917      9399.2744140625
362.224274      9685.8505859375
362.589630      9914.6679687500
362.954895     10556.6884765625
363.320160     10825.4931640625
363.685394     10667.7646484375
364.050568     10701.0878906250
364.415680     11343.1083984375
364.780792     11072.0830078125
365.145874     11229.8115234375
365.510895     11640.7929687500
365.875854     12478.3085937500
366.240845     12984.8164062500
366.605774     13375.8046875000
366.970642     12967.0439453125
367.335480     13124.7724609375
367.700317     13029.2470703125
368.065125     12907.0625000000
368.429840     12527.1816406250
368.794525     12440.5419921875
369.159241     12602.7138671875
369.523834     13111.4433593750
369.888397     13613.5078125000
370.252991     13760.1289062500
370.617554     13477.9951171875
370.981995     12929.2783203125
371.346436     13040.3544921875
371.710846     13309.1591796875
372.075256     13044.7968750000
372.439545     12496.0800781250
372.803864     12165.0732421875
373.168121     11998.4589843750
373.532379     11418.6406250000
373.896545     10656.6572265625
374.260681     10681.0947265625
374.624847     10761.0693359375
374.988892     10654.4355468750
375.352936     10989.8867187500
375.716949     11649.6796875000
376.080933     11980.6865234375
376.444855     12365.0107421875
376.808716     12755.9990234375
377.172638     13102.5566406250
377.536469     14022.2685546875
377.900208     14606.5292968750
378.263947     15524.0195312500
378.627686     15621.7666015625
378.991364     14879.7773437500
379.354980     14137.7880859375
379.718628     13462.4443359375
380.082214     12791.5429687500
380.445709     13326.9306640625
380.809174     13884.5341796875
381.172668     14395.4843750000
381.536072     13784.5654296875
381.899475     12371.6748046875
382.262787     11647.4580078125
382.626129     10607.7841796875
382.989380      9676.9648437500
383.352631      9272.6474609375
383.715790      8717.2656250000
384.078979      9088.2607421875
384.442078     10023.5224609375
384.805145     11076.5253906250
385.168243     12145.0791015625
385.531250     12245.0478515625
385.894226     11738.5400390625
386.257141     11862.9453125000
386.620056     12091.7626953125
386.982941     12100.6494140625
387.345734     12198.3964843750
387.708527     12260.5986328125
388.071289     12109.5351562500
388.433990     11774.0849609375
388.796661     11969.5791015625
389.159332     12358.3457031250
389.521942     13271.3925781250
389.884491     13986.7236328125
390.247040     14446.5800781250
390.609528     14793.1376953125
390.971985     15037.5058593750
391.334412     15577.3359375000
391.696747     15908.3437500000
392.059143     15470.7031250000
392.421478     14015.6035156250
392.783691     13029.2470703125
393.145935     10601.1191406250
393.508148      9159.3496093750
393.870270      8390.7011718750
394.232391      9079.3740234375
394.594482     10858.8164062500
394.956573     12835.9736328125
395.318542     14277.7441406250
395.680511     14964.1953125000
396.042450     14901.9921875000
396.404388     13160.3164062500
396.766235     11200.9316406250
397.128021      9821.3642578125
397.489838     10223.4599609375
397.851563     12116.1992187500
398.213257     14048.9267578125
398.574951     16330.4335937500
398.936615     17934.3750000000
399.298187     18898.5175781250
399.659729     19651.6132812500
400.021271     20204.7734375000
400.382751     20400.2675781250
400.744202     20282.5273437500
401.105621     20577.9902343750
401.466980     20942.3203125000
401.828339     21162.2519531250
402.189606     21571.0117187500
402.550873     21968.6640625000
402.912140     21673.2011718750
403.273285     20846.7949218750
403.634430     20864.5664062500
403.995544     20740.1621093750
404.356659     20822.3574218750
404.717651     20560.2187500000
405.078674     20400.2675781250
405.439636     20564.6601562500
405.800568     20557.9960937500
406.161438     20111.4687500000
406.522278     19602.7402343750
406.883118     19927.0839843750
407.243866     19875.9882812500
407.604584     20033.7167968750
407.965302     20275.8632812500
408.325989     20680.1796875000
408.686584     21224.4531250000
409.047150     21668.7597656250
409.407715     21964.2226562500
409.768250     21377.7382812500
410.128723     20595.7617187500
410.489136     19831.5566406250
410.849518     19955.9628906250
411.209900     21013.4082031250
411.570190     21657.6523437500
411.930511     22381.8691406250
412.290741     22779.5214843750
412.650940     22808.4023437500
413.011078     22388.5332031250
413.371246     22515.1601562500
413.731354     22432.9628906250
414.091400     22690.6601562500
414.451385     22741.7558593750
414.811401     22632.9003906250
415.171356     22501.8320312500
415.531281     22355.2109375000
415.891113     22946.1367187500
416.250946     23210.4980468750
416.610718     22857.2753906250
416.970490     22970.5722656250
417.330200     22317.4453125000
417.689911     22350.7675781250
418.049530     21593.2265625000
418.409119     22295.2285156250
418.768707     21928.6777343750
419.128235     21835.3730468750
419.487701     22135.2792968750
419.847137     22197.4824218750
420.206573     21915.3476562500
420.565948     22273.0136718750
420.925232     21817.6015625000
421.284576     23037.2187500000
421.643860     23114.9726562500
422.003052     23203.8339843750
422.362213     22146.3867187500
422.721375     21750.9550781250
423.080536     21431.0566406250
423.439575     21333.3085937500
423.798584     21773.1699218750
424.157593     21928.6777343750
424.516571     21782.0566406250
424.875458     21553.2402343750
425.234314     21950.8925781250
425.593201     21228.8964843750
425.951965     21348.8593750000
426.310699     21244.4472656250
426.669495     21557.6835937500
427.028168     21279.9921875000
427.386810     20724.6113281250
427.745392     20506.9003906250
428.103973     20782.3710937500
428.462524     20726.8320312500
428.821045     20566.8828125000
429.179504     19964.8496093750
429.537903     19898.2031250000
429.896271     18676.3652343750
430.254608     17239.0371093750
430.612915     16477.0546875000
430.971222     16417.0722656250
431.329437     16581.4648437500
431.687622     18847.4218750000
432.045776     20940.0996093750
432.403900     21722.0761718750
432.761993     21710.9687500000
433.119995     22184.1523437500
433.477997     22639.5664062500
433.835968     21850.9238281250
434.193909     21211.1250000000
434.551758     21233.3398437500
434.909637     21853.1464843750
435.267395     22472.9511718750
435.625183     22886.1542968750
435.982910     23879.1777343750
436.340607     24747.7929687500
436.698273     24985.4960937500
437.055878     25047.6992187500
437.413452     24898.8574218750
437.770996     24123.5449218750
438.128479     23385.9980468750
438.485962     22639.5664062500
438.843384     22401.8632812500
439.200775     22664.0019531250
439.558136     23450.4218750000
439.915405     24030.2402343750
440.272705     24110.2148437500
440.629883     24150.2031250000
440.987091     24234.6210937500
441.344238     25138.7812500000
441.701355     25998.5117187500
442.058441     25962.9667968750
442.415436     26178.4550781250
442.772461     26531.6777343750
443.129425     27087.0605468750
443.486359     27013.7500000000
443.843231     26496.1347656250
444.200104     26618.3183593750
444.556885     26493.9121093750
444.913635     26971.5410156250
445.270355     26476.1406250000
445.627075     26114.0312500000
445.983704     25558.6503906250
446.340302     25252.0800781250
446.696869     25989.6269531250
447.053436     26051.8281250000
447.409912     27104.8320312500
447.766357     27333.6484375000
448.122803     28064.5312500000
448.479156     27371.4140625000
448.835510     27618.0039062500
449.191772     27333.6484375000
449.548096     27326.9843750000
449.904297     27909.0234375000
450.260437     27811.2773437500
450.616608     28371.1015625000
450.972687     28719.8808593750
451.328796     28477.7343750000
451.684814     28320.0058593750
452.040833     27837.9355468750
452.396729     27893.4726562500
452.752655     26938.2167968750
453.108551     25994.0683593750
453.464355     25312.0605468750
453.820160     26091.8164062500
454.175934     26300.6386718750
454.531616     26660.5273437500
454.887299     26591.6601562500
455.242950     26660.5273437500
455.598541     27084.8378906250
455.954102     27147.0410156250
456.309601     26982.6484375000
456.665131     27504.7070312500
457.020538     27849.0429687500
457.375977     27886.8085937500
457.731323     28011.2148437500
458.086670     27102.6093750000
458.441956     27231.4589843750
458.797211     27655.7695312500
459.152405     27582.4589843750
459.507538     27842.3789062500
459.862701     27518.0351562500
460.217773     27873.4804687500
460.572845     28153.3925781250
460.927856     28173.3847656250
461.282837     28975.3554687500
461.637756     29215.2812500000
461.992645     28913.1542968750
462.347504     29499.6367187500
462.702332     29572.9472656250
463.057129     29939.4980468750
463.411835     29892.8457031250
463.766541     30210.5234375000
464.121185     29806.2070312500
464.475830     29621.8203125000
464.830383     29568.5039062500
465.184937     29424.1035156250
465.539429     29399.6679687500
465.893921     30174.9804687500
466.248322     31068.0332031250
466.602753     30403.7968750000
466.957062     30750.3554687500
467.311371     30174.9804687500
467.665619     30574.8554687500
468.019897     31212.4316406250
468.374054     31499.0097656250
468.728180     31394.5976562500
469.082306     32432.0488281250
469.436371     33169.5976562500
469.790405     32885.2421875000
470.144379     32356.5175781250
470.498352     32791.9375000000
470.852264     32763.0566406250
471.206146     33518.3750000000
471.559967     33796.0664062500
471.913788     34569.1562500000
472.267487     35297.8164062500
472.621246     35842.0898437500
472.974915     35515.5273437500
473.328522     35979.8242187500
473.682129     36059.8007812500
474.035675     36377.4804687500
474.389191     37299.4101562500
474.742676     38030.2929687500
475.096130     38507.9218750000
475.449493     38334.6445312500
475.802856     38516.8085937500
476.156189     38607.8906250000
476.509460     38996.6562500000
476.862732     38065.8398437500
477.215912     39289.8984375000
477.569061     40265.1484375000
477.922150     41231.5117187500
478.275299     42355.6054687500
478.628296     42131.2304687500
478.981323     42333.3867187500
479.334259     42188.9882812500
479.687195     43359.7343750000
480.040070     43872.9062500000
480.392914     43844.0273437500
480.745728     43535.2343750000
481.098511     44659.3242187500
481.451202     45203.5976562500
481.803925     45814.5195312500
482.156525     45892.2734375000
482.509125     45987.7968750000
482.861694     46041.1132812500
483.214233     46281.0390625000
483.566711     46214.3945312500
483.919128     46927.5039062500
484.271576     46232.1640625000
484.623901     46445.4335937500
484.976257     46623.1523437500
485.328522     46345.4648437500
485.680786     45192.4921875000
486.032959     42302.2890625000
486.385132     40949.3789062500
486.737274     41080.4492187500
487.089325     42246.7500000000
487.441376     43164.2382812500
487.793396     44803.7265625000
488.145386     46423.2187500000
488.497284     47051.9101562500
488.849182     47165.2070312500
489.201019     47398.4648437500
489.552826     47542.8671875000
489.904572     48644.7421875000
490.256317     49482.2578125000
490.608002     49895.4609375000
490.959656     49757.7265625000
491.311249     49215.6757812500
491.662811     49180.1289062500
492.014343     48009.3867187500
492.365814     47709.4804687500
492.717285     48646.9648437500
493.068665     49528.9101562500
493.420044     49273.4335937500
493.771362     49904.3476562500
494.122650     50077.6250000000
494.473877     50108.7265625000
494.825104     50561.9179687500
495.176270     51166.1718750000
495.527374     50981.7851562500
495.878479     50695.2109375000
496.229492     50544.1484375000
496.580536     51306.1289062500
496.931458     50984.0078125000
497.282379     51255.0351562500
497.633270     51412.7617187500
497.984131     51139.5156250000
498.334900     50188.7031250000
498.685669     50002.0937500000
499.036377     50182.0390625000
499.387115     50510.8242187500
499.737701     50801.8437500000
500.088318     50324.2148437500
500.438904     50388.6406250000
500.789429     49762.1679687500
501.139893     49473.3710937500
501.490295     49113.4843750000
501.840729     48831.3515625000
502.191040     48886.8867187500
502.541382     49053.5039062500
502.891663     49262.3281250000
503.241913     49553.3476562500
503.592133     49895.4609375000
503.942322     49011.2929687500
504.292358     48691.3945312500
504.642395     49100.1562500000
504.992432     49393.3945312500
505.342468     49984.3203125000
505.692413     50668.5507812500
506.042358     51101.7500000000
506.392242     51572.7109375000
506.742035     51472.7460937500
507.091858     50752.9687500000
507.441528     51219.4921875000
507.791290     50321.9921875000
508.140961     49619.9921875000
508.490601     50044.3046875000
508.840210     50615.2343750000
509.189697     51332.7890625000
509.539215     51508.2890625000
509.888641     51312.7929687500
510.238098     51446.0859375000
510.587494     50944.0195312500
510.936859     51175.0585937500
511.286194     51163.9531250000
511.635498     51845.9609375000
511.984650     52408.0078125000
512.333862     51712.6679687500
512.682922     51097.3046875000
513.032043     51268.3632812500
513.381104     51330.5664062500
513.730164     51163.9531250000
514.079163     50728.5351562500
514.428040     50364.2031250000
514.776978     50521.9296875000
515.125793     51057.3203125000
515.474609     50692.9882812500
515.823425     51608.2578125000
516.172180     51183.9453125000
516.520813     50070.9609375000
516.869568     48295.9609375000
517.218079     46638.7031250000
517.566650     47194.0859375000
517.915161     47620.6171875000
518.263672     47631.7265625000
518.612183     48167.1132812500
518.960571     48222.6523437500
519.308899     49060.1679687500
519.657227     49831.0351562500
520.005554     50550.8125000000
520.353699     51037.3242187500
520.701904     50824.0585937500
521.050110     51223.9335937500
521.398254     51381.6601562500
521.746338     51783.7578125000
522.094421     51970.3671875000
522.442383     51643.8007812500
522.790222     50988.4531250000
523.138184     50637.4492187500
523.486145     51121.7421875000
523.833984     51348.3398437500
524.181763     51950.3710937500
524.529541     52141.4218750000
524.877197     52312.4804687500
525.224915     52052.5625000000
525.572449     52083.6640625000
525.920105     51977.0312500000
526.267639     51103.9726562500
526.615173     49591.1132812500
526.962646     48782.4765625000
527.309998     48546.9960937500
527.657410     49084.6054687500
528.004700     50133.1640625000
528.351990     50448.6210937500
528.699280     51001.7812500000
529.046509     51712.6679687500
529.393677     52392.4570312500
529.740845     51779.3164062500
530.087891     51668.2382812500
530.434998     51794.8671875000
530.781921     51903.7187500000
531.128906     51923.7148437500
531.475891     52134.7578125000
531.822815     51870.3984375000
532.169617     51670.4609375000
532.516418     50750.7500000000
532.863159     50059.8554687500
533.209839     49931.0039062500
533.556580     50213.1406250000
533.903198     49973.2148437500
534.249817     50484.1640625000
534.596436     50586.3554687500
534.942932     50684.1015625000
535.289368     51057.3203125000
535.635803     51299.4648437500
535.982178     51872.6171875000
536.328552     51663.7968750000
536.674805     50577.4687500000
537.021118     49922.1210937500
537.367371     50108.7265625000
537.713501     50333.1015625000
538.059692     50633.0078125000
538.405701     50397.5273437500
538.751831     50306.4453125000
539.097839     50459.7304687500
539.443787     49913.2343750000
539.789734     49531.1328125000
540.135620     48764.7031250000
540.481506     48433.6992187500
540.827209     48062.7031250000
541.173035     47989.3906250000
541.518799     48180.4453125000
541.864502     48473.6835937500
542.210144     48962.4218750000
542.555786     48729.1601562500
542.901245     48631.4140625000
543.246826     48602.5351562500
543.592285     48362.6093750000
543.937683     49006.8515625000
544.283142     48884.6679687500
544.628479     49206.7890625000
544.973816     48358.1640625000
545.319031     49015.7382812500
545.664307     49226.7812500000
546.009399     48660.2929687500
546.354614     48713.6093750000
546.699707     48520.3359375000
547.044739     48844.6796875000
547.389832     48304.8476562500
547.734802     47805.0039062500
548.079712     48142.6757812500
548.424622     48089.3593750000
548.769409     48116.0195312500
549.114258     48338.1718750000
549.459045     48409.2617187500
549.803772     48444.8046875000
550.148499     48582.5390625000
550.493103     48995.7421875000
550.837708     47878.3164062500
551.182190     47951.6250000000
551.526733     48080.4765625000
551.871216     48164.8945312500
552.215698     48300.4062500000
552.560120     48238.2031250000
552.904480     47742.8046875000
553.248718     47600.6250000000
553.592957     47616.1757812500
553.937195     47620.6171875000
554.281372     47836.1054687500
554.625549     47649.5000000000
554.969666     48064.9257812500
555.313721     47776.1250000000
555.657654     47816.1132812500
556.001709     47645.0546875000
556.345581     47500.6562500000
556.689514     46596.4960937500
557.033325     45947.8085937500
557.377197     45885.6093750000
557.720947     45850.0625000000
558.064575     46001.1289062500
558.408264     45974.4687500000
558.751892     44932.5742187500
559.095520     44015.0820312500
559.439087     44055.0703125000
559.782654     43930.6640625000
560.126099     43759.6093750000
560.469543     43895.1210937500
560.812927     44699.3125000000
561.156250     43493.0234375000
561.499512     44812.6093750000
561.842773     43930.6640625000
562.185974     44108.3867187500
562.529175     43752.9414062500
562.872314     44015.0820312500
563.215332     44388.3007812500
563.558472     43857.3554687500
563.901367     43639.6445312500
564.244385     42937.6445312500
564.587341     43222.0000000000
564.930237     43290.8671875000
565.273071     43004.2890625000
565.615845     42408.9218750000
565.958557     41720.2460937500
566.301331     41704.6953125000
566.643860     41715.8046875000
566.986511     41846.8750000000
567.329163     42451.1289062500
567.671692     42124.5664062500
568.014221     40909.3906250000
568.356628     39871.9375000000
568.699036     39560.9257812500
569.041321     39632.0156250000
569.383728     39867.4960937500
569.726013     39807.5156250000
570.068298     39916.3671875000
570.410461     39758.6406250000
570.752686     39172.1562500000
571.094727     38670.0937500000
571.436768     39027.7578125000
571.778809     39174.3789062500
572.120850     39649.7851562500
572.462769     39825.2851562500
572.804688     39629.7929687500
573.146606     39327.6640625000
573.488342     39045.5312500000
573.830139     40027.4453125000
574.171814     39589.8046875000
574.513550     39072.1875000000
574.855164     39438.7421875000
575.196838     38672.3164062500
575.538391     38334.6445312500
575.879883     37597.0976562500
576.221375     37685.9570312500
576.562744     38014.7421875000
576.904175     38290.2109375000
577.245483     38432.3906250000
577.586792     38563.4609375000
577.928101     38063.6171875000
578.269348     38039.1796875000
578.610535     37905.8867187500
578.951660     37372.7226562500
579.292664     37712.6171875000
579.633728     37934.7695312500
579.974792     38116.9335937500
580.315796     38245.7812500000
580.656677     38325.7578125000
580.997498     38243.5585937500
581.338379     38105.8242187500
581.679138     38334.6445312500
582.019897     37988.0859375000
582.360657     38725.6328125000
582.701294     39343.2148437500
583.041931     39114.3984375000
583.382507     38634.5468750000
583.723022     38998.8789062500
584.063538     38967.7773437500
584.403931     38456.8281250000
584.744385     38303.5429687500
585.084778     38163.5859375000
585.425110     37490.4648437500
585.765381     37123.9101562500
586.105591     37179.4492187500
586.445801     36892.8710937500
586.785889     36721.8164062500
587.125977     36788.4609375000
587.466064     36699.6015625000
587.806152     36361.9296875000
588.146118     35579.9531250000
588.486023     34875.7265625000
588.825928     32794.1601562500
589.165710     31750.0410156250
589.505554     30432.6777343750
589.845337     29606.2695312500
590.185120     30490.4375000000
590.524780     30970.2851562500
590.864441     31616.7500000000
591.203918     32165.4667968750
591.543518     32007.7382812500
591.882996     32498.6953125000
592.222473     31792.2500000000
592.561890     32209.8964843750
592.901306     32460.9296875000
593.240662     32540.9042968750
593.579895     32876.3554687500
593.919128     33347.3164062500
594.258301     32436.4921875000
594.597473     31574.5410156250
594.936646     31243.5332031250
595.275696     31734.4902343750
595.614807     31541.2187500000
595.953796     32012.1816406250
596.292725     31996.6308593750
596.631592     32460.9296875000
596.970398     32645.3164062500
597.309204     32645.3164062500
597.648010     32334.3027343750
597.986755     32183.2382812500
598.325500     32474.2578125000
598.664124     32394.2832031250
599.002686     32267.6562500000
599.341187     31943.3144531250
599.679749     32503.1386718750
600.018250     32089.9355468750
600.356628     32187.6816406250
600.695068     32314.3085937500
601.033386     31898.8828125000
601.371643     31008.0527343750
601.709900     31567.8769531250
602.048035     31538.9960937500
602.386292     31650.0722656250
602.724426     31270.1914062500
603.062500     31901.1054687500
603.400574     32287.6503906250
603.738525     32067.7187500000
604.076477     32312.0878906250
604.414307     32354.2968750000
604.752197     32121.0371093750
605.090027     32212.1191406250
605.427795     31496.7871093750
605.765564     31327.9511718750
606.103210     31665.6230468750
606.440857     31283.5214843750
606.778442     31467.9082031250
607.115967     31101.3554687500
607.453552     31530.1113281250
607.791016     31074.6972656250
608.128418     30836.9941406250
608.465820     30619.2851562500
608.803162     30577.0761718750
609.140442     30210.5234375000
609.477661     30110.5566406250
609.814880     30266.0625000000
610.152100     30174.9804687500
610.489258     29401.8886718750
610.826294     29815.0937500000
611.163269     29688.4667968750
611.500305     30223.8535156250
611.837219     29495.1933593750
612.174072     29273.0410156250
612.510986     29361.9023437500
612.847839     29357.4589843750
613.184570     29228.6093750000
613.521362     29306.3632812500
613.857971     28619.9121093750
614.194641     28888.7167968750
614.531189     29117.5332031250
614.867737     28564.3730468750
615.204285     28817.6269531250
615.540771     28908.7109375000
615.877197     28464.4062500000
616.213562     27713.5292968750
616.549927     27526.9218750000
616.886169     27580.2382812500
617.222351     27491.3769531250
617.558594     27735.7441406250
617.894775     27922.3535156250
618.230896     28106.7402343750
618.566956     28544.3808593750
618.902954     28204.4863281250
619.238953     28020.0996093750
619.574890     28484.3984375000
619.910767     28331.1132812500
620.246643     28193.3789062500
620.582458     28222.2597656250
620.918213     28055.6445312500
621.253967     28057.8652343750
621.589661     27840.1562500000
621.925232     27493.5996093750
622.260803     27578.0175781250
622.596375     27729.0800781250
622.931885     27244.7871093750
623.267334     27073.7304687500
623.602722     27315.8769531250
623.938110     26720.5078125000
624.273376     26520.5703125000
624.608643     26696.0703125000
624.943848     26769.3808593750
625.279114     26407.2734375000
625.614258     26200.6718750000
625.949341     25823.0117187500
626.284424     25783.0234375000
626.619446     25916.3164062500
626.954407     26038.5000000000
627.289307     26236.2148437500
627.624207     25054.3632812500
627.959045     25038.8125000000
628.293884     24394.5703125000
628.628601     24301.2675781250
628.963257     24747.7929687500
629.297913     24281.2734375000
629.632507     24763.3437500000
629.967102     24470.1035156250
630.301697     24336.8105468750
630.636169     24305.7089843750
630.970581     24510.0898437500
631.304993     24607.8378906250
631.639282     24194.6328125000
631.973572     23999.1386718750
632.307861     24063.5625000000
632.642090     24221.2910156250
632.976257     24312.3750000000
633.310425     24319.0390625000
633.644470     24192.4121093750
633.978516     24387.9062500000
634.312439     24043.5703125000
634.646423     23954.7089843750
634.980347     24252.3925781250
635.314209     23910.2773437500
635.648071     24030.2402343750
635.981812     23550.3906250000
636.315552     23741.4414062500
636.649170     23916.9433593750
636.982849     23928.0507812500
637.316406     23861.4042968750
637.649963     23892.5058593750
637.983521     24323.4824218750
638.317017     23990.2539062500
638.650391     24032.4628906250
638.983765     24063.5625000000
639.317078     23805.8671875000
639.650391     23605.9296875000
639.983643     23534.8398437500
640.316833     23490.4101562500
640.649963     23141.6308593750
640.983032     22990.5664062500
641.316101     23294.9160156250
641.649109     23097.1992187500
641.982056     22826.1738281250
642.315002     22723.9843750000
642.647888     22832.8378906250
642.980774     22932.8066406250
643.313538     22910.5917968750
643.646301     22448.5136718750
643.979004     22823.9531250000
644.311646     22672.8886718750
644.644226     22601.7988281250
644.976868     22315.2226562500
645.309387     22073.0761718750
645.641846     22119.7285156250
645.974243     21653.2089843750
646.306702     21477.7070312500
646.638977     20695.7304687500
646.971252     20791.2558593750
647.303528     20398.0468750000
647.635803     20289.1914062500
647.967957     19953.7421875000
648.300110     19371.7011718750
648.632141     19758.2480468750
648.964111     19904.8671875000
649.296082     19676.0507812500
649.628113     19171.7636718750
649.960022     19791.5703125000
650.291870     19929.3046875000
650.623718     20111.4687500000
650.955383     20602.4277343750
651.287109     20451.3632812500
651.618774     19476.1132812500
651.950378     19596.0761718750
652.281982     19487.2207031250
652.613586     20160.3437500000
652.945068     20075.9257812500
653.276489     19869.3242187500
653.607910     19769.3554687500
653.939209     20238.0957031250
654.270569     19638.2851562500
654.601807     19451.6757812500
654.933105     19562.7539062500
655.264221     19118.4472656250
655.595398     18636.3769531250
655.926453     17987.6914062500
656.257507     16872.4863281250
656.588440     16319.3261718750
656.919434     16310.4394531250
657.250366     17187.9414062500
657.581238     17343.4492187500
657.912048     18216.5078125000
658.242798     18227.6152343750
658.573486     18796.3261718750
658.904114     18631.9335937500
659.234802     18900.7382812500
659.565430     19016.2578125000
659.895996     18807.4335937500
660.226501     18729.6816406250
660.556946     19245.0742187500
660.887329     18854.0859375000
661.217712     19100.6757812500
661.547974     18978.4921875000
661.878296     19202.8652343750
662.208557     19236.1894531250
662.538757     18851.8652343750
662.868896     18954.0546875000
663.198975     19087.3457031250
663.528992     18694.1367187500
663.859009     18618.6054687500
664.188904     18827.4277343750
664.518860     18600.8320312500
664.848755     18363.1289062500
665.178589     18367.5722656250
665.508362     18618.6054687500
665.838013     18329.8066406250
666.167725     18494.1992187500
666.497375     18145.4199218750
666.826965     18220.9511718750
667.156494     18180.9648437500
667.486084     18012.1289062500
667.815552     17972.1406250000
668.144897     17849.9570312500
668.474304     17974.3613281250
668.803528     17869.9511718750
669.132813     17785.5332031250
669.462036     17905.4941406250
669.791260     17576.7089843750
670.120422     17807.7480468750
670.449463     17518.9492187500
670.778564     17452.3046875000
671.107544     17005.7773437500
671.436523     17052.4296875000
671.765381     17259.0312500000
672.094299     16961.3457031250
672.423157     16985.7832031250
672.751831     16776.9609375000
673.080627     16896.9218750000
673.409302     17203.4921875000
673.737976     16583.6875000000
674.066528     16732.5292968750
674.395081     16685.8769531250
674.723572     16441.5097656250
675.052002     16510.3769531250
675.380432     16312.6611328125
675.708801     16505.9335937500
676.037170     16510.3769531250
676.365417     16308.2177734375
676.693665     16463.7246093750
677.021851     16208.2500000000
677.349976     16317.1044921875
677.678040     16174.9267578125
678.006042     16092.7304687500
678.334106     16241.5722656250
678.662048     15850.5839843750
678.989929     16099.3945312500
679.317810     15803.9316406250
679.645630     16099.3945312500
679.973389     15766.1660156250
680.301086     15832.8115234375
680.628845     15615.1025390625
680.956482     15557.3427734375
681.283997     15555.1210937500
681.611572     15348.5195312500
681.939087     15466.2597656250
682.266541     15526.2412109375
682.593872     15408.5000000000
682.921265     15346.2978515625
683.248596     15215.2275390625
683.575806     15244.1074218750
683.903076     14990.8535156250
684.230286     14844.2333984375
684.557373     14673.1757812500
684.884399     14804.2451171875
685.211487     14739.8212890625
685.538513     14659.8466796875
685.865417     14619.8583984375
686.192261     14399.9277343750
686.519165     13557.9697265625
686.845947     12293.9218750000
687.172729     10918.7978515625
687.499451     10281.2197265625
687.826111     10492.2646484375
688.152771     10752.1826171875
688.479248     11194.2666015625
688.805847     11405.3115234375
689.132324     11140.9501953125
689.458801     11240.9189453125
689.785095     11376.4316406250
690.111511     11409.7548828125
690.437805     11629.6855468750
690.764038     11787.4140625000
691.090210     11876.2753906250
691.416443     12080.6552734375
691.742554     12245.0478515625
692.068604     12200.6171875000
692.394592     12151.7441406250
692.720581     11865.1669921875
693.046509     11827.4013671875
693.372375     11814.0722656250
693.698242     11647.4580078125
694.023987     11303.1210937500
694.349792     11096.5195312500
694.675476     11172.0517578125
695.001099     11236.4755859375
695.326721     11223.1464843750
695.652222     11407.5332031250
695.977783     11409.7548828125
696.303284     11769.6416015625
696.628723     11994.0156250000
696.954041     12371.6748046875
697.279358     12313.9150390625
697.604675     12507.1884765625
697.929871     12365.0107421875
698.255066     12207.2822265625
698.580200     12131.7500000000
698.905334     11767.4199218750
699.230286     11383.0966796875
699.555359     11551.9326171875
699.880310     11483.0654296875
700.205261     11129.8427734375
700.530029     11327.5585937500
700.854919     11158.7226562500
701.179688     11140.9501953125
701.504456     11056.5322265625
701.829102     11154.2792968750
702.153687     10934.3486328125
702.478271     11052.0888671875
702.802856     11134.2851562500
703.127319     11292.0136718750
703.451721     11154.2792968750
703.776123     11411.9765625000
704.100464     11845.1738281250
704.424805     11347.5517578125
704.749084     11547.4892578125
705.073303     11716.3251953125
705.397461     11694.1103515625
705.721558     11349.7734375000
706.045654     11514.1660156250
706.369690     11514.1660156250
706.693604     11451.9638671875
707.017578     11456.4062500000
707.341431     11514.1660156250
707.665283     11596.3623046875
707.989075     11645.2363281250
708.312805     11536.3818359375
708.636536     11754.0908203125
708.960144     11598.5839843750
709.283752     11451.9638671875
709.607361     11751.8691406250
709.930847     11523.0527343750
710.254333     11576.3691406250
710.577759     11645.2363281250
710.901062     11527.4951171875
711.224426     11558.5966796875
711.547668     11558.5966796875
711.870911     11260.9121093750
712.194153     11514.1660156250
712.517212     11367.5458984375
712.840332     11147.6142578125
713.163391     11203.1523437500
713.486389     11198.7099609375
713.809326     11109.8486328125
714.132202     11123.1777343750
714.455078     10696.6445312500
714.777893     10767.7333984375
715.100586     10527.8085937500
715.423401     10323.4287109375
715.746094     10243.4541015625
716.068604     10285.6630859375
716.391235      9517.0146484375
716.713745      9081.5957031250
717.036255      8150.7768554688
717.358643      7762.0097656250
717.681030      7291.0463867188
718.003418      7133.3183593750
718.325745      6897.8364257813
718.647888      6540.1708984375
718.970154      6349.1196289063
719.292297      6371.3349609375
719.614380      6271.3662109375
719.936401      6138.0747070313
720.258423      6022.5556640625
720.580383      6200.2773437500
720.902283      6729.0004882813
721.224182      7117.7675781250
721.545959      7835.3203125000
721.867737      8168.5488281250
722.189453      8384.0371093750
722.511169      8688.3857421875
722.832764      8517.3281250000
723.154419      7915.2949218750
723.475952      7573.1801757813
723.797424      7344.3632812500
724.118896      7060.0078125000
724.440247      7088.8876953125
724.761597      6944.4882812500
725.082886      6831.1909179688
725.404175      6797.8676757813
725.725342      6793.4248046875
726.046509      6913.3872070313
726.367615      6800.0893554688
726.688721      6824.5263671875
727.009644      6940.0454101563
727.330688      6917.8300781250
727.651611      6580.1582031250
727.972473      6595.7089843750
728.293274      6842.2983398438
728.614075      6991.1406250000
728.934814      6788.9819335938
729.255493      6713.4497070313
729.576172      6611.2597656250
729.896729      6751.2158203125
730.217285      6811.1967773438
730.537720      6920.0517578125
730.858215      6775.6523437500
731.178650      6855.6274414063
731.498962      6726.7788085938
731.819214      6920.0517578125
732.139526      7277.7172851563
732.459778      7459.8823242188
732.779846      7730.9086914063
733.100037      7755.3452148438
733.420105      7859.7568359375
733.740112      8357.3789062500
734.060059      8244.0810546875
734.380066      8397.3662109375
734.699890      8477.3408203125
735.019775      8339.6064453125
735.339478      8450.6826171875
735.659241      8372.9296875000
735.978943      8199.6503906250
736.298584      8070.8017578125
736.618164      8044.1435546875
736.937744      8201.8720703125
737.257263      8195.2070312500
737.576599      8199.6503906250
737.896057      8304.0625000000
738.215393      8288.5117187500
738.534729      8270.7392578125
738.853943      8335.1630859375
739.173157      8359.6005859375
739.492371      8292.9541015625
739.811523      8248.5234375000
740.130493      8392.9228515625
740.449524      8479.5625000000
740.768555      8481.7841796875
741.087463      8559.5371093750
741.406311      8481.7841796875
741.725159      8555.0947265625
742.043945      8435.1318359375
742.362610      8464.0117187500
742.681396      8472.8984375000
743.000061      8404.0302734375
743.318604      8312.9482421875
743.637146      8666.1708984375
743.955627      8523.9931640625
744.274109      8623.9619140625
744.592407      8464.0117187500
744.910828      8586.1953125000
745.229126      8392.9228515625
745.547424      8495.1132812500
745.865540      8430.6894531250
746.183777      8317.3916015625
746.501892      8221.8652343750
746.819946      8430.6894531250
747.137939      8399.5878906250
747.455872      8268.5175781250
747.773865      8412.9169921875
748.091736      8201.8720703125
748.409485      8272.9609375000
748.727295      8046.3652343750
749.045044      8146.3339843750
749.362671      7939.7319335938
749.680298      8097.4599609375
749.997925      7981.9409179688
750.315491      8008.5991210938
750.632874      7921.9594726563
750.950378      7928.6240234375
751.267822      7946.3964843750
751.585083      7728.6870117188
751.902405      8064.1372070313
752.219666      7655.3764648438
752.536865      7864.2001953125
752.854004      7666.4843750000
753.171082      7762.0097656250
753.488159      7759.7880859375
753.805176      7801.9970703125
754.122070      7713.1362304688
754.439026      7737.5732421875
754.755920      7790.8896484375
755.072693      7895.3012695313
755.389465      7830.8769531250
755.706177      7610.9462890625
756.022888      7704.2500000000
756.339478      7955.2827148438
756.656006      7613.1674804688
756.972595      7710.9145507813
757.289063      7588.7309570313
757.605408      7746.4589843750
757.921814      7573.1801757813
758.238159      7679.8134765625
758.554443      7446.5532226563
758.870667      7279.9389648438
759.186890      6884.5073242188
759.503052      5927.0297851563
759.819092      4538.5766601563
760.135132      3452.2504882813
760.451172      2743.5839843750
760.767029      2241.5190429688
761.082947      1968.2714843750
761.398804      2234.8544921875
761.714600      2625.8430175781
762.030396      2985.7302246094
762.346008      3061.2619628906
762.661682      3067.9265136719
762.977295      2679.1596679688
763.292908      2694.7104492188
763.608337      2672.4951171875
763.923828      2799.1220703125
764.239258      2916.8627929688
764.554626      3190.1105957031
764.869873      3385.6047363281
765.185181      3694.3967285156
765.500427      3825.4667968750
765.815491      4207.5693359375
766.130615      4523.0258789063
766.445740      4642.9882812500
766.760803      5100.6225585938
767.075745      5502.7182617188
767.390686      5771.5229492188
767.705566      6002.5615234375
768.020386      6291.3598632813
768.335144      6413.5439453125
768.649902      6373.5566406250
768.964539      6569.0507812500
769.279175      6444.6455078125
769.593750      6615.7026367188
769.908264      6822.3046875000
770.222839      6615.7026367188
770.537170      6793.4248046875
770.851624      6713.4497070313
771.165955      6697.8994140625
771.480286      6744.5512695313
771.794495      6742.3295898438
772.108704      6780.0957031250
772.422852      6695.6777343750
772.736938      6622.3671875000
773.050964      6620.1459960938
773.364990      6662.3549804688
773.678894      6566.8291015625
773.992798      6620.1459960938
774.306641      6533.5063476563
774.620422      6442.4238281250
774.934204      6442.4238281250
775.247864      6471.3037109375
775.561584      6266.9233398438
775.875183      6451.3100585938
776.188721      6511.2910156250
776.502197      6342.4550781250
776.815735      6391.3286132813
777.129150      6302.4677734375
777.442444      6429.0947265625
777.755737      6204.7207031250
778.069092      6269.1445312500
778.382324      6149.1826171875
778.695435      6189.1699218750
779.008545      6262.4799804688
779.321594      6158.0683593750
779.634644      6131.4101562500
779.947571      6084.7583007813
780.260498      5982.5678710938
780.573364      5900.3715820313
780.886169      5764.8583984375
781.198975      5949.2451171875
781.511719      6007.0048828125
781.824402      5884.8208007813
782.136963      5847.0551757813
782.449585      5707.0986328125
782.762146      5791.5166015625
783.074646      5671.5541992188
783.387024      5684.8837890625
783.699402      5678.2192382813
784.011719      5578.2504882813
784.324097      5473.8388671875
784.636230      5582.6933593750
784.948425      5313.8886718750
785.260620      5367.2055664063
785.572632      5351.6547851563
785.884644      5440.5156250000
786.196655      5393.8637695313
786.508667      5156.1606445313
786.820496      5280.5659179688
787.132324      5076.1855468750
787.444153      4965.1093750000
787.755859      4920.6787109375
788.067566      4827.3750000000
788.379211      4840.7041015625
788.690796      4856.2543945313
789.002319      4814.0454101563
789.313782      4676.3110351563
789.625305      4563.0131835938
789.936707      4527.4687500000
790.247986      4560.7915039063
790.559326      4469.7089843750
790.870605      4474.1523437500
791.181763      4589.6713867188
791.492920      4498.5888671875
791.803955      4407.5063476563
792.115051      4263.1074218750
792.426086      4349.7465820313
792.737000      4400.8417968750
793.047913      4343.0820312500
793.358765      4385.2910156250
793.669495      4365.2973632813
793.980347      4416.3925781250
794.291016      4291.9873046875
794.601685      4360.8544921875
794.912292      4196.4614257813
795.222778      4187.5751953125
795.533325      4280.8793945313
795.843811      4178.6894531250
796.154175      3885.4479980469
796.464539      3954.3151855469
796.774902      3916.5493164063
797.085022      4007.6318359375
797.395325      4005.4104003906
797.705505      4189.7968750000
798.015625      3967.6445312500
798.325623      3985.4165039063
798.635620      3900.9985351563
798.945618      3918.7707519531
799.255554      4065.3916015625
799.565369      3803.2514648438
799.875183      3812.1376953125
800.184998      3801.0300292969
800.494690      3718.8334960938
800.804321      3778.8146972656
801.113953      3667.7385253906
801.423462      3814.3591308594
801.732910      3709.9475097656
802.042419      3741.0488281250
802.351868      3656.6308593750
802.661255      3587.7636718750
802.970520      3512.2316894531
803.279785      3534.4470214844
803.588989      3652.1877441406
803.898193      3625.5295410156
804.207275      3576.6560058594
804.516357      3601.0927734375
804.825378      3605.5358886719
805.134277      3563.3269042969
805.443176      3614.4218750000
805.752136      3547.7761230469
806.060974      3621.0864257813
806.369629      3567.7697753906
806.678406      3503.3457031250
806.987061      3596.6496582031
807.295715      3698.8398437500
807.604187      3514.4531250000
807.912720      3514.4531250000
808.221191      3523.3393554688
808.529663      3481.1303710938
808.837952      3367.8325195313
809.146301      3258.9777832031
809.454590      3407.8200683594
809.762756      3345.6171875000
810.070923      3216.7687988281
810.379028      3205.6611328125
810.687073      3181.2243652344
810.995117      3090.1418457031
811.303040      3074.5913085938
811.611023      2992.3947753906
811.918884      2979.0656738281
812.226624      2950.1857910156
812.534424      2985.7302246094
812.842163      2854.6601562500
813.149719      2752.4699707031
813.457397      2581.4125976563
813.764954      2550.3112792969
814.072510      2510.3237304688
814.379883      2423.6843261719
814.687378      2348.1523437500
814.994690      2259.2912597656
815.302063      2157.1010742188
815.609314      2223.7470703125
815.916504      2103.7846679688
816.223694      2119.3352050781
816.530762      2054.9111328125
816.837830      2041.5819091797
817.144836      2106.0061035156
817.451843      2068.2402343750
817.758667      2014.9235839844
818.065552      2017.1451416016
818.372375      1986.0437011719
818.679138      2114.8920898438
818.985779      2083.7907714844
819.292480      2094.8984375000
819.599121      2168.2087402344
819.905701      2043.8033447266
820.212158      2197.0886230469
820.518616      2172.6518554688
820.825012      2281.5065917969
821.131348      2270.3989257813
821.437683      2272.6206054688
821.743896      2359.2600097656
822.050110      2363.7031250000
822.356262      2239.2976074219
822.662415      2128.2214355469
822.968445      1932.7271728516
823.274475      1830.5369873047
823.580322      1857.1953125000
823.886292      1999.3729248047
824.192200      2088.2338867188
824.497864      2148.2150878906
824.803711      2352.5954589844
825.109375      2172.6518554688
825.415039      2192.6455078125
825.720581      2230.4116210938
826.026184      2237.0761718750
826.331665      2248.1838378906
826.637146      2299.2788085938
826.942444      2370.3676757813
827.247803      2248.1838378906
827.553162      2165.9873046875
827.858398      2061.5756835938
828.163574      2121.5568847656
828.468750      2072.6831054688
828.773804      2077.1262207031
829.078796      2063.7971191406
829.383850      2039.3603515625
829.688782      2006.0374755859
829.993713      2119.3352050781
830.298462      2021.5881347656
830.603271      2143.7719726563
830.908020      2114.8920898438
831.212708      1999.3729248047
831.517273      2168.2087402344
831.821960      2094.8984375000
832.126465      2070.4616699219
832.430908      2097.1201171875
832.735352      2099.3415527344
833.039734      2017.1451416016
833.344116      2030.4742431641
833.648315      1977.1575927734
833.952576      2039.3603515625
834.256714      2150.4365234375
834.560913      2143.7719726563
834.864929      1970.4930419922
835.169006      2170.4304199219
835.472961      2070.4616699219
835.776917      2099.3415527344
836.080750      2074.9047851563
836.384583      2048.2463378906
836.688354      2163.7658691406
836.992004      2145.9936523438
837.295654      2248.1838378906
837.599365      2145.9936523438
837.902893      2079.3479003906
838.206360      2217.0822753906
838.509827      2232.6330566406
838.813293      2101.5629882813
839.116699      2183.7595214844
839.419922      2201.5317382813
839.723206      2201.5317382813
840.026428      2152.6582031250
840.329590      2188.2026367188
840.632690      2172.6518554688
840.935730      2099.3415527344
841.238708      2145.9936523438
841.541626      2243.7407226563
841.844543      2143.7719726563
842.147461      2110.4492187500
842.450256      2159.3227539063
842.752930      2101.5629882813
843.055664      2130.4428710938
843.358337      2148.2150878906
843.660889      2086.0124511719
843.963440      2114.8920898438
844.265930      2030.4742431641
844.568420      2130.4428710938
844.870728      2106.0061035156
845.173096      2057.1325683594
845.475403      2019.3665771484
845.777649      2003.8159179688
846.079834      2052.6894531250
846.381958      2021.5881347656
846.684021      2208.1962890625
846.986145      1990.4868164063
847.288025      2023.8096923828
847.589966      2070.4616699219
847.891846      2143.7719726563
848.193665      2019.3665771484
848.495483      2103.7846679688
848.797180      1921.6195068359
849.098877      2014.9235839844
849.400452      2019.3665771484
849.702026      1974.9361572266
850.003540      1923.8410644531
850.304993      1906.0688476563
850.606445      1892.7396240234
850.907776      1863.8598632813
851.209106      1912.7333984375
851.510315      1801.6571044922
851.811584      1763.8912353516
852.112671      1766.1126708984
852.413879      1879.4105224609
852.714844      1777.2203369141
853.015869      1841.6445312500
853.316833      1854.9737548828
853.617737      1808.3216552734
853.918579      1717.2391357422
854.219360      1648.3718261719
854.520142      1708.3530273438
854.820862      1621.7136230469
855.121399      1601.7198486328
855.421997      1668.3656005859
855.722595      1690.5808105469
856.023071      1632.8211669922
856.323486      1739.4544677734
856.623901      1657.2579345703
856.924255      1688.3593750000
857.224487      1723.9036865234
857.524719      1566.1754150391
857.824890      1646.1503906250
858.125000      1721.6822509766
858.425049      1663.9226074219
858.725098      1721.6822509766
859.025085      1668.3656005859
859.325012      1637.2642822266
859.624817      1699.4669189453
859.924683      1697.2454833984
860.224487      1670.5871582031
860.524170      1621.7136230469
860.823792      1659.4794921875
861.123474      1641.7072753906
861.422974      1623.9350585938
861.722412      1637.2642822266
862.021912      1615.0489501953
862.321350      1588.3906250000
862.620728      1672.8085937500
862.919983      1546.1816406250
863.219238      1590.6121826172
863.518433      1579.5046386719
863.817505      1490.6435546875
864.116638      1579.5046386719
864.415710      1577.2830810547
864.714722      1512.8587646484
865.013550      1523.9664306641
865.312439      1463.9852294922
865.611328      1483.9790039063
865.910156      1483.9790039063
866.208801      1497.3081054688
866.507507      1435.1054687500
866.806091      1421.7762451172
867.104614      1501.7512207031
867.403137      1461.7637939453
867.701660      1470.6497802734
868.000061      1384.0103759766
868.298401      1324.0291748047
868.596741      1457.3206787109
868.894958      1443.9915771484
869.193237      1428.4407958984
869.491333      1419.5548095703
869.789429      1486.2005615234
870.087524      1437.3269042969
870.385498      1497.3081054688
870.683411      1344.0228271484
870.981323      1397.3394775391
871.279236      1450.6561279297
871.576965      1432.8839111328
871.874695      1388.4533691406
872.172363      1377.3458251953
872.470032      1386.2318115234
872.767578      1339.5798339844
873.065125      1406.2255859375
873.362549      1357.3520507813
873.660034      1370.6811523438
873.957397      1348.4659423828
874.254700      1352.9089355469
874.552002      1352.9089355469
874.849182      1361.7950439453
875.146362      1355.1304931641
875.443481      1330.6937255859
875.740540      1295.1492919922
876.037476      1339.5798339844
876.334473      1304.0354003906
876.631348      1264.0479736328
876.928223      1277.3770751953
877.224976      1288.4847412109
877.521729      1239.6112060547
877.818420      1228.5035400391
878.115112      1299.5924072266
878.411621      1215.1744384766
878.708191      1286.2631835938
879.004700      1275.1556396484
879.301086      1210.7313232422
879.597473      1204.0667724609
879.893799      1235.1680908203
880.190063      1321.8076171875
880.486267      1299.5924072266
880.782471      1148.5286865234
881.078613      1272.9340820313
881.374695      1161.8577880859
881.670654      1190.7376708984
881.966614      1257.3834228516
882.262573      1208.5098876953
882.558350      1181.8515625000
882.854126      1272.9340820313
883.149902      1226.2819824219
883.445618      1090.7690429688
883.741211      1150.7501220703
884.036865      1230.7250976563
884.332336      1201.8452148438
884.627869      1146.3071289063
884.923218      1126.3133544922
885.218689      1188.5161132813
885.513977      1244.0541992188
885.809265      1139.6425781250
886.104492      1126.3133544922
886.399658      1124.0919189453
886.694763      1099.6550292969
886.989807      1017.4586181641
887.284790      1099.6550292969
887.579773      1170.7438964844
887.874695      1188.5161132813
888.169495      1035.2308349609
888.464355      1206.2883300781
888.759094      1099.6550292969
889.053772      1013.0156250000
889.348389      1101.8765869141
