0.028200
190.544205         0.0000000000
190.924866         0.0000000000
191.305481      1054.3555908203
191.686081      1159.1224365234
192.066635      1154.6643066406
192.447174      1121.2280273438
192.827667      1214.8494873047
193.208130      1221.5367431641
193.588577      1114.5407714844
193.968964      1168.0388183594
194.349350      1192.5587158203
194.729691      1176.9550781250
195.110001      1154.6643066406
195.490295      1176.9550781250
195.870529      1154.6643066406
196.250763      1214.8494873047
196.630936      1190.3295898438
197.011093      1192.5587158203
197.391220      1170.2678222656
197.771301      1275.0346679688
198.151367      1228.2239990234
198.531403      1283.9510498047
198.911407      1083.3336181641
199.291382      1188.1004638672
199.671295      1161.3515625000
200.051208      1201.4749755859
200.431076      1076.6464843750
200.810928      1134.6025390625
201.190735      1194.7877197266
201.570511      1172.4969482422
201.950272      1125.6862792969
202.329971      1159.1224365234
202.709671      1199.2459716797
203.089310      1154.6643066406
203.468933      1130.1444091797
203.848541      1141.2897949219
204.228073      1185.8714599609
204.607620      1152.4351806641
204.987106      1034.2938232422
205.366577      1123.4571533203
205.746017      1134.6025390625
206.125412      1170.2678222656
206.504776      1074.4173583984
206.884125      1163.5805664063
207.263428      1179.1842041016
207.642700      1163.5805664063
208.021942      1114.5407714844
208.401169      1165.8096923828
208.780334      1190.3295898438
209.159485      1192.5587158203
209.538605      1130.1444091797
209.917694      1192.5587158203
210.296753      1161.3515625000
210.675766      1092.2500000000
211.054764      1132.3734130859
211.433716      1127.9152832031
211.812637      1163.5805664063
212.191544      1092.2500000000
212.570404      1123.4571533203
212.949249      1152.4351806641
213.328033      1105.6245117188
213.706802      1163.5805664063
214.085556      1092.2500000000
214.464249      1094.4791259766
214.842926      1118.9990234375
215.221558      1199.2459716797
215.600174      1094.4791259766
215.978760      1181.4132080078
216.357300      1094.4791259766
216.735825      1081.1046142578
217.114288      1161.3515625000
217.492737      1134.6025390625
217.871185      1132.3734130859
218.249557      1114.5407714844
218.627914      1096.7081298828
219.006226      1159.1224365234
219.384521      1150.2061767578
219.762772      1127.9152832031
220.141006      1145.7479248047
220.519196      1136.8316650391
220.897354      1136.8316650391
221.275497      1217.0786132813
221.653580      1107.8535156250
222.031662      1185.8714599609
222.409698      1172.4969482422
222.787704      1150.2061767578
223.165680      1199.2459716797
223.543610      1174.7260742188
223.921524      1094.4791259766
224.299393      1181.4132080078
224.677231      1096.7081298828
225.055054      1136.8316650391
225.432816      1130.1444091797
225.810577      1212.6203613281
226.188278      1161.3515625000
226.565979      1168.0388183594
226.943634      1188.1004638672
227.321243      1163.5805664063
227.698837      1156.8933105469
228.076385      1154.6643066406
228.453903      1127.9152832031
228.831406      1197.0168457031
229.208847      1132.3734130859
229.586288      1121.2280273438
229.963669      1121.2280273438
230.341034      1096.7081298828
230.718369      1087.7918701172
231.095657      1214.8494873047
231.472916      1141.2897949219
231.850143      1161.3515625000
232.227356      1114.5407714844
232.604523      1107.8535156250
232.981659      1096.7081298828
233.358749      1143.5189208984
233.735825      1183.6423339844
234.112869      1143.5189208984
234.489868      1123.4571533203
234.866852      1150.2061767578
235.243790      1125.6862792969
235.620697      1116.7698974609
235.997589      1136.8316650391
236.374405      1181.4132080078
236.751221      1092.2500000000
237.128006      1081.1046142578
237.504745      1132.3734130859
237.881470      1174.7260742188
238.258133      1185.8714599609
238.634796      1141.2897949219
239.011414      1141.2897949219
239.388000      1145.7479248047
239.764557      1085.5627441406
240.141068      1170.2678222656
240.517563      1208.1622314453
240.893997      1136.8316650391
241.270432      1174.7260742188
241.646835      1110.0826416016
242.023178      1156.8933105469
242.399506      1114.5407714844
242.775787      1085.5627441406
243.152054      1156.8933105469
243.528290      1154.6643066406
243.904465      1172.4969482422
244.280640      1194.7877197266
244.656754      1107.8535156250
245.032852      1199.2459716797
245.408936      1197.0168457031
245.784943      1183.6423339844
246.160950      1183.6423339844
246.536911      1172.4969482422
246.912842      1143.5189208984
247.288757      1179.1842041016
247.664612      1114.5407714844
248.040451      1118.9990234375
248.416229      1085.5627441406
248.792023      1159.1224365234
249.167755      1105.6245117188
249.543457      1201.4749755859
249.919113      1179.1842041016
250.294754      1159.1224365234
250.670364      1179.1842041016
251.045944      1136.8316650391
251.421478      1203.7041015625
251.796982      1118.9990234375
252.172440      1181.4132080078
252.547897      1161.3515625000
252.923294      1127.9152832031
253.298676      1172.4969482422
253.673996      1116.7698974609
254.049316      1132.3734130859
254.424606      1197.0168457031
254.799850      1150.2061767578
255.175064      1152.4351806641
255.550217      1092.2500000000
255.925369      1118.9990234375
256.300476      1170.2678222656
256.675537      1174.7260742188
257.050598      1136.8316650391
257.425598      1179.1842041016
257.800598      1147.9770507813
258.175537      1208.1622314453
258.550446      1188.1004638672
258.925354      1116.7698974609
259.300171      1139.0606689453
259.674988      1163.5805664063
260.049774      1170.2678222656
260.424500      1156.8933105469
260.799225      1159.1224365234
261.173889      1081.1046142578
261.548553      1103.3953857422
261.923187      1134.6025390625
262.297760      1192.5587158203
262.672302      1181.4132080078
263.046814      1103.3953857422
263.421326      1081.1046142578
263.795776      1094.4791259766
264.170135      1139.0606689453
264.544525      1118.9990234375
264.918915      1203.7041015625
265.293243      1192.5587158203
265.667511      1145.7479248047
266.041748      1063.2719726563
266.415955      1165.8096923828
266.790161      1121.2280273438
267.164307      1141.2897949219
267.538422      1123.4571533203
267.912476      1096.7081298828
268.286530      1217.0786132813
268.660583      1208.1622314453
269.034546      1174.7260742188
269.408508      1181.4132080078
269.782440      1147.9770507813
270.156311      1156.8933105469
270.530151      1105.6245117188
270.903992      1141.2897949219
271.277710      1143.5189208984
271.651489      1132.3734130859
272.025208      1134.6025390625
272.398895      1132.3734130859
272.772552      1067.7301025391
273.146179      1176.9550781250
273.519745      1174.7260742188
273.893280      1118.9990234375
274.266815      1145.7479248047
274.640289      1110.0826416016
275.013733      1136.8316650391
275.387146      1125.6862792969
275.760529      1121.2280273438
276.133881      1083.3336181641
276.507202      1141.2897949219
276.880463      1112.3117675781
277.253723      1152.4351806641
277.626923      1161.3515625000
278.000122      1150.2061767578
278.373260      1163.5805664063
278.746338      1176.9550781250
279.119446      1185.8714599609
279.492493      1139.0606689453
279.865509      1183.6423339844
280.238495      1263.8892822266
280.611450      1161.3515625000
280.984314      1163.5805664063
281.357208      1147.9770507813
281.730072      1199.2459716797
282.102875      1139.0606689453
282.475647      1103.3953857422
282.848358      1123.4571533203
283.221069      1154.6643066406
283.593750      1172.4969482422
283.966400      1145.7479248047
284.339020      1159.1224365234
284.711548      1098.9372558594
285.084106      1114.5407714844
285.456635      1143.5189208984
285.829071      1179.1842041016
286.201508      1152.4351806641
286.573914      1221.5367431641
286.946320      1208.1622314453
287.318634      1159.1224365234
287.690948      1107.8535156250
288.063202      1156.8933105469
288.435425      1152.4351806641
288.807648      1168.0388183594
289.179810      1257.2020263672
289.551941      1199.2459716797
289.924011      1147.9770507813
290.296112      1110.0826416016
290.668121      1110.0826416016
291.040161      1136.8316650391
291.412109      1127.9152832031
291.783997      1123.4571533203
292.155914      1190.3295898438
292.527771      1159.1224365234
292.899597      1105.6245117188
293.271393      1163.5805664063
293.643127      1063.2719726563
294.014862      1110.0826416016
294.386566      1159.1224365234
294.758240      1083.3336181641
295.129852      1156.8933105469
295.501404      1168.0388183594
295.872955      1163.5805664063
296.244507      1090.0208740234
296.615997      1125.6862792969
296.987427      1161.3515625000
297.358826      1141.2897949219
297.730225      1154.6643066406
298.101593      1105.6245117188
298.472900      1212.6203613281
298.844177      1092.2500000000
299.215393      1170.2678222656
299.586609      1156.8933105469
299.957794      1199.2459716797
300.328918      1172.4969482422
300.700043      1194.7877197266
301.071136      1194.7877197266
301.442169      1132.3734130859
301.813171      1134.6025390625
302.184174      1192.5587158203
302.555115      1147.9770507813
302.925995      1232.6821289063
303.296844      1188.1004638672
303.667694      1181.4132080078
304.038483      1116.7698974609
304.409271      1103.3953857422
304.779968      1114.5407714844
305.150696      1154.6643066406
305.521362      1170.2678222656
305.891968      1132.3734130859
306.262543      1141.2897949219
306.633118      1127.9152832031
307.003632      1225.9948730469
307.374146      1094.4791259766
307.744598      1147.9770507813
308.114990      1125.6862792969
308.485413      1181.4132080078
308.855743      1101.1663818359
309.226074      1161.3515625000
309.596375      1121.2280273438
309.966614      1083.3336181641
310.336792      1170.2678222656
310.707001      1147.9770507813
311.077148      1152.4351806641
311.447235      1132.3734130859
311.817322      1085.5627441406
312.187347      1176.9550781250
312.557373      1172.4969482422
312.927368      1183.6423339844
313.297302      1087.7918701172
313.667175      1110.0826416016
314.037048      1123.4571533203
314.406891      1174.7260742188
314.776642      1203.7041015625
315.146423      1127.9152832031
315.516144      1118.9990234375
315.885864      1172.4969482422
316.255524      1107.8535156250
316.625153      1110.0826416016
316.994751      1123.4571533203
317.364288      1163.5805664063
317.733795      1188.1004638672
318.103302      1170.2678222656
318.472717      1121.2280273438
318.842133      1174.7260742188
319.211517      1105.6245117188
319.580872      1172.4969482422
319.950195      1172.4969482422
320.319489      1081.1046142578
320.688751      1130.1444091797
321.057922      1127.9152832031
321.427094      1203.7041015625
321.796234      1205.9331054688
322.165344      1161.3515625000
322.534393      1212.6203613281
322.903412      1125.6862792969
323.272430      1136.8316650391
323.641418      1185.8714599609
324.010315      1168.0388183594
324.379242      1110.0826416016
324.748077      1154.6643066406
325.116913      1185.8714599609
325.485657      1123.4571533203
325.854431      1159.1224365234
326.223145      1174.7260742188
326.591827      1139.0606689453
326.960480      1203.7041015625
327.329102      1156.8933105469
327.697693      1199.2459716797
328.066193      1212.6203613281
328.434723      1174.7260742188
328.803192      1161.3515625000
329.171600      1163.5805664063
329.540009      1103.3953857422
329.908386      1174.7260742188
330.276703      1174.7260742188
330.645050      1190.3295898438
331.013306      1170.2678222656
331.381500      1183.6423339844
331.749695      1174.7260742188
332.117859      1172.4969482422
332.485962      1156.8933105469
332.854034      1203.7041015625
333.222107      1123.4571533203
333.590118      1199.2459716797
333.958099      1130.1444091797
334.326050      1163.5805664063
334.693970      1147.9770507813
335.061859      1201.4749755859
335.429657      1123.4571533203
335.797455      1139.0606689453
336.165192      1118.9990234375
336.532959      1161.3515625000
336.900665      1159.1224365234
337.268341      1147.9770507813
337.635956      1145.7479248047
338.003571      1197.0168457031
338.371124      1096.7081298828
338.738647      1170.2678222656
339.106110      1219.3076171875
339.473572      1127.9152832031
339.840942      1139.0606689453
340.208344      1087.7918701172
340.575653      1203.7041015625
340.942993      1090.0208740234
341.310272      1125.6862792969
341.677521      1125.6862792969
342.044708      1165.8096923828
342.411865      1090.0208740234
342.778992      1083.3336181641
343.146088      1092.2500000000
343.513123      1116.7698974609
343.880157      1152.4351806641
344.247131      1168.0388183594
344.614105      1118.9990234375
344.981049      1168.0388183594
345.347900      1172.4969482422
345.714783      1179.1842041016
346.081573      1161.3515625000
346.448334      1161.3515625000
346.815094      1145.7479248047
347.181763      1172.4969482422
347.548431      1172.4969482422
347.915070      1174.7260742188
348.281677      1219.3076171875
348.648224      1134.6025390625
349.014771      1141.2897949219
349.381256      1107.8535156250
349.747711      1132.3734130859
350.114105      1179.1842041016
350.480469      1152.4351806641
350.846832      1127.9152832031
351.213135      1199.2459716797
351.579407      1190.3295898438
351.945679      1121.2280273438
352.311890      1121.2280273438
352.678040      1118.9990234375
353.044189      1107.8535156250
353.410278      1159.1224365234
353.776337      1208.1622314453
354.142303      1136.8316650391
354.508301      1101.1663818359
354.874268      1145.7479248047
355.240204      1165.8096923828
355.606079      1154.6643066406
355.971924      1152.4351806641
356.337738      1127.9152832031
356.703491      1165.8096923828
357.069244      1194.7877197266
357.434937      1156.8933105469
357.800598      1127.9152832031
358.166229      1136.8316650391
358.531830      1127.9152832031
358.897369      1090.0208740234
359.262909      1143.5189208984
359.628418      1076.6464843750
359.993866      1130.1444091797
360.359222      1201.4749755859
360.724609      1130.1444091797
361.089966      1150.2061767578
361.455261      1181.4132080078
361.820526      1199.2459716797
362.185760      1217.0786132813
362.550964      1165.8096923828
362.916138      1125.6862792969
363.281250      1246.0566406250
363.646332      1172.4969482422
364.011383      1101.1663818359
364.376404      1125.6862792969
364.741333      1181.4132080078
365.106293      1156.8933105469
365.471222      1132.3734130859
365.836090      1110.0826416016
366.200928      1183.6423339844
366.565735      1134.6025390625
366.930511      1074.4173583984
367.295227      1172.4969482422
367.659912      1112.3117675781
368.024536      1132.3734130859
368.389160      1136.8316650391
368.753723      1121.2280273438
369.118317      1223.7658691406
369.482819      1145.7479248047
369.847260      1147.9770507813
370.211731      1203.7041015625
370.576111      1116.7698974609
370.940460      1188.1004638672
371.304810      1136.8316650391
371.669098      1134.6025390625
372.033325      1130.1444091797
372.397522      1141.2897949219
372.761749      1201.4749755859
373.125885      1183.6423339844
373.489990      1127.9152832031
373.854065      1069.9592285156
374.218109      1214.8494873047
374.582092      1243.8275146484
374.946075      1150.2061767578
375.309998      1210.3913574219
375.673859      1181.4132080078
376.037720      1147.9770507813
376.401550      1199.2459716797
376.765320      1188.1004638672
377.129059      1110.0826416016
377.492798      1150.2061767578
377.856476      1159.1224365234
378.220062      1118.9990234375
378.583679      1116.7698974609
378.947205      1156.8933105469
379.310730      1134.6025390625
379.674225      1192.5587158203
380.037689      1197.0168457031
380.401093      1159.1224365234
380.764496      1154.6643066406
381.127838      1127.9152832031
381.491119      1172.4969482422
381.854370      1105.6245117188
382.217621      1197.0168457031
382.580811      1123.4571533203
382.943939      1116.7698974609
383.307068      1101.1663818359
383.670166      1210.3913574219
384.033203      1199.2459716797
384.396240      1069.9592285156
384.759216      1132.3734130859
385.122131      1101.1663818359
385.485016      1159.1224365234
385.847900      1145.7479248047
386.210724      1130.1444091797
386.573486      1174.7260742188
386.936279      1176.9550781250
387.298981      1136.8316650391
387.661652      1159.1224365234
388.024323      1118.9990234375
388.386902      1134.6025390625
388.749481      1168.0388183594
389.112000      1219.3076171875
389.474487      1141.2897949219
389.836945      1134.6025390625
390.199371      1114.5407714844
390.561737      1205.9331054688
390.924103      1096.7081298828
391.286407      1130.1444091797
391.648682      1181.4132080078
392.010925      1114.5407714844
392.373108      1194.7877197266
392.735291      1145.7479248047
393.097382      1172.4969482422
393.459473      1134.6025390625
393.821533      1152.4351806641
394.183533      1170.2678222656
394.545532      1165.8096923828
394.907471      1110.0826416016
395.269379      1134.6025390625
395.631256      1179.1842041016
395.993042      1127.9152832031
396.354828      1199.2459716797
396.716583      1130.1444091797
397.078308      1136.8316650391
397.439972      1110.0826416016
397.801636      1170.2678222656
398.163239      1150.2061767578
398.524841      1172.4969482422
398.886383      1103.3953857422
399.247833      1176.9550781250
399.609283      1165.8096923828
399.970703      1176.9550781250
400.332062      1083.3336181641
400.693420      1132.3734130859
401.054718      1130.1444091797
401.416016      1134.6025390625
401.777252      1210.3913574219
402.138458      1179.1842041016
402.499603      1163.5805664063
402.860718      1121.2280273438
403.221832      1176.9550781250
403.582855      1154.6643066406
403.943848      1159.1224365234
404.304810      1116.7698974609
404.665771      1237.1402587891
405.026642      1185.8714599609
405.387543      1152.4351806641
405.748352      1217.0786132813
406.109161      1194.7877197266
406.469849      1150.2061767578
406.830597      1203.7041015625
407.191223      1116.7698974609
407.551880      1161.3515625000
407.912476      1125.6862792969
408.273041      1105.6245117188
408.633575      1076.6464843750
408.994049      1154.6643066406
409.354492      1190.3295898438
409.714935      1161.3515625000
410.075287      1094.4791259766
410.435608      1150.2061767578
410.795868      1139.0606689453
411.156158      1105.6245117188
411.516388      1145.7479248047
411.876587      1210.3913574219
412.236725      1098.9372558594
412.596832      1130.1444091797
412.956909      1147.9770507813
413.316925      1165.8096923828
413.676910      1096.7081298828
414.036896      1172.4969482422
414.396820      1127.9152832031
414.756683      1190.3295898438
415.116547      1101.1663818359
415.476379      1134.6025390625
415.836121      1152.4351806641
416.195862      1170.2678222656
416.555542      1150.2061767578
416.915192      1212.6203613281
417.274811      1212.6203613281
417.634399      1094.4791259766
417.993927      1174.7260742188
418.353455      1125.6862792969
418.712891      1116.7698974609
419.072357      1168.0388183594
419.431763      1141.2897949219
419.791107      1179.1842041016
420.150452      1181.4132080078
420.509674      1161.3515625000
420.868927      1237.1402587891
421.228119      1174.7260742188
421.587280      1165.8096923828
421.946411      1201.4749755859
422.305542      1125.6862792969
422.664581      1176.9550781250
423.023621      1156.8933105469
423.382568      1156.8933105469
423.741516      1154.6643066406
424.100403      1114.5407714844
424.459259      1203.7041015625
424.818054      1127.9152832031
425.176880      1136.8316650391
425.535614      1139.0606689453
425.894348      1072.1882324219
426.252991      1152.4351806641
426.611633      1190.3295898438
426.970245      1163.5805664063
427.328796      1145.7479248047
427.687317      1136.8316650391
428.045807      1049.8974609375
428.404205      1114.5407714844
428.762604      1134.6025390625
429.121002      1179.1842041016
429.479340      1185.8714599609
429.837616      1132.3734130859
430.195892      1203.7041015625
430.554138      1139.0606689453
430.912292      1141.2897949219
431.270416      1139.0606689453
431.628510      1134.6025390625
431.986542      1170.2678222656
432.344574      1210.3913574219
432.702576      1170.2678222656
433.060516      1127.9152832031
433.418427      1194.7877197266
433.776306      1156.8933105469
434.134155      1161.3515625000
434.491913      1154.6643066406
434.849701      1188.1004638672
435.207397      1114.5407714844
435.565063      1194.7877197266
435.922729      1192.5587158203
436.280334      1172.4969482422
436.637909      1101.1663818359
436.995453      1121.2280273438
437.352936      1159.1224365234
437.710388      1143.5189208984
438.067780      1072.1882324219
438.425171      1154.6643066406
438.782471      1139.0606689453
439.139771      1094.4791259766
439.497040      1101.1663818359
439.854279      1092.2500000000
440.211426      1201.4749755859
440.568604      1132.3734130859
440.925720      1125.6862792969
441.282776      1159.1224365234
441.639801      1134.6025390625
441.996735      1156.8933105469
442.353699      1147.9770507813
442.710602      1188.1004638672
443.067505      1176.9550781250
443.424347      1145.7479248047
443.781128      1139.0606689453
444.137878      1118.9990234375
444.494629      1067.7301025391
444.851288      1145.7479248047
445.207916      1145.7479248047
445.564514      1118.9990234375
445.921051      1176.9550781250
446.277618      1174.7260742188
446.634094      1087.7918701172
446.990540      1197.0168457031
447.346985      1139.0606689453
447.703339      1139.0606689453
448.059692      1159.1224365234
448.416016      1201.4749755859
448.772186      1174.7260742188
449.128418      1188.1004638672
449.484589      1161.3515625000
449.840729      1141.2897949219
450.196838      1181.4132080078
450.552917      1199.2459716797
450.908966      1087.7918701172
451.264954      1192.5587158203
451.620880      1141.2897949219
451.976807      1165.8096923828
452.332611      1176.9550781250
452.688446      1234.9112548828
453.044250      1179.1842041016
453.399994      1139.0606689453
453.755707      1199.2459716797
454.111389      1132.3734130859
454.467041      1181.4132080078
454.822632      1139.0606689453
455.178192      1165.8096923828
455.533722      1103.3953857422
455.889130      1170.2678222656
456.244598      1168.0388183594
456.600006      1150.2061767578
456.955353      1147.9770507813
457.310699      1103.3953857422
457.665985      1134.6025390625
458.021240      1101.1663818359
458.376434      1134.6025390625
458.731628      1130.1444091797
459.086700      1116.7698974609
459.441772      1118.9990234375
459.796844      1150.2061767578
460.151886      1127.9152832031
460.506836      1105.6245117188
460.861786      1156.8933105469
461.216675      1139.0606689453
461.571533      1092.2500000000
461.926361      1172.4969482422
462.281158      1130.1444091797
462.635803      1147.9770507813
462.990540      1217.0786132813
463.345184      1165.8096923828
463.699829      1203.7041015625
464.054413      1152.4351806641
464.408936      1199.2459716797
464.763458      1134.6025390625
465.117920      1179.1842041016
465.472351      1118.9990234375
465.826752      1112.3117675781
466.181030      1141.2897949219
466.535339      1127.9152832031
466.889618      1143.5189208984
467.243866      1163.5805664063
467.598053      1139.0606689453
467.952209      1141.2897949219
468.306305      1205.9331054688
468.660370      1110.0826416016
469.014435      1127.9152832031
469.368439      1152.4351806641
469.722321      1143.5189208984
470.076263      1150.2061767578
470.430115      1223.7658691406
470.783966      1219.3076171875
471.137756      1123.4571533203
471.491516      1083.3336181641
471.845245      1121.2280273438
472.198944      1116.7698974609
472.552582      1225.9948730469
472.906128      1176.9550781250
473.259705      1156.8933105469
473.613220      1145.7479248047
473.966675      1190.3295898438
474.320129      1125.6862792969
474.673553      1205.9331054688
475.026917      1130.1444091797
475.380249      1165.8096923828
475.733521      1161.3515625000
476.086761      1190.3295898438
476.439911      1190.3295898438
476.793091      1199.2459716797
477.146210      1147.9770507813
477.499298      1125.6862792969
477.852356      1118.9990234375
478.205353      1203.7041015625
478.558350      1192.5587158203
478.911285      1105.6245117188
479.264160      1118.9990234375
479.617035      1123.4571533203
479.969757      1183.6423339844
480.322540      1188.1004638672
480.675262      1185.8714599609
481.027985      1223.7658691406
481.380615      1192.5587158203
481.733246      1168.0388183594
482.085815      1219.3076171875
482.438324      1181.4132080078
482.790833      1125.6862792969
483.143280      1150.2061767578
483.495667      1179.1842041016
483.848022      1141.2897949219
484.200348      1159.1224365234
484.552673      1116.7698974609
484.904907      1170.2678222656
485.257111      1150.2061767578
485.609283      1152.4351806641
485.961456      1168.0388183594
486.313538      1123.4571533203
486.665588      1103.3953857422
487.017548      1118.9990234375
487.369507      1145.7479248047
487.721466      1161.3515625000
488.073334      1159.1224365234
488.425232      1161.3515625000
488.777039      1098.9372558594
489.128815      1156.8933105469
489.480560      1225.9948730469
489.832245      1121.2280273438
490.183868      1232.6821289063
490.535461      1147.9770507813
490.887054      1139.0606689453
491.238586      1234.9112548828
491.590057      1203.7041015625
491.941528      1152.4351806641
492.292938      1203.7041015625
492.644318      1143.5189208984
492.995667      1197.0168457031
493.346954      1139.0606689453
493.698181      1114.5407714844
494.049377      1163.5805664063
494.400543      1132.3734130859
494.751678      1174.7260742188
495.102783      1139.0606689453
495.453827      1161.3515625000
495.804871      1132.3734130859
496.155853      1094.4791259766
496.506775      1150.2061767578
496.857666      1134.6025390625
497.208466      1179.1842041016
497.559265      1174.7260742188
497.910065      1127.9152832031
498.260773      1127.9152832031
498.611481      1165.8096923828
498.962128      1103.3953857422
499.312744      1150.2061767578
499.663300      1176.9550781250
500.013855      1163.5805664063
500.364349      1250.5147705078
500.714752      1136.8316650391
501.065155      1087.7918701172
501.415527      1188.1004638672
501.765869      1176.9550781250
502.116150      1107.8535156250
502.466400      1188.1004638672
502.816620      1130.1444091797
503.166779      1159.1224365234
503.516907      1172.4969482422
503.866943      1132.3734130859
504.217010      1185.8714599609
504.567017      1183.6423339844
504.916962      1168.0388183594
505.266876      1121.2280273438
505.616791      1127.9152832031
505.966644      1212.6203613281
506.316437      1174.7260742188
506.666199      1176.9550781250
507.015930      1161.3515625000
507.365570      1150.2061767578
507.715210      1190.3295898438
508.064789      1159.1224365234
508.414368      1121.2280273438
508.763885      1201.4749755859
509.113373      1219.3076171875
509.462830      1165.8096923828
509.812225      1163.5805664063
510.161591      1230.4530029297
510.510895      1141.2897949219
510.860107      1121.2280273438
511.209381      1121.2280273438
511.558563      1168.0388183594
511.907715      1150.2061767578
512.256836      1067.7301025391
512.605896      1172.4969482422
512.954956      1136.8316650391
513.303955      1154.6643066406
513.652832      1154.6643066406
514.001831      1154.6643066406
514.350647      1094.4791259766
514.699463      1127.9152832031
515.048279      1194.7877197266
515.396973      1185.8714599609
515.745728      1094.4791259766
516.094360      1183.6423339844
516.442993      1203.7041015625
516.791565      1121.2280273438
517.140137      1174.7260742188
517.488586      1143.5189208984
517.837036      1139.0606689453
518.185425      1101.1663818359
518.533875      1134.6025390625
518.882202      1197.0168457031
519.230469      1194.7877197266
519.578735      1096.7081298828
519.927002      1110.0826416016
520.275146      1168.0388183594
520.623291      1132.3734130859
520.971313      1132.3734130859
521.319336      1098.9372558594
521.667419      1172.4969482422
522.015381      1156.8933105469
522.363281      1132.3734130859
522.711182      1188.1004638672
523.059021      1136.8316650391
523.406860      1101.1663818359
523.754639      1092.2500000000
524.102356      1107.8535156250
524.449951      1147.9770507813
524.797607      1219.3076171875
525.145203      1150.2061767578
525.492798      1134.6025390625
525.840332      1098.9372558594
526.187805      1152.4351806641
526.535217      1065.5009765625
526.882629      1185.8714599609
527.230042      1174.7260742188
527.577332      1152.4351806641
527.924500      1143.5189208984
528.271729      1125.6862792969
528.618896      1152.4351806641
528.966125      1118.9990234375
529.313232      1123.4571533203
529.660278      1168.0388183594
530.007324      1221.5367431641
530.354309      1183.6423339844
530.701233      1090.0208740234
531.048096      1136.8316650391
531.394958      1159.1224365234
531.741760      1127.9152832031
532.088562      1230.4530029297
532.435303      1072.1882324219
532.781982      1172.4969482422
533.128601      1139.0606689453
533.475281      1123.4571533203
533.821838      1210.3913574219
534.168335      1165.8096923828
534.514832      1194.7877197266
534.861206      1221.5367431641
535.207703      1185.8714599609
535.554016      1174.7260742188
535.900391      1165.8096923828
536.246643      1139.0606689453
536.592896      1214.8494873047
536.939087      1116.7698974609
537.285278      1101.1663818359
537.631348      1248.2857666016
537.977417      1199.2459716797
538.323425      1136.8316650391
538.669373      1092.2500000000
539.015381      1090.0208740234
539.361267      1168.0388183594
539.707153      1132.3734130859
540.052979      1143.5189208984
540.398804      1132.3734130859
540.744507      1096.7081298828
541.090210      1152.4351806641
541.435791      1123.4571533203
541.781433      1205.9331054688
542.127014      1170.2678222656
542.472595      1118.9990234375
542.818054      1112.3117675781
543.163513      1105.6245117188
543.508911      1190.3295898438
543.854309      1194.7877197266
544.199646      1107.8535156250
544.544800      1190.3295898438
544.890076      1181.4132080078
545.235291      1163.5805664063
545.580444      1214.8494873047
545.925537      1201.4749755859
546.270630      1199.2459716797
546.615723      1208.1622314453
546.960693      1132.3734130859
547.305603      1150.2061767578
547.650574      1130.1444091797
547.995361      1165.8096923828
548.340149      1163.5805664063
548.684998      1192.5587158203
549.029724      1199.2459716797
549.374390      1134.6025390625
549.719116      1150.2061767578
550.063660      1118.9990234375
550.408264      1199.2459716797
550.752869      1081.1046142578
551.097290      1092.2500000000
551.441711      1248.2857666016
551.786133      1172.4969482422
552.130493      1130.1444091797
552.474854      1132.3734130859
552.819092      1123.4571533203
553.163330      1147.9770507813
553.507507      1116.7698974609
553.851685      1118.9990234375
554.195801      1168.0388183594
554.539917      1130.1444091797
554.883850      1145.7479248047
555.227844      1154.6643066406
555.571777      1154.6643066406
555.915710      1121.2280273438
556.259583      1163.5805664063
556.603333      1116.7698974609
556.947205      1205.9331054688
557.290894      1205.9331054688
557.634583      1132.3734130859
557.978210      1127.9152832031
558.321777      1141.2897949219
558.665405      1063.2719726563
559.008911      1168.0388183594
559.352417      1203.7041015625
559.695862      1143.5189208984
560.039185      1183.6423339844
560.382568      1052.1265869141
560.725891      1181.4132080078
561.069153      1143.5189208984
561.412354      1199.2459716797
561.755554      1161.3515625000
562.098694      1179.1842041016
562.441772      1094.4791259766
562.784851      1188.1004638672
563.127930      1201.4749755859
563.470825      1159.1224365234
563.813782      1197.0168457031
564.156738      1150.2061767578
564.499573      1139.0606689453
564.842285      1150.2061767578
565.185059      1150.2061767578
565.527771      1188.1004638672
565.870422      1192.5587158203
566.213135      1181.4132080078
566.555725      1188.1004638672
566.898254      1145.7479248047
567.240784      1170.2678222656
567.583252      1069.9592285156
567.925659      1163.5805664063
568.268005      1121.2280273438
568.610291      1096.7081298828
568.952637      1134.6025390625
569.294922      1127.9152832031
569.637146      1123.4571533203
569.979309      1208.1622314453
570.321411      1112.3117675781
570.663513      1147.9770507813
571.005554      1156.8933105469
571.347473      1159.1224365234
571.689453      1101.1663818359
572.031372      1085.5627441406
572.373230      1150.2061767578
572.715088      1248.2857666016
573.056885      1125.6862792969
573.398621      1145.7479248047
573.740295      1094.4791259766
574.082031      1110.0826416016
574.423584      1112.3117675781
574.765137      1118.9990234375
575.106689      1188.1004638672
575.448120      1192.5587158203
575.789612      1136.8316650391
576.130981      1152.4351806641
576.472351      1125.6862792969
576.813721      1165.8096923828
577.154968      1185.8714599609
577.496216      1168.0388183594
577.837402      1136.8316650391
578.178467      1190.3295898438
578.519592      1125.6862792969
578.860657      1188.1004638672
579.201660      1254.9729003906
579.542664      1143.5189208984
579.883606      1145.7479248047
580.224487      1136.8316650391
580.565308      1172.4969482422
580.906189      1150.2061767578
581.246948      1197.0168457031
581.587585      1203.7041015625
581.928223      1094.4791259766
582.268921      1165.8096923828
582.609497      1197.0168457031
582.950012      1197.0168457031
583.290527      1098.9372558594
583.630981      1147.9770507813
583.971436      1163.5805664063
584.311829      1203.7041015625
584.652100      1156.8933105469
584.992371      1130.1444091797
585.332642      1183.6423339844
585.672852      1210.3913574219
586.013000      1183.6423339844
586.353088      1105.6245117188
586.693176      1179.1842041016
587.033264      1127.9152832031
587.373230      1136.8316650391
587.713196      1194.7877197266
588.053040      1163.5805664063
588.392883      1203.7041015625
588.732727      1145.7479248047
589.072510      1217.0786132813
589.412231      1156.8933105469
589.751892      1181.4132080078
590.091553      1170.2678222656
590.431152      1174.7260742188
590.770752      1161.3515625000
591.110229      1152.4351806641
591.449707      1154.6643066406
591.789124      1203.7041015625
592.128479      1172.4969482422
592.467834      1163.5805664063
592.807129      1072.1882324219
593.146423      1150.2061767578
593.485596      1161.3515625000
593.824768      1201.4749755859
594.163879      1125.6862792969
594.502991      1139.0606689453
594.841980      1096.7081298828
595.180969      1163.5805664063
595.519897      1201.4749755859
595.858887      1125.6862792969
596.197693      1136.8316650391
596.536499      1136.8316650391
596.875305      1174.7260742188
597.214050      1234.9112548828
597.552734      1172.4969482422
597.891296      1156.8933105469
598.229980      1127.9152832031
598.568542      1136.8316650391
598.907043      1217.0786132813
599.245483      1139.0606689453
599.583984      1083.3336181641
599.922363      1105.6245117188
600.260681      1190.3295898438
600.598999      1156.8933105469
600.937256      1172.4969482422
601.275452      1203.7041015625
601.613586      1172.4969482422
601.951721      1190.3295898438
602.289856      1165.8096923828
602.627869      1125.6862792969
602.965881      1192.5587158203
603.303833      1201.4749755859
603.641724      1183.6423339844
603.979614      1183.6423339844
604.317444      1176.9550781250
604.655151      1185.8714599609
604.992859      1163.5805664063
605.330566      1125.6862792969
605.668274      1085.5627441406
606.005859      1154.6643066406
606.343445      1094.4791259766
606.680908      1130.1444091797
607.018433      1118.9990234375
607.355835      1090.0208740234
607.693237      1094.4791259766
608.030579      1032.0648193359
608.367859      1130.1444091797
608.705078      1188.1004638672
609.042297      1092.2500000000
609.379456      1087.7918701172
609.716614      1125.6862792969
610.053650      1098.9372558594
610.390686      1217.0786132813
610.727722      1192.5587158203
611.064575      1237.1402587891
611.401550      1163.5805664063
611.738403      1179.1842041016
612.075256      1159.1224365234
612.411987      1145.7479248047
612.748779      1145.7479248047
613.085449      1145.7479248047
613.422058      1192.5587158203
613.758667      1056.5847167969
614.095215      1176.9550781250
614.431702      1172.4969482422
614.768127      1132.3734130859
615.104614      1145.7479248047
615.440979      1174.7260742188
615.777283      1145.7479248047
616.113586      1185.8714599609
616.449829      1147.9770507813
616.786011      1208.1622314453
617.122192      1210.3913574219
617.458374      1125.6862792969
617.794373      1188.1004638672
618.130371      1156.8933105469
618.466370      1127.9152832031
618.802246      1165.8096923828
619.138184      1165.8096923828
619.474060      1168.0388183594
619.809875      1136.8316650391
620.145630      1156.8933105469
620.481323      1161.3515625000
620.817017      1174.7260742188
621.152588      1145.7479248047
621.488220      1116.7698974609
621.823792      1181.4132080078
622.159241      1145.7479248047
622.494690      1143.5189208984
622.830078      1103.3953857422
623.165466      1163.5805664063
623.500793      1214.8494873047
623.836060      1181.4132080078
624.171265      1174.7260742188
624.506470      1136.8316650391
624.841553      1078.8754882813
625.176697      1101.1663818359
625.511719      1090.0208740234
625.846741      1125.6862792969
626.181702      1083.3336181641
626.516663      1121.2280273438
626.851563      1092.2500000000
627.186401      1132.3734130859
627.521118      1125.6862792969
627.855896      1159.1224365234
628.190552      1212.6203613281
628.525269      1152.4351806641
628.859863      1127.9152832031
629.194458      1105.6245117188
629.528992      1154.6643066406
629.863403      1105.6245117188
630.197815      1103.3953857422
630.532288      1205.9331054688
630.866516      1096.7081298828
631.200867      1145.7479248047
631.535156      1210.3913574219
631.869324      1163.5805664063
632.203491      1152.4351806641
632.537659      1185.8714599609
632.871704      1188.1004638672
633.205750      1188.1004638672
633.539795      1152.4351806641
633.873718      1165.8096923828
634.207520      1132.3734130859
634.541443      1132.3734130859
634.875244      1134.6025390625
635.208984      1152.4351806641
635.542725      1130.1444091797
635.876404      1127.9152832031
636.210022      1179.1842041016
636.543640      1185.8714599609
636.877197      1179.1842041016
637.210571      1194.7877197266
637.544067      1147.9770507813
637.877502      1150.2061767578
638.210815      1210.3913574219
638.544189      1121.2280273438
638.877441      1174.7260742188
639.210693      1165.8096923828
639.543884      1087.7918701172
639.877014      1221.5367431641
640.210144      1127.9152832031
640.543091      1156.8933105469
640.876099      1121.2280273438
641.209106      1147.9770507813
641.541992      1203.7041015625
641.874939      1147.9770507813
642.207703      1165.8096923828
642.540527      1139.0606689453
642.873230      1114.5407714844
643.205994      1181.4132080078
643.538574      1183.6423339844
643.871155      1161.3515625000
644.203674      1136.8316650391
644.536255      1170.2678222656
644.868713      1192.5587158203
645.201172      1147.9770507813
645.533508      1188.1004638672
645.865845      1143.5189208984
646.198120      1259.4311523438
646.530396      1183.6423339844
646.862610      1230.4530029297
647.194702      1123.4571533203
647.526855      1121.2280273438
647.858887      1098.9372558594
648.190857      1150.2061767578
648.522827      1185.8714599609
648.854797      1179.1842041016
649.186707      1125.6862792969
649.518555      1134.6025390625
649.850342      1125.6862792969
650.182007      1161.3515625000
650.513733      1159.1224365234
650.845398      1096.7081298828
651.177063      1125.6862792969
651.508606      1156.8933105469
651.840088      1125.6862792969
652.171631      1118.9990234375
652.503052      1194.7877197266
652.834412      1201.4749755859
653.165771      1179.1842041016
653.497070      1239.3693847656
653.828308      1199.2459716797
654.159485      1197.0168457031
654.490662      1159.1224365234
654.821838      1123.4571533203
655.152832      1145.7479248047
655.483887      1143.5189208984
655.814880      1174.7260742188
656.145813      1154.6643066406
656.476685      1170.2678222656
656.807495      1214.8494873047
657.138306      1147.9770507813
657.469116      1163.5805664063
657.799744      1136.8316650391
658.130493      1147.9770507813
658.461121      1143.5189208984
658.791687      1143.5189208984
659.122192      1221.5367431641
659.452698      1161.3515625000
659.783142      1188.1004638672
660.113464      1123.4571533203
660.443787      1136.8316650391
660.774109      1132.3734130859
661.104370      1136.8316650391
661.434570      1165.8096923828
661.764771      1114.5407714844
662.094849      1121.2280273438
662.424988      1154.6643066406
662.755005      1225.9948730469
663.084900      1114.5407714844
663.414856      1136.8316650391
663.744751      1072.1882324219
664.074585      1116.7698974609
664.404419      1127.9152832031
664.734131      1179.1842041016
665.063904      1176.9550781250
665.393555      1143.5189208984
665.723206      1154.6643066406
666.052734      1103.3953857422
666.382202      1136.8316650391
666.711670      1168.0388183594
667.041138      1150.2061767578
667.370544      1190.3295898438
667.699829      1179.1842041016
668.029175      1087.7918701172
668.358459      1125.6862792969
668.687622      1205.9331054688
669.016846      1125.6862792969
669.345947      1112.3117675781
669.674927      1130.1444091797
670.003967      1201.4749755859
670.332947      1192.5587158203
670.661865      1176.9550781250
670.990784      1072.1882324219
671.319641      1132.3734130859
671.648438      1194.7877197266
671.977112      1217.0786132813
672.305847      1156.8933105469
672.634521      1172.4969482422
672.963135      1210.3913574219
673.291687      1143.5189208984
673.620178      1185.8714599609
673.948669      1141.2897949219
674.277100      1185.8714599609
674.605469      1141.2897949219
674.933899      1118.9990234375
675.262085      1170.2678222656
675.590332      1217.0786132813
675.918579      1152.4351806641
676.246704      1190.3295898438
676.574829      1150.2061767578
676.902893      1145.7479248047
677.230896      1194.7877197266
677.558899      1165.8096923828
677.886841      1163.5805664063
678.214661      1199.2459716797
678.542480      1170.2678222656
678.870239      1078.8754882813
679.197998      1092.2500000000
679.525696      1098.9372558594
679.853394      1110.0826416016
680.180969      1152.4351806641
680.508484      1090.0208740234
680.836060      1139.0606689453
681.163452      1090.0208740234
681.490845      1176.9550781250
681.818237      1132.3734130859
682.145569      1150.2061767578
682.472839      1170.2678222656
682.800110      1147.9770507813
683.127319      1125.6862792969
683.454468      1205.9331054688
683.781494      1192.5587158203
684.108582      1145.7479248047
684.435608      1134.6025390625
684.762451      1188.1004638672
685.089355      1116.7698974609
685.416199      1114.5407714844
685.743103      1125.6862792969
686.069824      1188.1004638672
686.396606      1163.5805664063
686.723267      1127.9152832031
687.049927      1208.1622314453
687.376465      1150.2061767578
687.703003      1170.2678222656
688.029419      1136.8316650391
688.355957      1156.8933105469
688.682312      1083.3336181641
689.008667      1132.3734130859
689.334961      1130.1444091797
689.661316      1103.3953857422
689.987427      1170.2678222656
690.313660      1118.9990234375
690.639771      1118.9990234375
690.965881      1094.4791259766
691.291809      1154.6643066406
691.617798      1156.8933105469
691.943726      1181.4132080078
692.269714      1181.4132080078
692.595459      1172.4969482422
692.921326      1107.8535156250
693.247009      1145.7479248047
693.572754      1125.6862792969
693.898438      1103.3953857422
694.223999      1114.5407714844
694.549561      1105.6245117188
694.875061      1165.8096923828
695.200562      1105.6245117188
695.526001      1143.5189208984
695.851379      1228.2239990234
696.176697      1199.2459716797
696.502014      1105.6245117188
696.827271      1168.0388183594
697.152405      1190.3295898438
697.477539      1161.3515625000
697.802612      1179.1842041016
698.127625      1147.9770507813
698.452698      1127.9152832031
698.777649      1176.9550781250
699.102539      1118.9990234375
699.427429      1185.8714599609
699.752258      1168.0388183594
700.077026      1145.7479248047
700.401733      1150.2061767578
700.726379      1163.5805664063
701.051025      1145.7479248047
701.375610      1230.4530029297
701.700134      1179.1842041016
702.024658      1190.3295898438
702.349060      1172.4969482422
702.673462      1163.5805664063
702.997864      1132.3734130859
703.322144      1092.2500000000
703.646362      1132.3734130859
703.970520      1136.8316650391
704.294739      1205.9331054688
704.618896      1159.1224365234
704.942932      1156.8933105469
705.266968      1152.4351806641
705.590942      1172.4969482422
705.914917      1112.3117675781
706.238770      1125.6862792969
706.562622      1143.5189208984
706.886292      1098.9372558594
707.210083      1156.8933105469
707.533813      1159.1224365234
707.857422      1132.3734130859
708.181030      1156.8933105469
708.504578      1123.4571533203
708.828064      1116.7698974609
709.151550      1176.9550781250
709.474976      1179.1842041016
709.798340      1159.1224365234
710.121582      1225.9948730469
710.444885      1163.5805664063
710.768127      1179.1842041016
711.091248      1127.9152832031
711.414429      1147.9770507813
711.737488      1136.8316650391
712.060547      1197.0168457031
712.383484      1210.3913574219
712.706482      1072.1882324219
713.029358      1134.6025390625
713.352112      1127.9152832031
713.674927      1174.7260742188
713.997681      1190.3295898438
714.320435      1127.9152832031
714.643066      1103.3953857422
714.965698      1188.1004638672
715.288269      1130.1444091797
715.610779      1147.9770507813
715.933289      1165.8096923828
716.255737      1192.5587158203
716.578003      1174.7260742188
716.900330      1174.7260742188
717.222595      1170.2678222656
717.544861      1156.8933105469
717.867065      1212.6203613281
718.189209      1183.6423339844
718.511292      1174.7260742188
718.833313      1125.6862792969
719.155334      1139.0606689453
719.477234      1143.5189208984
719.799133      1165.8096923828
720.120972      1170.2678222656
720.442749      1123.4571533203
720.764587      1141.2897949219
721.086304      1110.0826416016
721.407898      1243.8275146484
721.729553      1243.8275146484
722.051147      1130.1444091797
722.372681      1183.6423339844
722.694092      1194.7877197266
723.015503      1145.7479248047
723.336914      1219.3076171875
723.658264      1143.5189208984
723.979492      1139.0606689453
724.300781      1150.2061767578
724.621948      1145.7479248047
724.943115      1101.1663818359
725.264160      1116.7698974609
725.585205      1199.2459716797
725.906189      1190.3295898438
726.227173      1112.3117675781
726.548035      1154.6643066406
726.868896      1214.8494873047
727.189697      1154.6643066406
727.510498      1067.7301025391
727.831177      1096.7081298828
728.151855      1107.8535156250
728.472473      1098.9372558594
728.793091      1185.8714599609
729.113525      1210.3913574219
729.434021      1168.0388183594
729.754456      1125.6862792969
730.074829      1114.5407714844
730.395142      1094.4791259766
730.715454      1132.3734130859
731.035706      1116.7698974609
731.355896      1181.4132080078
731.676025      1069.9592285156
731.996033      1096.7081298828
732.316101      1176.9550781250
732.636108      1156.8933105469
732.956055      1116.7698974609
733.275940      1145.7479248047
733.595825      1125.6862792969
733.915649      1114.5407714844
734.235413      1139.0606689453
734.555054      1181.4132080078
734.874817      1183.6423339844
735.194336      1201.4749755859
735.513855      1223.7658691406
735.833435      1165.8096923828
736.152893      1098.9372558594
736.472290      1130.1444091797
736.791687      1183.6423339844
737.111023      1156.8933105469
737.430298      1154.6643066406
737.749512      1152.4351806641
738.068665      1165.8096923828
738.387817      1181.4132080078
738.706909      1127.9152832031
739.025879      1152.4351806641
739.344910      1159.1224365234
739.663879      1190.3295898438
739.982788      1161.3515625000
740.301636      1168.0388183594
740.620422      1065.5009765625
740.939148      1172.4969482422
741.257874      1159.1224365234
741.576477      1163.5805664063
741.895020      1141.2897949219
742.213623      1101.1663818359
742.532166      1123.4571533203
742.850586      1192.5587158203
743.169006      1181.4132080078
743.487366      1147.9770507813
743.805725      1101.1663818359
744.123962      1152.4351806641
744.442200      1125.6862792969
744.760315      1092.2500000000
745.078430      1156.8933105469
745.396484      1181.4132080078
745.714539      1241.5985107422
746.032532      1161.3515625000
746.350464      1090.0208740234
746.668335      1114.5407714844
746.986206      1136.8316650391
747.303955      1190.3295898438
747.621643      1154.6643066406
747.939331      1134.6025390625
748.257019      1212.6203613281
748.574585      1112.3117675781
748.892151      1139.0606689453
749.209656      1188.1004638672
749.527100      1165.8096923828
749.844482      1181.4132080078
750.161804      1096.7081298828
750.479126      1136.8316650391
750.796326      1179.1842041016
751.113525      1154.6643066406
751.430725      1190.3295898438
751.747803      1141.2897949219
752.064880      1179.1842041016
752.381897      1156.8933105469
752.698853      1185.8714599609
753.015747      1121.2280273438
753.332703      1185.8714599609
753.649475      1172.4969482422
753.966187      1154.6643066406
754.282898      1152.4351806641
754.599609      1132.3734130859
754.916199      1143.5189208984
755.232788      1214.8494873047
755.549316      1150.2061767578
755.865784      1145.7479248047
756.182190      1110.0826416016
756.498596      1125.6862792969
756.814941      1154.6643066406
757.131165      1139.0606689453
757.447388      1190.3295898438
757.763611      1174.7260742188
758.079712      1092.2500000000
758.395813      1121.2280273438
758.711853      1069.9592285156
759.027832      1172.4969482422
759.343811      1132.3734130859
759.659668      1161.3515625000
759.975464      1116.7698974609
760.291260      1125.6862792969
760.606995      1101.1663818359
760.922668      1147.9770507813
761.238342      1163.5805664063
761.554016      1134.6025390625
761.869507      1130.1444091797
762.185059      1170.2678222656
762.500488      1174.7260742188
762.815918      1154.6643066406
763.131165      1134.6025390625
763.446533      1197.0168457031
763.761719      1159.1224365234
764.076965      1134.6025390625
764.392151      1185.8714599609
764.707214      1194.7877197266
765.022339      1161.3515625000
765.337341      1130.1444091797
765.652283      1112.3117675781
765.967224      1143.5189208984
766.282043      1058.8137207031
766.596863      1114.5407714844
766.911621      1192.5587158203
767.226379      1154.6643066406
767.541016      1141.2897949219
767.855591      1132.3734130859
768.170227      1210.3913574219
768.484741      1156.8933105469
768.799194      1163.5805664063
769.113647      1145.7479248047
769.427979      1141.2897949219
769.742310      1145.7479248047
770.056580      1141.2897949219
770.370850      1201.4749755859
770.684998      1170.2678222656
770.999084      1112.3117675781
771.313232      1110.0826416016
771.627258      1087.7918701172
771.941223      1094.4791259766
772.255066      1130.1444091797
772.569031      1139.0606689453
772.882813      1127.9152832031
773.196594      1139.0606689453
773.510376      1145.7479248047
773.824036      1172.4969482422
774.137695      1154.6643066406
774.451294      1152.4351806641
774.764832      1150.2061767578
775.078308      1127.9152832031
775.391724      1136.8316650391
775.705078      1134.6025390625
776.018433      1150.2061767578
776.331726      1205.9331054688
776.644958      1107.8535156250
776.958130      1141.2897949219
777.271301      1152.4351806641
777.584412      1199.2459716797
777.897461      1136.8316650391
778.210510      1107.8535156250
778.523315      1143.5189208984
778.836304      1141.2897949219
779.149109      1136.8316650391
779.461914      1105.6245117188
779.774658      1094.4791259766
780.087402      1130.1444091797
780.400024      1152.4351806641
780.712585      1156.8933105469
781.025146      1159.1224365234
781.337646      1139.0606689453
781.650085      1201.4749755859
781.962463      1183.6423339844
782.274841      1132.3734130859
782.587158      1123.4571533203
782.899414      1134.6025390625
783.211609      1172.4969482422
783.523743      1176.9550781250
783.835938      1105.6245117188
784.147949      1098.9372558594
784.459900      1121.2280273438
784.771851      1168.0388183594
785.083801      1127.9152832031
785.395630      1145.7479248047
785.707397      1192.5587158203
786.019226      1172.4969482422
786.330933      1168.0388183594
786.642578      1165.8096923828
786.954224      1174.7260742188
787.265747      1139.0606689453
787.577209      1159.1224365234
787.888672      1192.5587158203
788.200073      1205.9331054688
788.511414      1174.7260742188
788.822754      1143.5189208984
789.133972      1134.6025390625
789.445190      1203.7041015625
789.756409      1163.5805664063
790.067505      1197.0168457031
790.378540      1112.3117675781
790.689514      1168.0388183594
791.000488      1190.3295898438
791.311401      1130.1444091797
791.622314      1176.9550781250
791.933105      1150.2061767578
792.243896      1114.5407714844
792.554565      1118.9990234375
792.865234      1056.5847167969
793.175842      1212.6203613281
793.486389      1136.8316650391
793.796875      1132.3734130859
794.107300      1159.1224365234
794.417786      1127.9152832031
794.728088      1150.2061767578
795.038452      1147.9770507813
795.348694      1188.1004638672
795.658936      1156.8933105469
795.969055      1114.5407714844
796.279175      1163.5805664063
796.589172      1219.3076171875
796.899231      1208.1622314453
797.209167      1163.5805664063
797.519104      1179.1842041016
797.828979      1179.1842041016
798.138794      1139.0606689453
798.448547      1134.6025390625
798.758301      1190.3295898438
799.067932      1199.2459716797
799.377563      1143.5189208984
799.687073      1116.7698974609
799.996582      1121.2280273438
800.306030      1152.4351806641
800.615479      1172.4969482422
800.924805      1199.2459716797
801.234192      1179.1842041016
801.543457      1132.3734130859
801.852600      1185.8714599609
802.161743      1168.0388183594
802.470886      1154.6643066406
802.779907      1118.9990234375
803.088867      1127.9152832031
803.397827      1130.1444091797
803.706787      1197.0168457031
804.015686      1188.1004638672
804.324463      1176.9550781250
804.633179      1132.3734130859
804.941956      1081.1046142578
805.250610      1114.5407714844
805.559204      1172.4969482422
805.867676      1194.7877197266
806.176270      1219.3076171875
806.484680      1161.3515625000
806.793091      1141.2897949219
807.101440      1132.3734130859
807.409729      1085.5627441406
807.718018      1188.1004638672
808.026184      1185.8714599609
808.334351      1176.9550781250
808.642456      1127.9152832031
808.950439      1152.4351806641
809.258484      1203.7041015625
809.566467      1143.5189208984
809.874329      1127.9152832031
810.182190      1197.0168457031
810.489990      1147.9770507813
810.797791      1136.8316650391
811.105469      1181.4132080078
811.413147      1176.9550781250
811.720642      1116.7698974609
812.028198      1181.4132080078
812.335693      1232.6821289063
812.643188      1163.5805664063
812.950562      1181.4132080078
813.257935      1152.4351806641
813.565186      1163.5805664063
813.872498      1132.3734130859
814.179626      1246.0566406250
814.486816      1116.7698974609
814.793823      1163.5805664063
815.100830      1185.8714599609
815.407837      1139.0606689453
815.714783      1147.9770507813
816.021667      1118.9990234375
816.328552      1127.9152832031
816.635315      1136.8316650391
816.942078      1136.8316650391
817.248779      1152.4351806641
817.555359      1150.2061767578
817.861938      1210.3913574219
818.168457      1152.4351806641
818.474976      1123.4571533203
818.781372      1165.8096923828
819.087769      1161.3515625000
819.394104      1214.8494873047
819.700378      1154.6643066406
820.006592      1183.6423339844
820.312744      1130.1444091797
820.618896      1154.6643066406
820.924927      1150.2061767578
821.230957      1161.3515625000
821.536926      1136.8316650391
821.842896      1203.7041015625
822.148804      1101.1663818359
822.454590      1114.5407714844
822.760376      1143.5189208984
823.066040      1188.1004638672
823.371704      1101.1663818359
823.677307      1203.7041015625
823.982910      1165.8096923828
824.288391      1134.6025390625
824.593872      1118.9990234375
824.899292      1139.0606689453
825.204651      1179.1842041016
825.509949      1121.2280273438
825.815186      1232.6821289063
826.120422      1103.3953857422
826.425598      1090.0208740234
826.730652      1174.7260742188
827.035706      1090.0208740234
827.340759      1172.4969482422
827.645630      1188.1004638672
827.950623      1147.9770507813
828.255432      1147.9770507813
828.560242      1114.5407714844
828.864990      1197.0168457031
829.169739      1159.1224365234
829.474304      1239.3693847656
829.778870      1121.2280273438
830.083435      1163.5805664063
830.387878      1154.6643066406
830.692383      1159.1224365234
830.996765      1127.9152832031
831.301086      1172.4969482422
831.605408      1159.1224365234
831.909668      1125.6862792969
832.213867      1197.0168457031
832.517883      1185.8714599609
832.821960      1161.3515625000
833.126038      1197.0168457031
833.429993      1168.0388183594
833.733948      1145.7479248047
834.037842      1130.1444091797
834.341614      1147.9770507813
834.645386      1152.4351806641
834.949158      1168.0388183594
835.252808      1085.5627441406
835.556335      1181.4132080078
835.859924      1156.8933105469
836.163513      1170.2678222656
836.466980      1156.8933105469
836.770325      1145.7479248047
837.073730      1163.5805664063
837.377075      1205.9331054688
837.680298      1118.9990234375
837.983521      1163.5805664063
838.286682      1085.5627441406
838.589722      1118.9990234375
838.892761      1127.9152832031
839.195801      1154.6643066406
839.498779      1132.3734130859
839.801636      1114.5407714844
840.104492      1132.3734130859
840.407288      1165.8096923828
840.710022      1165.8096923828
841.012695      1185.8714599609
841.315369      1147.9770507813
841.617920      1156.8933105469
841.920410      1185.8714599609
842.222961      1134.6025390625
842.525391      1152.4351806641
842.827759      1176.9550781250
843.130127      1170.2678222656
843.432373      1165.8096923828
843.734619      1116.7698974609
844.036804      1161.3515625000
844.338867      1101.1663818359
844.640930      1163.5805664063
844.942993      1163.5805664063
845.244934      1154.6643066406
845.546814      1203.7041015625
845.848755      1081.1046142578
846.150513      1188.1004638672
846.452332      1132.3734130859
846.754028      1161.3515625000
847.055664      1087.7918701172
847.357239      1121.2280273438
847.658813      1181.4132080078
847.960327      1165.8096923828
848.261780      1185.8714599609
848.563110      1183.6423339844
848.864563      1096.7081298828
849.165771      1197.0168457031
849.467041      1174.7260742188
849.768250      1199.2459716797
850.069397      1161.3515625000
850.370422      1152.4351806641
850.671448      1150.2061767578
850.972473      1090.0208740234
851.273376      1105.6245117188
851.574280      1161.3515625000
851.875122      1203.7041015625
852.175842      1139.0606689453
852.476624      1176.9550781250
852.777222      1192.5587158203
853.077881      1208.1622314453
853.378418      1174.7260742188
853.678955      1112.3117675781
853.979370      1125.6862792969
854.279785      1170.2678222656
854.580200      1159.1224365234
854.880493      1130.1444091797
855.180725      1096.7081298828
855.480957      1163.5805664063
855.781067      1156.8933105469
856.081116      1194.7877197266
856.381165      1201.4749755859
856.681152      1132.3734130859
856.981140      1156.8933105469
857.281006      1168.0388183594
857.580872      1156.8933105469
857.880676      1110.0826416016
858.180420      1130.1444091797
858.480103      1152.4351806641
858.779724      1192.5587158203
859.079224      1107.8535156250
859.378723      1132.3734130859
859.678223      1105.6245117188
859.977661      1156.8933105469
860.277039      1174.7260742188
860.576355      1118.9990234375
860.875610      1130.1444091797
861.174805      1127.9152832031
861.473999      1143.5189208984
861.773071      1192.5587158203
862.072083      1147.9770507813
862.371094      1176.9550781250
862.670044      1118.9990234375
862.968933      1107.8535156250
863.267761      1139.0606689453
863.566589      1165.8096923828
863.865356      1199.2459716797
864.164001      1188.1004638672
864.462646      1154.6643066406
864.761230      1176.9550781250
865.059692      1188.1004638672
865.358154      1192.5587158203
865.656616      1199.2459716797
865.954956      1123.4571533203
866.253357      1190.3295898438
866.551575      1056.5847167969
866.849792      1143.5189208984
867.147949      1161.3515625000
867.446106      1152.4351806641
867.744080      1136.8316650391
868.042053      1154.6643066406
868.340027      1147.9770507813
868.637878      1163.5805664063
868.935791      1170.2678222656
869.233582      1103.3953857422
869.531311      1190.3295898438
869.828979      1163.5805664063
870.126648      1136.8316650391
870.424255      1188.1004638672
870.721741      1107.8535156250
871.019165      1163.5805664063
871.316589      1127.9152832031
871.613953      1181.4132080078
871.911316      1179.1842041016
872.208557      1123.4571533203
872.505798      1168.0388183594
872.802979      1205.9331054688
873.100037      1121.2280273438
873.397156      1163.5805664063
873.694092      1170.2678222656
873.991028      1201.4749755859
874.287964      1143.5189208984
874.584778      1185.8714599609
874.881592      1130.1444091797
875.178284      1101.1663818359
875.474976      1118.9990234375
875.771606      1181.4132080078
876.068237      1203.7041015625
876.364746      1163.5805664063
876.661194      1205.9331054688
876.957581      1110.0826416016
877.253967      1130.1444091797
877.550293      1114.5407714844
877.846497      1134.6025390625
878.142761      1165.8096923828
878.438904      1101.1663818359
878.734985      1176.9550781250
879.031067      1090.0208740234
879.326965      1165.8096923828
879.622925      1170.2678222656
879.918823      1127.9152832031
880.214661      1098.9372558594
880.510498      1179.1842041016
880.806213      1116.7698974609
881.101868      1145.7479248047
881.397522      1085.5627441406
881.693115      1170.2678222656
881.988586      1223.7658691406
882.283997      1118.9990234375
882.579407      1154.6643066406
882.874817      1154.6643066406
883.170105      1103.3953857422
883.465332      1112.3117675781
883.760559      1176.9550781250
884.055725      1176.9550781250
884.350769      1150.2061767578
884.645813      1181.4132080078
884.940857      1172.4969482422
885.235718      1217.0786132813
885.530579      1125.6862792969
885.825439      1156.8933105469
886.120239      1223.7658691406
886.414917      1067.7301025391
886.709595      1159.1224365234
887.004272      1168.0388183594
887.298767      1152.4351806641
887.593323      1239.3693847656
887.887756      1161.3515625000
888.182129      1181.4132080078
888.476440      1125.6862792969
888.770752      1107.8535156250
889.065002      1118.9990234375
