0.080400
190.489868         0.0000000000
190.870819         0.0000000000
191.251740      1124.0919189453
191.632629      1164.0793457031
192.013474      1095.2120361328
192.394302      1104.0981445313
192.775101      1130.7564697266
193.155838      1144.0855712891
193.536575      1150.7501220703
193.917267      1192.9591064453
194.297943      1197.4022216797
194.678574      1232.9466552734
195.059174      1252.9403076172
195.439743      1128.5349121094
195.820282      1137.4210205078
196.200790      1239.6112060547
196.581268      1208.5098876953
196.961700      1164.0793457031
197.342117      1186.2945556641
197.722488      1164.0793457031
198.102829      1152.9716796875
198.483154      1230.7250976563
198.863434      1101.8765869141
199.243698      1179.6300048828
199.623901      1166.3009033203
200.004089      1121.8703613281
200.384247      1168.5223388672
200.764389      1088.5474853516
201.144485      1164.0793457031
201.524536      1192.9591064453
201.904572      1206.2883300781
202.284561      1175.1870117188
202.664520      1095.2120361328
203.044449      1168.5223388672
203.424362      1192.9591064453
203.804214      1177.4084472656
204.184067      1141.8640136719
204.563858      1164.0793457031
204.943649      1070.7752685547
205.323380      1117.4272460938
205.703094      1184.0729980469
206.082764      1152.9716796875
206.462418      1250.7188720703
206.842026      1155.1932373047
207.221588      1106.3197021484
207.601166      1190.7376708984
207.980667      1206.2883300781
208.360153      1095.2120361328
208.739609      1168.5223388672
209.119034      1210.7313232422
209.498428      1188.5161132813
209.877777      1150.7501220703
210.257111      1099.6550292969
210.636398      1132.9780273438
211.015656      1128.5349121094
211.394882      1179.6300048828
211.774094      1184.0729980469
212.153244      1146.3071289063
212.532394      1135.1994628906
212.911484      1115.2058105469
213.290543      1121.8703613281
213.669571      1184.0729980469
214.048584      1197.4022216797
214.427567      1115.2058105469
214.806488      1188.5161132813
215.185410      1104.0981445313
215.564270      1166.3009033203
215.943115      1157.4147949219
216.321930      1170.7438964844
216.700714      1181.8515625000
217.079437      1141.8640136719
217.458176      1126.3133544922
217.836838      1126.3133544922
218.215485      1159.6362304688
218.594101      1148.5286865234
218.972687      1117.4272460938
219.351227      1135.1994628906
219.729752      1117.4272460938
220.108246      1170.7438964844
220.486694      1161.8577880859
220.865128      1224.0605468750
221.243515      1161.8577880859
221.621872      1195.1806640625
222.000183      1128.5349121094
222.378494      1112.9842529297
222.756744      1164.0793457031
223.134964      1161.8577880859
223.513153      1166.3009033203
223.891327      1146.3071289063
224.269455      1137.4210205078
224.647552      1150.7501220703
225.025620      1206.2883300781
225.403656      1092.9904785156
225.781647      1157.4147949219
226.159622      1170.7438964844
226.537552      1228.5035400391
226.915436      1168.5223388672
227.293335      1095.2120361328
227.671158      1128.5349121094
228.048950      1150.7501220703
228.426727      1135.1994628906
228.804459      1130.7564697266
229.182175      1150.7501220703
229.559845      1053.0030517578
229.937500      1150.7501220703
230.315094      1186.2945556641
230.692673      1137.4210205078
231.070221      1232.9466552734
231.447723      1139.6425781250
231.825180      1141.8640136719
232.202652      1152.9716796875
232.580048      1141.8640136719
232.957428      1104.0981445313
233.334778      1130.7564697266
233.712097      1177.4084472656
234.089386      1068.5537109375
234.466614      1137.4210205078
234.843842      1201.8452148438
235.221024      1150.7501220703
235.598175      1106.3197021484
235.975281      1117.4272460938
236.352386      1195.1806640625
236.729431      1130.7564697266
237.106445      1095.2120361328
237.483414      1141.8640136719
237.860382      1132.9780273438
238.237305      1206.2883300781
238.614182      1146.3071289063
238.991043      1124.0919189453
239.367859      1128.5349121094
239.744644      1164.0793457031
240.121414      1146.3071289063
240.498138      1168.5223388672
240.874817      1108.5411376953
241.251480      1101.8765869141
241.628098      1144.0855712891
242.004700      1110.7626953125
242.381241      1117.4272460938
242.757782      1135.1994628906
243.134262      1077.4398193359
243.510727      1179.6300048828
243.887146      1148.5286865234
244.263535      1124.0919189453
244.639893      1184.0729980469
245.016220      1155.1932373047
245.392517      1152.9716796875
245.768768      1128.5349121094
246.145020      1192.9591064453
246.521194      1077.4398193359
246.897354      1148.5286865234
247.273483      1132.9780273438
247.649567      1161.8577880859
248.025650      1195.1806640625
248.401672      1204.0667724609
248.777664      1081.8829345703
249.153641      1110.7626953125
249.529556      1195.1806640625
249.905457      1124.0919189453
250.281326      1184.0729980469
250.657135      1108.5411376953
251.032959      1164.0793457031
251.408707      1190.7376708984
251.784424      1221.8389892578
252.160126      1190.7376708984
252.535797      1117.4272460938
252.911423      1128.5349121094
253.287018      1192.9591064453
253.662582      1159.6362304688
254.038116      1164.0793457031
254.413605      1168.5223388672
254.789063      1124.0919189453
255.164505      1086.3259277344
255.539886      1117.4272460938
255.915268      1115.2058105469
256.290588      1150.7501220703
256.665894      1132.9780273438
257.041168      1101.8765869141
257.416351      1121.8703613281
257.791565      1190.7376708984
258.166779      1166.3009033203
258.541870      1115.2058105469
258.916962      1184.0729980469
259.292023      1155.1932373047
259.667023      1148.5286865234
260.042053      1101.8765869141
260.416992      1197.4022216797
260.791931      1112.9842529297
261.166809      1164.0793457031
261.541687      1137.4210205078
261.916504      1108.5411376953
262.291321      1061.8891601563
262.666077      1132.9780273438
263.040802      1155.1932373047
263.415497      1139.6425781250
263.790161      1124.0919189453
264.164795      1172.9654541016
264.539368      1155.1932373047
264.913910      1204.0667724609
265.288452      1128.5349121094
265.662964      1141.8640136719
266.037384      1186.2945556641
266.411865      1146.3071289063
266.786224      1208.5098876953
267.160583      1159.6362304688
267.534912      1170.7438964844
267.909210      1159.6362304688
268.283447      1117.4272460938
268.657654      1124.0919189453
269.031860      1050.7814941406
269.406006      1172.9654541016
269.780151      1175.1870117188
270.154236      1099.6550292969
270.528290      1148.5286865234
270.902283      1117.4272460938
271.276306      1112.9842529297
271.650238      1166.3009033203
272.024170      1124.0919189453
272.398041      1215.1744384766
272.771881      1192.9591064453
273.145721      1177.4084472656
273.519531      1177.4084472656
273.893219      1164.0793457031
274.266937      1110.7626953125
274.640656      1201.8452148438
275.014282      1137.4210205078
275.387909      1126.3133544922
275.761475      1157.4147949219
276.135040      1121.8703613281
276.508514      1126.3133544922
276.882019      1130.7564697266
277.255463      1188.5161132813
277.628906      1130.7564697266
278.002258      1168.5223388672
278.375549      1152.9716796875
278.748901      1124.0919189453
279.122162      1126.3133544922
279.495392      1255.1618652344
279.868622      1181.8515625000
280.241791      1144.0855712891
280.614929      1152.9716796875
280.988007      1170.7438964844
281.361084      1184.0729980469
281.734131      1126.3133544922
282.107117      1135.1994628906
282.480072      1088.5474853516
282.853027      1079.6613769531
283.225952      1139.6425781250
283.598785      1121.8703613281
283.971619      1152.9716796875
284.344452      1106.3197021484
284.717194      1128.5349121094
285.089905      1217.3959960938
285.462616      1115.2058105469
285.835297      1130.7564697266
286.207886      1115.2058105469
286.580475      1119.6488037109
286.953064      1130.7564697266
287.325592      1150.7501220703
287.698059      1148.5286865234
288.070496      1150.7501220703
288.442963      1128.5349121094
288.815308      1157.4147949219
289.187683      1112.9842529297
289.559998      1092.9904785156
289.932281      1066.3321533203
290.304504      1152.9716796875
290.676727      1161.8577880859
291.048920      1217.3959960938
291.421082      1150.7501220703
291.793182      1077.4398193359
292.165222      1157.4147949219
292.537292      1199.6237792969
292.909332      1135.1994628906
293.281281      1124.0919189453
293.653198      1179.6300048828
294.025116      1068.5537109375
294.397003      1195.1806640625
294.768860      1157.4147949219
295.140656      1179.6300048828
295.512390      1115.2058105469
295.884125      1146.3071289063
296.255829      1161.8577880859
296.627502      1150.7501220703
296.999146      1126.3133544922
297.370728      1152.9716796875
297.742249      1119.6488037109
298.113831      1070.7752685547
298.485291      1128.5349121094
298.856781      1152.9716796875
299.228149      1115.2058105469
299.599579      1110.7626953125
299.970917      1104.0981445313
300.342224      1152.9716796875
300.713531      1112.9842529297
301.084778      1181.8515625000
301.455994      1144.0855712891
301.827148      1170.7438964844
302.198334      1192.9591064453
302.569427      1188.5161132813
302.940521      1124.0919189453
303.311554      1066.3321533203
303.682556      1144.0855712891
304.053528      1137.4210205078
304.424469      1192.9591064453
304.795380      1132.9780273438
305.166260      1159.6362304688
305.537048      1137.4210205078
305.907837      1110.7626953125
306.278625      1148.5286865234
306.649384      1159.6362304688
307.020050      1144.0855712891
307.390686      1157.4147949219
307.761353      1190.7376708984
308.131897      1112.9842529297
308.502502      1130.7564697266
308.872986      1124.0919189453
309.243500      1177.4084472656
309.613922      1110.7626953125
309.984344      1119.6488037109
310.354736      1146.3071289063
310.725098      1141.8640136719
311.095398      1121.8703613281
311.465637      1188.5161132813
311.835907      1161.8577880859
312.206116      1110.7626953125
312.576294      1108.5411376953
312.946411      1168.5223388672
313.316528      1126.3133544922
313.686584      1139.6425781250
314.056610      1184.0729980469
314.426605      1208.5098876953
314.796570      1084.1043701172
315.166504      1121.8703613281
315.536377      1128.5349121094
315.906250      1141.8640136719
316.276093      1150.7501220703
316.645844      1132.9780273438
317.015594      1206.2883300781
317.385315      1170.7438964844
317.755035      1144.0855712891
318.124603      1190.7376708984
318.494263      1170.7438964844
318.863831      1137.4210205078
319.233368      1126.3133544922
319.602875      1115.2058105469
319.972351      1115.2058105469
320.341797      1090.7690429688
320.711182      1121.8703613281
321.080536      1166.3009033203
321.449890      1170.7438964844
321.819183      1044.1169433594
322.188446      1128.5349121094
322.557648      1168.5223388672
322.926880      1150.7501220703
323.295990      1064.1107177734
323.665100      1141.8640136719
324.034210      1164.0793457031
324.403259      1126.3133544922
324.772247      1164.0793457031
325.141205      1088.5474853516
325.510193      1175.1870117188
325.879120      1184.0729980469
326.247955      1215.1744384766
326.616791      1148.5286865234
326.985596      1195.1806640625
327.354340      1161.8577880859
327.723053      1119.6488037109
328.091797      1172.9654541016
328.460449      1148.5286865234
328.829071      1155.1932373047
329.197632      1179.6300048828
329.566193      1152.9716796875
329.934753      1139.6425781250
330.303192      1124.0919189453
330.671631      1164.0793457031
331.040070      1097.4335937500
331.408478      1184.0729980469
331.776794      1148.5286865234
332.145081      1108.5411376953
332.513367      1175.1870117188
332.881592      1204.0667724609
333.249756      1135.1994628906
333.617920      1097.4335937500
333.986084      1161.8577880859
334.354156      1139.6425781250
334.722229      1155.1932373047
335.090240      1132.9780273438
335.458252      1137.4210205078
335.826202      1152.9716796875
336.194092      1119.6488037109
336.561951      1108.5411376953
336.929779      1152.9716796875
337.297577      1090.7690429688
337.665375      1188.5161132813
338.033142      1157.4147949219
338.400787      1066.3321533203
338.768463      1115.2058105469
339.136108      1188.5161132813
339.503693      1150.7501220703
339.871246      1097.4335937500
340.238770      1152.9716796875
340.606262      1150.7501220703
340.973755      1188.5161132813
341.341125      1128.5349121094
341.708527      1188.5161132813
342.075867      1124.0919189453
342.443146      1119.6488037109
342.810425      1155.1932373047
343.177673      1135.1994628906
343.544861      1186.2945556641
343.912018      1101.8765869141
344.279114      1224.0605468750
344.646271      1150.7501220703
345.013336      1150.7501220703
345.380341      1146.3071289063
345.747314      1175.1870117188
346.114258      1186.2945556641
346.481171      1121.8703613281
346.848022      1155.1932373047
347.214905      1148.5286865234
347.581726      1119.6488037109
347.948456      1168.5223388672
348.315186      1224.0605468750
348.681885      1121.8703613281
349.048584      1128.5349121094
349.415161      1139.6425781250
349.781738      1112.9842529297
350.148346      1181.8515625000
350.514862      1157.4147949219
350.881287      1139.6425781250
351.247742      1170.7438964844
351.614197      1148.5286865234
351.980530      1164.0793457031
352.346863      1201.8452148438
352.713165      1108.5411376953
353.079437      1157.4147949219
353.445679      1141.8640136719
353.811859      1110.7626953125
354.178009      1217.3959960938
354.544159      1244.0541992188
354.910217      1135.1994628906
355.276276      1124.0919189453
355.642303      1161.8577880859
356.008270      1050.7814941406
356.374176      1148.5286865234
356.740112      1124.0919189453
357.105988      1157.4147949219
357.471802      1161.8577880859
357.837585      1112.9842529297
358.203339      1181.8515625000
358.569092      1152.9716796875
358.934753      1215.1744384766
359.300415      1172.9654541016
359.666016      1104.0981445313
360.031616      1197.4022216797
360.397125      1130.7564697266
360.762634      1130.7564697266
361.128143      1084.1043701172
361.493530      1170.7438964844
361.858917      1106.3197021484
362.224274      1084.1043701172
362.589630      1112.9842529297
362.954895      1264.0479736328
363.320160      1112.9842529297
363.685394      1081.8829345703
364.050568      1190.7376708984
364.415680      1148.5286865234
364.780792      1117.4272460938
365.145874      1155.1932373047
365.510895      1150.7501220703
365.875854      1112.9842529297
366.240845      1166.3009033203
366.605774      1130.7564697266
366.970642      1177.4084472656
367.335480      1090.7690429688
367.700317      1126.3133544922
368.065125      1181.8515625000
368.429840      1161.8577880859
368.794525      1146.3071289063
369.159241      1141.8640136719
369.523834      1208.5098876953
369.888397      1097.4335937500
370.252991      1124.0919189453
370.617554      1184.0729980469
370.981995      1152.9716796875
371.346436      1115.2058105469
371.710846      1064.1107177734
372.075256      1095.2120361328
372.439545      1117.4272460938
372.803864      1128.5349121094
373.168121      1128.5349121094
373.532379      1186.2945556641
373.896545      1144.0855712891
374.260681      1101.8765869141
374.624847      1184.0729980469
374.988892      1168.5223388672
375.352936      1068.5537109375
375.716949      1150.7501220703
376.080933      1104.0981445313
376.444855      1164.0793457031
376.808716      1132.9780273438
377.172638      1081.8829345703
377.536469      1061.8891601563
377.900208      1170.7438964844
378.263947      1126.3133544922
378.627686      1175.1870117188
378.991364      1190.7376708984
379.354980      1095.2120361328
379.718628      1164.0793457031
380.082214      1132.9780273438
380.445709      1135.1994628906
380.809174      1146.3071289063
381.172668      1132.9780273438
381.536072      1148.5286865234
381.899475      1130.7564697266
382.262787      1164.0793457031
382.626129      1186.2945556641
382.989380      1199.6237792969
383.352631      1164.0793457031
383.715790      1121.8703613281
384.078979      1148.5286865234
384.442078      1112.9842529297
384.805145      1124.0919189453
385.168243      1175.1870117188
385.531250      1179.6300048828
385.894226      1195.1806640625
386.257141      1137.4210205078
386.620056      1119.6488037109
386.982941      1106.3197021484
387.345734      1121.8703613281
387.708527      1121.8703613281
388.071289      1101.8765869141
388.433990      1175.1870117188
388.796661      1110.7626953125
389.159332      1170.7438964844
389.521942      1075.2182617188
389.884491      1077.4398193359
390.247040      1157.4147949219
390.609528      1099.6550292969
390.971985      1104.0981445313
391.334412      1137.4210205078
391.696747      1166.3009033203
392.059143      1190.7376708984
392.421478      1121.8703613281
392.783691      1130.7564697266
393.145935      1130.7564697266
393.508148      1146.3071289063
393.870270      1104.0981445313
394.232391      1081.8829345703
394.594482      1172.9654541016
394.956573      1075.2182617188
395.318542      1164.0793457031
395.680511      1121.8703613281
396.042450      1148.5286865234
396.404388      1175.1870117188
396.766235      1106.3197021484
397.128021      1168.5223388672
397.489838      1135.1994628906
397.851563      1161.8577880859
398.213257      1170.7438964844
398.574951      1079.6613769531
398.936615      1206.2883300781
399.298187      1206.2883300781
399.659729      1115.2058105469
400.021271      1168.5223388672
400.382751      1130.7564697266
400.744202      1139.6425781250
401.105621      1166.3009033203
401.466980      1077.4398193359
401.828339      1130.7564697266
402.189606      1175.1870117188
402.550873      1184.0729980469
402.912140      1110.7626953125
403.273285      1188.5161132813
403.634430      1195.1806640625
403.995544      1175.1870117188
404.356659      1108.5411376953
404.717651      1144.0855712891
405.078674      1137.4210205078
405.439636      1192.9591064453
405.800568      1168.5223388672
406.161438      1108.5411376953
406.522278      1152.9716796875
406.883118      1124.0919189453
407.243866      1201.8452148438
407.604584      1128.5349121094
407.965302      1168.5223388672
408.325989      1157.4147949219
408.686584      1139.6425781250
409.047150      1124.0919189453
409.407715      1177.4084472656
409.768250      1117.4272460938
410.128723      1177.4084472656
410.489136      1128.5349121094
410.849518      1161.8577880859
411.209900      1230.7250976563
411.570190      1161.8577880859
411.930511      1177.4084472656
412.290741      1177.4084472656
412.650940      1208.5098876953
413.011078      1121.8703613281
413.371246      1172.9654541016
413.731354      1135.1994628906
414.091400      1150.7501220703
414.451385      1181.8515625000
414.811401      1148.5286865234
415.171356      1110.7626953125
415.531281      1246.2757568359
415.891113      1135.1994628906
416.250946      1188.5161132813
416.610718      1144.0855712891
416.970490      1121.8703613281
417.330200      1159.6362304688
417.689911      1139.6425781250
418.049530      1201.8452148438
418.409119      1212.9528808594
418.768707      1172.9654541016
419.128235      1224.0605468750
419.487701      1099.6550292969
419.847137      1121.8703613281
420.206573      1124.0919189453
420.565948      1155.1932373047
420.925232      1144.0855712891
421.284576      1119.6488037109
421.643860      1130.7564697266
422.003052      1092.9904785156
422.362213      1181.8515625000
422.721375      1144.0855712891
423.080536      1090.7690429688
423.439575      1179.6300048828
423.798584      1124.0919189453
424.157593      1241.8327636719
424.516571      1186.2945556641
424.875458      1192.9591064453
425.234314      1141.8640136719
425.593201      1197.4022216797
425.951965      1201.8452148438
426.310699      1132.9780273438
426.669495      1157.4147949219
427.028168      1155.1932373047
427.386810      1121.8703613281
427.745392      1092.9904785156
428.103973      1141.8640136719
428.462524      1137.4210205078
428.821045      1141.8640136719
429.179504      1110.7626953125
429.537903      1150.7501220703
429.896271      1128.5349121094
430.254608      1132.9780273438
430.612915      1164.0793457031
430.971222      1197.4022216797
431.329437      1201.8452148438
431.687622      1170.7438964844
432.045776      1172.9654541016
432.403900      1112.9842529297
432.761993      1217.3959960938
433.119995      1101.8765869141
433.477997      1152.9716796875
433.835968      1155.1932373047
434.193909      1117.4272460938
434.551758      1108.5411376953
434.909637      1159.6362304688
435.267395      1092.9904785156
435.625183      1190.7376708984
435.982910      1121.8703613281
436.340607      1148.5286865234
436.698273      1190.7376708984
437.055878      1132.9780273438
437.413452      1164.0793457031
437.770996      1108.5411376953
438.128479      1088.5474853516
438.485962      1121.8703613281
438.843384      1228.5035400391
439.200775      1121.8703613281
439.558136      1192.9591064453
439.915405      1168.5223388672
440.272705      1135.1994628906
440.629883      1228.5035400391
440.987091      1092.9904785156
441.344238      1141.8640136719
441.701355      1128.5349121094
442.058441      1206.2883300781
442.415436      1139.6425781250
442.772461      1166.3009033203
443.129425      1139.6425781250
443.486359      1190.7376708984
443.843231      1110.7626953125
444.200104      1041.8953857422
444.556885      1146.3071289063
444.913635      1168.5223388672
445.270355      1228.5035400391
445.627075      1115.2058105469
445.983704      1077.4398193359
446.340302      1130.7564697266
446.696869      1097.4335937500
447.053436      1157.4147949219
447.409912      1075.2182617188
447.766357      1095.2120361328
448.122803      1128.5349121094
448.479156      1112.9842529297
448.835510      1139.6425781250
449.191772      1170.7438964844
449.548096      1068.5537109375
449.904297      1159.6362304688
450.260437      1112.9842529297
450.616608      1108.5411376953
450.972687      1152.9716796875
451.328796      1166.3009033203
451.684814      1130.7564697266
452.040833      1168.5223388672
452.396729      1179.6300048828
452.752655      1226.2819824219
453.108551      1006.3510131836
453.464355      1144.0855712891
453.820160      1135.1994628906
454.175934      1219.6174316406
454.531616      1099.6550292969
454.887299      1168.5223388672
455.242950      1088.5474853516
455.598541      1195.1806640625
455.954102      1141.8640136719
456.309601      1237.3896484375
456.665131      1159.6362304688
457.020538      1141.8640136719
457.375977      1137.4210205078
457.731323      1212.9528808594
458.086670      1226.2819824219
458.441956      1101.8765869141
458.797211      1152.9716796875
459.152405      1112.9842529297
459.507538      1164.0793457031
459.862701      1092.9904785156
460.217773      1117.4272460938
460.572845      1172.9654541016
460.927856      1121.8703613281
461.282837      1186.2945556641
461.637756      1128.5349121094
461.992645      1188.5161132813
462.347504      1128.5349121094
462.702332      1126.3133544922
463.057129      1088.5474853516
463.411835      1148.5286865234
463.766541      1130.7564697266
464.121185      1172.9654541016
464.475830      1121.8703613281
464.830383      1088.5474853516
465.184937      1086.3259277344
465.539429      1084.1043701172
465.893921      1130.7564697266
466.248322      1161.8577880859
466.602753      1157.4147949219
466.957062      1148.5286865234
467.311371      1159.6362304688
467.665619      1150.7501220703
468.019897      1137.4210205078
468.374054      1148.5286865234
468.728180      1070.7752685547
469.082306      1141.8640136719
469.436371      1170.7438964844
469.790405      1144.0855712891
470.144379      1139.6425781250
470.498352      1077.4398193359
470.852264      1172.9654541016
471.206146      1159.6362304688
471.559967      1079.6613769531
471.913788      1088.5474853516
472.267487      1219.6174316406
472.621246      1126.3133544922
472.974915      1164.0793457031
473.328522      1179.6300048828
473.682129      1199.6237792969
474.035675      1068.5537109375
474.389191      1166.3009033203
474.742676      1155.1932373047
475.096130      1181.8515625000
475.449493      1132.9780273438
475.802856      1190.7376708984
476.156189      1188.5161132813
476.509460      1175.1870117188
476.862732      1130.7564697266
477.215912      1086.3259277344
477.569061      1132.9780273438
477.922150      1112.9842529297
478.275299      1141.8640136719
478.628296      1070.7752685547
478.981323      1144.0855712891
479.334259      1141.8640136719
479.687195      1139.6425781250
480.040070      1152.9716796875
480.392914      1072.9968261719
480.745728      1112.9842529297
481.098511      1161.8577880859
481.451202      1121.8703613281
481.803925      1159.6362304688
482.156525      1157.4147949219
482.509125      1204.0667724609
482.861694      1132.9780273438
483.214233      1164.0793457031
483.566711      1110.7626953125
483.919128      1170.7438964844
484.271576      1184.0729980469
484.623901      1179.6300048828
484.976257      1130.7564697266
485.328522      1141.8640136719
485.680786      1170.7438964844
486.032959      1172.9654541016
486.385132      1219.6174316406
486.737274      1075.2182617188
487.089325      1144.0855712891
487.441376      1197.4022216797
487.793396      1126.3133544922
488.145386      1121.8703613281
488.497284      1126.3133544922
488.849182      1128.5349121094
489.201019      1148.5286865234
489.552826      1084.1043701172
489.904572      1099.6550292969
490.256317      1192.9591064453
490.608002      1130.7564697266
490.959656      1066.3321533203
491.311249      1095.2120361328
491.662811      1135.1994628906
492.014343      1088.5474853516
492.365814      1104.0981445313
492.717285      1177.4084472656
493.068665      1057.4460449219
493.420044      1164.0793457031
493.771362      1126.3133544922
494.122650      1128.5349121094
494.473877      1106.3197021484
494.825104      1137.4210205078
495.176270      1192.9591064453
495.527374      1132.9780273438
495.878479      1161.8577880859
496.229492      1210.7313232422
496.580536      1166.3009033203
496.931458      1232.9466552734
497.282379      1097.4335937500
497.633270      1148.5286865234
497.984131      1128.5349121094
498.334900      1177.4084472656
498.685669      1186.2945556641
499.036377      1144.0855712891
499.387115      1168.5223388672
499.737701      1121.8703613281
500.088318      1157.4147949219
500.438904      1146.3071289063
500.789429      1112.9842529297
501.139893      1079.6613769531
501.490295      1175.1870117188
501.840729      1097.4335937500
502.191040      1161.8577880859
502.541382      1172.9654541016
502.891663      1130.7564697266
503.241913      1177.4084472656
503.592133      1135.1994628906
503.942322      1092.9904785156
504.292358      1155.1932373047
504.642395      1181.8515625000
504.992432      1192.9591064453
505.342468      1108.5411376953
505.692413      1146.3071289063
506.042358      1155.1932373047
506.392242      1119.6488037109
506.742035      1146.3071289063
507.091858      1168.5223388672
507.441528      1190.7376708984
507.791290      1155.1932373047
508.140961      1132.9780273438
508.490601      1121.8703613281
508.840210      1179.6300048828
509.189697      1157.4147949219
509.539215      1110.7626953125
509.888641      1150.7501220703
510.238098      1099.6550292969
510.587494      1195.1806640625
510.936859      1195.1806640625
511.286194      1126.3133544922
511.635498      1177.4084472656
511.984650      1135.1994628906
512.333862      1144.0855712891
512.682922      1148.5286865234
513.032043      1115.2058105469
513.381104      1132.9780273438
513.730164      1119.6488037109
514.079163      1121.8703613281
514.428040      1152.9716796875
514.776978      1053.0030517578
515.125793      1150.7501220703
515.474609      1092.9904785156
515.823425      1192.9591064453
516.172180      1148.5286865234
516.520813      1168.5223388672
516.869568      1144.0855712891
517.218079      1130.7564697266
517.566650      1137.4210205078
517.915161      1139.6425781250
518.263672      1115.2058105469
518.612183      1152.9716796875
518.960571      1168.5223388672
519.308899      1139.6425781250
519.657227      1135.1994628906
520.005554      1090.7690429688
520.353699      1139.6425781250
520.701904      1121.8703613281
521.050110      1115.2058105469
521.398254      1181.8515625000
521.746338      1115.2058105469
522.094421      1088.5474853516
522.442383      1135.1994628906
522.790222      1195.1806640625
523.138184      1204.0667724609
523.486145      1159.6362304688
523.833984      1181.8515625000
524.181763      1188.5161132813
524.529541      1164.0793457031
524.877197      1172.9654541016
525.224915      1099.6550292969
525.572449      1159.6362304688
525.920105      1130.7564697266
526.267639      1097.4335937500
526.615173      1157.4147949219
526.962646      1159.6362304688
527.309998      1099.6550292969
527.657410      1144.0855712891
528.004700      1157.4147949219
528.351990      1128.5349121094
528.699280      1181.8515625000
529.046509      1117.4272460938
529.393677      1104.0981445313
529.740845      1168.5223388672
530.087891      1124.0919189453
530.434998      1188.5161132813
530.781921      1190.7376708984
531.128906      1159.6362304688
531.475891      1130.7564697266
531.822815      1121.8703613281
532.169617      1157.4147949219
532.516418      1150.7501220703
532.863159      1099.6550292969
533.209839      1139.6425781250
533.556580      1106.3197021484
533.903198      1108.5411376953
534.249817      1135.1994628906
534.596436      1155.1932373047
534.942932      1106.3197021484
535.289368      1115.2058105469
535.635803      1121.8703613281
535.982178      1132.9780273438
536.328552      1055.2246093750
536.674805      1108.5411376953
537.021118      1132.9780273438
537.367371      1190.7376708984
537.713501      1132.9780273438
538.059692      1141.8640136719
538.405701      1215.1744384766
538.751831      1168.5223388672
539.097839      1124.0919189453
539.443787      1141.8640136719
539.789734      1152.9716796875
540.135620      1132.9780273438
540.481506      1106.3197021484
540.827209      1188.5161132813
541.173035      1112.9842529297
541.518799      1199.6237792969
541.864502      1124.0919189453
542.210144      1159.6362304688
542.555786      1135.1994628906
542.901245      1179.6300048828
543.246826      1146.3071289063
543.592285      1195.1806640625
543.937683      1170.7438964844
544.283142      1101.8765869141
544.628479      1130.7564697266
544.973816      1108.5411376953
545.319031      1106.3197021484
545.664307      1139.6425781250
546.009399      1088.5474853516
546.354614      1112.9842529297
546.699707      1079.6613769531
547.044739      1079.6613769531
547.389832      1150.7501220703
547.734802      1179.6300048828
548.079712      1152.9716796875
548.424622      1137.4210205078
548.769409      1137.4210205078
549.114258      1137.4210205078
549.459045      1150.7501220703
549.803772      1084.1043701172
550.148499      1079.6613769531
550.493103      1137.4210205078
550.837708      1132.9780273438
551.182190      1115.2058105469
551.526733      1164.0793457031
551.871216      1221.8389892578
552.215698      1170.7438964844
552.560120      1159.6362304688
552.904480      1166.3009033203
553.248718      1237.3896484375
553.592957      1168.5223388672
553.937195      1206.2883300781
554.281372      1139.6425781250
554.625549      1128.5349121094
554.969666      1112.9842529297
555.313721      1155.1932373047
555.657654      1157.4147949219
556.001709      1186.2945556641
556.345581      1164.0793457031
556.689514      1092.9904785156
557.033325      1219.6174316406
557.377197      1139.6425781250
557.720947      1150.7501220703
558.064575      1175.1870117188
558.408264      1117.4272460938
558.751892      1130.7564697266
559.095520      1090.7690429688
559.439087      1104.0981445313
559.782654      1139.6425781250
560.126099      1146.3071289063
560.469543      1150.7501220703
560.812927      1150.7501220703
561.156250      1106.3197021484
561.499512      1146.3071289063
561.842773      1090.7690429688
562.185974      1104.0981445313
562.529175      1168.5223388672
562.872314      1124.0919189453
563.215332      1112.9842529297
563.558472      1086.3259277344
563.901367      1112.9842529297
564.244385      1190.7376708984
564.587341      1179.6300048828
564.930237      1192.9591064453
565.273071      1166.3009033203
565.615845      1130.7564697266
565.958557      1237.3896484375
566.301331      1139.6425781250
566.643860      1146.3071289063
566.986511      1168.5223388672
567.329163      1135.1994628906
567.671692      1124.0919189453
568.014221      1150.7501220703
568.356628      1161.8577880859
568.699036      1144.0855712891
569.041321      1144.0855712891
569.383728      1184.0729980469
569.726013      1081.8829345703
570.068298      1117.4272460938
570.410461      1159.6362304688
570.752686      1168.5223388672
571.094727      1121.8703613281
571.436768      1188.5161132813
571.778809      1075.2182617188
572.120850      1101.8765869141
572.462769      1155.1932373047
572.804688      1130.7564697266
573.146606      1152.9716796875
573.488342      1139.6425781250
573.830139      1126.3133544922
574.171814      1166.3009033203
574.513550      1144.0855712891
574.855164      1108.5411376953
575.196838      1108.5411376953
575.538391      1146.3071289063
575.879883      1075.2182617188
576.221375      1146.3071289063
576.562744      1108.5411376953
576.904175      1184.0729980469
577.245483      1179.6300048828
577.586792      1135.1994628906
577.928101      1121.8703613281
578.269348      1146.3071289063
578.610535      1148.5286865234
578.951660      1188.5161132813
579.292664      1208.5098876953
579.633728      1164.0793457031
579.974792      1164.0793457031
580.315796      1130.7564697266
580.656677      1126.3133544922
580.997498      1192.9591064453
581.338379      1152.9716796875
581.679138      1159.6362304688
582.019897      1135.1994628906
582.360657      1112.9842529297
582.701294      1137.4210205078
583.041931      1061.8891601563
583.382507      1192.9591064453
583.723022      1172.9654541016
584.063538      1164.0793457031
584.403931      1208.5098876953
584.744385      1155.1932373047
585.084778      1139.6425781250
585.425110      1228.5035400391
585.765381      1077.4398193359
586.105591      1201.8452148438
586.445801      1170.7438964844
586.785889      1115.2058105469
587.125977      1175.1870117188
587.466064      1148.5286865234
587.806152      1124.0919189453
588.146118      1221.8389892578
588.486023      1132.9780273438
588.825928      1132.9780273438
589.165710      1137.4210205078
589.505554      1172.9654541016
589.845337      1192.9591064453
590.185120      1164.0793457031
590.524780      1199.6237792969
590.864441      1150.7501220703
591.203918      1124.0919189453
591.543518      1061.8891601563
591.882996      1168.5223388672
592.222473      1239.6112060547
592.561890      1095.2120361328
592.901306      1172.9654541016
593.240662      1137.4210205078
593.579895      1152.9716796875
593.919128      1104.0981445313
594.258301      1121.8703613281
594.597473      1157.4147949219
594.936646      1152.9716796875
595.275696      1190.7376708984
595.614807      1181.8515625000
595.953796      1135.1994628906
596.292725      1166.3009033203
596.631592      1141.8640136719
596.970398      1119.6488037109
597.309204      1110.7626953125
597.648010      1106.3197021484
597.986755      1195.1806640625
598.325500      1126.3133544922
598.664124      1150.7501220703
599.002686      1108.5411376953
599.341187      1148.5286865234
599.679749      1132.9780273438
600.018250      1081.8829345703
600.356628      1166.3009033203
600.695068      1157.4147949219
601.033386      1101.8765869141
601.371643      1181.8515625000
601.709900      1119.6488037109
602.048035      1201.8452148438
602.386292      1146.3071289063
602.724426      1175.1870117188
603.062500      1117.4272460938
603.400574      1119.6488037109
603.738525      1097.4335937500
604.076477      1170.7438964844
604.414307      1146.3071289063
604.752197      1119.6488037109
605.090027      1148.5286865234
605.427795      1144.0855712891
605.765564      1137.4210205078
606.103210      1199.6237792969
606.440857      1130.7564697266
606.778442      1150.7501220703
607.115967      1186.2945556641
607.453552      1139.6425781250
607.791016      1157.4147949219
608.128418      1197.4022216797
608.465820      1199.6237792969
608.803162      1121.8703613281
609.140442      1108.5411376953
609.477661      1132.9780273438
609.814880      1157.4147949219
610.152100      1161.8577880859
610.489258      1119.6488037109
610.826294      1137.4210205078
611.163269      1188.5161132813
611.500305      1146.3071289063
611.837219      1077.4398193359
612.174072      1155.1932373047
612.510986      1137.4210205078
612.847839      1170.7438964844
613.184570      1110.7626953125
613.521362      1168.5223388672
613.857971      1197.4022216797
614.194641      1230.7250976563
614.531189      1141.8640136719
614.867737      1146.3071289063
615.204285      1141.8640136719
615.540771      1139.6425781250
615.877197      1059.6676025391
616.213562      1097.4335937500
616.549927      1157.4147949219
616.886169      1104.0981445313
617.222351      1177.4084472656
617.558594      1210.7313232422
617.894775      1090.7690429688
618.230896      1101.8765869141
618.566956      1166.3009033203
618.902954      1188.5161132813
619.238953      1199.6237792969
619.574890      1150.7501220703
619.910767      1161.8577880859
620.246643      1117.4272460938
620.582458      1150.7501220703
620.918213      1161.8577880859
621.253967      1112.9842529297
621.589661      1141.8640136719
621.925232      1130.7564697266
622.260803      1186.2945556641
622.596375      1132.9780273438
622.931885      1148.5286865234
623.267334      1199.6237792969
623.602722      1175.1870117188
623.938110      1179.6300048828
624.273376      1141.8640136719
624.608643      1168.5223388672
624.943848      1164.0793457031
625.279114      1179.6300048828
625.614258      1157.4147949219
625.949341      1146.3071289063
626.284424      1155.1932373047
626.619446      1079.6613769531
626.954407      1139.6425781250
627.289307      1115.2058105469
627.624207      1137.4210205078
627.959045      1179.6300048828
628.293884      1110.7626953125
628.628601      1177.4084472656
628.963257      1097.4335937500
629.297913      1070.7752685547
629.632507      1119.6488037109
629.967102      1112.9842529297
630.301697      1095.2120361328
630.636169      1141.8640136719
630.970581      1228.5035400391
631.304993      1132.9780273438
631.639282      1184.0729980469
631.973572      1152.9716796875
632.307861      1159.6362304688
632.642090      1128.5349121094
632.976257      1088.5474853516
633.310425      1119.6488037109
633.644470      1121.8703613281
633.978516      1146.3071289063
634.312439      1141.8640136719
634.646423      1139.6425781250
634.980347      1150.7501220703
635.314209      1148.5286865234
635.648071      1206.2883300781
635.981812      1104.0981445313
636.315552      1148.5286865234
636.649170      1144.0855712891
636.982849      1179.6300048828
637.316406      1195.1806640625
637.649963      1150.7501220703
637.983521      1124.0919189453
638.317017      1166.3009033203
638.650391      1144.0855712891
638.983765      1219.6174316406
639.317078      1181.8515625000
639.650391      1115.2058105469
639.983643      1124.0919189453
640.316833      1132.9780273438
640.649963      1159.6362304688
640.983032      1146.3071289063
641.316101      1075.2182617188
641.649109      1099.6550292969
641.982056      1115.2058105469
642.315002      1110.7626953125
642.647888      1106.3197021484
642.980774      1150.7501220703
643.313538      1150.7501220703
643.646301      1139.6425781250
643.979004      1106.3197021484
644.311646      1164.0793457031
644.644226      1152.9716796875
644.976868      1064.1107177734
645.309387      1199.6237792969
645.641846      1166.3009033203
645.974243      1177.4084472656
646.306702      1150.7501220703
646.638977      1121.8703613281
646.971252      1101.8765869141
647.303528      1132.9780273438
647.635803      1155.1932373047
647.967957      1144.0855712891
648.300110      1146.3071289063
648.632141      1168.5223388672
648.964111      1075.2182617188
649.296082      1130.7564697266
649.628113      1124.0919189453
649.960022      1161.8577880859
650.291870      1126.3133544922
650.623718      1181.8515625000
650.955383      1099.6550292969
651.287109      1121.8703613281
651.618774      1152.9716796875
651.950378      1099.6550292969
652.281982      1168.5223388672
652.613586      1092.9904785156
652.945068      1112.9842529297
653.276489      1197.4022216797
653.607910      1188.5161132813
653.939209      1132.9780273438
654.270569      1112.9842529297
654.601807      1048.5600585938
654.933105      1121.8703613281
655.264221      1064.1107177734
655.595398      1157.4147949219
655.926453      1141.8640136719
656.257507      1128.5349121094
656.588440      1097.4335937500
656.919434      1132.9780273438
657.250366      1170.7438964844
657.581238      1177.4084472656
657.912048      1150.7501220703
658.242798      1195.1806640625
658.573486      1108.5411376953
658.904114      1106.3197021484
659.234802      1106.3197021484
659.565430      1137.4210205078
659.895996      1195.1806640625
660.226501      1115.2058105469
660.556946      1179.6300048828
660.887329      1079.6613769531
661.217712      1117.4272460938
661.547974      1148.5286865234
661.878296      1172.9654541016
662.208557      1072.9968261719
662.538757      1106.3197021484
662.868896      1152.9716796875
663.198975      1177.4084472656
663.528992      1053.0030517578
663.859009      1184.0729980469
664.188904      1139.6425781250
664.518860      1177.4084472656
664.848755      1148.5286865234
665.178589      1121.8703613281
665.508362      1084.1043701172
665.838013      1199.6237792969
666.167725      1126.3133544922
666.497375      1092.9904785156
666.826965      1166.3009033203
667.156494      1132.9780273438
667.486084      1152.9716796875
667.815552      1172.9654541016
668.144897      1112.9842529297
668.474304      1128.5349121094
668.803528      1108.5411376953
669.132813      1117.4272460938
669.462036      1130.7564697266
669.791260      1139.6425781250
670.120422      1172.9654541016
670.449463      1159.6362304688
670.778564      1086.3259277344
671.107544      1159.6362304688
671.436523      1179.6300048828
671.765381      1108.5411376953
672.094299      1166.3009033203
672.423157      1188.5161132813
672.751831      1190.7376708984
673.080627      1121.8703613281
673.409302      1132.9780273438
673.737976      1112.9842529297
674.066528      1181.8515625000
674.395081      1197.4022216797
674.723572      1155.1932373047
675.052002      1159.6362304688
675.380432      1139.6425781250
675.708801      1161.8577880859
676.037170      1195.1806640625
676.365417      1135.1994628906
676.693665      1132.9780273438
677.021851      1081.8829345703
677.349976      1135.1994628906
677.678040      1172.9654541016
678.006042      1119.6488037109
678.334106      1132.9780273438
678.662048      1139.6425781250
678.989929      1077.4398193359
679.317810      1095.2120361328
679.645630      1139.6425781250
679.973389      1115.2058105469
680.301086      1146.3071289063
680.628845      1088.5474853516
680.956482      1157.4147949219
681.283997      1068.5537109375
681.611572      1132.9780273438
681.939087      1121.8703613281
682.266541      1053.0030517578
682.593872      1081.8829345703
682.921265      1128.5349121094
683.248596      1141.8640136719
683.575806      1112.9842529297
683.903076      1170.7438964844
684.230286      1146.3071289063
684.557373      1152.9716796875
684.884399      1112.9842529297
685.211487      1179.6300048828
685.538513      1159.6362304688
685.865417      1190.7376708984
686.192261      1204.0667724609
686.519165      1170.7438964844
686.845947      1124.0919189453
687.172729      1121.8703613281
687.499451      1088.5474853516
687.826111      1139.6425781250
688.152771      1144.0855712891
688.479248      1132.9780273438
688.805847      1110.7626953125
689.132324      1175.1870117188
689.458801      1117.4272460938
689.785095      1115.2058105469
690.111511      1177.4084472656
690.437805      1135.1994628906
690.764038      1217.3959960938
691.090210      1152.9716796875
691.416443      1139.6425781250
691.742554      1139.6425781250
692.068604      1141.8640136719
692.394592      1144.0855712891
692.720581      1146.3071289063
693.046509      1159.6362304688
693.372375      1141.8640136719
693.698242      1197.4022216797
694.023987      1106.3197021484
694.349792      1110.7626953125
694.675476      1068.5537109375
695.001099      1110.7626953125
695.326721      1175.1870117188
695.652222      1097.4335937500
695.977783      1124.0919189453
696.303284      1115.2058105469
696.628723      1119.6488037109
696.954041      1117.4272460938
697.279358      1144.0855712891
697.604675      1126.3133544922
697.929871      1099.6550292969
698.255066      1137.4210205078
698.580200      1106.3197021484
698.905334      1152.9716796875
699.230286      1132.9780273438
699.555359      1148.5286865234
699.880310      1164.0793457031
700.205261      1097.4335937500
700.530029      1106.3197021484
700.854919      1104.0981445313
701.179688      1157.4147949219
701.504456      1164.0793457031
701.829102      1115.2058105469
702.153687      1068.5537109375
702.478271      1148.5286865234
702.802856      1141.8640136719
703.127319      1108.5411376953
703.451721      1141.8640136719
703.776123      1166.3009033203
704.100464      1201.8452148438
704.424805      1150.7501220703
704.749084      1086.3259277344
705.073303      1101.8765869141
705.397461      1110.7626953125
705.721558      1121.8703613281
706.045654      1092.9904785156
706.369690      1126.3133544922
706.693604      1104.0981445313
707.017578      1075.2182617188
707.341431      1108.5411376953
707.665283      1128.5349121094
707.989075      1152.9716796875
708.312805      1155.1932373047
708.636536      1177.4084472656
708.960144      1086.3259277344
709.283752      1159.6362304688
709.607361      1246.2757568359
709.930847      1137.4210205078
710.254333      1170.7438964844
710.577759      1146.3071289063
710.901062      1126.3133544922
711.224426      1139.6425781250
711.547668      1095.2120361328
711.870911      1124.0919189453
712.194153      1112.9842529297
712.517212      1152.9716796875
712.840332      1092.9904785156
713.163391      1115.2058105469
713.486389      1148.5286865234
713.809326      1172.9654541016
714.132202      1177.4084472656
714.455078      1126.3133544922
714.777893      1146.3071289063
715.100586      1166.3009033203
715.423401      1084.1043701172
715.746094      1117.4272460938
716.068604      1157.4147949219
716.391235      1197.4022216797
716.713745      1146.3071289063
717.036255      1201.8452148438
717.358643      1152.9716796875
717.681030      1124.0919189453
718.003418      1066.3321533203
718.325745      1179.6300048828
718.647888      1124.0919189453
718.970154      1210.7313232422
719.292297      1186.2945556641
719.614380      1106.3197021484
719.936401      1090.7690429688
720.258423      1175.1870117188
720.580383      1128.5349121094
720.902283      1126.3133544922
721.224182      1128.5349121094
721.545959      1112.9842529297
721.867737      1164.0793457031
722.189453      1159.6362304688
722.511169      1168.5223388672
722.832764      1161.8577880859
723.154419      1141.8640136719
723.475952      1130.7564697266
723.797424      1108.5411376953
724.118896      1159.6362304688
724.440247      1135.1994628906
724.761597      1108.5411376953
725.082886      1119.6488037109
725.404175      1097.4335937500
725.725342      1110.7626953125
726.046509      1179.6300048828
726.367615      1086.3259277344
726.688721      1070.7752685547
727.009644      1126.3133544922
727.330688      1159.6362304688
727.651611      1137.4210205078
727.972473      1108.5411376953
728.293274      1199.6237792969
728.614075      1090.7690429688
728.934814      1119.6488037109
729.255493      1139.6425781250
729.576172      1146.3071289063
729.896729      1115.2058105469
730.217285      1144.0855712891
730.537720      1115.2058105469
730.858215      1155.1932373047
731.178650      1139.6425781250
731.498962      1130.7564697266
731.819214      1172.9654541016
732.139526      1170.7438964844
732.459778      1164.0793457031
732.779846      1097.4335937500
733.100037      1132.9780273438
733.420105      1141.8640136719
733.740112      1104.0981445313
734.060059      1159.6362304688
734.380066      1164.0793457031
734.699890      1119.6488037109
735.019775      1070.7752685547
735.339478      1157.4147949219
735.659241      1157.4147949219
735.978943      1177.4084472656
736.298584      1130.7564697266
736.618164      1157.4147949219
736.937744      1164.0793457031
737.257263      1139.6425781250
737.576599      1168.5223388672
737.896057      1135.1994628906
738.215393      1108.5411376953
738.534729      1175.1870117188
738.853943      1121.8703613281
739.173157      1157.4147949219
739.492371      1079.6613769531
739.811523      1130.7564697266
740.130493      1126.3133544922
740.449524      1201.8452148438
740.768555      1144.0855712891
741.087463      1088.5474853516
741.406311      1141.8640136719
741.725159      1137.4210205078
742.043945      1152.9716796875
742.362610      1106.3197021484
742.681396      1159.6362304688
743.000061      1139.6425781250
743.318604      1088.5474853516
743.637146      1179.6300048828
743.955627      1168.5223388672
744.274109      1132.9780273438
744.592407      1228.5035400391
744.910828      1177.4084472656
745.229126      1137.4210205078
745.547424      1172.9654541016
745.865540      1124.0919189453
746.183777      1135.1994628906
746.501892      1106.3197021484
746.819946      1128.5349121094
747.137939      1164.0793457031
747.455872      1141.8640136719
747.773865      1119.6488037109
748.091736      1128.5349121094
748.409485      1148.5286865234
748.727295      1117.4272460938
749.045044      1204.0667724609
749.362671      1130.7564697266
749.680298      1172.9654541016
749.997925      1148.5286865234
750.315491      1148.5286865234
750.632874      1121.8703613281
750.950378      1135.1994628906
751.267822      1099.6550292969
751.585083      1144.0855712891
751.902405      1112.9842529297
752.219666      1206.2883300781
752.536865      1146.3071289063
752.854004      1135.1994628906
753.171082      1217.3959960938
753.488159      1090.7690429688
753.805176      1117.4272460938
754.122070      1241.8327636719
754.439026      1126.3133544922
754.755920      1210.7313232422
755.072693      1128.5349121094
755.389465      1084.1043701172
755.706177      1090.7690429688
756.022888      1081.8829345703
756.339478      1112.9842529297
756.656006      1181.8515625000
756.972595      1106.3197021484
757.289063      1188.5161132813
757.605408      1141.8640136719
757.921814      1124.0919189453
758.238159      1259.6048583984
758.554443      1197.4022216797
758.870667      1159.6362304688
759.186890      1101.8765869141
759.503052      1184.0729980469
759.819092      1139.6425781250
760.135132      1148.5286865234
760.451172      1148.5286865234
760.767029      1128.5349121094
761.082947      1141.8640136719
761.398804      1110.7626953125
761.714600      1141.8640136719
762.030396      1141.8640136719
762.346008      1141.8640136719
762.661682      1188.5161132813
762.977295      1090.7690429688
763.292908      1141.8640136719
763.608337      1095.2120361328
763.923828      1077.4398193359
764.239258      1090.7690429688
764.554626      1195.1806640625
764.869873      1155.1932373047
765.185181      1181.8515625000
765.500427      1208.5098876953
765.815491      1112.9842529297
766.130615      1199.6237792969
766.445740      1132.9780273438
766.760803      1177.4084472656
767.075745      1137.4210205078
767.390686      1090.7690429688
767.705566      1090.7690429688
768.020386      1206.2883300781
768.335144      1177.4084472656
768.649902      1212.9528808594
768.964539      1115.2058105469
769.279175      1117.4272460938
769.593750      1168.5223388672
769.908264      1077.4398193359
770.222839      1128.5349121094
770.537170      1132.9780273438
770.851624      1144.0855712891
771.165955      1121.8703613281
771.480286      1206.2883300781
771.794495      1201.8452148438
772.108704      1177.4084472656
772.422852      1144.0855712891
772.736938      1104.0981445313
773.050964      1117.4272460938
773.364990      1144.0855712891
773.678894      1168.5223388672
773.992798      1159.6362304688
774.306641      1159.6362304688
774.620422      1126.3133544922
774.934204      1192.9591064453
775.247864      1150.7501220703
775.561584      1199.6237792969
775.875183      1106.3197021484
776.188721      1097.4335937500
776.502197      1141.8640136719
776.815735      1132.9780273438
777.129150      1110.7626953125
777.442444      1239.6112060547
777.755737      1155.1932373047
778.069092      1077.4398193359
778.382324      1150.7501220703
778.695435      1215.1744384766
779.008545      1135.1994628906
779.321594      1155.1932373047
779.634644      1164.0793457031
779.947571      1148.5286865234
780.260498      1132.9780273438
780.573364      1092.9904785156
780.886169      1130.7564697266
781.198975      1195.1806640625
781.511719      1146.3071289063
781.824402      1099.6550292969
782.136963      1208.5098876953
782.449585      1128.5349121094
782.762146      1104.0981445313
783.074646      1061.8891601563
783.387024      1128.5349121094
783.699402      1097.4335937500
784.011719      1128.5349121094
784.324097      1084.1043701172
784.636230      1181.8515625000
784.948425      1119.6488037109
785.260620      1164.0793457031
785.572632      1137.4210205078
785.884644      1130.7564697266
786.196655      1110.7626953125
786.508667      1112.9842529297
786.820496      1175.1870117188
787.132324      1132.9780273438
787.444153      1119.6488037109
787.755859      1150.7501220703
788.067566      1135.1994628906
788.379211      1175.1870117188
788.690796      1139.6425781250
789.002319      1188.5161132813
789.313782      1059.6676025391
789.625305      1150.7501220703
789.936707      1172.9654541016
790.247986      1108.5411376953
790.559326      1161.8577880859
790.870605      1068.5537109375
791.181763      1137.4210205078
791.492920      1206.2883300781
791.803955      1128.5349121094
792.115051      1177.4084472656
792.426086      1106.3197021484
792.737000      1086.3259277344
793.047913      1135.1994628906
793.358765      1208.5098876953
793.669495      1192.9591064453
793.980347      1106.3197021484
794.291016      1161.8577880859
794.601685      1108.5411376953
794.912292      1088.5474853516
795.222778      1208.5098876953
795.533325      1112.9842529297
795.843811      1181.8515625000
796.154175      1110.7626953125
796.464539      1117.4272460938
796.774902      1152.9716796875
797.085022      1121.8703613281
797.395325      1197.4022216797
797.705505      1172.9654541016
798.015625      1172.9654541016
798.325623      1190.7376708984
798.635620      1159.6362304688
798.945618      1146.3071289063
799.255554      1159.6362304688
799.565369      1132.9780273438
799.875183      1175.1870117188
800.184998      1155.1932373047
800.494690      1208.5098876953
800.804321      1139.6425781250
801.113953      1177.4084472656
801.423462      1188.5161132813
801.732910      1088.5474853516
802.042419      1146.3071289063
802.351868      1150.7501220703
802.661255      1179.6300048828
802.970520      1186.2945556641
803.279785      1144.0855712891
803.588989      1166.3009033203
803.898193      1117.4272460938
804.207275      1086.3259277344
804.516357      1086.3259277344
804.825378      1157.4147949219
805.134277      1155.1932373047
805.443176      1097.4335937500
805.752136      1157.4147949219
806.060974      1126.3133544922
806.369629      1161.8577880859
806.678406      1172.9654541016
806.987061      1179.6300048828
807.295715      1095.2120361328
807.604187      1130.7564697266
807.912720      1139.6425781250
808.221191      1150.7501220703
808.529663      1150.7501220703
808.837952      1188.5161132813
809.146301      1112.9842529297
809.454590      1117.4272460938
809.762756      1128.5349121094
810.070923      1155.1932373047
810.379028      1232.9466552734
810.687073      1130.7564697266
810.995117      1157.4147949219
811.303040      1179.6300048828
811.611023      1101.8765869141
811.918884      1168.5223388672
812.226624      1037.4523925781
812.534424      1195.1806640625
812.842163      1146.3071289063
813.149719      1126.3133544922
813.457397      1097.4335937500
813.764954      1128.5349121094
814.072510      1128.5349121094
814.379883      1137.4210205078
814.687378      1099.6550292969
814.994690      1124.0919189453
815.302063      1177.4084472656
815.609314      1155.1932373047
815.916504      1152.9716796875
816.223694      1166.3009033203
816.530762      1130.7564697266
816.837830      1146.3071289063
817.144836      1132.9780273438
817.451843      1137.4210205078
817.758667      1055.2246093750
818.065552      1179.6300048828
818.372375      1157.4147949219
818.679138      1152.9716796875
818.985779      1097.4335937500
819.292480      1121.8703613281
819.599121      1135.1994628906
819.905701      1137.4210205078
820.212158      1108.5411376953
820.518616      1101.8765869141
820.825012      1152.9716796875
821.131348      1124.0919189453
821.437683      1141.8640136719
821.743896      1148.5286865234
822.050110      1124.0919189453
822.356262      1192.9591064453
822.662415      1130.7564697266
822.968445      1150.7501220703
823.274475      1108.5411376953
823.580322      1152.9716796875
823.886292      1124.0919189453
824.192200      1128.5349121094
824.497864      1119.6488037109
824.803711      1141.8640136719
825.109375      1190.7376708984
825.415039      1132.9780273438
825.720581      1159.6362304688
826.026184      1117.4272460938
826.331665      1170.7438964844
826.637146      1164.0793457031
826.942444      1190.7376708984
827.247803      1117.4272460938
827.553162      1090.7690429688
827.858398      1084.1043701172
828.163574      1157.4147949219
828.468750      1172.9654541016
828.773804      1166.3009033203
829.078796      1161.8577880859
829.383850      1135.1994628906
829.688782      1101.8765869141
829.993713      1139.6425781250
830.298462      1117.4272460938
830.603271      1166.3009033203
830.908020      1035.2308349609
831.212708      1112.9842529297
831.517273      1097.4335937500
831.821960      1155.1932373047
832.126465      1039.6739501953
832.430908      1128.5349121094
832.735352      1144.0855712891
833.039734      1117.4272460938
833.344116      1124.0919189453
833.648315      1217.3959960938
833.952576      1172.9654541016
834.256714      1141.8640136719
834.560913      1146.3071289063
834.864929      1157.4147949219
835.169006      1170.7438964844
835.472961      1166.3009033203
835.776917      1144.0855712891
836.080750      1150.7501220703
836.384583      1152.9716796875
836.688354      1144.0855712891
836.992004      1172.9654541016
837.295654      1121.8703613281
837.599365      1219.6174316406
837.902893      1139.6425781250
838.206360      1181.8515625000
838.509827      1135.1994628906
838.813293      1226.2819824219
839.116699      1124.0919189453
839.419922      1148.5286865234
839.723206      1146.3071289063
840.026428      1061.8891601563
840.329590      1055.2246093750
840.632690      1197.4022216797
840.935730      1152.9716796875
841.238708      1137.4210205078
841.541626      1179.6300048828
841.844543      1068.5537109375
842.147461      1079.6613769531
842.450256      1166.3009033203
842.752930      1106.3197021484
843.055664      1155.1932373047
843.358337      1077.4398193359
843.660889      1190.7376708984
843.963440      1130.7564697266
844.265930      1168.5223388672
844.568420      1175.1870117188
844.870728      1110.7626953125
845.173096      1190.7376708984
845.475403      1161.8577880859
845.777649      1117.4272460938
846.079834      1208.5098876953
846.381958      1152.9716796875
846.684021      1144.0855712891
846.986145      1168.5223388672
847.288025      1184.0729980469
847.589966      1106.3197021484
847.891846      1150.7501220703
848.193665      1112.9842529297
848.495483      1181.8515625000
848.797180      1124.0919189453
849.098877      1112.9842529297
849.400452      1212.9528808594
849.702026      1139.6425781250
850.003540      1124.0919189453
850.304993      1181.8515625000
850.606445      1188.5161132813
850.907776      1152.9716796875
851.209106      1108.5411376953
851.510315      1184.0729980469
851.811584      1166.3009033203
852.112671      1135.1994628906
852.413879      1146.3071289063
852.714844      1121.8703613281
853.015869      1168.5223388672
853.316833      1159.6362304688
853.617737      1212.9528808594
853.918579      1155.1932373047
854.219360      1139.6425781250
854.520142      1175.1870117188
854.820862      1210.7313232422
855.121399      1204.0667724609
855.421997      1155.1932373047
855.722595      1181.8515625000
856.023071      1112.9842529297
856.323486      1106.3197021484
856.623901      1090.7690429688
856.924255      1135.1994628906
857.224487      1126.3133544922
857.524719      1159.6362304688
857.824890      1179.6300048828
858.125000      1108.5411376953
858.425049      1184.0729980469
858.725098      1121.8703613281
859.025085      1124.0919189453
859.325012      1170.7438964844
859.624817      1141.8640136719
859.924683      1181.8515625000
860.224487      1184.0729980469
860.524170      1112.9842529297
860.823792      1186.2945556641
861.123474      1204.0667724609
861.422974      1137.4210205078
861.722412      1155.1932373047
862.021912      1161.8577880859
862.321350      1119.6488037109
862.620728      1088.5474853516
862.919983      1072.9968261719
863.219238      1139.6425781250
863.518433      1101.8765869141
863.817505      1204.0667724609
864.116638      1148.5286865234
864.415710      1055.2246093750
864.714722      1099.6550292969
865.013550      1146.3071289063
865.312439      1117.4272460938
865.611328      1112.9842529297
865.910156      1186.2945556641
866.208801      1144.0855712891
866.507507      1088.5474853516
866.806091      1188.5161132813
867.104614      1092.9904785156
867.403137      1099.6550292969
867.701660      1112.9842529297
868.000061      1199.6237792969
868.298401      1150.7501220703
868.596741      1066.3321533203
868.894958      1097.4335937500
869.193237      1141.8640136719
869.491333      1141.8640136719
869.789429      1130.7564697266
870.087524      1146.3071289063
870.385498      1135.1994628906
870.683411      1197.4022216797
870.981323      1144.0855712891
871.279236      1161.8577880859
871.576965      1099.6550292969
871.874695      1095.2120361328
872.172363      1159.6362304688
872.470032      1068.5537109375
872.767578      1168.5223388672
873.065125      1177.4084472656
873.362549      1117.4272460938
873.660034      1126.3133544922
873.957397      1210.7313232422
874.254700      1121.8703613281
874.552002      1128.5349121094
874.849182      1157.4147949219
875.146362      1155.1932373047
875.443481      1097.4335937500
875.740540      1150.7501220703
876.037476      1172.9654541016
876.334473      1070.7752685547
876.631348      1121.8703613281
876.928223      1124.0919189453
877.224976      1144.0855712891
877.521729      1192.9591064453
877.818420      1204.0667724609
878.115112      1148.5286865234
878.411621      1121.8703613281
878.708191      1157.4147949219
879.004700      1144.0855712891
879.301086      1110.7626953125
879.597473      1179.6300048828
879.893799      1164.0793457031
880.190063      1092.9904785156
880.486267      1128.5349121094
880.782471      1172.9654541016
881.078613      1166.3009033203
881.374695      1157.4147949219
881.670654      1159.6362304688
881.966614      1081.8829345703
882.262573      1141.8640136719
882.558350      1126.3133544922
882.854126      1177.4084472656
883.149902      1192.9591064453
883.445618      1066.3321533203
883.741211      1144.0855712891
884.036865      1175.1870117188
884.332336      1221.8389892578
884.627869      1121.8703613281
884.923218      1112.9842529297
885.218689      1152.9716796875
885.513977      1188.5161132813
885.809265      1139.6425781250
886.104492      1164.0793457031
886.399658      1161.8577880859
886.694763      1117.4272460938
886.989807      1095.2120361328
887.284790      1170.7438964844
887.579773      1110.7626953125
887.874695      1204.0667724609
888.169495      1190.7376708984
888.464355      1132.9780273438
888.759094      1144.0855712891
889.053772      1150.7501220703
889.348389      1164.0793457031
