0.028200
191.033081         0.0000000000
191.409973         0.0000000000
191.786819      1210.7707519531
192.163651      1215.4187011719
192.540451      1245.6297607422
192.917221      1220.0665283203
193.293961      1192.1793212891
193.670670      1245.6297607422
194.047348      1192.1793212891
194.423981      1240.9819335938
194.800613      1273.5170898438
195.177200      1264.2213134766
195.553757      1240.9819335938
195.930283      1271.1931152344
196.306778      1343.2351074219
196.683258      1271.1931152344
197.059677      1257.2495117188
197.436081      1254.9255371094
197.812454      1243.3059082031
198.188812      1227.0383300781
198.565125      1229.3623046875
198.941406      1292.1085205078
199.317673      1231.6861572266
199.693893      1296.7564697266
200.070099      1247.9537353516
200.446259      1238.6579589844
200.822388      1338.5872802734
201.198486      1250.2777099609
201.574570      1278.1649169922
201.950607      1227.0383300781
202.326614      1275.8409423828
202.702606      1222.3905029297
203.078568      1240.9819335938
203.454483      1243.3059082031
203.830383      1229.3623046875
204.206253      1220.0665283203
204.582077      1217.7425537109
204.957870      1215.4187011719
205.333633      1201.4749755859
205.709396      1224.7143554688
206.085098      1310.7000732422
206.460785      1196.8271484375
206.836426      1138.7287597656
207.212051      1206.1229248047
207.587646      1213.0947265625
207.963196      1224.7143554688
208.338730      1220.0665283203
208.714218      1240.9819335938
209.089691      1173.5877685547
209.465134      1157.3201904297
209.840530      1152.6723632813
210.215897      1187.5313720703
210.591263      1203.7989501953
210.966583      1180.5595703125
211.341858      1213.0947265625
211.717102      1231.6861572266
212.092331      1264.2213134766
212.467529      1206.1229248047
212.842697      1252.6016845703
213.217819      1234.0101318359
213.592926      1238.6579589844
213.968002      1259.5734863281
214.343018      1227.0383300781
214.718033      1299.0803222656
215.093018      1264.2213134766
215.467972      1171.2639160156
215.842880      1199.1511230469
216.217773      1161.9681396484
216.592636      1299.0803222656
216.967453      1224.7143554688
217.342255      1159.6441650391
217.717026      1154.9963378906
218.091766      1247.9537353516
218.466446      1254.9255371094
218.841125      1229.3623046875
219.215759      1282.8127441406
219.590378      1215.4187011719
219.964966      1240.9819335938
220.339508      1210.7707519531
220.714020      1236.3341064453
221.088516      1240.9819335938
221.462967      1196.8271484375
221.837402      1217.7425537109
222.211792      1178.2357177734
222.586166      1301.4042968750
222.960510      1240.9819335938
223.334793      1285.1367187500
223.709061      1245.6297607422
224.083313      1215.4187011719
224.457520      1243.3059082031
224.831696      1196.8271484375
225.205856      1250.2777099609
225.579987      1215.4187011719
225.954056      1173.5877685547
226.328110      1275.8409423828
226.702148      1213.0947265625
227.076126      1240.9819335938
227.450104      1252.6016845703
227.824036      1180.5595703125
228.197937      1134.0809326172
228.571823      1220.0665283203
228.945648      1192.1793212891
229.319473      1187.5313720703
229.693237      1203.7989501953
230.066986      1220.0665283203
230.440704      1238.6579589844
230.814392      1266.5452880859
231.188034      1231.6861572266
231.561661      1259.5734863281
231.935257      1173.5877685547
232.308823      1252.6016845703
232.682343      1215.4187011719
233.055847      1182.8835449219
233.429321      1264.2213134766
233.802750      1206.1229248047
234.176147      1252.6016845703
234.549530      1213.0947265625
234.922882      1227.0383300781
235.296188      1229.3623046875
235.669464      1222.3905029297
236.042725      1243.3059082031
236.415924      1210.7707519531
236.789139      1285.1367187500
237.162292      1217.7425537109
237.535416      1192.1793212891
237.908508      1196.8271484375
238.281570      1224.7143554688
238.654617      1213.0947265625
239.027618      1227.0383300781
239.400574      1240.9819335938
239.773514      1296.7564697266
240.146423      1185.2075195313
240.519302      1220.0665283203
240.892136      1273.5170898438
241.264969      1238.6579589844
241.637726      1231.6861572266
242.010498      1227.0383300781
242.383209      1120.1372070313
242.755905      1210.7707519531
243.128555      1164.2919921875
243.501190      1227.0383300781
243.873779      1220.0665283203
244.246353      1189.8553466797
244.618866      1215.4187011719
244.991379      1252.6016845703
245.363861      1240.9819335938
245.736282      1192.1793212891
246.108688      1196.8271484375
246.481079      1208.4467773438
246.853409      1182.8835449219
247.225723      1189.8553466797
247.598007      1245.6297607422
247.970261      1201.4749755859
248.342468      1245.6297607422
248.714645      1168.9399414063
249.086823      1224.7143554688
249.458954      1206.1229248047
249.831024      1229.3623046875
250.203094      1166.6159667969
250.575134      1217.7425537109
250.947113      1199.1511230469
251.319092      1231.6861572266
251.691025      1275.8409423828
252.062912      1220.0665283203
252.434784      1134.0809326172
252.806641      1208.4467773438
253.178452      1199.1511230469
253.550232      1199.1511230469
253.921967      1231.6861572266
254.293686      1259.5734863281
254.665359      1159.6441650391
255.037003      1254.9255371094
255.408630      1199.1511230469
255.780228      1182.8835449219
256.151764      1240.9819335938
256.523285      1257.2495117188
256.894806      1220.0665283203
257.266235      1245.6297607422
257.637695      1236.3341064453
258.009064      1196.8271484375
258.380432      1254.9255371094
258.751770      1238.6579589844
259.123077      1189.8553466797
259.494385      1215.4187011719
259.865601      1254.9255371094
260.236816      1187.5313720703
260.607941      1189.8553466797
260.979126      1238.6579589844
261.350220      1206.1229248047
261.721344      1141.0527343750
262.092346      1303.7282714844
262.463379      1217.7425537109
262.834351      1175.9117431641
263.205292      1234.0101318359
263.576233      1261.8973388672
263.947144      1194.5031738281
264.317993      1257.2495117188
264.688812      1261.8973388672
265.059631      1208.4467773438
265.430359      1238.6579589844
265.801117      1187.5313720703
266.171783      1215.4187011719
266.542450      1222.3905029297
266.913086      1236.3341064453
267.283691      1259.5734863281
267.654266      1206.1229248047
268.024811      1229.3623046875
268.395325      1238.6579589844
268.765778      1203.7989501953
269.136230      1187.5313720703
269.506653      1210.7707519531
269.877045      1194.5031738281
270.247375      1234.0101318359
270.617676      1231.6861572266
270.987946      1247.9537353516
271.358246      1273.5170898438
271.728424      1194.5031738281
272.098633      1203.7989501953
272.468781      1247.9537353516
272.838867      1175.9117431641
273.209015      1217.7425537109
273.579041      1234.0101318359
273.949066      1192.1793212891
274.319061      1199.1511230469
274.689056      1303.7282714844
275.058960      1182.8835449219
275.428864      1217.7425537109
275.798737      1217.7425537109
276.168579      1296.7564697266
276.538361      1178.2357177734
276.908142      1268.8691406250
277.277832      1215.4187011719
277.647583      1210.7707519531
278.017242      1287.4606933594
278.386902      1257.2495117188
278.756500      1210.7707519531
279.126038      1240.9819335938
279.495636      1224.7143554688
279.865143      1254.9255371094
280.234619      1171.2639160156
280.604065      1240.9819335938
280.973450      1245.6297607422
281.342834      1222.3905029297
281.712189      1310.7000732422
282.081512      1240.9819335938
282.450836      1287.4606933594
282.820038      1238.6579589844
283.189270      1240.9819335938
283.558502      1164.2919921875
283.927612      1236.3341064453
284.296722      1240.9819335938
284.665863      1310.7000732422
285.034912      1245.6297607422
285.403931      1182.8835449219
285.772919      1164.2919921875
286.141876      1210.7707519531
286.510834      1185.2075195313
286.879730      1257.2495117188
287.248596      1250.2777099609
287.617401      1217.7425537109
287.986206      1180.5595703125
288.354950      1236.3341064453
288.723724      1180.5595703125
289.092407      1187.5313720703
289.461060      1259.5734863281
289.829742      1199.1511230469
290.198334      1192.1793212891
290.566925      1299.0803222656
290.935455      1192.1793212891
291.303925      1173.5877685547
291.672394      1182.8835449219
292.040894      1259.5734863281
292.409271      1196.8271484375
292.777679      1196.8271484375
293.145996      1159.6441650391
293.514313      1271.1931152344
293.882599      1296.7564697266
294.250824      1157.3201904297
294.619049      1178.2357177734
294.987244      1213.0947265625
295.355377      1247.9537353516
295.723480      1220.0665283203
296.091614      1182.8835449219
296.459625      1236.3341064453
296.827667      1222.3905029297
297.195648      1245.6297607422
297.563599      1196.8271484375
297.931488      1194.5031738281
298.299408      1243.3059082031
298.667267      1194.5031738281
299.035095      1247.9537353516
299.402893      1154.9963378906
299.770599      1199.1511230469
300.138367      1229.3623046875
300.506042      1215.4187011719
300.873718      1243.3059082031
301.241333      1240.9819335938
301.608917      1222.3905029297
301.976471      1271.1931152344
302.344025      1222.3905029297
302.711487      1173.5877685547
303.078979      1266.5452880859
303.446411      1192.1793212891
303.813782      1150.3483886719
304.181183      1229.3623046875
304.548492      1192.1793212891
304.915771      1187.5313720703
305.283051      1180.5595703125
305.650299      1227.0383300781
306.017456      1229.3623046875
306.384644      1189.8553466797
306.751770      1227.0383300781
307.118896      1243.3059082031
307.485962      1215.4187011719
307.852966      1247.9537353516
308.219971      1245.6297607422
308.586945      1254.9255371094
308.953888      1203.7989501953
309.320801      1213.0947265625
309.687653      1215.4187011719
310.054504      1154.9963378906
310.421326      1234.0101318359
310.788086      1171.2639160156
311.154846      1292.1085205078
311.521515      1245.6297607422
311.888184      1206.1229248047
312.254822      1175.9117431641
312.621429      1217.7425537109
312.988007      1236.3341064453
313.354553      1271.1931152344
313.721039      1171.2639160156
314.087494      1243.3059082031
314.453949      1220.0665283203
314.820343      1261.8973388672
315.186737      1187.5313720703
315.553101      1215.4187011719
315.919373      1208.4467773438
316.285645      1245.6297607422
316.651886      1206.1229248047
317.018066      1199.1511230469
317.384308      1247.9537353516
317.750427      1240.9819335938
318.116516      1210.7707519531
318.482574      1203.7989501953
318.848633      1194.5031738281
319.214661      1196.8271484375
319.580627      1250.2777099609
319.946564      1222.3905029297
320.312439      1173.5877685547
320.678314      1280.4888916016
321.044159      1185.2075195313
321.410004      1234.0101318359
321.775757      1257.2495117188
322.141510      1203.7989501953
322.507202      1224.7143554688
322.872894      1224.7143554688
323.238525      1220.0665283203
323.604156      1217.7425537109
323.969696      1231.6861572266
324.335266      1166.6159667969
324.700745      1201.4749755859
325.066223      1299.0803222656
325.431702      1196.8271484375
325.797089      1217.7425537109
326.162445      1210.7707519531
326.527802      1175.9117431641
326.893097      1185.2075195313
327.258362      1168.9399414063
327.623657      1245.6297607422
327.988861      1243.3059082031
328.353973      1192.1793212891
328.719116      1227.0383300781
329.084259      1238.6579589844
329.449341      1222.3905029297
329.814392      1250.2777099609
330.179352      1196.8271484375
330.544312      1234.0101318359
330.909241      1150.3483886719
331.274170      1187.5313720703
331.639069      1243.3059082031
332.003906      1182.8835449219
332.368713      1215.4187011719
332.733459      1222.3905029297
333.098206      1224.7143554688
333.462921      1236.3341064453
333.827606      1254.9255371094
334.192230      1189.8553466797
334.556824      1245.6297607422
334.921356      1245.6297607422
335.285919      1264.2213134766
335.650452      1236.3341064453
336.014893      1285.1367187500
336.379333      1213.0947265625
336.743744      1268.8691406250
337.108124      1208.4467773438
337.472443      1236.3341064453
337.836731      1250.2777099609
338.201019      1224.7143554688
338.565247      1171.2639160156
338.929413      1236.3341064453
339.293579      1273.5170898438
339.657776      1238.6579589844
340.021851      1224.7143554688
340.385895      1231.6861572266
340.749908      1247.9537353516
341.113922      1171.2639160156
341.477875      1222.3905029297
341.841827      1185.2075195313
342.205688      1259.5734863281
342.569580      1192.1793212891
342.933380      1182.8835449219
343.297211      1185.2075195313
343.660950      1203.7989501953
344.024658      1245.6297607422
344.388367      1215.4187011719
344.752014      1201.4749755859
345.115601      1238.6579589844
345.479218      1231.6861572266
345.842804      1222.3905029297
346.206299      1229.3623046875
346.569763      1231.6861572266
346.933228      1238.6579589844
347.296661      1259.5734863281
347.660034      1285.1367187500
348.023407      1238.6579589844
348.386719      1220.0665283203
348.750000      1220.0665283203
349.113220      1215.4187011719
349.476471      1213.0947265625
349.839661      1259.5734863281
350.202820      1285.1367187500
350.565887      1250.2777099609
350.928955      1201.4749755859
351.292023      1245.6297607422
351.655029      1243.3059082031
352.018036      1208.4467773438
352.380981      1245.6297607422
352.743866      1189.8553466797
353.106720      1245.6297607422
353.469574      1234.0101318359
353.832397      1236.3341064453
354.195160      1243.3059082031
354.557892      1161.9681396484
354.920593      1189.8553466797
355.283234      1224.7143554688
355.645905      1264.2213134766
356.008514      1250.2777099609
356.371094      1268.8691406250
356.733612      1187.5313720703
357.096100      1236.3341064453
357.458588      1238.6579589844
357.820984      1231.6861572266
358.183411      1234.0101318359
358.545746      1152.6723632813
358.908081      1254.9255371094
359.270355      1199.1511230469
359.632629      1215.4187011719
359.994873      1268.8691406250
360.357056      1194.5031738281
360.719208      1171.2639160156
361.081329      1103.8697509766
361.443420      1194.5031738281
361.805481      1213.0947265625
362.167511      1250.2777099609
362.529480      1194.5031738281
362.891418      1234.0101318359
363.253326      1166.6159667969
363.615234      1264.2213134766
363.977081      1189.8553466797
364.338867      1203.7989501953
364.700653      1278.1649169922
365.062378      1194.5031738281
365.424103      1203.7989501953
365.785767      1299.0803222656
366.147430      1243.3059082031
366.509033      1322.3197021484
366.870605      1161.9681396484
367.232117      1234.0101318359
367.593628      1196.8271484375
367.955109      1164.2919921875
368.316559      1189.8553466797
368.677917      1266.5452880859
369.039307      1180.5595703125
369.400635      1287.4606933594
369.761902      1182.8835449219
370.123199      1250.2777099609
370.484436      1236.3341064453
370.845581      1240.9819335938
371.206726      1261.8973388672
371.567871      1173.5877685547
371.928955      1210.7707519531
372.290039      1141.0527343750
372.651062      1250.2777099609
373.011993      1203.7989501953
373.372955      1215.4187011719
373.733887      1173.5877685547
374.094788      1224.7143554688
374.455627      1189.8553466797
374.816406      1217.7425537109
375.177185      1234.0101318359
375.537903      1236.3341064453
375.898651      1250.2777099609
376.259338      1220.0665283203
376.619965      1194.5031738281
376.980530      1210.7707519531
377.341095      1208.4467773438
377.701660      1259.5734863281
378.062134      1157.3201904297
378.422607      1208.4467773438
378.783020      1222.3905029297
379.143402      1189.8553466797
379.503784      1229.3623046875
379.864105      1299.0803222656
380.224396      1245.6297607422
380.584656      1254.9255371094
380.944855      1217.7425537109
381.305054      1261.8973388672
381.665192      1215.4187011719
382.025299      1264.2213134766
382.385406      1247.9537353516
382.745453      1203.7989501953
383.105438      1234.0101318359
383.465424      1252.6016845703
383.825348      1222.3905029297
384.185272      1182.8835449219
384.545135      1245.6297607422
384.904968      1240.9819335938
385.264771      1259.5734863281
385.624512      1234.0101318359
385.984253      1189.8553466797
386.343964      1213.0947265625
386.703613      1261.8973388672
387.063232      1299.0803222656
387.422821      1194.5031738281
387.782379      1294.4324951172
388.141907      1222.3905029297
388.501404      1187.5313720703
388.860840      1243.3059082031
389.220215      1173.5877685547
389.579620      1168.9399414063
389.938995      1264.2213134766
390.298279      1220.0665283203
390.657562      1236.3341064453
391.016785      1222.3905029297
391.376007      1215.4187011719
391.735168      1201.4749755859
392.094299      1182.8835449219
392.453430      1273.5170898438
392.812469      1127.1090087891
393.171478      1257.2495117188
393.530457      1182.8835449219
393.889435      1259.5734863281
394.248383      1220.0665283203
394.607269      1250.2777099609
394.966125      1354.8548583984
395.324921      1231.6861572266
395.683655      1238.6579589844
396.042419      1299.0803222656
396.401154      1247.9537353516
396.759827      1259.5734863281
397.118469      1175.9117431641
397.477051      1259.5734863281
397.835632      1194.5031738281
398.194153      1185.2075195313
398.552673      1266.5452880859
398.911163      1210.7707519531
399.269592      1266.5452880859
399.627960      1196.8271484375
399.986328      1250.2777099609
400.344666      1234.0101318359
400.702942      1159.6441650391
401.061188      1236.3341064453
401.419403      1217.7425537109
401.777588      1203.7989501953
402.135712      1210.7707519531
402.493835      1164.2919921875
402.851929      1254.9255371094
403.209961      1203.7989501953
403.567932      1224.7143554688
403.925903      1201.4749755859
404.283905      1220.0665283203
404.641754      1210.7707519531
404.999634      1229.3623046875
405.357452      1203.7989501953
405.715210      1257.2495117188
406.072998      1203.7989501953
406.430725      1261.8973388672
406.788422      1234.0101318359
407.146027      1168.9399414063
407.503662      1168.9399414063
407.861237      1261.8973388672
408.218781      1196.8271484375
408.576294      1185.2075195313
408.933777      1106.1936035156
409.291168      1243.3059082031
409.648590      1189.8553466797
410.005951      1266.5452880859
410.363312      1236.3341064453
410.720612      1194.5031738281
411.077820      1157.3201904297
411.435059      1208.4467773438
411.792267      1180.5595703125
412.149384      1203.7989501953
412.506531      1201.4749755859
412.863586      1178.2357177734
413.220642      1227.0383300781
413.577606      1224.7143554688
413.934601      1203.7989501953
414.291565      1271.1931152344
414.648468      1308.3760986328
415.005310      1240.9819335938
415.362122      1182.8835449219
415.718903      1208.4467773438
416.075684      1217.7425537109
416.432434      1224.7143554688
416.789093      1222.3905029297
417.145752      1201.4749755859
417.502350      1222.3905029297
417.858948      1257.2495117188
418.215485      1185.2075195313
418.571991      1257.2495117188
418.928467      1220.0665283203
419.284882      1229.3623046875
419.641266      1220.0665283203
419.997650      1259.5734863281
420.354004      1229.3623046875
420.710266      1224.7143554688
421.066528      1224.7143554688
421.422760      1210.7707519531
421.778931      1234.0101318359
422.135071      1252.6016845703
422.491211      1234.0101318359
422.847260      1257.2495117188
423.203308      1231.6861572266
423.559296      1220.0665283203
423.915283      1247.9537353516
424.271210      1243.3059082031
424.627136      1192.1793212891
424.982971      1210.7707519531
425.338776      1238.6579589844
425.694611      1238.6579589844
426.050323      1180.5595703125
426.406036      1245.6297607422
426.761749      1243.3059082031
427.117371      1250.2777099609
427.472961      1206.1229248047
427.828552      1217.7425537109
428.184113      1278.1649169922
428.539581      1222.3905029297
428.895050      1236.3341064453
429.250458      1240.9819335938
429.605865      1220.0665283203
429.961212      1206.1229248047
430.316559      1257.2495117188
430.671814      1252.6016845703
431.027069      1201.4749755859
431.382263      1245.6297607422
431.737457      1257.2495117188
432.092590      1240.9819335938
432.447723      1285.1367187500
432.802734      1185.2075195313
433.157776      1194.5031738281
433.512756      1213.0947265625
433.867706      1227.0383300781
434.222656      1168.9399414063
434.577545      1264.2213134766
434.932373      1196.8271484375
435.287201      1217.7425537109
435.641968      1180.5595703125
435.996704      1168.9399414063
436.351410      1273.5170898438
436.706085      1229.3623046875
437.060699      1171.2639160156
437.415283      1257.2495117188
437.769867      1192.1793212891
438.124420      1264.2213134766
438.478882      1227.0383300781
438.833313      1236.3341064453
439.187714      1294.4324951172
439.542084      1201.4749755859
439.896454      1192.1793212891
440.250732      1234.0101318359
440.605011      1199.1511230469
440.959229      1203.7989501953
441.313416      1257.2495117188
441.667572      1264.2213134766
442.021698      1236.3341064453
442.375793      1259.5734863281
442.729858      1278.1649169922
443.083832      1280.4888916016
443.437836      1250.2777099609
443.791748      1250.2777099609
444.145630      1213.0947265625
444.499542      1319.9957275391
444.853363      1234.0101318359
445.207123      1189.8553466797
445.560883      1240.9819335938
445.914612      1285.1367187500
446.268280      1215.4187011719
446.621918      1268.8691406250
446.975555      1192.1793212891
447.329132      1217.7425537109
447.682678      1199.1511230469
448.036133      1173.5877685547
448.389618      1171.2639160156
448.743042      1194.5031738281
449.096405      1213.0947265625
449.449799      1275.8409423828
449.803101      1268.8691406250
450.156372      1280.4888916016
450.509613      1285.1367187500
450.862823      1187.5313720703
451.216003      1166.6159667969
451.569122      1201.4749755859
451.922211      1243.3059082031
452.275269      1215.4187011719
452.628296      1220.0665283203
452.981293      1282.8127441406
453.334229      1203.7989501953
453.687134      1245.6297607422
454.040009      1261.8973388672
454.392853      1236.3341064453
454.745636      1222.3905029297
455.098419      1210.7707519531
455.451172      1220.0665283203
455.803864      1178.2357177734
456.156464      1215.4187011719
456.509125      1236.3341064453
456.861694      1178.2357177734
457.214264      1192.1793212891
457.566742      1275.8409423828
457.919220      1264.2213134766
458.271667      1234.0101318359
458.624023      1206.1229248047
458.976379      1273.5170898438
459.328705      1220.0665283203
459.681000      1247.9537353516
460.033234      1201.4749755859
460.385468      1234.0101318359
460.737610      1250.2777099609
461.089752      1240.9819335938
461.441864      1275.8409423828
461.793945      1222.3905029297
462.145996      1261.8973388672
462.497955      1213.0947265625
462.849884      1208.4467773438
463.201813      1217.7425537109
463.553680      1257.2495117188
463.905518      1266.5452880859
464.257355      1201.4749755859
464.609100      1175.9117431641
464.960815      1254.9255371094
465.312531      1261.8973388672
465.664185      1273.5170898438
466.015778      1148.0245361328
466.367371      1215.4187011719
466.718903      1240.9819335938
467.070435      1257.2495117188
467.421906      1250.2777099609
467.773346      1227.0383300781
468.124725      1166.6159667969
468.476074      1182.8835449219
468.827393      1280.4888916016
469.178680      1159.6441650391
469.529938      1264.2213134766
469.881134      1264.2213134766
470.232330      1201.4749755859
470.583435      1185.2075195313
470.934540      1215.4187011719
471.285614      1252.6016845703
471.636627      1203.7989501953
471.987610      1247.9537353516
472.338562      1199.1511230469
472.689453      1192.1793212891
473.040375      1220.0665283203
473.391205      1217.7425537109
473.741974      1222.3905029297
474.092773      1182.8835449219
474.443481      1250.2777099609
474.794159      1268.8691406250
475.144806      1234.0101318359
475.495422      1206.1229248047
475.846039      1227.0383300781
476.196533      1252.6016845703
476.547028      1287.4606933594
476.897522      1173.5877685547
477.247925      1201.4749755859
477.598328      1192.1793212891
477.948700      1222.3905029297
478.299011      1231.6861572266
478.649231      1206.1229248047
478.999481      1141.0527343750
479.349701      1136.4047851563
479.699829      1187.5313720703
480.049988      1192.1793212891
480.400055      1199.1511230469
480.750153      1261.8973388672
481.100128      1264.2213134766
481.450104      1217.7425537109
481.800049      1227.0383300781
482.149963      1252.6016845703
482.499786      1227.0383300781
482.849670      1206.1229248047
483.199432      1159.6441650391
483.549194      1273.5170898438
483.898926      1275.8409423828
484.248566      1178.2357177734
484.598206      1185.2075195313
484.947815      1222.3905029297
485.297394      1285.1367187500
485.646912      1236.3341064453
485.996399      1271.1931152344
486.345825      1189.8553466797
486.695282      1178.2357177734
487.044617      1217.7425537109
487.393951      1161.9681396484
487.743286      1213.0947265625
488.092529      1152.6723632813
488.441711      1261.8973388672
488.790955      1185.2075195313
489.140076      1243.3059082031
489.489197      1196.8271484375
489.838257      1203.7989501953
490.187286      1227.0383300781
490.536316      1280.4888916016
490.885254      1222.3905029297
491.234161      1257.2495117188
491.583069      1182.8835449219
491.931915      1215.4187011719
492.280731      1189.8553466797
492.629486      1252.6016845703
492.978210      1192.1793212891
493.326874      1187.5313720703
493.675568      1201.4749755859
494.024200      1194.5031738281
494.372742      1234.0101318359
494.721313      1217.7425537109
495.069824      1220.0665283203
495.418274      1171.2639160156
495.766724      1282.8127441406
496.115112      1240.9819335938
496.463470      1231.6861572266
496.811768      1240.9819335938
497.160034      1215.4187011719
497.508301      1227.0383300781
497.856506      1273.5170898438
498.204651      1196.8271484375
498.552765      1210.7707519531
498.900848      1319.9957275391
499.248901      1268.8691406250
499.596924      1234.0101318359
499.944885      1178.2357177734
500.292816      1189.8553466797
500.640778      1206.1229248047
500.988556      1231.6861572266
501.336426      1231.6861572266
501.684204      1224.7143554688
502.031952      1199.1511230469
502.379700      1250.2777099609
502.727295      1222.3905029297
503.074982      1171.2639160156
503.422546      1273.5170898438
503.770081      1240.9819335938
504.117615      1215.4187011719
504.465088      1217.7425537109
504.812561      1189.8553466797
505.159943      1159.6441650391
505.507294      1194.5031738281
505.854645      1273.5170898438
506.201904      1257.2495117188
506.549194      1224.7143554688
506.896332      1196.8271484375
507.243591      1238.6579589844
507.590698      1157.3201904297
507.937775      1227.0383300781
508.284912      1234.0101318359
508.631836      1240.9819335938
508.978851      1161.9681396484
509.325806      1240.9819335938
509.672699      1185.2075195313
510.019592      1229.3623046875
510.366364      1252.6016845703
510.713196      1171.2639160156
511.059937      1208.4467773438
511.406677      1192.1793212891
511.753326      1294.4324951172
512.099976      1201.4749755859
512.446594      1222.3905029297
512.793091      1247.9537353516
513.139648      1222.3905029297
513.486145      1215.4187011719
513.832520      1271.1931152344
514.179016      1199.1511230469
514.525269      1257.2495117188
514.871704      1313.0239257813
515.217957      1306.0521240234
515.564209      1224.7143554688
515.910522      1231.6861572266
516.256531      1268.8691406250
516.602783      1168.9399414063
516.948853      1250.2777099609
517.294922      1234.0101318359
517.640930      1213.0947265625
517.986877      1217.7425537109
518.332886      1206.1229248047
518.678711      1203.7989501953
519.024658      1236.3341064453
519.370422      1220.0665283203
519.716248      1166.6159667969
520.062073      1247.9537353516
520.407715      1201.4749755859
520.753418      1210.7707519531
521.099060      1280.4888916016
521.444580      1175.9117431641
521.790222      1199.1511230469
522.135681      1231.6861572266
522.481201      1224.7143554688
522.826660      1261.8973388672
523.172058      1210.7707519531
523.517395      1227.0383300781
523.862671      1238.6579589844
524.208069      1252.6016845703
524.553284      1254.9255371094
524.898438      1234.0101318359
525.243591      1238.6579589844
525.588745      1206.1229248047
525.933899      1231.6861572266
526.278931      1213.0947265625
526.623962      1259.5734863281
526.968872      1210.7707519531
527.313904      1245.6297607422
527.658813      1199.1511230469
528.003601      1301.4042968750
528.348450      1254.9255371094
528.693237      1247.9537353516
529.037964      1180.5595703125
529.382751      1203.7989501953
529.727356      1236.3341064453
530.072021      1208.4467773438
530.416626      1229.3623046875
530.761169      1187.5313720703
531.105652      1278.1649169922
531.450134      1206.1229248047
531.794617      1227.0383300781
532.138916      1243.3059082031
532.483337      1196.8271484375
532.827637      1245.6297607422
533.171936      1208.4467773438
533.516174      1189.8553466797
533.860352      1213.0947265625
534.204529      1261.8973388672
534.548645      1194.5031738281
534.892700      1231.6861572266
535.236816      1134.0809326172
535.580750      1213.0947265625
535.924744      1273.5170898438
536.268738      1150.3483886719
536.612549      1150.3483886719
536.956421      1213.0947265625
537.300232      1292.1085205078
537.644043      1231.6861572266
537.987671      1220.0665283203
538.331421      1266.5452880859
538.675049      1322.3197021484
539.018677      1285.1367187500
539.362305      1254.9255371094
539.705750      1250.2777099609
540.049316      1247.9537353516
540.392822      1252.6016845703
540.736145      1240.9819335938
541.079590      1196.8271484375
541.422913      1208.4467773438
541.766235      1229.3623046875
542.109436      1289.7845458984
542.452698      1199.1511230469
542.795898      1289.7845458984
543.138977      1206.1229248047
543.482178      1210.7707519531
543.825195      1289.7845458984
544.168213      1292.1085205078
544.511230      1247.9537353516
544.854187      1229.3623046875
545.197083      1280.4888916016
545.539917      1352.5308837891
545.882813      1175.9117431641
546.225586      1252.6016845703
546.568359      1217.7425537109
546.911133      1231.6861572266
547.253662      1254.9255371094
547.596436      1196.8271484375
547.938965      1229.3623046875
548.281494      1203.7989501953
548.624084      1203.7989501953
548.966492      1180.5595703125
549.308960      1194.5031738281
549.651367      1199.1511230469
549.993713      1271.1931152344
550.336060      1236.3341064453
550.678345      1234.0101318359
551.020630      1213.0947265625
551.362732      1243.3059082031
551.704956      1217.7425537109
552.047058      1285.1367187500
552.389160      1210.7707519531
552.731262      1220.0665283203
553.073181      1194.5031738281
553.415161      1208.4467773438
553.757080      1194.5031738281
554.098999      1231.6861572266
554.440857      1148.0245361328
554.782593      1229.3623046875
555.124390      1203.7989501953
555.466125      1252.6016845703
555.807800      1285.1367187500
556.149414      1231.6861572266
556.491089      1168.9399414063
556.832642      1229.3623046875
557.174133      1159.6441650391
557.515686      1171.2639160156
557.857117      1173.5877685547
558.198486      1159.6441650391
558.539917      1161.9681396484
558.881165      1168.9399414063
559.222534      1222.3905029297
559.563782      1185.2075195313
559.904968      1206.1229248047
560.246216      1196.8271484375
560.587280      1213.0947265625
560.928406      1217.7425537109
561.269470      1254.9255371094
561.610474      1243.3059082031
561.951477      1192.1793212891
562.292297      1138.7287597656
562.633301      1210.7707519531
562.974121      1236.3341064453
563.315002      1222.3905029297
563.655762      1229.3623046875
563.996460      1138.7287597656
564.337158      1208.4467773438
564.677795      1131.7569580078
565.018433      1217.7425537109
565.359009      1166.6159667969
565.699524      1215.4187011719
566.040100      1203.7989501953
566.380493      1210.7707519531
566.720947      1173.5877685547
567.061340      1257.2495117188
567.401611      1141.0527343750
567.742004      1280.4888916016
568.082153      1196.8271484375
568.422424      1185.2075195313
568.762634      1222.3905029297
569.102722      1222.3905029297
569.442810      1220.0665283203
569.782898      1254.9255371094
570.122986      1229.3623046875
570.462830      1196.8271484375
570.802856      1252.6016845703
571.142761      1168.9399414063
571.482605      1231.6861572266
571.822449      1254.9255371094
572.162170      1201.4749755859
572.501953      1182.8835449219
572.841675      1224.7143554688
573.181274      1282.8127441406
573.520996      1217.7425537109
573.860474      1206.1229248047
574.200073      1213.0947265625
574.539551      1210.7707519531
574.878967      1254.9255371094
575.218384      1129.4329833984
575.557739      1203.7989501953
575.897156      1208.4467773438
576.236450      1203.7989501953
576.575684      1227.0383300781
576.914856      1159.6441650391
577.254089      1234.0101318359
577.593262      1187.5313720703
577.932251      1264.2213134766
578.271362      1171.2639160156
578.610352      1154.9963378906
578.949341      1268.8691406250
579.288330      1259.5734863281
579.627197      1254.9255371094
579.966064      1254.9255371094
580.304871      1217.7425537109
580.643677      1217.7425537109
580.982483      1259.5734863281
581.321045      1178.2357177734
581.659790      1273.5170898438
581.998413      1213.0947265625
582.336914      1234.0101318359
582.675476      1222.3905029297
583.013916      1224.7143554688
583.352478      1217.7425537109
583.690796      1257.2495117188
584.029175      1264.2213134766
584.367493      1217.7425537109
584.705811      1199.1511230469
585.044128      1168.9399414063
585.382202      1257.2495117188
585.720459      1166.6159667969
586.058594      1268.8691406250
586.396667      1236.3341064453
586.734802      1306.0521240234
587.072693      1292.1085205078
587.410767      1168.9399414063
587.748657      1229.3623046875
588.086487      1238.6579589844
588.424316      1227.0383300781
588.762146      1185.2075195313
589.099976      1292.1085205078
589.437622      1208.4467773438
589.775391      1254.9255371094
590.113037      1236.3341064453
590.450623      1247.9537353516
590.788208      1224.7143554688
591.125671      1210.7707519531
591.463196      1266.5452880859
591.800659      1261.8973388672
592.138062      1150.3483886719
592.475464      1159.6441650391
592.812683      1222.3905029297
593.150024      1185.2075195313
593.487244      1243.3059082031
593.824402      1240.9819335938
594.161621      1243.3059082031
594.498657      1203.7989501953
594.835815      1141.0527343750
595.172852      1210.7707519531
595.509827      1238.6579589844
595.846741      1236.3341064453
596.183655      1254.9255371094
596.520630      1236.3341064453
596.857422      1201.4749755859
597.194214      1182.8835449219
597.530945      1201.4749755859
597.867615      1206.1229248047
598.204346      1243.3059082031
598.540955      1206.1229248047
598.877563      1215.4187011719
599.214111      1196.8271484375
599.550598      1220.0665283203
599.887085      1196.8271484375
600.223450      1203.7989501953
600.559937      1206.1229248047
600.896240      1236.3341064453
601.232544      1187.5313720703
601.568787      1148.0245361328
601.905029      1175.9117431641
602.241272      1243.3059082031
602.577271      1192.1793212891
602.913452      1222.3905029297
603.249512      1199.1511230469
603.585510      1213.0947265625
603.921509      1217.7425537109
604.257385      1257.2495117188
604.593323      1296.7564697266
604.929199      1243.3059082031
605.264954      1243.3059082031
605.600830      1315.3479003906
605.936462      1220.0665283203
606.272217      1187.5313720703
606.607849      1245.6297607422
606.943420      1275.8409423828
607.278992      1322.3197021484
607.614502      1203.7989501953
607.950012      1229.3623046875
608.285461      1257.2495117188
608.620850      1222.3905029297
608.956177      1266.5452880859
609.291504      1224.7143554688
609.626831      1220.0665283203
609.962036      1231.6861572266
610.297302      1143.3765869141
610.632446      1250.2777099609
610.967529      1185.2075195313
611.302673      1215.4187011719
611.637634      1215.4187011719
611.972656      1154.9963378906
612.307617      1222.3905029297
612.642517      1201.4749755859
612.977356      1257.2495117188
613.312195      1236.3341064453
613.646973      1247.9537353516
613.981750      1213.0947265625
614.316406      1264.2213134766
614.651062      1245.6297607422
614.985657      1247.9537353516
615.320313      1271.1931152344
615.654846      1213.0947265625
615.989319      1224.7143554688
616.323792      1164.2919921875
616.658203      1245.6297607422
616.992615      1213.0947265625
617.326904      1227.0383300781
617.661194      1240.9819335938
617.995483      1234.0101318359
618.329712      1250.2777099609
618.663940      1234.0101318359
618.997925      1138.7287597656
619.332092      1243.3059082031
619.666077      1215.4187011719
620.000061      1134.0809326172
620.334045      1215.4187011719
620.667969      1278.1649169922
621.001892      1108.5175781250
621.335632      1213.0947265625
621.669495      1294.4324951172
622.003296      1185.2075195313
622.336914      1261.8973388672
622.670654      1215.4187011719
623.004272      1196.8271484375
623.337891      1180.5595703125
623.671387      1192.1793212891
624.004883      1196.8271484375
624.338440      1206.1229248047
624.671753      1213.0947265625
625.005249      1196.8271484375
625.338562      1196.8271484375
625.671814      1185.2075195313
626.005066      1236.3341064453
626.338257      1252.6016845703
626.671509      1257.2495117188
627.004578      1208.4467773438
627.337708      1171.2639160156
627.670776      1257.2495117188
628.003723      1257.2495117188
628.336731      1164.2919921875
628.669556      1224.7143554688
629.002502      1210.7707519531
629.335327      1145.7005615234
629.668152      1220.0665283203
630.000916      1240.9819335938
630.333618      1268.8691406250
630.666321      1222.3905029297
630.998962      1182.8835449219
631.331482      1171.2639160156
631.664063      1154.9963378906
631.996521      1220.0665283203
632.329102      1171.2639160156
632.661499      1252.6016845703
632.993835      1245.6297607422
633.326172      1266.5452880859
633.658447      1224.7143554688
633.990784      1164.2919921875
634.322937      1264.2213134766
634.655212      1229.3623046875
634.987244      1159.6441650391
635.319397      1303.7282714844
635.651489      1224.7143554688
635.983398      1148.0245361328
636.315430      1201.4749755859
636.647278      1171.2639160156
636.979187      1240.9819335938
637.311035      1266.5452880859
637.642761      1201.4749755859
637.974609      1227.0383300781
638.306335      1257.2495117188
638.637939      1192.1793212891
638.969604      1243.3059082031
639.301147      1217.7425537109
639.632751      1247.9537353516
639.964233      1217.7425537109
640.295715      1154.9963378906
640.627075      1185.2075195313
640.958496      1259.5734863281
641.289917      1236.3341064453
641.621094      1280.4888916016
641.952393      1213.0947265625
642.283569      1236.3341064453
642.614746      1213.0947265625
642.945923      1178.2357177734
643.276917      1247.9537353516
643.608093      1289.7845458984
643.939026      1182.8835449219
644.269958      1217.7425537109
644.600891      1182.8835449219
644.931763      1222.3905029297
645.262634      1196.8271484375
645.593384      1173.5877685547
645.924133      1240.9819335938
646.254822      1234.0101318359
646.585510      1231.6861572266
646.916199      1203.7989501953
647.246704      1236.3341064453
647.577271      1178.2357177734
647.907715      1238.6579589844
648.238220      1171.2639160156
648.568665      1175.9117431641
648.898987      1210.7707519531
649.229309      1257.2495117188
649.559570      1203.7989501953
649.889832      1243.3059082031
650.220093      1271.1931152344
650.550171      1238.6579589844
650.880310      1166.6159667969
651.210388      1196.8271484375
651.540405      1201.4749755859
651.870422      1245.6297607422
652.200317      1227.0383300781
652.530273      1208.4467773438
652.860046      1220.0665283203
653.189941      1148.0245361328
653.519775      1201.4749755859
653.849426      1196.8271484375
654.179199      1210.7707519531
654.508789      1222.3905029297
654.838440      1220.0665283203
655.168030      1245.6297607422
655.497498      1264.2213134766
655.827026      1236.3341064453
656.156372      1201.4749755859
656.485840      1220.0665283203
656.815247      1171.2639160156
657.144470      1201.4749755859
657.473755      1245.6297607422
657.802979      1254.9255371094
658.132202      1289.7845458984
658.461243      1266.5452880859
658.790466      1268.8691406250
659.119507      1185.2075195313
659.448486      1292.1085205078
659.777527      1257.2495117188
660.106384      1234.0101318359
660.435242      1234.0101318359
660.764160      1178.2357177734
661.092896      1231.6861572266
661.421692      1231.6861572266
661.750427      1247.9537353516
662.079102      1250.2777099609
662.407715      1194.5031738281
662.736328      1252.6016845703
663.064880      1192.1793212891
663.393311      1254.9255371094
663.721802      1210.7707519531
664.050232      1231.6861572266
664.378601      1210.7707519531
664.706970      1264.2213134766
665.035217      1206.1229248047
665.363525      1138.7287597656
665.691650      1192.1793212891
666.019897      1224.7143554688
666.347961      1266.5452880859
666.676086      1243.3059082031
667.004150      1210.7707519531
667.332092      1187.5313720703
667.660095      1178.2357177734
667.987915      1222.3905029297
668.315796      1208.4467773438
668.643677      1154.9963378906
668.971436      1227.0383300781
669.299133      1224.7143554688
669.626892      1271.1931152344
669.954468      1196.8271484375
670.282104      1175.9117431641
670.609619      1238.6579589844
670.937256      1257.2495117188
671.264587      1245.6297607422
671.592163      1178.2357177734
671.919495      1150.3483886719
672.246887      1222.3905029297
672.574097      1220.0665283203
672.901489      1199.1511230469
673.228699      1187.5313720703
673.555847      1231.6861572266
673.882996      1245.6297607422
674.210022      1229.3623046875
674.537109      1192.1793212891
674.864136      1236.3341064453
675.191101      1231.6861572266
675.518005      1236.3341064453
675.844849      1222.3905029297
676.171692      1289.7845458984
676.498535      1240.9819335938
676.825256      1148.0245361328
677.151978      1227.0383300781
677.478577      1243.3059082031
677.805237      1166.6159667969
678.131836      1194.5031738281
678.458435      1238.6579589844
678.784851      1271.1931152344
679.111328      1215.4187011719
679.437744      1210.7707519531
679.764099      1278.1649169922
680.090454      1259.5734863281
680.416687      1240.9819335938
680.742920      1273.5170898438
681.069153      1213.0947265625
681.395203      1222.3905029297
681.721313      1173.5877685547
682.047485      1245.6297607422
682.373474      1240.9819335938
682.699402      1203.7989501953
683.025391      1264.2213134766
683.351196      1210.7707519531
683.677063      1194.5031738281
684.002930      1294.4324951172
684.328674      1266.5452880859
684.654358      1234.0101318359
684.980042      1245.6297607422
685.305603      1178.2357177734
685.631287      1238.6579589844
685.956787      1187.5313720703
686.282288      1185.2075195313
686.607788      1203.7989501953
686.933167      1222.3905029297
687.258545      1166.6159667969
687.583923      1185.2075195313
687.909180      1213.0947265625
688.234375      1236.3341064453
688.559631      1247.9537353516
688.884766      1227.0383300781
689.209839      1238.6579589844
689.534973      1189.8553466797
689.859924      1206.1229248047
690.184937      1210.7707519531
690.509827      1268.8691406250
690.834717      1194.5031738281
691.159668      1245.6297607422
691.484436      1238.6579589844
691.809204      1187.5313720703
692.133911      1231.6861572266
692.458557      1150.3483886719
692.783142      1213.0947265625
693.107849      1243.3059082031
693.432312      1247.9537353516
693.756836      1238.6579589844
694.081238      1201.4749755859
694.405701      1259.5734863281
694.730164      1238.6579589844
695.054443      1182.8835449219
695.378723      1206.1229248047
695.702942      1224.7143554688
696.027100      1231.6861572266
696.351257      1196.8271484375
696.675476      1217.7425537109
696.999512      1220.0665283203
697.323486      1210.7707519531
697.647461      1210.7707519531
697.971375      1245.6297607422
698.295349      1196.8271484375
698.619202      1189.8553466797
698.942993      1203.7989501953
699.266724      1245.6297607422
699.590393      1234.0101318359
699.914124      1247.9537353516
700.237793      1152.6723632813
700.561340      1208.4467773438
700.884949      1168.9399414063
701.208374      1196.8271484375
701.531860      1247.9537353516
701.855286      1268.8691406250
702.178650      1220.0665283203
702.501953      1178.2357177734
702.825195      1245.6297607422
703.148499      1189.8553466797
703.471680      1240.9819335938
703.794861      1196.8271484375
704.117981      1222.3905029297
704.440979      1164.2919921875
704.764038      1208.4467773438
705.086975      1122.4611816406
705.409851      1220.0665283203
705.732849      1152.6723632813
706.055664      1180.5595703125
706.378479      1199.1511230469
706.701233      1243.3059082031
707.023926      1259.5734863281
707.346619      1178.2357177734
707.669250      1266.5452880859
707.991821      1289.7845458984
708.314392      1187.5313720703
708.636841      1203.7989501953
708.959290      1231.6861572266
709.281738      1236.3341064453
709.604065      1285.1367187500
709.926392      1264.2213134766
710.248657      1229.3623046875
710.570862      1280.4888916016
710.893066      1254.9255371094
711.215210      1240.9819335938
711.537292      1234.0101318359
711.859314      1201.4749755859
712.181335      1166.6159667969
712.503357      1224.7143554688
712.825256      1306.0521240234
713.147156      1203.7989501953
713.468994      1203.7989501953
713.790771      1243.3059082031
714.112488      1234.0101318359
714.434143      1210.7707519531
714.755859      1278.1649169922
715.077515      1171.2639160156
715.399109      1213.0947265625
715.720581      1192.1793212891
716.042053      1194.5031738281
716.363525      1227.0383300781
716.684875      1203.7989501953
717.006287      1168.9399414063
717.327576      1236.3341064453
717.648804      1173.5877685547
717.969971      1240.9819335938
718.291260      1222.3905029297
718.612366      1243.3059082031
718.933411      1166.6159667969
719.254395      1234.0101318359
719.575439      1240.9819335938
719.896362      1322.3197021484
720.217285      1217.7425537109
720.538147      1222.3905029297
720.859009      1161.9681396484
721.179749      1185.2075195313
721.500488      1275.8409423828
721.821228      1224.7143554688
722.141785      1254.9255371094
722.462402      1220.0665283203
722.782959      1236.3341064453
723.103455      1236.3341064453
723.423950      1264.2213134766
723.744385      1252.6016845703
724.064758      1234.0101318359
724.385071      1296.7564697266
724.705322      1240.9819335938
725.025574      1275.8409423828
725.345825      1185.2075195313
725.665955      1215.4187011719
725.986023      1206.1229248047
726.306091      1294.4324951172
726.626099      1194.5031738281
726.946045      1282.8127441406
727.266052      1240.9819335938
727.585938      1210.7707519531
727.905762      1159.6441650391
728.225525      1257.2495117188
728.545288      1217.7425537109
728.864990      1208.4467773438
729.184692      1222.3905029297
729.504333      1161.9681396484
729.823853      1222.3905029297
730.143372      1227.0383300781
730.462891      1247.9537353516
730.782410      1238.6579589844
731.101746      1240.9819335938
731.421143      1236.3341064453
731.740417      1252.6016845703
732.059631      1145.7005615234
732.378845      1266.5452880859
732.698059      1294.4324951172
733.017212      1215.4187011719
733.336304      1282.8127441406
733.655273      1264.2213134766
733.974304      1182.8835449219
734.293335      1222.3905029297
734.612183      1173.5877685547
734.931030      1215.4187011719
735.249878      1222.3905029297
735.568665      1161.9681396484
735.887329      1273.5170898438
736.206055      1238.6579589844
736.524658      1220.0665283203
736.843262      1208.4467773438
737.161804      1254.9255371094
737.480286      1185.2075195313
737.798828      1152.6723632813
738.117249      1182.8835449219
738.435608      1173.5877685547
738.753906      1178.2357177734
739.072205      1222.3905029297
739.390442      1215.4187011719
739.708618      1240.9819335938
740.026733      1303.7282714844
740.344849      1185.2075195313
740.662903      1264.2213134766
740.980957      1213.0947265625
741.298889      1227.0383300781
741.616821      1257.2495117188
741.934692      1196.8271484375
742.252502      1231.6861572266
742.570313      1266.5452880859
742.888062      1203.7989501953
743.205750      1220.0665283203
743.523438      1266.5452880859
743.841003      1234.0101318359
744.158569      1194.5031738281
744.476074      1268.8691406250
744.793518      1185.2075195313
745.111023      1222.3905029297
745.428345      1180.5595703125
745.745728      1164.2919921875
746.062988      1161.9681396484
746.380249      1206.1229248047
746.697449      1285.1367187500
747.014648      1236.3341064453
747.331726      1192.1793212891
747.648804      1224.7143554688
747.965759      1203.7989501953
748.282776      1245.6297607422
748.599731      1243.3059082031
748.916626      1285.1367187500
749.233459      1282.8127441406
749.550232      1185.2075195313
749.867004      1189.8553466797
750.183655      1182.8835449219
750.500366      1199.1511230469
750.816956      1238.6579589844
751.133545      1234.0101318359
751.450073      1215.4187011719
751.766479      1236.3341064453
752.083008      1217.7425537109
752.399414      1175.9117431641
752.715698      1180.5595703125
753.032043      1175.9117431641
753.348328      1238.6579589844
753.664429      1215.4187011719
753.980713      1178.2357177734
754.296814      1227.0383300781
754.612854      1247.9537353516
754.928833      1187.5313720703
755.244873      1287.4606933594
755.560852      1278.1649169922
755.876709      1182.8835449219
756.192505      1224.7143554688
756.508362      1231.6861572266
756.824097      1213.0947265625
757.139771      1231.6861572266
757.455505      1222.3905029297
757.771118      1199.1511230469
758.086670      1236.3341064453
758.402222      1245.6297607422
758.717712      1157.3201904297
759.033081      1213.0947265625
759.348511      1303.7282714844
759.663879      1234.0101318359
759.979187      1217.7425537109
760.294434      1278.1649169922
760.609619      1229.3623046875
760.924805      1245.6297607422
761.239929      1247.9537353516
761.554993      1275.8409423828
761.869995      1196.8271484375
762.184998      1222.3905029297
762.499939      1259.5734863281
762.814880      1247.9537353516
763.129700      1271.1931152344
763.444519      1250.2777099609
763.759277      1257.2495117188
764.073975      1222.3905029297
764.388672      1168.9399414063
764.703308      1192.1793212891
765.017883      1217.7425537109
765.332397      1259.5734863281
765.646851      1201.4749755859
765.961304      1194.5031738281
766.275696      1240.9819335938
766.590088      1157.3201904297
766.904358      1215.4187011719
767.218628      1168.9399414063
767.532776      1231.6861572266
767.846924      1180.5595703125
768.161072      1159.6441650391
768.475159      1229.3623046875
768.789185      1227.0383300781
769.103149      1171.2639160156
769.417114      1192.1793212891
769.731079      1182.8835449219
770.044861      1236.3341064453
770.358643      1164.2919921875
770.672363      1201.4749755859
770.986084      1215.4187011719
771.299683      1185.2075195313
771.613403      1215.4187011719
771.927002      1245.6297607422
772.240479      1178.2357177734
772.553955      1240.9819335938
772.867371      1220.0665283203
773.180847      1261.8973388672
773.494141      1275.8409423828
773.807434      1280.4888916016
774.120667      1203.7989501953
774.433899      1131.7569580078
774.747009      1185.2075195313
775.060181      1208.4467773438
775.373230      1206.1229248047
775.686218      1213.0947265625
775.999207      1150.3483886719
776.312073      1217.7425537109
776.624939      1199.1511230469
776.937866      1247.9537353516
777.250671      1159.6441650391
777.563416      1240.9819335938
777.876099      1199.1511230469
778.188721      1217.7425537109
778.501343      1264.2213134766
778.813904      1240.9819335938
779.126404      1217.7425537109
779.438904      1238.6579589844
779.751282      1199.1511230469
780.063660      1224.7143554688
780.376038      1185.2075195313
780.688293      1210.7707519531
781.000549      1287.4606933594
781.312683      1227.0383300781
781.624817      1220.0665283203
781.937012      1161.9681396484
782.249023      1238.6579589844
782.561035      1213.0947265625
782.872986      1217.7425537109
783.184937      1220.0665283203
783.496765      1173.5877685547
783.808655      1268.8691406250
784.120422      1280.4888916016
784.432129      1208.4467773438
784.743774      1103.8697509766
785.055420      1268.8691406250
785.367004      1227.0383300781
785.678589      1243.3059082031
785.990051      1185.2075195313
786.301514      1245.6297607422
786.612976      1222.3905029297
786.924316      1222.3905029297
787.235657      1194.5031738281
787.546936      1240.9819335938
787.858154      1189.8553466797
788.169312      1208.4467773438
788.480408      1201.4749755859
788.791504      1217.7425537109
789.102600      1240.9819335938
789.413513      1257.2495117188
789.724487      1213.0947265625
790.035400      1222.3905029297
790.346191      1217.7425537109
790.657043      1196.8271484375
790.967834      1252.6016845703
791.278564      1234.0101318359
791.589172      1208.4467773438
791.899780      1243.3059082031
792.210327      1266.5452880859
792.520935      1159.6441650391
792.831421      1234.0101318359
793.141846      1180.5595703125
793.452209      1196.8271484375
793.762573      1192.1793212891
794.072815      1203.7989501953
794.383118      1236.3341064453
794.693359      1243.3059082031
795.003479      1189.8553466797
795.313538      1289.7845458984
795.623596      1206.1229248047
795.933716      1206.1229248047
796.243652      1196.8271484375
796.553589      1203.7989501953
796.863464      1247.9537353516
797.173218      1234.0101318359
797.483032      1261.8973388672
797.792786      1224.7143554688
798.102478      1206.1229248047
798.412109      1203.7989501953
798.721741      1264.2213134766
799.031250      1229.3623046875
799.340820      1185.2075195313
799.650269      1229.3623046875
799.959656      1252.6016845703
800.269043      1213.0947265625
800.578369      1159.6441650391
800.887573      1227.0383300781
801.196899      1213.0947265625
801.505981      1159.6441650391
801.815186      1261.8973388672
802.124207      1213.0947265625
802.433289      1189.8553466797
802.742188      1168.9399414063
803.051270      1264.2213134766
803.360168      1217.7425537109
803.668945      1166.6159667969
803.977783      1168.9399414063
804.286499      1247.9537353516
804.595276      1236.3341064453
804.903931      1217.7425537109
805.212524      1199.1511230469
805.521057      1229.3623046875
805.829590      1257.2495117188
806.138062      1199.1511230469
806.446533      1259.5734863281
806.754944      1234.0101318359
807.063293      1222.3905029297
807.371521      1227.0383300781
807.679749      1227.0383300781
807.987976      1227.0383300781
808.296143      1164.2919921875
808.604248      1287.4606933594
808.912292      1308.3760986328
809.220276      1161.9681396484
809.528198      1182.8835449219
809.836182      1234.0101318359
810.144043      1138.7287597656
810.451843      1215.4187011719
810.759644      1236.3341064453
811.067322      1245.6297607422
811.375061      1210.7707519531
811.682678      1187.5313720703
811.990295      1222.3905029297
812.297791      1215.4187011719
812.605286      1171.2639160156
812.912720      1245.6297607422
813.220154      1222.3905029297
813.527527      1203.7989501953
813.834839      1175.9117431641
814.142029      1271.1931152344
814.449219      1227.0383300781
814.756409      1185.2075195313
815.063538      1227.0383300781
815.370605      1217.7425537109
815.677612      1278.1649169922
815.984619      1254.9255371094
816.291504      1268.8691406250
816.598389      1220.0665283203
816.905273      1282.8127441406
817.212036      1196.8271484375
817.518738      1287.4606933594
817.825439      1261.8973388672
818.132080      1124.7851562500
818.438721      1180.5595703125
818.745239      1154.9963378906
819.051758      1215.4187011719
819.358215      1243.3059082031
819.664612      1199.1511230469
819.971008      1217.7425537109
820.277344      1215.4187011719
820.583557      1178.2357177734
820.889771      1215.4187011719
821.195923      1196.8271484375
821.502075      1231.6861572266
821.808167      1299.0803222656
822.114197      1206.1229248047
822.420166      1185.2075195313
822.726074      1280.4888916016
823.031921      1273.5170898438
823.337769      1261.8973388672
823.643677      1192.1793212891
823.949402      1301.4042968750
824.255066      1220.0665283203
824.560730      1247.9537353516
824.866272      1182.8835449219
825.171936      1182.8835449219
825.477356      1245.6297607422
825.782837      1210.7707519531
826.088257      1213.0947265625
826.393616      1194.5031738281
826.698914      1194.5031738281
827.004272      1175.9117431641
827.309448      1203.7989501953
827.614624      1220.0665283203
827.919739      1199.1511230469
828.224854      1187.5313720703
828.529907      1222.3905029297
828.834839      1213.0947265625
829.139832      1217.7425537109
829.444702      1194.5031738281
829.749512      1150.3483886719
830.054260      1289.7845458984
830.359131      1185.2075195313
830.663818      1236.3341064453
830.968506      1220.0665283203
831.273071      1213.0947265625
831.577576      1180.5595703125
831.882080      1210.7707519531
832.186646      1250.2777099609
832.491028      1306.0521240234
832.795410      1247.9537353516
833.099731      1187.5313720703
833.403931      1271.1931152344
833.708191      1333.9394531250
834.012390      1173.5877685547
834.316467      1192.1793212891
834.620605      1234.0101318359
834.924622      1145.7005615234
835.228577      1199.1511230469
835.532593      1215.4187011719
835.836426      1189.8553466797
836.140320      1240.9819335938
836.444031      1175.9117431641
836.747803      1240.9819335938
837.051514      1185.2075195313
837.355225      1189.8553466797
837.658752      1150.3483886719
837.962341      1266.5452880859
838.265808      1187.5313720703
838.569336      1296.7564697266
838.872742      1287.4606933594
839.176147      1240.9819335938
839.479370      1282.8127441406
839.782715      1213.0947265625
840.085876      1154.9963378906
840.389038      1217.7425537109
840.692261      1201.4749755859
840.995300      1220.0665283203
841.298340      1247.9537353516
841.601257      1210.7707519531
841.904236      1210.7707519531
842.207153      1168.9399414063
842.509949      1206.1229248047
842.812805      1257.2495117188
843.115540      1194.5031738281
843.418152      1203.7989501953
843.720825      1208.4467773438
844.023438      1194.5031738281
844.325989      1199.1511230469
844.628540      1261.8973388672
844.930969      1266.5452880859
845.233337      1215.4187011719
845.535767      1236.3341064453
845.838013      1238.6579589844
846.140259      1210.7707519531
846.442505      1194.5031738281
846.744690      1201.4749755859
847.046753      1243.3059082031
847.348877      1229.3623046875
847.650879      1192.1793212891
847.952881      1201.4749755859
848.254761      1240.9819335938
848.556641      1268.8691406250
848.858459      1252.6016845703
849.160278      1224.7143554688
849.462036      1234.0101318359
849.763733      1208.4467773438
850.065308      1206.1229248047
850.366882      1189.8553466797
850.668518      1210.7707519531
850.969971      1206.1229248047
851.271423      1257.2495117188
851.572815      1254.9255371094
851.874084      1213.0947265625
852.175476      1252.6016845703
852.476685      1236.3341064453
852.777893      1238.6579589844
853.079041      1217.7425537109
853.380127      1271.1931152344
853.681213      1264.2213134766
853.982239      1238.6579589844
854.283203      1231.6861572266
854.584106      1203.7989501953
854.885010      1180.5595703125
855.185791      1268.8691406250
855.486572      1182.8835449219
855.787292      1236.3341064453
856.088013      1234.0101318359
856.388611      1203.7989501953
856.689148      1196.8271484375
856.989685      1203.7989501953
857.290161      1210.7707519531
857.590637      1208.4467773438
857.890991      1203.7989501953
858.191284      1238.6579589844
858.491577      1273.5170898438
858.791809      1201.4749755859
859.092041      1215.4187011719
859.392212      1210.7707519531
859.692261      1154.9963378906
859.992310      1229.3623046875
860.292297      1143.3765869141
860.592224      1208.4467773438
860.892151      1199.1511230469
861.191956      1224.7143554688
861.491760      1157.3201904297
861.791565      1217.7425537109
862.091248      1231.6861572266
862.390930      1261.8973388672
862.690552      1236.3341064453
862.990051      1289.7845458984
863.289551      1210.7707519531
863.589050      1282.8127441406
863.888428      1252.6016845703
864.187805      1187.5313720703
864.487122      1168.9399414063
864.786377      1187.5313720703
865.085632      1189.8553466797
865.384705      1161.9681396484
865.683838      1222.3905029297
865.982971      1231.6861572266
866.281982      1254.9255371094
866.580933      1296.7564697266
866.879883      1234.0101318359
867.178711      1229.3623046875
867.477600      1234.0101318359
867.776367      1222.3905029297
868.075134      1227.0383300781
868.373718      1199.1511230469
868.672424      1215.4187011719
868.970947      1289.7845458984
869.269531      1199.1511230469
869.568054      1261.8973388672
869.866455      1294.4324951172
870.164856      1238.6579589844
870.463196      1257.2495117188
870.761536      1278.1649169922
871.059753      1240.9819335938
871.357971      1240.9819335938
871.656067      1238.6579589844
871.954102      1310.7000732422
872.252197      1208.4467773438
872.550232      1222.3905029297
872.848206      1161.9681396484
873.146057      1245.6297607422
873.443848      1166.6159667969
873.741638      1210.7707519531
874.039429      1252.6016845703
874.337158      1287.4606933594
874.634827      1192.1793212891
874.932373      1210.7707519531
875.229980      1238.6579589844
875.527466      1215.4187011719
875.825012      1189.8553466797
876.122375      1240.9819335938
876.419739      1222.3905029297
876.717041      1203.7989501953
877.014282      1243.3059082031
877.311462      1196.8271484375
877.608704      1259.5734863281
877.905762      1206.1229248047
878.202881      1201.4749755859
878.499817      1201.4749755859
878.796814      1231.6861572266
879.093811      1203.7989501953
879.390625      1213.0947265625
879.687439      1220.0665283203
879.984253      1243.3059082031
880.280884      1168.9399414063
880.577637      1194.5031738281
880.874268      1261.8973388672
881.170837      1180.5595703125
881.467346      1201.4749755859
881.763855      1250.2777099609
882.060242      1257.2495117188
882.356567      1185.2075195313
882.652954      1143.3765869141
882.949280      1129.4329833984
883.245483      1257.2495117188
883.541626      1185.2075195313
883.837830      1259.5734863281
884.133911      1217.7425537109
884.429932      1203.7989501953
884.725952      1236.3341064453
885.021851      1275.8409423828
885.317688      1254.9255371094
885.613525      1166.6159667969
885.909363      1280.4888916016
886.205078      1192.1793212891
