0.408000
191.033081         0.0000000000
191.409973         0.0000000000
191.786819       906.3351440430
192.163651       929.5744628906
192.540451       978.3771362305
192.917221       966.7574462891
193.293961      1024.8558349609
193.670670       973.7292480469
194.047348      1066.6867675781
194.423981       955.1378173828
194.800613      1029.5037841797
195.177200      1020.2080078125
195.553757      1015.5601196289
195.930283       989.9968261719
196.306778      1064.3627929688
196.683258      1069.0106201172
197.059677      1006.2644042969
197.436081      1055.0670166016
197.812454      1031.8276367188
198.188812       929.5744628906
198.565125      1020.2080078125
198.941406      1008.5883178711
199.317673      1001.6165161133
199.693893      1101.5457763672
200.070099      1013.2362060547
200.446259      1013.2362060547
200.822388      1078.3063964844
201.198486       948.1659545898
201.574570      1036.4755859375
201.950607      1048.0952148438
202.326614       971.4053344727
202.702606       957.4617309570
203.078568      1001.6165161133
203.454483       994.6447143555
203.830383      1080.6303710938
204.206253       955.1378173828
204.582077      1050.4191894531
204.957870       980.7011108398
205.333633      1103.8697509766
205.709396       952.8138427734
206.085098      1027.1798095703
206.460785      1022.5319213867
206.836426       934.2223510742
207.212051      1050.4191894531
207.587646      1015.5601196289
207.963196      1043.4473876953
208.338730       978.3771362305
208.714218      1036.4755859375
209.089691       985.3489379883
209.465134       943.5181274414
209.840530      1036.4755859375
210.215897       996.9686279297
210.591263       966.7574462891
210.966583       980.7011108398
211.341858      1057.3909912109
211.717102       966.7574462891
212.092331       922.6026611328
212.467529      1001.6165161133
212.842697      1006.2644042969
213.217819       964.4335327148
213.592926      1029.5037841797
213.968002      1001.6165161133
214.343018       987.6729125977
214.718033      1020.2080078125
215.093018       966.7574462891
215.467972       906.3351440430
215.842880       978.3771362305
216.217773      1001.6165161133
216.592636       994.6447143555
216.967453      1003.9404296875
217.342255       922.6026611328
217.717026       955.1378173828
218.091766       943.5181274414
218.466446      1017.8840942383
218.841125      1036.4755859375
219.215759      1024.8558349609
219.590378      1043.4473876953
219.964966      1015.5601196289
220.339508      1029.5037841797
220.714020       971.4053344727
221.088516       920.2787475586
221.462967      1027.1798095703
221.837402      1073.6585693359
222.211792      1027.1798095703
222.586166      1001.6165161133
222.960510      1057.3909912109
223.334793       983.0250244141
223.709061       987.6729125977
224.083313      1001.6165161133
224.457520      1057.3909912109
224.831696       929.5744628906
225.205856       976.0532226563
225.579987       976.0532226563
225.954056       980.7011108398
226.328110       994.6447143555
226.702148       999.2926025391
227.076126       978.3771362305
227.450104       978.3771362305
227.824036       996.9686279297
228.197937       985.3489379883
228.571823      1017.8840942383
228.945648       966.7574462891
229.319473      1024.8558349609
229.693237       962.1096191406
230.066986       962.1096191406
230.440704      1089.9261474609
230.814392       973.7292480469
231.188034       948.1659545898
231.561661       978.3771362305
231.935257       917.9548339844
232.308823       978.3771362305
232.682343       955.1378173828
233.055847      1027.1798095703
233.429321       915.6308593750
233.802750       983.0250244141
234.176147      1029.5037841797
234.549530      1008.5883178711
234.922882       890.0675659180
235.296188       934.2223510742
235.669464       929.5744628906
236.042725       980.7011108398
236.415924      1006.2644042969
236.789139       966.7574462891
237.162292       959.7856445313
237.535416       943.5181274414
237.908508       969.0814208984
238.281570      1034.1516113281
238.654617       964.4335327148
239.027618       966.7574462891
239.400574       964.4335327148
239.773514      1038.7994384766
240.146423       980.7011108398
240.519302      1017.8840942383
240.892136       908.6590576172
241.264969       994.6447143555
241.637726      1006.2644042969
242.010498       964.4335327148
242.383209       992.3207397461
242.755905       969.0814208984
243.128555       978.3771362305
243.501190      1006.2644042969
243.873779      1029.5037841797
244.246353      1071.3345947266
244.618866      1006.2644042969
244.991379      1008.5883178711
245.363861       989.9968261719
245.736282       999.2926025391
246.108688       989.9968261719
246.481079      1013.2362060547
246.853409      1013.2362060547
247.225723       964.4335327148
247.598007       931.8984375000
247.970261       983.0250244141
248.342468      1045.7712402344
248.714645       927.2505493164
249.086823       989.9968261719
249.458954      1043.4473876953
249.831024       980.7011108398
250.203094      1055.0670166016
250.575134       931.8984375000
250.947113       962.1096191406
251.319092       983.0250244141
251.691025       929.5744628906
252.062912       964.4335327148
252.434784       978.3771362305
252.806641      1010.9122314453
253.178452      1017.8840942383
253.550232       948.1659545898
253.921967       994.6447143555
254.293686       973.7292480469
254.665359       924.9266357422
255.037003       964.4335327148
255.408630      1008.5883178711
255.780228       943.5181274414
256.151764       943.5181274414
256.523285      1015.5601196289
256.894806      1031.8276367188
257.266235       929.5744628906
257.637695      1020.2080078125
258.009064      1045.7712402344
258.380432      1022.5319213867
258.751770      1043.4473876953
259.123077       983.0250244141
259.494385      1001.6165161133
259.865601       920.2787475586
260.236816      1094.5739746094
260.607941       952.8138427734
260.979126      1017.8840942383
261.350220      1027.1798095703
261.721344      1045.7712402344
262.092346       931.8984375000
262.463379       980.7011108398
262.834351       976.0532226563
263.205292       941.1941528320
263.576233       969.0814208984
263.947144       964.4335327148
264.317993       983.0250244141
264.688812       989.9968261719
265.059631       985.3489379883
265.430359      1024.8558349609
265.801117       992.3207397461
266.171783       973.7292480469
266.542450      1022.5319213867
266.913086       890.0675659180
267.283691       999.2926025391
267.654266       952.8138427734
268.024811      1017.8840942383
268.395325       943.5181274414
268.765778       992.3207397461
269.136230       976.0532226563
269.506653      1069.0106201172
269.877045       999.2926025391
270.247375      1022.5319213867
270.617676      1001.6165161133
270.987946      1029.5037841797
271.358246      1003.9404296875
271.728424       880.7718505859
272.098633      1041.1234130859
272.468781      1052.7431640625
272.838867       976.0532226563
273.209015       906.3351440430
273.579041      1073.6585693359
273.949066      1031.8276367188
274.319061      1003.9404296875
274.689056       992.3207397461
275.058960       959.7856445313
275.428864      1008.5883178711
275.798737       924.9266357422
276.168579      1006.2644042969
276.538361       964.4335327148
276.908142       980.7011108398
277.277832       913.3069458008
277.647583       985.3489379883
278.017242      1031.8276367188
278.386902      1048.0952148438
278.756500       985.3489379883
279.126038      1010.9122314453
279.495636      1015.5601196289
279.865143      1057.3909912109
280.234619      1024.8558349609
280.604065       980.7011108398
280.973450      1006.2644042969
281.342834      1031.8276367188
281.712189       955.1378173828
282.081512       971.4053344727
282.450836      1031.8276367188
282.820038      1020.2080078125
283.189270       957.4617309570
283.558502       945.8420410156
283.927612      1017.8840942383
284.296722       983.0250244141
284.665863      1057.3909912109
285.034912      1027.1798095703
285.403931      1029.5037841797
285.772919      1064.3627929688
286.141876      1006.2644042969
286.510834       985.3489379883
286.879730       927.2505493164
287.248596       980.7011108398
287.617401      1010.9122314453
287.986206       957.4617309570
288.354950       983.0250244141
288.723724       971.4053344727
289.092407       985.3489379883
289.461060      1041.1234130859
289.829742      1001.6165161133
290.198334       901.6872558594
290.566925      1036.4755859375
290.935455       899.3633422852
291.303925      1029.5037841797
291.672394      1043.4473876953
292.040894       945.8420410156
292.409271      1050.4191894531
292.777679       941.1941528320
293.145996       999.2926025391
293.514313       971.4053344727
293.882599       962.1096191406
294.250824      1001.6165161133
294.619049      1029.5037841797
294.987244       989.9968261719
295.355377       992.3207397461
295.723480      1020.2080078125
296.091614       938.8702392578
296.459625       978.3771362305
296.827667       964.4335327148
297.195648       959.7856445313
297.563599       962.1096191406
297.931488       966.7574462891
298.299408      1001.6165161133
298.667267       985.3489379883
299.035095      1041.1234130859
299.402893       957.4617309570
299.770599       964.4335327148
300.138367       992.3207397461
300.506042       985.3489379883
300.873718      1003.9404296875
301.241333      1003.9404296875
301.608917       952.8138427734
301.976471       969.0814208984
302.344025       992.3207397461
302.711487       999.2926025391
303.078979       917.9548339844
303.446411      1031.8276367188
303.813782      1024.8558349609
304.181183       996.9686279297
304.548492       987.6729125977
304.915771      1027.1798095703
305.283051       973.7292480469
305.650299       966.7574462891
306.017456       966.7574462891
306.384644      1041.1234130859
306.751770       945.8420410156
307.118896       992.3207397461
307.485962       971.4053344727
307.852966      1043.4473876953
308.219971       962.1096191406
308.586945       959.7856445313
308.953888      1041.1234130859
309.320801      1022.5319213867
309.687653       996.9686279297
310.054504       999.2926025391
310.421326       959.7856445313
310.788086       959.7856445313
311.154846      1066.6867675781
311.521515       941.1941528320
311.888184      1006.2644042969
312.254822      1017.8840942383
312.621429       994.6447143555
312.988007       985.3489379883
313.354553      1031.8276367188
313.721039       952.8138427734
314.087494      1017.8840942383
314.453949       952.8138427734
314.820343       973.7292480469
315.186737       915.6308593750
315.553101       985.3489379883
315.919373       978.3771362305
316.285645      1020.2080078125
316.651886       952.8138427734
317.018066       966.7574462891
317.384308      1022.5319213867
317.750427       987.6729125977
318.116516      1022.5319213867
318.482574       996.9686279297
318.848633       973.7292480469
319.214661       957.4617309570
319.580627      1010.9122314453
319.946564       973.7292480469
320.312439       983.0250244141
320.678314      1089.9261474609
321.044159       994.6447143555
321.410004       969.0814208984
321.775757      1048.0952148438
322.141510      1024.8558349609
322.507202       985.3489379883
322.872894      1024.8558349609
323.238525      1008.5883178711
323.604156       976.0532226563
323.969696       980.7011108398
324.335266      1064.3627929688
324.700745      1001.6165161133
325.066223       999.2926025391
325.431702      1057.3909912109
325.797089       980.7011108398
326.162445      1031.8276367188
326.527802       971.4053344727
326.893097       934.2223510742
327.258362       976.0532226563
327.623657      1036.4755859375
327.988861       969.0814208984
328.353973       924.9266357422
328.719116       994.6447143555
329.084259      1036.4755859375
329.449341      1013.2362060547
329.814392      1027.1798095703
330.179352       978.3771362305
330.544312       987.6729125977
330.909241      1034.1516113281
331.274170       987.6729125977
331.639069      1008.5883178711
332.003906       950.4899291992
332.368713      1206.1229248047
332.733459      1020.2080078125
333.098206       948.1659545898
333.462921       983.0250244141
333.827606       964.4335327148
334.192230       941.1941528320
334.556824       994.6447143555
334.921356      1036.4755859375
335.285919      1017.8840942383
335.650452       976.0532226563
336.014893       983.0250244141
336.379333       938.8702392578
336.743744      1010.9122314453
337.108124      1064.3627929688
337.472443       999.2926025391
337.836731       978.3771362305
338.201019      1013.2362060547
338.565247       969.0814208984
338.929413       980.7011108398
339.293579       957.4617309570
339.657776      1006.2644042969
340.021851       987.6729125977
340.385895       948.1659545898
340.749908       969.0814208984
341.113922      1010.9122314453
341.477875       908.6590576172
341.841827       983.0250244141
342.205688       973.7292480469
342.569580       859.8563842773
342.933380      1027.1798095703
343.297211      1045.7712402344
343.660950      1036.4755859375
344.024658       969.0814208984
344.388367       906.3351440430
344.752014      1034.1516113281
345.115601      1038.7994384766
345.479218      1048.0952148438
345.842804      1043.4473876953
346.206299       964.4335327148
346.569763       945.8420410156
346.933228      1006.2644042969
347.296661       955.1378173828
347.660034      1022.5319213867
348.023407       976.0532226563
348.386719       892.3914794922
348.750000       989.9968261719
349.113220       924.9266357422
349.476471      1006.2644042969
349.839661       987.6729125977
350.202820       980.7011108398
350.565887      1006.2644042969
350.928955      1015.5601196289
351.292023       955.1378173828
351.655029       976.0532226563
352.018036      1001.6165161133
352.380981       985.3489379883
352.743866       992.3207397461
353.106720       989.9968261719
353.469574       989.9968261719
353.832397      1006.2644042969
354.195160       941.1941528320
354.557892       999.2926025391
354.920593      1045.7712402344
355.283234       936.5463256836
355.645905       978.3771362305
356.008514       966.7574462891
356.371094      1020.2080078125
356.733612       987.6729125977
357.096100       959.7856445313
357.458588      1010.9122314453
357.820984      1052.7431640625
358.183411       969.0814208984
358.545746      1045.7712402344
358.908081      1096.8979492188
359.270355       994.6447143555
359.632629      1020.2080078125
359.994873      1027.1798095703
360.357056       985.3489379883
360.719208      1124.7851562500
361.081329      1020.2080078125
361.443420       994.6447143555
361.805481      1050.4191894531
362.167511       992.3207397461
362.529480       952.8138427734
362.891418       985.3489379883
363.253326      1010.9122314453
363.615234       999.2926025391
363.977081      1038.7994384766
364.338867       964.4335327148
364.700653       985.3489379883
365.062378      1008.5883178711
365.424103       983.0250244141
365.785767      1027.1798095703
366.147430      1062.0388183594
366.509033       966.7574462891
366.870605       941.1941528320
367.232117      1027.1798095703
367.593628      1041.1234130859
367.955109       966.7574462891
368.316559       955.1378173828
368.677917       996.9686279297
369.039307      1024.8558349609
369.400635       955.1378173828
369.761902      1048.0952148438
370.123199      1006.2644042969
370.484436      1064.3627929688
370.845581       987.6729125977
371.206726       936.5463256836
371.567871      1036.4755859375
371.928955      1022.5319213867
372.290039      1069.0106201172
372.651062       987.6729125977
373.011993       950.4899291992
373.372955       931.8984375000
373.733887       945.8420410156
374.094788      1003.9404296875
374.455627       983.0250244141
374.816406      1022.5319213867
375.177185       952.8138427734
375.537903       989.9968261719
375.898651      1022.5319213867
376.259338       922.6026611328
376.619965      1008.5883178711
376.980530       962.1096191406
377.341095      1066.6867675781
377.701660       897.0393676758
378.062134      1062.0388183594
378.422607      1024.8558349609
378.783020       966.7574462891
379.143402       989.9968261719
379.503784      1003.9404296875
379.864105       966.7574462891
380.224396      1006.2644042969
380.584656       917.9548339844
380.944855      1041.1234130859
381.305054       962.1096191406
381.665192       955.1378173828
382.025299      1036.4755859375
382.385406       978.3771362305
382.745453       987.6729125977
383.105438       996.9686279297
383.465424      1015.5601196289
383.825348       950.4899291992
384.185272      1036.4755859375
384.545135       938.8702392578
384.904968      1036.4755859375
385.264771      1059.7149658203
385.624512       983.0250244141
385.984253      1017.8840942383
386.343964      1038.7994384766
386.703613       978.3771362305
387.063232      1034.1516113281
387.422821      1015.5601196289
387.782379       934.2223510742
388.141907       952.8138427734
388.501404       971.4053344727
388.860840      1017.8840942383
389.220215      1003.9404296875
389.579620      1017.8840942383
389.938995       936.5463256836
390.298279      1003.9404296875
390.657562       864.5042724609
391.016785       957.4617309570
391.376007       962.1096191406
391.735168      1008.5883178711
392.094299       987.6729125977
392.453430       987.6729125977
392.812469       931.8984375000
393.171478       957.4617309570
393.530457      1050.4191894531
393.889435       948.1659545898
394.248383       978.3771362305
394.607269      1008.5883178711
394.966125      1087.6021728516
395.324921       948.1659545898
395.683655       978.3771362305
396.042419       901.6872558594
396.401154       983.0250244141
396.759827       966.7574462891
397.118469      1024.8558349609
397.477051      1055.0670166016
397.835632       994.6447143555
398.194153       869.1521606445
398.552673       989.9968261719
398.911163       936.5463256836
399.269592       938.8702392578
399.627960       955.1378173828
399.986328      1043.4473876953
400.344666       983.0250244141
400.702942       966.7574462891
401.061188      1041.1234130859
401.419403      1001.6165161133
401.777588      1017.8840942383
402.135712       978.3771362305
402.493835       957.4617309570
402.851929       978.3771362305
403.209961      1010.9122314453
403.567932      1020.2080078125
403.925903      1108.5175781250
404.283905       929.5744628906
404.641754       938.8702392578
404.999634      1069.0106201172
405.357452       952.8138427734
405.715210      1003.9404296875
406.072998       924.9266357422
406.430725       948.1659545898
406.788422       901.6872558594
407.146027       966.7574462891
407.503662      1022.5319213867
407.861237      1031.8276367188
408.218781       924.9266357422
408.576294       996.9686279297
408.933777       978.3771362305
409.291168       992.3207397461
409.648590       927.2505493164
410.005951      1031.8276367188
410.363312      1064.3627929688
410.720612      1031.8276367188
411.077820       983.0250244141
411.435059       957.4617309570
411.792267       938.8702392578
412.149384      1069.0106201172
412.506531      1008.5883178711
412.863586       920.2787475586
413.220642       999.2926025391
413.577606       957.4617309570
413.934601       989.9968261719
414.291565       980.7011108398
414.648468      1008.5883178711
415.005310       980.7011108398
415.362122       971.4053344727
415.718903       966.7574462891
416.075684       973.7292480469
416.432434      1024.8558349609
416.789093       955.1378173828
417.145752       890.0675659180
417.502350       996.9686279297
417.858948       938.8702392578
418.215485      1036.4755859375
418.571991      1017.8840942383
418.928467       931.8984375000
419.284882       989.9968261719
419.641266       927.2505493164
419.997650      1036.4755859375
420.354004      1015.5601196289
420.710266       966.7574462891
421.066528       920.2787475586
421.422760       989.9968261719
421.778931       941.1941528320
422.135071       973.7292480469
422.491211      1003.9404296875
422.847260       976.0532226563
423.203308      1008.5883178711
423.559296      1029.5037841797
423.915283      1001.6165161133
424.271210       945.8420410156
424.627136       969.0814208984
424.982971      1029.5037841797
425.338776      1078.3063964844
425.694611       987.6729125977
426.050323       985.3489379883
426.406036       976.0532226563
426.761749      1045.7712402344
427.117371      1099.2218017578
427.472961      1055.0670166016
427.828552       938.8702392578
428.184113      1041.1234130859
428.539581       941.1941528320
428.895050       999.2926025391
429.250458       957.4617309570
429.605865       934.2223510742
429.961212       973.7292480469
430.316559       955.1378173828
430.671814      1001.6165161133
431.027069       973.7292480469
431.382263       994.6447143555
431.737457      1024.8558349609
432.092590       973.7292480469
432.447723       929.5744628906
432.802734       996.9686279297
433.157776      1022.5319213867
433.512756       994.6447143555
433.867706       999.2926025391
434.222656      1017.8840942383
434.577545      1059.7149658203
434.932373       989.9968261719
435.287201      1024.8558349609
435.641968      1008.5883178711
435.996704       987.6729125977
436.351410       922.6026611328
436.706085       976.0532226563
437.060699       922.6026611328
437.415283       913.3069458008
437.769867       966.7574462891
438.124420      1045.7712402344
438.478882      1059.7149658203
438.833313       955.1378173828
439.187714       992.3207397461
439.542084      1017.8840942383
439.896454       969.0814208984
440.250732       985.3489379883
440.605011       980.7011108398
440.959229      1008.5883178711
441.313416       987.6729125977
441.667572      1008.5883178711
442.021698       966.7574462891
442.375793       959.7856445313
442.729858       929.5744628906
443.083832       945.8420410156
443.437836       948.1659545898
443.791748      1015.5601196289
444.145630      1075.9824218750
444.499542      1008.5883178711
444.853363       994.6447143555
445.207123       948.1659545898
445.560883       989.9968261719
445.914612      1064.3627929688
446.268280      1027.1798095703
446.621918      1075.9824218750
446.975555       971.4053344727
447.329132       966.7574462891
447.682678       985.3489379883
448.036133       920.2787475586
448.389618      1001.6165161133
448.743042       938.8702392578
449.096405      1003.9404296875
449.449799       908.6590576172
449.803101       936.5463256836
450.156372      1094.5739746094
450.509613       966.7574462891
450.862823       980.7011108398
451.216003       980.7011108398
451.569122      1020.2080078125
451.922211       976.0532226563
452.275269       989.9968261719
452.628296      1017.8840942383
452.981293      1013.2362060547
453.334229      1041.1234130859
453.687134      1066.6867675781
454.040009       943.5181274414
454.392853       992.3207397461
454.745636       924.9266357422
455.098419      1043.4473876953
455.451172       966.7574462891
455.803864       983.0250244141
456.156464       945.8420410156
456.509125      1041.1234130859
456.861694       931.8984375000
457.214264      1059.7149658203
457.566742      1031.8276367188
457.919220      1055.0670166016
458.271667       878.4478759766
458.624023       945.8420410156
458.976379      1052.7431640625
459.328705      1022.5319213867
459.681000       973.7292480469
460.033234       969.0814208984
460.385468      1015.5601196289
460.737610       987.6729125977
461.089752      1073.6585693359
461.441864       964.4335327148
461.793945      1041.1234130859
462.145996       945.8420410156
462.497955      1017.8840942383
462.849884       985.3489379883
463.201813       996.9686279297
463.553680       994.6447143555
463.905518      1055.0670166016
464.257355      1082.9542236328
464.609100      1031.8276367188
464.960815      1006.2644042969
465.312531      1008.5883178711
465.664185      1003.9404296875
466.015778       985.3489379883
466.367371       943.5181274414
466.718903       955.1378173828
467.070435      1013.2362060547
467.421906      1015.5601196289
467.773346       973.7292480469
468.124725       941.1941528320
468.476074      1036.4755859375
468.827393       943.5181274414
469.178680       936.5463256836
469.529938      1027.1798095703
469.881134      1017.8840942383
470.232330      1038.7994384766
470.583435       948.1659545898
470.934540       996.9686279297
471.285614       966.7574462891
471.636627       964.4335327148
471.987610       955.1378173828
472.338562       904.0111694336
472.689453      1024.8558349609
473.040375       983.0250244141
473.391205       971.4053344727
473.741974       934.2223510742
474.092773       966.7574462891
474.443481       943.5181274414
474.794159       931.8984375000
475.144806       999.2926025391
475.495422      1045.7712402344
475.846039      1022.5319213867
476.196533       938.8702392578
476.547028       950.4899291992
476.897522       996.9686279297
477.247925      1001.6165161133
477.598328      1003.9404296875
477.948700      1034.1516113281
478.299011      1038.7994384766
478.649231       980.7011108398
478.999481       976.0532226563
479.349701       987.6729125977
479.699829      1043.4473876953
480.049988       983.0250244141
480.400055       962.1096191406
480.750153       994.6447143555
481.100128       978.3771362305
481.450104      1022.5319213867
481.800049       971.4053344727
482.149963      1020.2080078125
482.499786       938.8702392578
482.849670      1006.2644042969
483.199432      1017.8840942383
483.549194       996.9686279297
483.898926       976.0532226563
484.248566       952.8138427734
484.598206       957.4617309570
484.947815       976.0532226563
485.297394      1045.7712402344
485.646912      1048.0952148438
485.996399       971.4053344727
486.345825       959.7856445313
486.695282       948.1659545898
487.044617       996.9686279297
487.393951       976.0532226563
487.743286       931.8984375000
488.092529      1031.8276367188
488.441711       976.0532226563
488.790955       948.1659545898
489.140076       936.5463256836
489.489197       976.0532226563
489.838257      1027.1798095703
490.187286      1064.3627929688
490.536316      1073.6585693359
490.885254      1031.8276367188
491.234161       978.3771362305
491.583069       934.2223510742
491.931915       924.9266357422
492.280731       904.0111694336
492.629486       992.3207397461
492.978210      1006.2644042969
493.326874       994.6447143555
493.675568      1022.5319213867
494.024200       994.6447143555
494.372742      1022.5319213867
494.721313       969.0814208984
495.069824      1034.1516113281
495.418274       989.9968261719
495.766724      1001.6165161133
496.115112      1017.8840942383
496.463470       945.8420410156
496.811768       983.0250244141
497.160034      1029.5037841797
497.508301      1015.5601196289
497.856506      1050.4191894531
498.204651       973.7292480469
498.552765       987.6729125977
498.900848       897.0393676758
499.248901       910.9829711914
499.596924       952.8138427734
499.944885      1045.7712402344
500.292816       992.3207397461
500.640778      1024.8558349609
500.988556       983.0250244141
501.336426       973.7292480469
501.684204       955.1378173828
502.031952      1003.9404296875
502.379700       948.1659545898
502.727295       915.6308593750
503.074982      1075.9824218750
503.422546       927.2505493164
503.770081      1057.3909912109
504.117615       952.8138427734
504.465088      1036.4755859375
504.812561       994.6447143555
505.159943      1015.5601196289
505.507294       945.8420410156
505.854645      1003.9404296875
506.201904       955.1378173828
506.549194       952.8138427734
506.896332      1001.6165161133
507.243591      1071.3345947266
507.590698      1024.8558349609
507.937775       971.4053344727
508.284912       964.4335327148
508.631836      1062.0388183594
508.978851       948.1659545898
509.325806       996.9686279297
509.672699       980.7011108398
510.019592      1075.9824218750
510.366364      1066.6867675781
510.713196       999.2926025391
511.059937       957.4617309570
511.406677       994.6447143555
511.753326      1015.5601196289
512.099976      1013.2362060547
512.446594       994.6447143555
512.793091      1087.6021728516
513.139648       996.9686279297
513.486145       999.2926025391
513.832520       978.3771362305
514.179016      1062.0388183594
514.525269       899.3633422852
514.871704       969.0814208984
515.217957      1008.5883178711
515.564209       996.9686279297
515.910522      1008.5883178711
516.256531       959.7856445313
516.602783       948.1659545898
516.948853       966.7574462891
517.294922       887.7436523438
517.640930       966.7574462891
517.986877       994.6447143555
518.332886       936.5463256836
518.678711      1062.0388183594
519.024658      1006.2644042969
519.370422       987.6729125977
519.716248      1017.8840942383
520.062073       938.8702392578
520.407715       992.3207397461
520.753418       924.9266357422
521.099060      1036.4755859375
521.444580       992.3207397461
521.790222       938.8702392578
522.135681       924.9266357422
522.481201      1020.2080078125
522.826660      1069.0106201172
523.172058       976.0532226563
523.517395       929.5744628906
523.862671       915.6308593750
524.208069      1001.6165161133
524.553284       934.2223510742
524.898438      1017.8840942383
525.243591      1010.9122314453
525.588745       959.7856445313
525.933899       969.0814208984
526.278931      1073.6585693359
526.623962       969.0814208984
526.968872       941.1941528320
527.313904      1008.5883178711
527.658813       980.7011108398
528.003601      1008.5883178711
528.348450       931.8984375000
528.693237      1010.9122314453
529.037964      1027.1798095703
529.382751      1003.9404296875
529.727356       922.6026611328
530.072021      1022.5319213867
530.416626       987.6729125977
530.761169      1003.9404296875
531.105652       964.4335327148
531.450134      1017.8840942383
531.794617       989.9968261719
532.138916       945.8420410156
532.483337       943.5181274414
532.827637       976.0532226563
533.171936       897.0393676758
533.516174      1003.9404296875
533.860352       966.7574462891
534.204529       987.6729125977
534.548645       996.9686279297
534.892700       913.3069458008
535.236816       952.8138427734
535.580750       913.3069458008
535.924744       943.5181274414
536.268738       899.3633422852
536.612549       964.4335327148
536.956421      1013.2362060547
537.300232       910.9829711914
537.644043       992.3207397461
537.987671      1031.8276367188
538.331421       915.6308593750
538.675049      1338.5872802734
539.018677       969.0814208984
539.362305      1024.8558349609
539.705750       966.7574462891
540.049316      1022.5319213867
540.392822       978.3771362305
540.736145      1022.5319213867
541.079590       992.3207397461
541.422913       987.6729125977
541.766235      1038.7994384766
542.109436      1038.7994384766
542.452698      1001.6165161133
542.795898      1013.2362060547
543.138977      1036.4755859375
543.482178       976.0532226563
543.825195       936.5463256836
544.168213      1001.6165161133
544.511230      1036.4755859375
544.854187      1022.5319213867
545.197083      1085.2781982422
545.539917       992.3207397461
545.882813       964.4335327148
546.225586       959.7856445313
546.568359       950.4899291992
546.911133       957.4617309570
547.253662      1052.7431640625
547.596436       920.2787475586
547.938965      1045.7712402344
548.281494       989.9968261719
548.624084      1010.9122314453
548.966492       934.2223510742
549.308960      1001.6165161133
549.651367      1034.1516113281
549.993713       945.8420410156
550.336060      1008.5883178711
550.678345      1015.5601196289
551.020630       978.3771362305
551.362732       987.6729125977
551.704956       936.5463256836
552.047058       983.0250244141
552.389160       943.5181274414
552.731262       983.0250244141
553.073181      1015.5601196289
553.415161      1022.5319213867
553.757080       978.3771362305
554.098999       878.4478759766
554.440857       950.4899291992
554.782593       924.9266357422
555.124390       973.7292480469
555.466125      1036.4755859375
555.807800       955.1378173828
556.149414       983.0250244141
556.491089       955.1378173828
556.832642       922.6026611328
557.174133      1013.2362060547
557.515686      1010.9122314453
557.857117       962.1096191406
558.198486      1066.6867675781
558.539917       976.0532226563
558.881165      1094.5739746094
559.222534       915.6308593750
559.563782      1001.6165161133
559.904968       999.2926025391
560.246216       962.1096191406
560.587280       871.4760742188
560.928406       878.4478759766
561.269470       987.6729125977
561.610474       976.0532226563
561.951477       969.0814208984
562.292297       957.4617309570
562.633301       994.6447143555
562.974121       948.1659545898
563.315002       943.5181274414
563.655762      1034.1516113281
563.996460       985.3489379883
564.337158       922.6026611328
564.677795       964.4335327148
565.018433       962.1096191406
565.359009      1045.7712402344
565.699524      1080.6303710938
566.040100      1013.2362060547
566.380493      1027.1798095703
566.720947       985.3489379883
567.061340       994.6447143555
567.401611       992.3207397461
567.742004       966.7574462891
568.082153       966.7574462891
568.422424       976.0532226563
568.762634       885.4196777344
569.102722       989.9968261719
569.442810      1059.7149658203
569.782898      1057.3909912109
570.122986      1087.6021728516
570.462830       913.3069458008
570.802856      1020.2080078125
571.142761      1031.8276367188
571.482605      1022.5319213867
571.822449       910.9829711914
572.162170      1045.7712402344
572.501953      1041.1234130859
572.841675       999.2926025391
573.181274      1092.2500000000
573.520996      1001.6165161133
573.860474       913.3069458008
574.200073       987.6729125977
574.539551      1003.9404296875
574.878967       987.6729125977
575.218384      1006.2644042969
575.557739       952.8138427734
575.897156      1043.4473876953
576.236450      1092.2500000000
576.575684       962.1096191406
576.914856       952.8138427734
577.254089       934.2223510742
577.593262       989.9968261719
577.932251       897.0393676758
578.271362       989.9968261719
578.610352       966.7574462891
578.949341      1085.2781982422
579.288330       904.0111694336
579.627197       924.9266357422
579.966064       973.7292480469
580.304871       910.9829711914
580.643677      1034.1516113281
580.982483       920.2787475586
581.321045       959.7856445313
581.659790       950.4899291992
581.998413       929.5744628906
582.336914       922.6026611328
582.675476      1029.5037841797
583.013916      1027.1798095703
583.352478       980.7011108398
583.690796      1036.4755859375
584.029175      1013.2362060547
584.367493      1001.6165161133
584.705811       957.4617309570
585.044128      1020.2080078125
585.382202      1059.7149658203
585.720459      1017.8840942383
586.058594      1024.8558349609
586.396667       941.1941528320
586.734802       871.4760742188
587.072693      1052.7431640625
587.410767       992.3207397461
587.748657       934.2223510742
588.086487       922.6026611328
588.424316      1013.2362060547
588.762146       976.0532226563
589.099976       964.4335327148
589.437622      1017.8840942383
589.775391      1015.5601196289
590.113037       996.9686279297
590.450623       955.1378173828
590.788208      1045.7712402344
591.125671       929.5744628906
591.463196       922.6026611328
591.800659       983.0250244141
592.138062      1010.9122314453
592.475464      1022.5319213867
592.812683      1003.9404296875
593.150024      1048.0952148438
593.487244       969.0814208984
593.824402      1010.9122314453
594.161621       978.3771362305
594.498657       999.2926025391
594.835815       938.8702392578
595.172852       971.4053344727
595.509827      1017.8840942383
595.846741       983.0250244141
596.183655      1036.4755859375
596.520630      1069.0106201172
596.857422       985.3489379883
597.194214       987.6729125977
597.530945       906.3351440430
597.867615       962.1096191406
598.204346       978.3771362305
598.540955       938.8702392578
598.877563       980.7011108398
599.214111       934.2223510742
599.550598      1013.2362060547
599.887085       964.4335327148
600.223450       904.0111694336
600.559937       948.1659545898
600.896240      1085.2781982422
601.232544      1020.2080078125
601.568787      1015.5601196289
601.905029      1048.0952148438
602.241272       838.9409790039
602.577271      1048.0952148438
602.913452       999.2926025391
603.249512       994.6447143555
603.585510      1069.0106201172
603.921509      1057.3909912109
604.257385      1003.9404296875
604.593323      1062.0388183594
604.929199       959.7856445313
605.264954       955.1378173828
605.600830       948.1659545898
605.936462       943.5181274414
606.272217       934.2223510742
606.607849       983.0250244141
606.943420       917.9548339844
607.278992       992.3207397461
607.614502      1041.1234130859
607.950012      1008.5883178711
608.285461       969.0814208984
608.620850      1052.7431640625
608.956177      1001.6165161133
609.291504       976.0532226563
609.626831       941.1941528320
609.962036      1001.6165161133
610.297302       969.0814208984
610.632446      1003.9404296875
610.967529       948.1659545898
611.302673       931.8984375000
611.637634       927.2505493164
611.972656       987.6729125977
612.307617       987.6729125977
612.642517      1017.8840942383
612.977356      1064.3627929688
613.312195      1003.9404296875
613.646973       987.6729125977
613.981750       971.4053344727
614.316406       996.9686279297
614.651062      1008.5883178711
614.985657       992.3207397461
615.320313       966.7574462891
615.654846      1001.6165161133
615.989319      1017.8840942383
616.323792       890.0675659180
616.658203      1136.4047851563
616.992615       957.4617309570
617.326904      1027.1798095703
617.661194      1029.5037841797
617.995483       996.9686279297
618.329712       966.7574462891
618.663940       987.6729125977
618.997925       989.9968261719
619.332092       917.9548339844
619.666077      1048.0952148438
620.000061       880.7718505859
620.334045      1038.7994384766
620.667969       969.0814208984
621.001892      1020.2080078125
621.335632       955.1378173828
621.669495       922.6026611328
622.003296       913.3069458008
622.336914       980.7011108398
622.670654      1022.5319213867
623.004272      1010.9122314453
623.337891      1017.8840942383
623.671387       962.1096191406
624.004883      1001.6165161133
624.338440      1059.7149658203
624.671753      1003.9404296875
625.005249       978.3771362305
625.338562      1003.9404296875
625.671814      1020.2080078125
626.005066      1050.4191894531
626.338257       971.4053344727
626.671509       934.2223510742
627.004578       962.1096191406
627.337708       959.7856445313
627.670776       976.0532226563
628.003723      1008.5883178711
628.336731      1003.9404296875
628.669556       969.0814208984
629.002502      1015.5601196289
629.335327       929.5744628906
629.668152       971.4053344727
630.000916      1041.1234130859
630.333618       936.5463256836
630.666321       941.1941528320
630.998962      1001.6165161133
631.331482       973.7292480469
631.664063      1029.5037841797
631.996521      1010.9122314453
632.329102       959.7856445313
632.661499       943.5181274414
632.993835       973.7292480469
633.326172      1003.9404296875
633.658447       936.5463256836
633.990784       948.1659545898
634.322937      1138.7287597656
634.655212      1096.8979492188
634.987244      1003.9404296875
635.319397      1048.0952148438
635.651489       962.1096191406
635.983398       901.6872558594
636.315430      1003.9404296875
636.647278      1062.0388183594
636.979187      1082.9542236328
637.311035      1001.6165161133
637.642761       957.4617309570
637.974609      1043.4473876953
638.306335       969.0814208984
638.637939       989.9968261719
638.969604       994.6447143555
639.301147       950.4899291992
639.632751       910.9829711914
639.964233       915.6308593750
640.295715       934.2223510742
640.627075       985.3489379883
640.958496       927.2505493164
641.289917       945.8420410156
641.621094       996.9686279297
641.952393      1024.8558349609
642.283569       929.5744628906
642.614746       929.5744628906
642.945923       957.4617309570
643.276917       987.6729125977
643.608093       989.9968261719
643.939026       976.0532226563
644.269958       987.6729125977
644.600891       922.6026611328
644.931763       999.2926025391
645.262634      1085.2781982422
645.593384      1055.0670166016
645.924133       976.0532226563
646.254822       966.7574462891
646.585510       908.6590576172
646.916199       973.7292480469
647.246704      1092.2500000000
647.577271      1008.5883178711
647.907715       887.7436523438
648.238220       973.7292480469
648.568665       978.3771362305
648.898987       924.9266357422
649.229309       985.3489379883
649.559570      1017.8840942383
649.889832       992.3207397461
650.220093       992.3207397461
650.550171      1052.7431640625
650.880310      1008.5883178711
651.210388      1036.4755859375
651.540405       971.4053344727
651.870422       980.7011108398
652.200317       943.5181274414
652.530273       976.0532226563
652.860046       994.6447143555
653.189941       994.6447143555
653.519775       978.3771362305
653.849426       980.7011108398
654.179199       994.6447143555
654.508789       915.6308593750
654.838440       992.3207397461
655.168030       976.0532226563
655.497498      1031.8276367188
655.827026      1029.5037841797
656.156372       962.1096191406
656.485840       971.4053344727
656.815247       966.7574462891
657.144470       994.6447143555
657.473755       904.0111694336
657.802979      1017.8840942383
658.132202      1036.4755859375
658.461243      1003.9404296875
658.790466       989.9968261719
659.119507       971.4053344727
659.448486       941.1941528320
659.777527       964.4335327148
660.106384       985.3489379883
660.435242      1029.5037841797
660.764160       952.8138427734
661.092896       976.0532226563
661.421692      1034.1516113281
661.750427       931.8984375000
662.079102       906.3351440430
662.407715       957.4617309570
662.736328       957.4617309570
663.064880      1027.1798095703
663.393311      1013.2362060547
663.721802      1001.6165161133
664.050232      1020.2080078125
664.378601       978.3771362305
664.706970      1043.4473876953
665.035217       899.3633422852
665.363525      1050.4191894531
665.691650       962.1096191406
666.019897       973.7292480469
666.347961      1062.0388183594
666.676086       971.4053344727
667.004150      1027.1798095703
667.332092       941.1941528320
667.660095      1043.4473876953
667.987915      1013.2362060547
668.315796      1148.0245361328
668.643677       992.3207397461
668.971436      1001.6165161133
669.299133       994.6447143555
669.626892       978.3771362305
669.954468      1020.2080078125
670.282104      1008.5883178711
670.609619       973.7292480469
670.937256       952.8138427734
671.264587       929.5744628906
671.592163       964.4335327148
671.919495      1057.3909912109
672.246887       989.9968261719
672.574097      1013.2362060547
672.901489      1008.5883178711
673.228699       987.6729125977
673.555847       992.3207397461
673.882996       971.4053344727
674.210022      1041.1234130859
674.537109      1017.8840942383
674.864136      1003.9404296875
675.191101       983.0250244141
675.518005       969.0814208984
675.844849       876.1239624023
676.171692       966.7574462891
676.498535       929.5744628906
676.825256       901.6872558594
677.151978      1096.8979492188
677.478577       910.9829711914
677.805237       966.7574462891
678.131836      1043.4473876953
678.458435       971.4053344727
678.784851       931.8984375000
679.111328      1006.2644042969
679.437744      1017.8840942383
679.764099      1013.2362060547
680.090454       941.1941528320
680.416687      1059.7149658203
680.742920       987.6729125977
681.069153      1034.1516113281
681.395203       987.6729125977
681.721313       985.3489379883
682.047485      1015.5601196289
682.373474       976.0532226563
682.699402      1008.5883178711
683.025391      1010.9122314453
683.351196      1062.0388183594
683.677063       962.1096191406
684.002930      1017.8840942383
684.328674      1017.8840942383
684.654358      1001.6165161133
684.980042       971.4053344727
685.305603       962.1096191406
685.631287      1024.8558349609
685.956787       969.0814208984
686.282288      1020.2080078125
686.607788       987.6729125977
686.933167      1003.9404296875
687.258545       959.7856445313
687.583923       983.0250244141
687.909180      1041.1234130859
688.234375       950.4899291992
688.559631       955.1378173828
688.884766       962.1096191406
689.209839       989.9968261719
689.534973       906.3351440430
689.859924       948.1659545898
690.184937       915.6308593750
690.509827       971.4053344727
690.834717       971.4053344727
691.159668       994.6447143555
691.484436      1003.9404296875
691.809204       976.0532226563
692.133911       962.1096191406
692.458557       959.7856445313
692.783142       948.1659545898
693.107849       994.6447143555
693.432312       999.2926025391
693.756836       971.4053344727
694.081238      1017.8840942383
694.405701       943.5181274414
694.730164       969.0814208984
695.054443      1017.8840942383
695.378723       908.6590576172
695.702942       985.3489379883
696.027100      1059.7149658203
696.351257      1045.7712402344
696.675476      1041.1234130859
696.999512       987.6729125977
697.323486       983.0250244141
697.647461       985.3489379883
697.971375      1008.5883178711
698.295349      1031.8276367188
698.619202       948.1659545898
698.942993       938.8702392578
699.266724      1001.6165161133
699.590393       962.1096191406
699.914124      1013.2362060547
700.237793       999.2926025391
700.561340      1043.4473876953
700.884949       989.9968261719
701.208374       978.3771362305
701.531860      1003.9404296875
701.855286       971.4053344727
702.178650       962.1096191406
702.501953       996.9686279297
702.825195       994.6447143555
703.148499       994.6447143555
703.471680       973.7292480469
703.794861       936.5463256836
704.117981      1017.8840942383
704.440979       994.6447143555
704.764038      1082.9542236328
705.086975      1015.5601196289
705.409851       892.3914794922
705.732849       989.9968261719
706.055664      1001.6165161133
706.378479       964.4335327148
706.701233       983.0250244141
707.023926       924.9266357422
707.346619       976.0532226563
707.669250      1024.8558349609
707.991821       924.9266357422
708.314392      1041.1234130859
708.636841       966.7574462891
708.959290       980.7011108398
709.281738       989.9968261719
709.604065       915.6308593750
709.926392       924.9266357422
710.248657       957.4617309570
710.570862      1008.5883178711
710.893066       927.2505493164
711.215210       987.6729125977
711.537292       957.4617309570
711.859314      1041.1234130859
712.181335      1027.1798095703
712.503357       959.7856445313
712.825256       989.9968261719
713.147156      1013.2362060547
713.468994       962.1096191406
713.790771      1027.1798095703
714.112488       996.9686279297
714.434143      1013.2362060547
714.755859       996.9686279297
715.077515      1055.0670166016
715.399109      1013.2362060547
715.720581       959.7856445313
716.042053      1015.5601196289
716.363525       992.3207397461
716.684875      1022.5319213867
717.006287       994.6447143555
717.327576      1015.5601196289
717.648804      1008.5883178711
717.969971       962.1096191406
718.291260       978.3771362305
718.612366      1017.8840942383
718.933411      1006.2644042969
719.254395      1050.4191894531
719.575439      1017.8840942383
719.896362       955.1378173828
720.217285       927.2505493164
720.538147      1022.5319213867
720.859009      1020.2080078125
721.179749       964.4335327148
721.500488       950.4899291992
721.821228       983.0250244141
722.141785       969.0814208984
722.462402      1017.8840942383
722.782959      1008.5883178711
723.103455       999.2926025391
723.423950       906.3351440430
723.744385       999.2926025391
724.064758      1022.5319213867
724.385071       994.6447143555
724.705322       950.4899291992
725.025574       927.2505493164
725.345825       920.2787475586
725.665955      1017.8840942383
725.986023      1057.3909912109
726.306091      1022.5319213867
726.626099       938.8702392578
726.946045       996.9686279297
727.266052      1017.8840942383
727.585938       959.7856445313
727.905762      1045.7712402344
728.225525      1048.0952148438
728.545288      1066.6867675781
728.864990      1022.5319213867
729.184692       966.7574462891
729.504333      1013.2362060547
729.823853       994.6447143555
730.143372       927.2505493164
730.462891      1052.7431640625
730.782410      1006.2644042969
731.101746       955.1378173828
731.421143       955.1378173828
731.740417       989.9968261719
732.059631       971.4053344727
732.378845       980.7011108398
732.698059       976.0532226563
733.017212      1001.6165161133
733.336304      1024.8558349609
733.655273      1027.1798095703
733.974304       973.7292480469
734.293335      1010.9122314453
734.612183      1001.6165161133
734.931030       943.5181274414
735.249878       934.2223510742
735.568665       950.4899291992
735.887329      1020.2080078125
736.206055       989.9968261719
736.524658       941.1941528320
736.843262       962.1096191406
737.161804       936.5463256836
737.480286       908.6590576172
737.798828       929.5744628906
738.117249       973.7292480469
738.435608      1066.6867675781
738.753906      1003.9404296875
739.072205       976.0532226563
739.390442       989.9968261719
739.708618       924.9266357422
740.026733      1013.2362060547
740.344849      1085.2781982422
740.662903      1001.6165161133
740.980957      1006.2644042969
741.298889       985.3489379883
741.616821      1006.2644042969
741.934692      1010.9122314453
742.252502      1096.8979492188
742.570313      1013.2362060547
742.888062       992.3207397461
743.205750       973.7292480469
743.523438      1022.5319213867
743.841003       959.7856445313
744.158569       957.4617309570
744.476074       962.1096191406
744.793518      1031.8276367188
745.111023      1038.7994384766
745.428345       950.4899291992
745.745728       948.1659545898
746.062988      1034.1516113281
746.380249      1357.1787109375
746.697449       943.5181274414
747.014648      1024.8558349609
747.331726       943.5181274414
747.648804      1062.0388183594
747.965759       964.4335327148
748.282776       899.3633422852
748.599731       938.8702392578
748.916626      1008.5883178711
749.233459       992.3207397461
749.550232      1075.9824218750
749.867004       969.0814208984
750.183655       952.8138427734
750.500366       987.6729125977
750.816956      1015.5601196289
751.133545       987.6729125977
751.450073      1013.2362060547
751.766479       945.8420410156
752.083008       927.2505493164
752.399414      1017.8840942383
752.715698       983.0250244141
753.032043       971.4053344727
753.348328      1013.2362060547
753.664429      1013.2362060547
753.980713       941.1941528320
754.296814       980.7011108398
754.612854      1015.5601196289
754.928833       976.0532226563
755.244873      1024.8558349609
755.560852       952.8138427734
755.876709       978.3771362305
756.192505      1031.8276367188
756.508362      1017.8840942383
756.824097       996.9686279297
757.139771      1041.1234130859
757.455505       992.3207397461
757.771118       987.6729125977
758.086670       976.0532226563
758.402222       999.2926025391
758.717712      1024.8558349609
759.033081       992.3207397461
759.348511       994.6447143555
759.663879      1029.5037841797
759.979187       973.7292480469
760.294434      1022.5319213867
760.609619       959.7856445313
760.924805      1010.9122314453
761.239929      1017.8840942383
761.554993      1013.2362060547
761.869995      1003.9404296875
762.184998       941.1941528320
762.499939       922.6026611328
762.814880      1034.1516113281
763.129700       955.1378173828
763.444519      1045.7712402344
763.759277      1075.9824218750
764.073975       962.1096191406
764.388672      1020.2080078125
764.703308      1010.9122314453
765.017883       994.6447143555
765.332397       971.4053344727
765.646851      1003.9404296875
765.961304      1045.7712402344
766.275696       929.5744628906
766.590088       962.1096191406
766.904358       913.3069458008
767.218628      1013.2362060547
767.532776       950.4899291992
767.846924      1017.8840942383
768.161072      1001.6165161133
768.475159       989.9968261719
768.789185      1048.0952148438
769.103149      1043.4473876953
769.417114       994.6447143555
769.731079      1057.3909912109
770.044861       969.0814208984
770.358643       976.0532226563
770.672363       948.1659545898
770.986084      1055.0670166016
771.299683      1041.1234130859
771.613403       976.0532226563
771.927002       980.7011108398
772.240479      1050.4191894531
772.553955      1001.6165161133
772.867371      1089.9261474609
773.180847      1050.4191894531
773.494141      1034.1516113281
773.807434      1022.5319213867
774.120667       929.5744628906
774.433899      1075.9824218750
774.747009       955.1378173828
775.060181       973.7292480469
775.373230       908.6590576172
775.686218       994.6447143555
775.999207       964.4335327148
776.312073       959.7856445313
776.624939       976.0532226563
776.937866       978.3771362305
777.250671       973.7292480469
777.563416       976.0532226563
777.876099       934.2223510742
778.188721      1015.5601196289
778.501343       999.2926025391
778.813904       959.7856445313
779.126404      1036.4755859375
779.438904       980.7011108398
779.751282      1020.2080078125
780.063660       971.4053344727
780.376038       978.3771362305
780.688293       908.6590576172
781.000549       971.4053344727
781.312683      1015.5601196289
781.624817      1013.2362060547
781.937012      1010.9122314453
782.249023      1001.6165161133
782.561035      1041.1234130859
782.872986       996.9686279297
783.184937       973.7292480469
783.496765      1013.2362060547
783.808655       950.4899291992
784.120422       936.5463256836
784.432129       971.4053344727
784.743774       957.4617309570
785.055420       989.9968261719
785.367004       964.4335327148
785.678589       971.4053344727
785.990051       976.0532226563
786.301514       924.9266357422
786.612976       989.9968261719
786.924316      1008.5883178711
787.235657      1003.9404296875
787.546936       999.2926025391
787.858154       917.9548339844
788.169312      1022.5319213867
788.480408       985.3489379883
788.791504       992.3207397461
789.102600       987.6729125977
789.413513      1017.8840942383
789.724487       978.3771362305
790.035400       964.4335327148
790.346191       989.9968261719
790.657043       964.4335327148
790.967834      1022.5319213867
791.278564      1015.5601196289
791.589172       950.4899291992
791.899780       899.3633422852
792.210327       924.9266357422
792.520935      1092.2500000000
792.831421      1024.8558349609
793.141846       973.7292480469
793.452209       915.6308593750
793.762573      1055.0670166016
794.072815       945.8420410156
794.383118       978.3771362305
794.693359      1027.1798095703
795.003479       980.7011108398
795.313538      1036.4755859375
795.623596       985.3489379883
795.933716       996.9686279297
796.243652       880.7718505859
796.553589      1017.8840942383
796.863464       980.7011108398
797.173218      1131.7569580078
797.483032       996.9686279297
797.792786       994.6447143555
798.102478      1062.0388183594
798.412109       983.0250244141
798.721741       943.5181274414
799.031250       941.1941528320
799.340820       996.9686279297
799.650269      1024.8558349609
799.959656      1015.5601196289
800.269043      1015.5601196289
800.578369       987.6729125977
800.887573       978.3771362305
801.196899       971.4053344727
801.505981      1008.5883178711
801.815186       980.7011108398
802.124207       920.2787475586
802.433289       952.8138427734
802.742188       983.0250244141
803.051270       924.9266357422
803.360168       920.2787475586
803.668945      1013.2362060547
803.977783      1008.5883178711
804.286499       962.1096191406
804.595276      1075.9824218750
804.903931       964.4335327148
805.212524       964.4335327148
805.521057       938.8702392578
805.829590      1048.0952148438
806.138062      1089.9261474609
806.446533      1013.2362060547
806.754944       892.3914794922
807.063293       955.1378173828
807.371521      1071.3345947266
807.679749      1048.0952148438
807.987976       957.4617309570
808.296143       957.4617309570
808.604248       973.7292480469
808.912292       980.7011108398
809.220276      1008.5883178711
809.528198       976.0532226563
809.836182       987.6729125977
810.144043      1034.1516113281
810.451843       945.8420410156
810.759644       964.4335327148
811.067322      1038.7994384766
811.375061       966.7574462891
811.682678       941.1941528320
811.990295      1017.8840942383
812.297791       920.2787475586
812.605286       927.2505493164
812.912720       878.4478759766
813.220154       971.4053344727
813.527527       980.7011108398
813.834839      1045.7712402344
814.142029      1017.8840942383
814.449219       964.4335327148
814.756409       948.1659545898
815.063538       959.7856445313
815.370605      1001.6165161133
815.677612       929.5744628906
815.984619       994.6447143555
816.291504       973.7292480469
816.598389      1015.5601196289
816.905273      1017.8840942383
817.212036      1022.5319213867
817.518738      1029.5037841797
817.825439      1003.9404296875
818.132080       922.6026611328
818.438721      1010.9122314453
818.745239       938.8702392578
819.051758      1064.3627929688
819.358215      1001.6165161133
819.664612      1013.2362060547
819.971008      1017.8840942383
820.277344       973.7292480469
820.583557      1017.8840942383
820.889771       992.3207397461
821.195923       983.0250244141
821.502075       952.8138427734
821.808167       936.5463256836
822.114197       927.2505493164
822.420166      1006.2644042969
822.726074      1069.0106201172
823.031921       987.6729125977
823.337769       934.2223510742
823.643677      1008.5883178711
823.949402      1020.2080078125
824.255066       989.9968261719
824.560730      1027.1798095703
824.866272      1031.8276367188
825.171936       976.0532226563
825.477356       950.4899291992
825.782837       957.4617309570
826.088257      1001.6165161133
826.393616       959.7856445313
826.698914      1010.9122314453
827.004272       992.3207397461
827.309448       938.8702392578
827.614624       996.9686279297
827.919739       950.4899291992
828.224854       941.1941528320
828.529907       948.1659545898
828.834839      1071.3345947266
829.139832       999.2926025391
829.444702       985.3489379883
829.749512      1015.5601196289
830.054260      1094.5739746094
830.359131       976.0532226563
830.663818       999.2926025391
830.968506      1041.1234130859
831.273071      1013.2362060547
831.577576      1041.1234130859
831.882080      1041.1234130859
832.186646       973.7292480469
832.491028      1029.5037841797
832.795410      1059.7149658203
833.099731       992.3207397461
833.403931       885.4196777344
833.708191      1027.1798095703
834.012390       996.9686279297
834.316467       962.1096191406
834.620605      1008.5883178711
834.924622      1006.2644042969
835.228577      1048.0952148438
835.532593      1078.3063964844
835.836426       983.0250244141
836.140320      1013.2362060547
836.444031      1001.6165161133
836.747803       955.1378173828
837.051514       980.7011108398
837.355225      1080.6303710938
837.658752      1020.2080078125
837.962341      1027.1798095703
838.265808      1010.9122314453
838.569336      1013.2362060547
838.872742      1036.4755859375
839.176147       978.3771362305
839.479370       962.1096191406
839.782715       920.2787475586
840.085876       985.3489379883
840.389038       989.9968261719
840.692261       955.1378173828
840.995300       938.8702392578
841.298340       978.3771362305
841.601257       966.7574462891
841.904236      1073.6585693359
842.207153      1045.7712402344
842.509949       983.0250244141
842.812805       971.4053344727
843.115540      1001.6165161133
843.418152       992.3207397461
843.720825      1071.3345947266
844.023438      1069.0106201172
844.325989      1059.7149658203
844.628540       969.0814208984
844.930969      1041.1234130859
845.233337       971.4053344727
845.535767       959.7856445313
845.838013       985.3489379883
846.140259       966.7574462891
846.442505       973.7292480469
846.744690       945.8420410156
847.046753       931.8984375000
847.348877       983.0250244141
847.650879       978.3771362305
847.952881       950.4899291992
848.254761       904.0111694336
848.556641      1027.1798095703
848.858459       964.4335327148
849.160278       945.8420410156
849.462036       976.0532226563
849.763733       883.0957641602
850.065308       964.4335327148
850.366882       983.0250244141
850.668518      1038.7994384766
850.969971      1089.9261474609
851.271423      1006.2644042969
851.572815      1038.7994384766
851.874084      1024.8558349609
852.175476       950.4899291992
852.476685       883.0957641602
852.777893      1008.5883178711
853.079041      1036.4755859375
853.380127       983.0250244141
853.681213       950.4899291992
853.982239       936.5463256836
854.283203      1034.1516113281
854.584106      1010.9122314453
854.885010      1010.9122314453
855.185791       929.5744628906
855.486572       924.9266357422
855.787292       983.0250244141
856.088013      1073.6585693359
856.388611      1036.4755859375
856.689148      1024.8558349609
856.989685       987.6729125977
857.290161       948.1659545898
857.590637       969.0814208984
857.890991      1013.2362060547
858.191284       964.4335327148
858.491577       945.8420410156
858.791809       992.3207397461
859.092041      1006.2644042969
859.392212       999.2926025391
859.692261       983.0250244141
859.992310      1017.8840942383
860.292297      1038.7994384766
860.592224       964.4335327148
860.892151       978.3771362305
861.191956      1029.5037841797
861.491760       983.0250244141
861.791565       980.7011108398
862.091248      1001.6165161133
862.390930       941.1941528320
862.690552       899.3633422852
862.990051      1085.2781982422
863.289551      1034.1516113281
863.589050      1050.4191894531
863.888428       992.3207397461
864.187805       952.8138427734
864.487122      1036.4755859375
864.786377      1062.0388183594
865.085632      1036.4755859375
865.384705      1008.5883178711
865.683838       955.1378173828
865.982971       996.9686279297
866.281982       989.9968261719
866.580933       962.1096191406
866.879883       978.3771362305
867.178711       994.6447143555
867.477600       945.8420410156
867.776367       987.6729125977
868.075134      1020.2080078125
868.373718       966.7574462891
868.672424      1031.8276367188
868.970947       983.0250244141
869.269531       999.2926025391
869.568054       927.2505493164
869.866455      1024.8558349609
870.164856      1064.3627929688
870.463196       920.2787475586
870.761536       994.6447143555
871.059753       976.0532226563
871.357971       959.7856445313
871.656067       980.7011108398
871.954102      1001.6165161133
872.252197      1041.1234130859
872.550232      1013.2362060547
872.848206       971.4053344727
873.146057       971.4053344727
873.443848       978.3771362305
873.741638      1008.5883178711
874.039429      1022.5319213867
874.337158       987.6729125977
874.634827       985.3489379883
874.932373       957.4617309570
875.229980       920.2787475586
875.527466       973.7292480469
875.825012       966.7574462891
876.122375       941.1941528320
876.419739       922.6026611328
876.717041       959.7856445313
877.014282       962.1096191406
877.311462      1038.7994384766
877.608704      1013.2362060547
877.905762      1017.8840942383
878.202881       906.3351440430
878.499817       871.4760742188
878.796814       934.2223510742
879.093811       936.5463256836
879.390625      1029.5037841797
879.687439       957.4617309570
879.984253       957.4617309570
880.280884       973.7292480469
880.577637      1022.5319213867
880.874268       969.0814208984
881.170837       957.4617309570
881.467346      1064.3627929688
881.763855       980.7011108398
882.060242      1034.1516113281
882.356567      1057.3909912109
882.652954      1008.5883178711
882.949280      1043.4473876953
883.245483      1027.1798095703
883.541626       952.8138427734
883.837830      1027.1798095703
884.133911      1001.6165161133
884.429932      1027.1798095703
884.725952       917.9548339844
885.021851      1057.3909912109
885.317688       985.3489379883
885.613525       980.7011108398
885.909363      1038.7994384766
886.205078       957.4617309570
