0.974000
190.544205         0.0000000000
190.924866         0.0000000000
191.305481       815.8438720703
191.686081       922.8397827148
192.066635       936.2142944336
192.447174      1012.0030517578
192.827667      1203.7041015625
193.208130      1067.7301025391
193.588577      1317.3872070313
193.968964      1147.9770507813
194.349350      1170.2678222656
194.729691      1230.4530029297
195.110001      1127.9152832031
195.490295      1188.1004638672
195.870529      1103.3953857422
196.250763      1052.1265869141
196.630936      1121.2280273438
197.011093      1172.4969482422
197.391220      1145.7479248047
197.771301      1083.3336181641
198.151367      1105.6245117188
198.531403      1049.8974609375
198.911407      1058.8137207031
199.291382      1121.2280273438
199.671295      1250.5147705078
200.051208      1058.8137207031
200.431076      1018.6903076172
200.810928      1185.8714599609
201.190735      1045.4393310547
201.570511      1069.9592285156
201.950272      1016.4612426758
202.329971      1034.2938232422
202.709671      1016.4612426758
203.089310      1112.3117675781
203.468933      1076.6464843750
203.848541      1069.9592285156
204.228073      1072.1882324219
204.607620      1107.8535156250
204.987106      1096.7081298828
205.366577      1085.5627441406
205.746017       994.1704101563
206.125412      1032.0648193359
206.504776      1123.4571533203
206.884125      1292.8673095703
207.263428      1012.0030517578
207.642700      1090.0208740234
208.021942      1056.5847167969
208.401169      1040.9810791016
208.780334      1139.0606689453
209.159485      1043.2102050781
209.538605      1012.0030517578
209.917694      1076.6464843750
210.296753      1181.4132080078
210.675766      1152.4351806641
211.054764      1176.9550781250
211.433716      1139.0606689453
211.812637      1154.6643066406
212.191544      1118.9990234375
212.570404      1034.2938232422
212.949249      1127.9152832031
213.328033      1034.2938232422
213.706802       994.1704101563
214.085556      1065.5009765625
214.464249      1034.2938232422
214.842926      1096.7081298828
215.221558      1161.3515625000
215.600174      1085.5627441406
215.978760      1081.1046142578
216.357300      1130.1444091797
216.735825      1130.1444091797
217.114288      1170.2678222656
217.492737      1085.5627441406
217.871185      1096.7081298828
218.249557      1143.5189208984
218.627914      1170.2678222656
219.006226      1056.5847167969
219.384521      1161.3515625000
219.762772      1003.0867309570
220.141006      1101.1663818359
220.519196      1034.2938232422
220.897354      1165.8096923828
221.275497      1054.3555908203
221.653580      1049.8974609375
222.031662      1049.8974609375
222.409698      1067.7301025391
222.787704      1018.6903076172
223.165680      1009.7739868164
223.543610      1018.6903076172
223.921524      1034.2938232422
224.299393      1132.3734130859
224.677231      1174.7260742188
225.055054      1127.9152832031
225.432816      1105.6245117188
225.810577      1040.9810791016
226.188278      1096.7081298828
226.565979      1007.5449218750
226.943634      1045.4393310547
227.321243      1074.4173583984
227.698837      1290.6383056641
228.076385      1332.9908447266
228.453903      1054.3555908203
228.831406      1170.2678222656
229.208847      1208.1622314453
229.586288      1058.8137207031
229.963669      1116.7698974609
230.341034      1076.6464843750
230.718369      1103.3953857422
231.095657      1038.7520751953
231.472916      1052.1265869141
231.850143      1147.9770507813
232.227356      1139.0606689453
232.604523      1038.7520751953
232.981659      1134.6025390625
233.358749      1087.7918701172
233.735825      1090.0208740234
234.112869      1034.2938232422
234.489868      1067.7301025391
234.866852      1023.1484985352
235.243790       958.5051269531
235.620697      1040.9810791016
235.997589      1049.8974609375
236.374405      1074.4173583984
236.751221      1056.5847167969
237.128006      1020.9193725586
237.504745      1009.7739868164
237.881470       945.1306152344
238.258133      1103.3953857422
238.634796      1098.9372558594
239.011414      1168.0388183594
239.388000      1116.7698974609
239.764557      1029.8356933594
240.141068      1054.3555908203
240.517563      1125.6862792969
240.893997      1101.1663818359
241.270432      1154.6643066406
241.646835      1172.4969482422
242.023178      1081.1046142578
242.399506      1065.5009765625
242.775787      1067.7301025391
243.152054      1061.0428466797
243.528290      1121.2280273438
243.904465      1154.6643066406
244.280640      1003.0867309570
244.656754      1034.2938232422
245.032852      1025.3775634766
245.408936       980.7958984375
245.784943      1125.6862792969
246.160950      1043.2102050781
246.536911      1096.7081298828
246.912842      1027.6066894531
247.288757       962.9632568359
247.664612      1040.9810791016
248.040451      1003.0867309570
248.416229      1065.5009765625
248.792023      1123.4571533203
249.167755      1012.0030517578
249.543457      1032.0648193359
249.919113      1083.3336181641
250.294754      1121.2280273438
250.670364      1165.8096923828
251.045944      1076.6464843750
251.421478      1183.6423339844
251.796982      1176.9550781250
252.172440      1065.5009765625
252.547897      1009.7739868164
252.923294      1136.8316650391
253.298676      1228.2239990234
253.673996      1112.3117675781
254.049316      1185.8714599609
254.424606      1032.0648193359
254.799850      1125.6862792969
255.175064      1161.3515625000
255.550217      1000.8576660156
255.925369      1012.0030517578
256.300476      1150.2061767578
256.675537      1067.7301025391
257.050598       991.9413452148
257.425598      1105.6245117188
257.800598      1192.5587158203
258.175537      1110.0826416016
258.550446      1027.6066894531
258.925354       987.4831542969
259.300171      1074.4173583984
259.674988      1174.7260742188
260.049774      1118.9990234375
260.424500      1018.6903076172
260.799225      1154.6643066406
261.173889      1018.6903076172
261.548553       969.6505126953
261.923187      1096.7081298828
262.297760      1234.9112548828
262.672302      1232.6821289063
263.046814      1090.0208740234
263.421326      1000.8576660156
263.795776      1020.9193725586
264.170135      1052.1265869141
264.544525       989.7122192383
264.918915      1085.5627441406
265.293243      1283.9510498047
265.667511      1025.3775634766
266.041748       983.0250244141
266.415955      1098.9372558594
266.790161      1136.8316650391
267.164307      1192.5587158203
267.538422      1136.8316650391
267.912476      1083.3336181641
268.286530      1085.5627441406
268.660583      1147.9770507813
269.034546      1054.3555908203
269.408508      1261.6601562500
269.782440      1225.9948730469
270.156311      1114.5407714844
270.530151      1034.2938232422
270.903992      1103.3953857422
271.277710      1094.4791259766
271.651489      1145.7479248047
272.025208      1228.2239990234
272.398895      1072.1882324219
272.772552      1061.0428466797
273.146179      1107.8535156250
273.519745      1205.9331054688
273.893280      1087.7918701172
274.266815      1020.9193725586
274.640289      1076.6464843750
275.013733      1025.3775634766
275.387146      1087.7918701172
275.760529      1067.7301025391
276.133881      1105.6245117188
276.507202      1203.7041015625
276.880463      1009.7739868164
277.253723      1194.7877197266
277.626923      1116.7698974609
278.000122      1183.6423339844
278.373260       998.6285400391
278.746338      1092.2500000000
279.119446      1056.5847167969
279.492493      1114.5407714844
279.865509      1096.7081298828
280.238495      1185.8714599609
280.611450      1058.8137207031
280.984314      1134.6025390625
281.357208      1130.1444091797
281.730072       991.9413452148
282.102875      1101.1663818359
282.475647      1208.1622314453
282.848358      1045.4393310547
283.221069       978.5668334961
283.593750       998.6285400391
283.966400      1127.9152832031
284.339020      1159.1224365234
284.711548      1047.6683349609
285.084106      1101.1663818359
285.456635      1098.9372558594
285.829071      1143.5189208984
286.201508      1136.8316650391
286.573914       971.8795776367
286.946320      1067.7301025391
287.318634      1020.9193725586
287.690948      1156.8933105469
288.063202      1168.0388183594
288.435425      1096.7081298828
288.807648      1040.9810791016
289.179810      1016.4612426758
289.551941      1134.6025390625
289.924011      1132.3734130859
290.296112      1096.7081298828
290.668121      1049.8974609375
291.040161      1154.6643066406
291.412109       947.3596801758
291.783997      1076.6464843750
292.155914      1130.1444091797
292.527771      1061.0428466797
292.899597      1012.0030517578
293.271393      1045.4393310547
293.643127      1056.5847167969
294.014862      1018.6903076172
294.386566      1172.4969482422
294.758240      1000.8576660156
295.129852      1217.0786132813
295.501404      1067.7301025391
295.872955      1203.7041015625
296.244507      1132.3734130859
296.615997      1136.8316650391
296.987427      1159.1224365234
297.358826       985.2540893555
297.730225      1201.4749755859
298.101593      1127.9152832031
298.472900      1107.8535156250
298.844177      1020.9193725586
299.215393      1014.2321166992
299.586609       994.1704101563
299.957794      1076.6464843750
300.328918       998.6285400391
300.700043      1234.9112548828
301.071136      1118.9990234375
301.442169       994.1704101563
301.813171      1025.3775634766
302.184174      1043.2102050781
302.555115      1029.8356933594
302.925995      1092.2500000000
303.296844      1076.6464843750
303.667694      1139.0606689453
304.038483      1136.8316650391
304.409271      1005.3157958984
304.779968       951.8178710938
305.150696      1067.7301025391
305.521362      1020.9193725586
305.891968      1152.4351806641
306.262543      1101.1663818359
306.633118      1003.0867309570
307.003632      1049.8974609375
307.374146      1076.6464843750
307.744598      1020.9193725586
308.114990      1049.8974609375
308.485413      1090.0208740234
308.855743      1112.3117675781
309.226074      1052.1265869141
309.596375       996.3994750977
309.966614      1061.0428466797
310.336792      1105.6245117188
310.707001      1199.2459716797
311.077148      1103.3953857422
311.447235      1092.2500000000
311.817322      1110.0826416016
312.187347      1107.8535156250
312.557373      1192.5587158203
312.927368      1283.9510498047
313.297302      1281.7219238281
313.667175      1324.0744628906
314.037048      1466.7357177734
314.406891      1366.4270019531
314.776642      1252.7438964844
315.146423      1130.1444091797
315.516144      1029.8356933594
315.885864      1000.8576660156
316.255524      1034.2938232422
316.625153      1067.7301025391
316.994751      1081.1046142578
317.364288      1072.1882324219
317.733795      1029.8356933594
318.103302      1000.8576660156
318.472717      1000.8576660156
318.842133      1112.3117675781
319.211517      1161.3515625000
319.580872      1009.7739868164
319.950195      1049.8974609375
320.319489      1192.5587158203
320.688751      1165.8096923828
321.057922      1205.9331054688
321.427094      1123.4571533203
321.796234      1353.0524902344
322.165344      1056.5847167969
322.534393      1027.6066894531
322.903412      1246.0566406250
323.272430      1094.4791259766
323.641418      1136.8316650391
324.010315       976.3377685547
324.379242      1092.2500000000
324.748077       951.8178710938
325.116913      1210.3913574219
325.485657      1056.5847167969
325.854431      1054.3555908203
326.223145      1223.7658691406
326.591827      1112.3117675781
326.960480      1058.8137207031
327.329102      1054.3555908203
327.697693      1061.0428466797
328.066193      1161.3515625000
328.434723      1087.7918701172
328.803192      1288.4091796875
329.171600      3013.7182617188
329.540009      1266.1184082031
329.908386      1161.3515625000
330.276703      1136.8316650391
330.645050       991.9413452148
331.013306      1197.0168457031
331.381500      1145.7479248047
331.749695      1023.1484985352
332.117859      1139.0606689453
332.485962      1087.7918701172
332.854034      1085.5627441406
333.222107      1170.2678222656
333.590118      1065.5009765625
333.958099      1125.6862792969
334.326050      1090.0208740234
334.693970      1136.8316650391
335.061859      1143.5189208984
335.429657      1085.5627441406
335.797455      1201.4749755859
336.165192      1174.7260742188
336.532959      1083.3336181641
336.900665      1065.5009765625
337.268341      1217.0786132813
337.635956      1061.0428466797
338.003571      1112.3117675781
338.371124      1098.9372558594
338.738647      1168.0388183594
339.106110      1168.0388183594
339.473572      1121.2280273438
339.840942      1027.6066894531
340.208344      1007.5449218750
340.575653      1165.8096923828
340.942993      1118.9990234375
341.310272      1025.3775634766
341.677521      1032.0648193359
342.044708      1203.7041015625
342.411865      1110.0826416016
342.778992      1107.8535156250
343.146088      1085.5627441406
343.513123      1197.0168457031
343.880157      1139.0606689453
344.247131      1074.4173583984
344.614105      1136.8316650391
344.981049      1094.4791259766
345.347900      1103.3953857422
345.714783      1127.9152832031
346.081573      1136.8316650391
346.448334      1114.5407714844
346.815094      1092.2500000000
347.181763      1107.8535156250
347.548431      1154.6643066406
347.915070      1225.9948730469
348.281677      1179.1842041016
348.648224      1179.1842041016
349.014771      1192.5587158203
349.381256      1154.6643066406
349.747711      1012.0030517578
350.114105      1083.3336181641
350.480469      1043.2102050781
350.846832      1130.1444091797
351.213135      1243.8275146484
351.579407      1234.9112548828
351.945679      1141.2897949219
352.311890      1237.1402587891
352.678040      1181.4132080078
353.044189      1174.7260742188
353.410278      1174.7260742188
353.776337      1390.9468994141
354.142303      1074.4173583984
354.508301      1096.7081298828
354.874268      1188.1004638672
355.240204      1065.5009765625
355.606079      1058.8137207031
355.971924      1156.8933105469
356.337738      1136.8316650391
356.703491      1121.2280273438
357.069244      1277.2637939453
357.434937      1283.9510498047
357.800598      1152.4351806641
358.166229      1145.7479248047
358.531830      1047.6683349609
358.897369      1076.6464843750
359.262909      1176.9550781250
359.628418      1217.0786132813
359.993866      1181.4132080078
360.359222      1123.4571533203
360.724609      1275.0346679688
361.089966      1170.2678222656
361.455261      1105.6245117188
361.820526      1181.4132080078
362.185760      1130.1444091797
362.550964      1364.1979980469
362.916138      1201.4749755859
363.281250      1190.3295898438
363.646332      1319.6163330078
364.011383      1259.4311523438
364.376404      1292.8673095703
364.741333      1390.9468994141
365.106293      1584.8770751953
365.471222      2492.1132812500
365.836090      3343.6225585938
366.200928      3773.8352050781
366.565735      2933.4714355469
366.930511      2242.4560546875
367.295227      1830.0760498047
367.659912      1573.7316894531
368.024536      1368.6561279297
368.389160      1208.1622314453
368.753723      1252.7438964844
369.118317      1161.3515625000
369.482819      1279.4927978516
369.847260      1332.9908447266
370.211731      1136.8316650391
370.576111      1141.2897949219
370.940460      1261.6601562500
371.304810      1308.4709472656
371.669098      1183.6423339844
372.033325      1201.4749755859
372.397522      1239.3693847656
372.761749      1208.1622314453
373.125885      1270.5765380859
373.489990      1230.4530029297
373.854065      1101.1663818359
374.218109      1364.1979980469
374.582092      1230.4530029297
374.946075      1272.8056640625
375.309998      1212.6203613281
375.673859      1183.6423339844
376.037720      1234.9112548828
376.401550      1330.7617187500
376.765320      1252.7438964844
377.129059      1368.6561279297
377.492798      1228.2239990234
377.856476      1279.4927978516
378.220062      1384.2596435547
378.583679      1348.5943603516
378.947205      1346.3653564453
379.310730      1332.9908447266
379.674225      1335.2198486328
380.037689      1286.1800537109
380.401093      1328.5325927734
380.764496      1283.9510498047
381.127838      1301.7836914063
381.491119      1562.5861816406
381.854370      1373.1142578125
382.217621      1370.8852539063
382.580811      1379.8015136719
382.943939      1279.4927978516
383.307068      1348.5943603516
383.670166      1439.9866943359
384.033203      1319.6163330078
384.396240      1292.8673095703
384.759216      1283.9510498047
385.122131      1310.6999511719
385.485016      1330.7617187500
385.847900      1330.7617187500
386.210724      1330.7617187500
386.573486      1328.5325927734
386.936279      1395.4051513672
387.298981      1395.4051513672
387.661652      1292.8673095703
388.024323      1475.6520996094
388.386902      1448.9030761719
388.749481      1404.3214111328
389.112000      1460.0484619141
389.474487      1364.1979980469
389.836945      1402.0922851563
390.199371      1526.9208984375
390.561737      1502.4010009766
390.924103      1477.8811035156
391.286407      1812.2434082031
391.648682      1589.3352050781
392.010925      1520.2336425781
392.373108      1468.9648437500
392.735291      1515.7755126953
393.097382      1533.6081542969
393.459473      1540.2954101563
393.821533      1582.6479492188
394.183533      1324.0744628906
394.545532      1397.6341552734
394.907471      1502.4010009766
395.269379      1533.6081542969
395.631256      1509.0882568359
395.993042      1575.9606933594
396.354828      1569.2734375000
396.716583      1896.9484863281
397.078308      1613.8551025391
397.439972      1460.0484619141
397.801636      1455.5903320313
398.163239      1529.1500244141
398.524841      1781.0362548828
398.886383      1745.3709716797
399.247833      1725.3092041016
399.609283      1896.9484863281
399.970703      1838.9923095703
400.332062      1937.0718994141
400.693420      1930.3846435547
401.054718      1905.8647460938
401.416016      1919.2392578125
401.777252      1908.0938720703
402.138458      1939.3010253906
402.499603      2039.6097412109
402.860718      1925.9265136719
403.221832      2046.2969970703
403.582855      2162.2092285156
403.943848      2249.1433105469
404.304810      2333.8483886719
404.665771      3336.9353027344
405.026642      6604.7690429688
405.387543      9703.1923828125
405.748352     10652.7812500000
406.109161      8087.1083984375
406.469849      5193.7602539063
406.830597      3680.2138671875
407.191223      2672.6689453125
407.551880      2365.0556640625
407.912476      2423.0117187500
408.273041      2746.2285156250
408.633575      2614.7126464844
408.994049      3076.1325683594
409.354492      2737.3122558594
409.714935      2530.0075683594
410.075287      2561.2148437500
410.435608      2512.1750488281
410.795868      2438.6152343750
411.156158      2420.7827148438
411.516388      2400.7209472656
411.876587      2509.9458007813
412.236725      2534.4658203125
412.596832      2759.6030273438
412.956909      2668.2106933594
413.316925      2621.3999023438
413.676910      2768.5192871094
414.036896      2752.9157714844
414.396820      2741.7705078125
414.756683      2708.3342285156
415.116547      2793.0393066406
415.476379      2715.0214843750
415.836121      2752.9157714844
416.195862      2842.0791015625
416.555542      2853.2246093750
416.915192      2710.5632324219
417.274811      2940.1586914063
417.634399      2772.9775390625
417.993927      2888.8898925781
418.353455      2848.7663574219
418.712891      2864.3698730469
419.072357      2882.2026367188
419.431763      3029.3220214844
419.791107      2929.0131835938
420.150452      2915.6386718750
420.509674      3073.9035644531
420.868927      3056.0708007813
421.228119      3062.7580566406
421.587280      3044.9255371094
421.946411      3085.0490722656
422.305542      3171.9831542969
422.664581      3053.8417968750
423.023621      3225.4812011719
423.382568      3058.3000488281
423.741516      3134.0888671875
424.100403      3185.3576660156
424.459259      3131.8596191406
424.818054      3223.2519531250
425.176880      3370.3713378906
425.535614      3207.6484375000
425.894348      3292.3535156250
426.252991      3448.3894042969
426.611633      3218.7939453125
426.970245      3283.4372558594
427.328796      3265.6044921875
427.687317      3348.0805664063
428.045807      3290.1245117188
428.404205      3437.2438964844
428.762604      3593.2795410156
429.121002      3762.6896972656
429.479340      3417.1821289063
429.837616      3466.2219238281
430.195892      3475.1381835938
430.554138      3497.4291992188
430.912292      3256.6882324219
431.270416      3397.1203613281
431.628510      3341.3933105469
431.986542      3428.3276367188
432.344574      3698.0463867188
432.702576      3709.1918945313
433.060516      4023.4924316406
433.418427      3869.6857910156
433.776306      3822.8750000000
434.134155      4010.1179199219
434.491913      4052.4704589844
434.849701      4186.2153320313
435.207397      4658.7807617188
435.565063      6279.3227539063
435.922729     14346.3691406250
436.280334     35362.1523437500
436.637909     47704.5742187500
436.995453     47289.9648437500
437.352936     31365.4082031250
437.710388     19535.6718750000
438.067780     12422.6718750000
438.425171      8252.0605468750
438.782471      5878.0883789063
439.139771      4843.7944335938
439.497040      4471.5375976563
439.854279      4255.3168945313
440.211426      4311.0439453125
440.568604      4284.2949218750
440.925720      4522.8066406250
441.282776      4353.3964843750
441.639801      4391.2910156250
441.996735      4518.3486328125
442.353699      4447.0180664063
442.710602      4475.9960937500
443.067505      4574.0756835938
443.424347      4598.5952148438
443.781128      4549.5556640625
444.137878      4594.1372070313
444.494629      4689.9877929688
444.851288      4571.8461914063
445.207916      4859.3979492188
445.564514      4854.9399414063
445.921051      4796.9838867188
446.277618      4661.0097656250
446.634094      4776.9218750000
446.990540      4712.2788085938
447.346985      4881.6889648438
447.703339      4861.6269531250
448.059692      4761.3183593750
448.416016      5015.4335937500
448.772186      4908.4379882813
449.128418      4866.0849609375
449.484589      5182.6147460938
449.840729      5167.0112304688
450.196838      5019.8916015625
450.552917      4859.3979492188
450.908966      5280.6943359375
451.264954      5207.1347656250
451.620880      4975.3100585938
451.976807      5080.0771484375
452.332611      5120.2006835938
452.688446      5169.2402343750
453.044250      5207.1347656250
453.399994      5104.5971679688
453.755707      5066.7026367188
454.111389      5044.4116210938
454.467041      5144.7202148438
454.822632      5068.9316406250
455.178192      5026.5791015625
455.533722      5048.8701171875
455.889130      4932.9575195313
456.244598      5073.3896484375
456.600006      5202.6767578125
456.955353      5184.8437500000
457.310699      5300.7563476563
457.665985      5191.5312500000
458.021240      5331.9633789063
458.376434      5173.6982421875
458.731628      5211.5927734375
459.086700      5240.5708007813
459.441772      5216.0507812500
459.796844      5323.0468750000
460.151886      5331.9633789063
460.506836      5278.4653320313
460.861786      5253.9453125000
461.216675      5291.8398437500
461.571533      5287.3818359375
461.926361      5294.0688476563
462.281158      5425.5844726563
462.635803      5271.7778320313
462.990540      5316.3598632813
463.345184      5434.5009765625
463.699829      5470.1665039063
464.054413      5416.6684570313
464.408936      5436.7299804688
464.763458      5381.0029296875
465.117920      5641.8056640625
465.472351      5541.4970703125
465.826752      5568.2460937500
466.181030      5615.0566406250
466.535339      5479.0825195313
466.889618      5637.3476562500
467.243866      5777.7797851563
467.598053      5780.0087890625
467.952209      5753.2597656250
468.306305      5730.9687500000
468.660370      5887.0043945313
469.014435      5900.3789062500
469.368439      5793.3833007813
469.722321      5802.2993164063
470.076263      5978.3969726563
470.430115      5994.0004882813
470.783966      6056.4145507813
471.137756      5907.0664062500
471.491516      6225.8251953125
471.845245      6074.2475585938
472.198944      6121.0581054688
472.552582      6187.9306640625
472.906128      6185.7016601563
473.259705      6306.0717773438
473.613220      6482.1694335938
473.966675      6413.0678710938
474.320129      6606.9980468750
474.673553      6794.2407226563
475.026917      6586.9360351563
475.380249      6736.2846679688
475.733521      7037.2109375000
476.086761      6961.4218750000
476.439911      6994.8583984375
476.793091      7088.4794921875
477.146210      7057.2724609375
477.499298      7088.4794921875
477.852356      7124.1450195313
478.205353      7324.7622070313
478.558350      7333.6787109375
478.911285      7485.2563476563
479.264160      7598.9394531250
479.617035      7654.6665039063
479.969757      7663.5825195313
480.322540      7951.1342773438
480.675262      7688.1025390625
481.027985      8046.9848632813
481.380615      8187.4169921875
481.733246      8243.1435546875
482.085815      8218.6240234375
482.438324      8367.9726562500
482.790833      8374.6601562500
483.143280      8599.7968750000
483.495667      8666.6689453125
483.848022      8798.1855468750
484.200348      9056.7587890625
484.552673      9221.7109375000
484.904907      9201.6494140625
485.257111      9462.4511718750
485.609283      9781.2099609375
485.961456      9732.1699218750
486.313538      9843.6240234375
486.665588      9975.1406250000
487.017548     10273.8369140625
487.369507     10160.1542968750
487.721466     10391.9785156250
488.073334     10710.7373046875
488.425232     10987.1435546875
488.777039     10998.2890625000
489.128815     10860.0859375000
489.480560     10822.1914062500
489.832245     11174.3857421875
490.183868     11116.4296875000
490.535461     11134.2626953125
490.887054     11109.7431640625
491.238586     11013.8925781250
491.590057     10831.1074218750
491.941528     11283.6113281250
492.292938     11161.0117187500
492.644318     11009.4345703125
492.995667     10833.3369140625
493.346954     11036.1835937500
493.698181     10657.2392578125
494.049377     10929.1875000000
494.400543     10710.7373046875
494.751678     10648.3232421875
495.102783     10746.4023437500
495.453827     11147.6376953125
495.804871     10726.3408203125
496.155853     10608.1992187500
496.506775     10403.1240234375
496.857666     10525.7236328125
497.208466     10527.9521484375
497.559265     10650.5517578125
497.910065     10603.7412109375
498.260773     10501.2031250000
498.611481     10969.3105468750
498.962128     10358.5419921875
499.312744     10594.8251953125
499.663300     10387.5205078125
500.013855     10360.7714843750
500.364349     10478.9130859375
500.714752     10140.0927734375
501.065155      9839.1660156250
501.415527     10153.4667968750
501.765869     10084.3652343750
502.116150     10082.1357421875
502.466400      9645.2363281250
502.816620      9785.6679687500
503.166779      9527.0947265625
503.516907      9571.6767578125
503.866943      9741.0869140625
504.217010      9663.0693359375
504.567017      9478.0546875000
504.916962      9758.9189453125
505.266876      9580.5927734375
505.616791      9787.8974609375
505.966644      9828.0205078125
506.316437      9700.9628906250
506.666199     10120.0302734375
507.015930      9861.4570312500
507.365570      9625.1748046875
507.715210      9825.7919921875
508.064789      9928.3291015625
508.414368      9908.2675781250
508.763885      9946.1621093750
509.113373      9794.5849609375
509.462830     10030.8671875000
509.812225     10095.5107421875
510.161591     10244.8593750000
510.510895     10140.0927734375
510.860107      9950.6201171875
511.209381     10082.1357421875
511.558563     10351.8554687500
511.907715     10117.8017578125
512.256836     10469.9960937500
512.605896     10264.9208984375
512.954956     10510.1201171875
513.303955     10378.6044921875
513.652832     10271.6083984375
514.001831     10505.6621093750
514.350647     10305.0439453125
514.699463     10592.5957031250
515.048279     10474.4541015625
515.396973     10432.1015625000
515.745728     10425.4150390625
516.094360     10516.8076171875
516.442993     10695.1337890625
516.791565     10646.0937500000
517.140137     10476.6835937500
517.488586     10336.2519531250
517.837036     10280.5244140625
518.185425     10398.6660156250
518.533875     10494.5166015625
518.882202     10563.6181640625
519.230469     10383.0625000000
519.578735     10621.5742187500
519.927002     10583.6796875000
520.275146     10848.9404296875
520.623291     10833.3369140625
520.971313     10922.5000000000
521.319336     11143.1787109375
521.667419     11308.1308593750
522.015381     11288.0693359375
522.363281     11453.0214843750
522.711182     11221.1972656250
523.059021     11513.2070312500
523.406860     11154.3242187500
523.754639     11143.1787109375
524.102356     11562.2460937500
524.449951     11432.9599609375
524.797607     11713.8242187500
525.145203     11693.7626953125
525.492798     11849.7978515625
525.840332     11992.4589843750
526.187805     11950.1064453125
526.535217     11582.3085937500
526.882629     11967.9394531250
527.230042     11591.2246093750
527.577332     11671.4716796875
527.924500     11642.4931640625
528.271729     11504.2900390625
528.618896     12152.9531250000
528.966125     11867.6308593750
529.313232     12068.2480468750
529.660278     12123.9746093750
530.007324     12246.5742187500
530.354309     12313.4472656250
530.701233     12382.5488281250
531.048096     12527.4384765625
531.394958     12690.1621093750
531.741760     12910.8408203125
532.088562     12732.5146484375
532.435303     12852.8847656250
532.781982     12665.6416015625
533.128601     12777.0957031250
533.475281     12701.3076171875
533.821838     13031.2109375000
534.168335     13144.8945312500
534.514832     13537.2128906250
534.861206     13200.6210937500
535.207703     13443.5917968750
535.554016     13695.4775390625
535.900391     13472.5693359375
536.246643     13806.9316406250
536.592896     13927.3017578125
536.939087     13806.9316406250
537.285278     13757.8916015625
537.631348     14168.0429687500
537.977417     14143.5224609375
538.323425     14497.9472656250
538.669373     14852.3710937500
539.015381     15052.9882812500
539.361267     15222.3984375000
539.707153     15485.4296875000
540.052979     15579.0517578125
540.398804     16221.0273437500
540.744507     16392.6660156250
541.090210     17094.8261718750
541.435791     17175.0742187500
541.781433     18441.1914062500
542.127014     19816.5351562500
542.472595     21900.7265625000
542.818054     23935.8789062500
543.163513     25884.0957031250
543.508911     26829.2265625000
543.854309     27511.3261718750
544.199646     28291.5039062500
544.544800     28781.9023437500
544.890076     29018.1855468750
545.235291     28327.1699218750
545.580444     27983.8906250000
545.925537     28554.5351562500
546.270630     42450.6289062500
546.615723     55082.8359375000
546.960693     58544.6015625000
547.305603     54293.7421875000
547.650574     43574.0859375000
547.995361     36149.0156250000
548.340149     31220.5175781250
548.684998     27939.3085937500
549.029724     25716.9140625000
549.374390     23637.1816406250
549.719116     22208.3398437500
550.063660     21813.7929687500
550.408264     20962.2832031250
550.752869     20643.5253906250
551.097290     20516.4667968750
551.441711     20688.1074218750
551.786133     20503.0937500000
552.130493     20293.5585937500
552.474854     20670.2734375000
552.819092     20545.4453125000
553.163330     20342.5996093750
553.507507     20456.2812500000
553.851685     20494.1757812500
554.195801     19970.3417968750
554.539917     20306.9335937500
554.883850     19832.1386718750
555.227844     19945.8222656250
555.571777     19858.8886718750
555.915710     19520.0683593750
556.259583     19535.6718750000
556.603333     19526.7558593750
556.947205     19584.7109375000
557.290894     19408.6132812500
557.634583     19511.1523437500
557.978210     19656.0410156250
558.321777     19575.7949218750
558.665405     19905.6992187500
559.008911     19865.5761718750
559.352417     19950.2812500000
559.695862     19667.1875000000
560.039185     19435.3632812500
560.382568     19887.8671875000
560.725891     19709.5390625000
561.069153     19794.2441406250
561.412354     19876.7207031250
561.755554     20081.7968750000
562.098694     20211.0839843750
562.441772     20157.5859375000
562.784851     20291.3300781250
563.127930     20235.6035156250
563.470825     20574.4238281250
563.813782     20783.9570312500
564.156738     20179.8769531250
564.499573     20650.2128906250
564.842285     20572.1953125000
565.185059     20603.4023437500
565.527771     20699.2519531250
565.870422     20739.3750000000
566.213135     20679.1894531250
566.555725     20801.7890625000
566.898254     20734.9179687500
567.240784     20719.3144531250
567.583252     20692.5644531250
567.925659     21038.0722656250
568.268005     21107.1738281250
568.610291     21084.8828125000
568.952637     20895.4121093750
569.294922     20737.1464843750
569.637146     20786.1855468750
569.979309     20897.6406250000
570.321411     21345.6855468750
570.663513     20777.2695312500
571.005554     21026.9277343750
571.347473     21162.9003906250
571.689453     20705.9394531250
572.031372     20705.9394531250
572.373230     20552.1328125000
572.715088     20928.8476562500
573.056885     21330.0820312500
573.398621     21026.9277343750
573.740295     21336.7695312500
574.082031     21100.4863281250
574.423584     21305.5625000000
574.765137     21483.8886718750
575.106689     21046.9882812500
575.448120     21269.8964843750
575.789612     21180.7343750000
576.130981     21218.6289062500
576.472351     20993.4902343750
576.813721     21015.7812500000
577.154968     23115.5761718750
577.496216     25117.2910156250
577.837402     26138.2109375000
578.178467     25536.3593750000
578.519592     24285.8437500000
578.860657     23082.1406250000
579.201660     23452.1679687500
579.542664     25398.1562500000
579.883606     26316.5371093750
580.224487     25953.1972656250
580.565308     24265.7832031250
580.906189     23766.4687500000
581.246948     23570.3085937500
581.587585     23108.8886718750
581.928223     22692.0507812500
582.268921     22466.9140625000
582.609497     22259.6093750000
582.950012     22489.2050781250
583.290527     22455.7675781250
583.630981     22507.0371093750
583.971436     22948.3945312500
584.311829     22357.6894531250
584.652100     22852.5449218750
584.992371     22845.8574218750
585.332642     22669.7597656250
585.672852     22344.3144531250
586.013000     22203.8828125000
586.353088     21849.4589843750
586.693176     21873.9785156250
587.033264     21686.7343750000
587.373230     21929.7050781250
587.713196     22266.2968750000
588.053040     22941.7089843750
588.392883     22580.5976562500
588.732727     22228.4023437500
589.072510     21615.4042968750
589.412231     21445.9941406250
589.751892     21131.6933593750
590.091553     20311.3925781250
590.431152     20086.2539062500
590.770752     20124.1484375000
591.110229     20086.2539062500
591.449707     19740.7460937500
591.789124     19977.0292968750
592.128479     19328.3671875000
592.467834     19384.0937500000
592.807129     19542.3593750000
593.146423     19464.3398437500
593.485596     19691.7070312500
593.824768     19640.4375000000
594.163879     19413.0722656250
594.502991     19306.0761718750
594.841980     18826.8242187500
595.180969     18479.0859375000
595.519897     18307.4472656250
595.858887     18229.4296875000
596.197693     19105.4589843750
596.536499     17712.2832031250
596.875305     17917.3574218750
597.214050     17627.5781250000
597.552734     17418.0429687500
597.891296     17460.3964843750
598.229980     17333.3378906250
598.568542     17357.8593750000
598.907043     17137.1796875000
599.245483     17188.4492187500
599.583984     17290.9863281250
599.922363     17360.0878906250
600.260681     17462.6250000000
600.598999     17455.9375000000
600.937256     17110.4296875000
601.275452     16909.8125000000
601.613586     16840.7109375000
601.951721     16410.4980468750
602.289856     16357.0009765625
602.627869     16446.1640625000
602.965881     16510.8085937500
603.303833     15951.3085937500
603.641724     15530.0117187500
603.979614     15614.7167968750
604.317444     15732.8583984375
604.655151     15521.0957031250
604.992859     15672.6728515625
605.330566     15474.2851562500
605.668274     15376.2050781250
606.005859     15079.7373046875
606.343445     15086.4248046875
606.680908     15204.5654296875
607.018433     14983.8867187500
607.355835     14945.9921875000
607.693237     14725.3134765625
608.030579     14769.8945312500
608.367859     14988.3447265625
608.705078     14794.4150390625
609.042297     14669.5859375000
609.379456     15144.3808593750
609.716614     14818.9345703125
610.053650     15173.3583984375
610.390686     15518.8662109375
610.727722     16062.7626953125
611.064575     17371.2324218750
611.401550     20603.4023437500
611.738403     24602.3730468750
612.075256     27515.7832031250
612.411987     27787.7324218750
612.748779     26080.2558593750
613.085449     23699.5957031250
613.422058     21659.9863281250
613.758667     20730.4589843750
614.095215     19557.9628906250
614.431702     18775.5546875000
614.768127     17774.6972656250
615.104614     17215.1972656250
615.440979     16885.2929687500
615.777283     16058.3037109375
616.113586     15496.5751953125
616.449829     14952.6796875000
616.786011     13951.8222656250
617.122192     13969.6542968750
617.458374     13427.9873046875
617.794373     13269.7226562500
618.130371     12786.0126953125
618.466370     12810.5322265625
618.802246     12817.2197265625
619.138184     12592.0820312500
619.474060     12255.4912109375
619.809875     12453.8789062500
620.145630     12340.1962890625
620.481323     12282.2402343750
620.817017     12248.8037109375
621.152588     12427.1298828125
621.488220     12476.1699218750
621.823792     12213.1386718750
622.159241     11943.4189453125
622.494690     12054.8730468750
622.830078     11586.7666015625
623.165466     11892.1503906250
623.500793     11658.0966796875
623.836060     11461.9375000000
624.171265     11372.7744140625
624.506470     11127.5751953125
624.841553     11009.4345703125
625.176697     10802.1298828125
625.511719     10837.7949218750
625.846741     11013.8925781250
626.181702     10570.3046875000
626.516663     10186.9033203125
626.851563     10202.5068359375
627.186401     10115.5722656250
627.521118      9792.3554687500
627.855896      9997.4306640625
628.190552      9805.7304687500
628.525269      9417.8701171875
628.859863      9616.2578125000
629.194458      9330.9355468750
629.528992      9426.7861328125
629.863403      9177.1289062500
630.197815      9513.7207031250
630.532288      9411.1826171875
630.866516      9359.9140625000
631.200867      9440.1611328125
631.535156      9836.9375000000
631.869324      9801.2714843750
632.203491      9676.4433593750
632.537659      9248.4599609375
632.871704      9217.2529296875
633.205750      8847.2246093750
633.539795      8626.5458984375
633.873718      8352.3691406250
634.207520      8325.6201171875
634.541443      7890.9487304688
634.875244      7781.7241210938
635.208984      7725.9970703125
635.542725      7708.1640625000
635.876404      7821.8476562500
636.210022      7619.0009765625
636.543640      7672.4990234375
636.877197      7291.3261718750
637.210571      7144.2065429688
637.544067      7431.7583007813
637.877502      6965.8798828125
638.210815      7030.5234375000
638.544189      7264.5771484375
638.877441      7191.0175781250
639.210693      7081.7924804688
639.543884      6798.6987304688
639.877014      6910.1528320313
640.210144      6676.0996093750
640.543091      6892.3203125000
640.876099      6609.2270507813
641.209106      6653.8085937500
641.541992      6535.6674804688
641.874939      6486.6274414063
642.207703      6691.7031250000
642.540527      6406.3803710938
642.873230      6399.6933593750
643.205994      6341.7373046875
643.538574      6393.0063476563
643.871155      6319.4462890625
644.203674      6067.5600585938
644.536255      6112.1416015625
644.868713      5973.9389648438
645.201172      6083.1635742188
645.533508      6025.2075195313
645.865845      5911.5244140625
646.198120      5878.0883789063
646.530396      5735.4272460938
646.862610      5998.4584960938
647.194702      5581.6206054688
647.526855      5628.4311523438
647.858887      5376.5449218750
648.190857      5367.6284179688
648.522827      5421.1264648438
648.854797      5164.7822265625
649.186707      5106.8261718750
649.518555      5155.8657226563
649.850342      5240.5708007813
650.182007      5140.2622070313
650.513733      5153.6367187500
650.845398      5124.6586914063
651.177063      5222.7382812500
651.508606      5568.2460937500
651.840088      5365.3994140625
652.171631      5046.6406250000
652.503052      5249.4873046875
652.834412      5155.8657226563
653.165771      5073.3896484375
653.497070      5182.6147460938
653.828308      5158.0947265625
654.159485      5071.1606445313
654.490662      4897.2924804688
654.821838      4794.7543945313
655.152832      4736.7983398438
655.483887      4796.9838867188
655.814880      4692.2167968750
656.145813      4520.5776367188
656.476685      4451.4760742188
656.807495      4357.8544921875
657.138306      4518.3486328125
657.469116      4155.0083007813
657.799744      4409.1235351563
658.130493      4489.3706054688
658.461121      4290.9819335938
658.791687      4306.5859375000
659.122192      4273.1494140625
659.452698      4331.1054687500
659.783142      4449.2470703125
660.113464      4616.4282226563
660.443787      4373.4580078125
660.774109      4270.9204101563
661.104370      4239.7133789063
661.434570      4237.4843750000
661.764771      4183.9863281250
662.094849      4195.1318359375
662.424988      4373.4580078125
662.755005      4344.4799804688
663.084900      4208.5063476563
663.414856      4351.1674804688
663.744751      4447.0180664063
664.074585      4317.7309570313
664.404419      4126.0302734375
664.734131      4114.8847656250
665.063904      4039.0959472656
665.393555      4128.2592773438
665.723206      4105.9682617188
666.052734      4085.9067382813
666.382202      3856.3112792969
666.711670      4003.4306640625
667.041138      4061.3867187500
667.370544      3747.0861816406
667.699829      3896.4345703125
668.029175      3838.4785156250
668.358459      3787.2097167969
668.687622      3771.6062011719
669.016846      3958.8488769531
669.345947      3787.2097167969
669.674927      3595.5087890625
670.003967      3615.5703125000
670.332947      3649.0065917969
670.661865      3660.1520996094
670.990784      3579.9050292969
671.319641      3715.8791503906
671.648438      3537.5524902344
671.977112      3568.7597656250
672.305847      3671.2973632813
672.634521      3640.0903320313
672.963135      3666.8393554688
673.291687      3452.8474121094
673.620178      3501.8872070313
673.948669      3432.7856445313
674.277100      3626.7158203125
674.605469      3432.7856445313
674.933899      3319.1025390625
675.262085      3401.5786132813
675.590332      3312.4152832031
675.918579      3334.7060546875
676.246704      3296.8117675781
676.574829      3307.9570312500
676.902893      3149.6923828125
677.230896      3385.9750976563
677.558899      3312.4152832031
677.886841      3209.8774414063
678.214661      3131.8596191406
678.542480      3187.5866699219
678.870239      3227.7102050781
679.197998      3136.3178710938
679.525696      3229.9392089844
679.853394      3038.2382812500
680.180969      3102.8815917969
680.508484      3107.3398437500
680.836060      3111.7978515625
681.163452      3091.7363281250
681.490845      3022.6347656250
681.818237      3049.3837890625
682.145569      3064.9873046875
682.472839      2951.3041992188
682.800110      3102.8815917969
683.127319      3038.2382812500
683.454468      2984.7402343750
683.781494      2822.0173339844
684.108582      2697.1887207031
684.435608      2879.9733886719
684.762451      2777.4357910156
685.089355      2868.8281250000
685.416199      2833.1628417969
685.743103      2908.9514160156
686.069824      2699.4179687500
686.396606      2839.8500976563
686.723267      2755.1447753906
687.049927      2703.8759765625
687.376465      2648.1489257813
687.703003      2630.3164062500
688.029419      2556.7565917969
688.355957      2385.1174316406
688.682312      2822.0173339844
689.008667      2590.1928710938
689.334961      2599.1091308594
689.661316      2434.1572265625
689.987427      2547.8403320313
690.313660      2371.7429199219
690.639771      2574.5893554688
690.965881      2547.8403320313
691.291809      2561.2148437500
691.617798      2668.2106933594
691.943726      2585.7346191406
692.269714      2485.4260253906
692.595459      2496.5715332031
692.921326      2447.5317382813
693.247009      2380.6591796875
693.572754      2329.3903808594
693.898438      2420.7827148438
694.223999      2558.9855957031
694.549561      2289.2668457031
694.875061      2340.5356445313
695.200562      2340.5356445313
695.526001      2235.7687988281
695.851379      2244.6853027344
696.176697      2255.8305664063
696.502014      2246.9143066406
696.827271      2188.9582519531
697.152405      2246.9143066406
697.477539      2505.4877929688
697.802612      2266.9760742188
698.127625      2269.2050781250
698.452698      2476.5097656250
698.777649      2173.3544921875
699.102539      2162.2092285156
699.427429      2443.0734863281
699.752258      2202.3327636719
700.077026      2220.1652832031
700.401733      2182.2709960938
700.726379      1988.3408203125
701.051025      2142.1474609375
701.375610      2367.2846679688
701.700134      2197.8745117188
702.024658      2405.1791992188
702.349060      2195.6455078125
702.673462      2041.8387451172
702.997864      2032.9224853516
703.322144      1966.0500488281
703.646362      2037.3806152344
703.970520      2117.6274414063
704.294739      2139.9184570313
704.618896      2088.6494140625
704.942932      2026.2352294922
705.266968      2113.1694335938
705.590942      2251.3725585938
705.914917      2081.9621582031
706.238770      2155.5219726563
706.562622      2235.7687988281
706.886292      2226.8525390625
707.210083      2358.3684082031
707.533813      2434.1572265625
707.857422      2371.7429199219
708.181030      2463.1352539063
708.504578      2489.8842773438
708.828064      2396.2626953125
709.151550      2494.3422851563
709.474976      2431.9279785156
709.798340      2561.2148437500
710.121582      2665.9816894531
710.444885      2447.5317382813
710.768127      2318.2448730469
711.091248      2226.8525390625
711.414429      2195.6455078125
711.737488      2222.3942871094
712.060547      2084.1914062500
712.383484      2159.9799804688
712.706482      2278.1213378906
713.029358      2380.6591796875
713.352112      2378.4301757813
713.674927      2324.9321289063
713.997681      2302.6413574219
714.320435      2258.0595703125
714.643066      2400.7209472656
714.965698      2246.9143066406
715.288269      2188.9582519531
715.610779      2137.6892089844
715.933289      2035.1514892578
716.255737      1932.6137695313
716.578003      2131.0019531250
716.900330      1767.6617431641
717.222595      1827.8469238281
717.544861      1653.9785156250
717.867065      1682.9566650391
718.189209      1785.4943847656
718.511292      1714.1638183594
718.833313      1660.6657714844
719.155334      1658.4367675781
719.477234      1591.5643310547
719.799133      1555.8989257813
720.120972      1667.3530273438
720.442749      1705.2474365234
720.764587      1636.1458740234
721.086304      1493.4847412109
721.407898      1455.5903320313
721.729553      1598.2515869141
722.051147      1562.5861816406
722.372681      1633.9168701172
722.694092      1767.6617431641
723.015503      1856.8249511719
723.336914      1636.1458740234
723.658264      1660.6657714844
723.979492      1618.3132324219
724.300781      1593.7933349609
724.621948      1580.4188232422
724.943115      1560.3571777344
725.264160      1596.0224609375
725.585205      1493.4847412109
725.906189      1593.7933349609
726.227173      1477.8811035156
726.548035      1555.8989257813
726.868896      1567.0444335938
727.189697      1515.7755126953
727.510498      1538.0662841797
727.831177      1631.6877441406
728.151855      1506.8591308594
728.472473      1696.3311767578
728.793091      1587.1060791016
729.113525      1774.3489990234
729.434021      1553.6699218750
729.754456      1497.9428710938
730.074829      1671.8112792969
730.395142      1518.0046386719
730.715454      1520.2336425781
731.035706      1593.7933349609
731.355896      1649.5203857422
731.676025      1480.1102294922
731.996033      1473.4229736328
732.316101      1645.0622558594
732.636108      1801.0979003906
732.956055      1593.7933349609
733.275940      1691.8729248047
733.595825      1629.4586181641
733.915649      1591.5643310547
734.235413      1647.2913818359
734.555054      1743.1418457031
734.874817      1703.0183105469
735.194336      1752.0581054688
735.513855      1589.3352050781
735.833435      1571.5025634766
736.152893      1633.9168701172
736.472290      1506.8591308594
736.791687      1680.7275390625
737.111023      1876.8867187500
737.430298      1553.6699218750
737.749512      1651.7495117188
738.068665      1633.9168701172
738.387817      1604.9387207031
738.706909      1609.3969726563
739.025879      1758.7453613281
739.344910      1587.1060791016
739.663879      1642.8331298828
739.982788      1729.7673339844
740.301636      1616.0842285156
740.620422      1703.0183105469
740.939148      1678.4984130859
741.257874      1622.7714843750
741.576477      1567.0444335938
741.895020      1604.9387207031
742.213623      1607.1678466797
742.532166      1774.3489990234
742.850586      1580.4188232422
743.169006      1598.2515869141
743.487366      1734.2254638672
743.805725      1689.6439208984
744.123962      1680.7275390625
744.442200      1642.8331298828
744.760315      1700.7893066406
745.078430      1591.5643310547
745.396484      1511.3173828125
745.714539      1823.3887939453
746.032532      1593.7933349609
746.350464      1602.7097167969
746.668335      1593.7933349609
746.986206      1502.4010009766
747.303955      1542.5245361328
747.621643      1600.4805908203
747.939331      1609.3969726563
748.257019      1587.1060791016
748.574585      1718.6219482422
748.892151      1584.8770751953
749.209656      1520.2336425781
749.527100      1551.4407958984
749.844482      1549.2117919922
750.161804      1587.1060791016
750.479126      1591.5643310547
750.796326      1555.8989257813
751.113525      1607.1678466797
751.430725      1687.4147949219
751.747803      1678.4984130859
752.064880      1600.4805908203
752.381897      1625.0004882813
752.698853      1703.0183105469
753.015747      1607.1678466797
753.332703      1542.5245361328
753.649475      1558.1280517578
753.966187      1874.6575927734
754.282898      1555.8989257813
754.599609      1462.2775878906
754.916199      1506.8591308594
755.232788      1553.6699218750
755.549316      1529.1500244141
755.865784      1578.1898193359
756.182190      1611.6259765625
756.498596      1533.6081542969
756.814941      1567.0444335938
757.131165      1538.0662841797
757.447388      1435.5285644531
757.763611      1497.9428710938
758.079712      1493.4847412109
758.395813      1531.3790283203
758.711853      1511.3173828125
759.027832      1544.7535400391
759.343811      1636.1458740234
759.659668      1707.4765625000
759.975464      1587.1060791016
760.291260      1500.1719970703
760.606995      1765.4326171875
760.922668      1943.7591552734
761.238342      1896.9484863281
761.554016      1580.4188232422
761.869507      1462.2775878906
762.185059      1339.6781005859
762.500488      1341.9071044922
762.815918      1263.8892822266
763.131165      1243.8275146484
763.446533      1306.2418212891
763.761719      1546.9826660156
764.076965      1437.7576904297
764.392151      1471.1938476563
764.707214      1382.0306396484
765.022339      1317.3872070313
765.337341      1422.1540527344
765.652283      1263.8892822266
765.967224      1359.7397460938
766.282043      1239.3693847656
766.596863      1348.5943603516
766.911621      1337.4489746094
767.226379      1404.3214111328
767.541016      1359.7397460938
767.855591      1384.2596435547
768.170227      1348.5943603516
768.484741      1321.8454589844
768.799194      1522.4627685547
769.113647      1518.0046386719
769.427979      1504.6301269531
769.742310      1439.9866943359
770.056580      1502.4010009766
770.370850      1578.1898193359
770.684998      1538.0662841797
770.999084      1353.0524902344
771.313232      1357.5107421875
771.627258      1368.6561279297
771.941223      1377.5723876953
772.255066      1317.3872070313
772.569031      1310.6999511719
772.882813      1390.9468994141
773.196594      1489.0264892578
773.510376      1486.7974853516
773.824036      1373.1142578125
774.137695      1408.7795410156
774.451294      1344.1362304688
774.764832      1364.1979980469
775.078308      1326.3035888672
775.391724      1471.1938476563
775.705078      1288.4091796875
776.018433      1337.4489746094
776.331726      1321.8454589844
776.644958      1301.7836914063
776.958130      1344.1362304688
777.271301      1439.9866943359
777.584412      1404.3214111328
777.897461      1386.4887695313
778.210510      1277.2637939453
778.523315      1263.8892822266
778.836304      1406.5505371094
779.149109      1442.2158203125
779.461914      1292.8673095703
779.774658      1424.3831787109
780.087402      1270.5765380859
780.400024      1241.5985107422
780.712585      1315.1582031250
781.025146      1324.0744628906
781.337646      1350.8234863281
781.650085      1346.3653564453
781.962463      1388.7178955078
782.274841      1203.7041015625
782.587158      1390.9468994141
782.899414      1239.3693847656
783.211609      1397.6341552734
783.523743      1221.5367431641
783.835938      1402.0922851563
784.147949      1275.0346679688
784.459900      1308.4709472656
784.771851      1373.1142578125
785.083801      1212.6203613281
785.395630      1339.6781005859
785.707397      1422.1540527344
786.019226      1321.8454589844
786.330933      1377.5723876953
786.642578      1364.1979980469
786.954224      1232.6821289063
787.265747      1243.8275146484
787.577209      1270.5765380859
787.888672      1165.8096923828
788.200073      1201.4749755859
788.511414      1252.7438964844
788.822754      1359.7397460938
789.133972      1337.4489746094
789.445190      1212.6203613281
789.756409      1272.8056640625
790.067505      1286.1800537109
790.378540      1221.5367431641
790.689514      1404.3214111328
791.000488      1228.2239990234
791.311401      1230.4530029297
791.622314      1152.4351806641
791.933105      1221.5367431641
792.243896      1223.7658691406
792.554565      1384.2596435547
792.865234      1288.4091796875
793.175842      1252.7438964844
793.486389      1168.0388183594
793.796875      1355.2816162109
794.107300      1243.8275146484
794.417786      1261.6601562500
794.728088      1286.1800537109
795.038452      1241.5985107422
795.348694      1254.9729003906
795.658936      1205.9331054688
795.969055      1201.4749755859
796.279175      1357.5107421875
796.589172      1384.2596435547
796.899231      1306.2418212891
797.209167      1190.3295898438
797.519104      1324.0744628906
797.828979      1272.8056640625
798.138794      1201.4749755859
798.448547      1152.4351806641
798.758301      1210.3913574219
799.067932      1176.9550781250
799.377563      1281.7219238281
799.687073      1272.8056640625
799.996582      1214.8494873047
800.306030      1217.0786132813
800.615479      1145.7479248047
800.924805      1355.2816162109
801.234192      1188.1004638672
801.543457      1275.0346679688
801.852600      1174.7260742188
802.161743      1332.9908447266
802.470886      1350.8234863281
802.779907      1286.1800537109
803.088867      1190.3295898438
803.397827      1286.1800537109
803.706787      1257.2020263672
804.015686      1246.0566406250
804.324463      1250.5147705078
804.633179      1147.9770507813
804.941956      1139.0606689453
805.250610      1101.1663818359
805.559204      1210.3913574219
805.867676      1168.0388183594
806.176270      1147.9770507813
806.484680      1212.6203613281
806.793091      1366.4270019531
807.101440      1279.4927978516
807.409729      1246.0566406250
807.718018      1159.1224365234
808.026184      1141.2897949219
808.334351      1121.2280273438
808.642456      1163.5805664063
808.950439      1188.1004638672
809.258484      1078.8754882813
809.566467      1152.4351806641
809.874329      1176.9550781250
810.182190      1179.1842041016
810.489990      1386.4887695313
810.797791      1375.3433837891
811.105469      1346.3653564453
811.413147      1497.9428710938
811.720642      1703.0183105469
812.028198      1883.5739746094
812.335693      1843.4505615234
812.643188      1553.6699218750
812.950562      1406.5505371094
813.257935      1402.0922851563
813.565186      1295.0964355469
813.872498      1230.4530029297
814.179626      1078.8754882813
814.486816      1221.5367431641
814.793823      1176.9550781250
815.100830      1121.2280273438
815.407837      1096.7081298828
815.714783      1078.8754882813
816.021667      1237.1402587891
816.328552      1020.9193725586
816.635315      1283.9510498047
816.942078      1090.0208740234
817.248779      1121.2280273438
817.555359      1043.2102050781
817.861938      1239.3693847656
818.168457      1145.7479248047
818.474976      1152.4351806641
818.781372      1085.5627441406
819.087769      1114.5407714844
819.394104      1321.8454589844
819.700378      1199.2459716797
820.006592      1127.9152832031
820.312744      1326.3035888672
820.618896      1152.4351806641
820.924927      1275.0346679688
821.230957      1190.3295898438
821.536926      1143.5189208984
821.842896      1125.6862792969
822.148804      1107.8535156250
822.454590      1125.6862792969
822.760376      1016.4612426758
823.066040      1341.9071044922
823.371704      1154.6643066406
823.677307      1101.1663818359
823.982910      1085.5627441406
824.288391      1018.6903076172
824.593872      1074.4173583984
824.899292      1065.5009765625
825.204651      1074.4173583984
825.509949      1065.5009765625
825.815186      1147.9770507813
826.120422      1194.7877197266
826.425598      1107.8535156250
826.730652      1152.4351806641
827.035706      1190.3295898438
827.340759      1172.4969482422
827.645630      1145.7479248047
827.950623      1156.8933105469
828.255432      1174.7260742188
828.560242      1101.1663818359
828.864990      1127.9152832031
829.169739      1283.9510498047
829.474304      1243.8275146484
829.778870      1205.9331054688
830.083435      1270.5765380859
830.387878      1237.1402587891
830.692383      1332.9908447266
830.996765      1243.8275146484
831.301086      1232.6821289063
831.605408      1136.8316650391
831.909668      1061.0428466797
832.213867      1110.0826416016
832.517883      1065.5009765625
832.821960      1192.5587158203
833.126038      1116.7698974609
833.429993      1194.7877197266
833.733948      1096.7081298828
834.037842      1107.8535156250
834.341614      1205.9331054688
834.645386      1172.4969482422
834.949158      1085.5627441406
835.252808      1134.6025390625
835.556335      1210.3913574219
835.859924      1152.4351806641
836.163513      1143.5189208984
836.466980      1036.5229492188
836.770325      1052.1265869141
837.073730      1123.4571533203
837.377075      1083.3336181641
837.680298      1150.2061767578
837.983521      1078.8754882813
838.286682      1105.6245117188
838.589722      1197.0168457031
838.892761      1103.3953857422
839.195801      1056.5847167969
839.498779      1154.6643066406
839.801636      1096.7081298828
840.104492      1014.2321166992
840.407288      1061.0428466797
840.710022      1067.7301025391
841.012695      1141.2897949219
841.315369      1185.8714599609
841.617920      1192.5587158203
841.920410      1136.8316650391
842.222961      1116.7698974609
842.525391      1087.7918701172
842.827759      1065.5009765625
843.130127      1194.7877197266
843.432373      1156.8933105469
843.734619      1183.6423339844
844.036804      1092.2500000000
844.338867      1203.7041015625
844.640930      1065.5009765625
844.942993       971.8795776367
845.244934      1047.6683349609
845.546814      1105.6245117188
845.848755      1074.4173583984
846.150513      1065.5009765625
846.452332      1172.4969482422
846.754028      1243.8275146484
847.055664      1219.3076171875
847.357239      1161.3515625000
847.658813      1263.8892822266
847.960327      1152.4351806641
848.261780      1134.6025390625
848.563110      1105.6245117188
848.864563      1127.9152832031
849.165771       994.1704101563
849.467041      1081.1046142578
849.768250      1020.9193725586
850.069397      1127.9152832031
850.370422      1152.4351806641
850.671448      1125.6862792969
850.972473      1103.3953857422
851.273376      1150.2061767578
851.574280      1061.0428466797
851.875122      1388.7178955078
852.175842      1150.2061767578
852.476624      1174.7260742188
852.777222      1107.8535156250
853.077881      1090.0208740234
853.378418      1094.4791259766
853.678955      1143.5189208984
853.979370      1139.0606689453
854.279785      1107.8535156250
854.580200      1257.2020263672
854.880493       969.6505126953
855.180725      1072.1882324219
855.480957      1123.4571533203
855.781067      1179.1842041016
856.081116      1081.1046142578
856.381165      1047.6683349609
856.681152      1094.4791259766
856.981140      1139.0606689453
857.281006      1072.1882324219
857.580872      1279.4927978516
857.880676      1174.7260742188
858.180420      1074.4173583984
858.480103      1005.3157958984
858.779724       936.2142944336
859.079224      1087.7918701172
859.378723      1063.2719726563
859.678223      1121.2280273438
859.977661      1127.9152832031
860.277039      1118.9990234375
860.576355      1110.0826416016
860.875610      1125.6862792969
861.174805      1085.5627441406
861.473999      1136.8316650391
861.773071      1069.9592285156
862.072083      1029.8356933594
862.371094      1123.4571533203
862.670044      1217.0786132813
862.968933      1076.6464843750
863.267761      1018.6903076172
863.566589      1219.3076171875
863.865356      1114.5407714844
864.164001      1063.2719726563
864.462646      1032.0648193359
864.761230      1054.3555908203
865.059692      1147.9770507813
865.358154      1063.2719726563
865.656616      1094.4791259766
865.954956      1116.7698974609
866.253357      1123.4571533203
866.551575      1174.7260742188
866.849792      1112.3117675781
867.147949      1056.5847167969
867.446106       956.2760009766
867.744080      1118.9990234375
868.042053      1125.6862792969
868.340027      1170.2678222656
868.637878      1103.3953857422
868.935791      1145.7479248047
869.233582      1136.8316650391
869.531311      1105.6245117188
869.828979      1047.6683349609
870.126648      1130.1444091797
870.424255      1058.8137207031
870.721741      1052.1265869141
871.019165      1272.8056640625
871.316589      1107.8535156250
871.613953      1094.4791259766
871.911316      1078.8754882813
872.208557      1136.8316650391
872.505798      1067.7301025391
872.802979      1176.9550781250
873.100037      1054.3555908203
873.397156      1096.7081298828
873.694092      1063.2719726563
873.991028      1085.5627441406
874.287964      1072.1882324219
874.584778      1054.3555908203
874.881592      1110.0826416016
875.178284      1069.9592285156
875.474976      1092.2500000000
875.771606       994.1704101563
876.068237      1027.6066894531
876.364746      1065.5009765625
876.661194      1036.5229492188
876.957581      1118.9990234375
877.253967      1136.8316650391
877.550293      1107.8535156250
877.846497      1114.5407714844
878.142761      1205.9331054688
878.438904      1112.3117675781
878.734985      1036.5229492188
879.031067      1127.9152832031
879.326965      1092.2500000000
879.622925      1112.3117675781
879.918823      1243.8275146484
880.214661      1094.4791259766
880.510498      1056.5847167969
880.806213      1161.3515625000
881.101868      1179.1842041016
881.397522      1085.5627441406
881.693115      1159.1224365234
881.988586      1012.0030517578
882.283997       980.7958984375
882.579407      1016.4612426758
882.874817      1116.7698974609
883.170105      1121.2280273438
883.465332      1188.1004638672
883.760559      1214.8494873047
884.055725      1141.2897949219
884.350769      1087.7918701172
884.645813      1054.3555908203
884.940857       996.3994750977
885.235718      1259.4311523438
885.530579      1023.1484985352
885.825439      1170.2678222656
886.120239      1168.0388183594
886.414917      1027.6066894531
886.709595      1054.3555908203
887.004272      1012.0030517578
887.298767      1205.9331054688
887.593323      1159.1224365234
887.887756      1027.6066894531
888.182129      1136.8316650391
888.476440      1116.7698974609
888.770752      1134.6025390625
889.065002      1121.2280273438
