0.439000
190.096298         0.0000000000
190.479492         0.0000000000
190.862656       772.6231689453
191.245789       751.9279174805
191.628876       800.2168579102
192.011948       779.5216064453
192.394958       834.7089843750
192.777939       924.3884277344
193.160904       896.7947387695
193.543823       862.3026733398
193.926697       832.4094848633
194.309555       820.9121093750
194.692368       864.6021118164
195.075150       784.1205444336
195.457886       853.1047363281
195.840607       919.7894897461
196.223282       885.2974243164
196.605927       935.8858032227
196.988541       869.2011108398
197.371094       922.0889892578
197.753632       848.5057983398
198.136139       880.6984252930
198.518600       860.0031738281
198.901031       882.9979248047
199.283432       823.2116088867
199.665802       899.0942382813
200.048126       878.3989868164
200.430405       866.9016113281
200.812668       878.3989868164
201.194885       786.4200439453
201.577072       793.3184204102
201.959244       928.9874267578
202.341354       791.0189819336
202.723434       892.1958007813
203.105499       853.1047363281
203.487503       797.9174194336
203.869461       938.1853027344
204.251434       871.5005493164
204.633331       885.2974243164
205.015198       894.4953002930
205.397049       887.5968627930
205.778854       804.8157958984
206.160614       823.2116088867
206.542343       816.3131713867
206.924042       846.2063598633
207.305710       807.1152954102
207.687332       935.8858032227
208.068939       791.0189819336
208.450485       738.1311035156
208.832016       804.8157958984
209.213501       804.8157958984
209.594955       908.2921142578
209.976379       853.1047363281
210.357758       802.5163574219
210.739105       885.2974243164
211.120422       910.5916137695
211.501694       791.0189819336
211.882935       781.8211059570
212.264145       839.3079223633
212.645340       777.2221069336
213.026474       887.5968627930
213.407562       839.3079223633
213.788620       841.6074218750
214.169662       869.2011108398
214.550659       749.6284179688
214.931610       871.5005493164
215.312561       919.7894897461
215.693451       843.9068603516
216.074295       802.5163574219
216.455109       878.3989868164
216.835922       848.5057983398
217.216660       926.6879272461
217.597382       837.0084228516
217.978058       811.7142333984
218.358704       855.4042358398
218.739304       885.2974243164
219.119888       905.9926757813
219.500427       841.6074218750
219.880920       823.2116088867
220.261414       834.7089843750
220.641830       830.1100463867
221.022232       820.9121093750
221.402603       763.4252929688
221.782944       742.7300415039
222.163223       834.7089843750
222.543488       864.6021118164
222.923706       834.7089843750
223.303894       820.9121093750
223.684036       765.7247924805
224.064163       864.6021118164
224.444244       788.7194824219
224.824295       761.1257934570
225.204300       837.0084228516
225.584274       816.3131713867
225.964203       846.2063598633
226.344131       860.0031738281
226.723999       855.4042358398
227.103806       830.1100463867
227.483627       825.5111083984
227.863388      1057.7579345703
228.243118       885.2974243164
228.622787       777.2221069336
229.002472       823.2116088867
229.382080       866.9016113281
229.761688       804.8157958984
230.141220       850.8052978516
230.520721       892.1958007813
230.900208       834.7089843750
231.279663       816.3131713867
231.659073       860.0031738281
232.038452       899.0942382813
232.417786       864.6021118164
232.797073       860.0031738281
233.176346       864.6021118164
233.555573       820.9121093750
233.934784       809.4147949219
234.313934       770.3237304688
234.693069       862.3026733398
235.072144       869.2011108398
235.451202       781.8211059570
235.830215       802.5163574219
236.209213       811.7142333984
236.588165       857.7037353516
236.967072       892.1958007813
237.345947       843.9068603516
237.724792       899.0942382813
238.103577       866.9016113281
238.482361       770.3237304688
238.861084       784.1205444336
239.239777       774.9226684570
239.618454       841.6074218750
239.997070       889.8963623047
240.375671       841.6074218750
240.754211       703.6389770508
241.132751       800.2168579102
241.511215       889.8963623047
241.889694       876.0994873047
242.268097       839.3079223633
242.646469       832.4094848633
243.024811       855.4042358398
243.403122       839.3079223633
243.781387       793.3184204102
244.159622       754.2274169922
244.537827       774.9226684570
244.915985       749.6284179688
245.294113       876.0994873047
245.672195       825.5111083984
246.050262       802.5163574219
246.428268       788.7194824219
246.806274       774.9226684570
247.184219       809.4147949219
247.562119       823.2116088867
247.940002       869.2011108398
248.317841       809.4147949219
248.695648       869.2011108398
249.073425       908.2921142578
249.451157       788.7194824219
249.828842       855.4042358398
250.206512       871.5005493164
250.584152       876.0994873047
250.961731      1046.2606201172
251.339279       846.2063598633
251.716812       853.1047363281
252.094299       933.5863647461
252.471725       777.2221069336
252.849136       862.3026733398
253.226517       788.7194824219
253.603867       894.4953002930
253.981171       795.6179199219
254.358429       793.3184204102
254.735672       825.5111083984
255.112869       873.8000488281
255.490021       869.2011108398
255.867172       926.6879272461
256.244263       823.2116088867
256.621307       802.5163574219
256.998291       850.8052978516
257.375305       899.0942382813
257.752228       814.0137329102
258.129120       809.4147949219
258.506012       807.1152954102
258.882843       786.4200439453
259.259644      1094.5495605469
259.636414       885.2974243164
260.013123       850.8052978516
260.389832       825.5111083984
260.766479       880.6984252930
261.143127       784.1205444336
261.519714       919.7894897461
261.896271       834.7089843750
262.272736       804.8157958984
262.649231       823.2116088867
263.025696       885.2974243164
263.402100       839.3079223633
263.778473       894.4953002930
264.154785       857.7037353516
264.531097       795.6179199219
264.907318       818.6126708984
265.283569       869.2011108398
265.659760       807.1152954102
266.035919       816.3131713867
266.412018       818.6126708984
266.788086       791.0189819336
267.164154       839.3079223633
267.540192       818.6126708984
267.916107       846.2063598633
268.292084       774.9226684570
268.667969       866.9016113281
269.043793       871.5005493164
269.419617       853.1047363281
269.795410       899.0942382813
270.171204       866.9016113281
270.546875       830.1100463867
270.922577       850.8052978516
271.298248       832.4094848633
271.673828       841.6074218750
272.049408       880.6984252930
272.424927       830.1100463867
272.800446       917.4900512695
273.175934       862.3026733398
273.551361       816.3131713867
273.926727       864.6021118164
274.302063       878.3989868164
274.677399       864.6021118164
275.052673       908.2921142578
275.427948       816.3131713867
275.803131       825.5111083984
276.178314       793.3184204102
276.553436       917.4900512695
276.928558       892.1958007813
277.303650       788.7194824219
277.678619       811.7142333984
278.053650       917.4900512695
278.428589       797.9174194336
278.803528       864.6021118164
279.178375       793.3184204102
279.553253       834.7089843750
279.928070       768.0242309570
280.302826       864.6021118164
280.677582       889.8963623047
281.052277       820.9121093750
281.426941       795.6179199219
281.801544       855.4042358398
282.176147       885.2974243164
282.550720       814.0137329102
282.925232       839.3079223633
283.299683       928.9874267578
283.674133       843.9068603516
284.048553       869.2011108398
284.422974       809.4147949219
284.797241       864.6021118164
285.171600       827.8105468750
285.545837       726.6337280273
285.920074       864.6021118164
286.294250       894.4953002930
286.668396       882.9979248047
287.042511       855.4042358398
287.416626       818.6126708984
287.790649       860.0031738281
288.164673       912.8911132813
288.538635       910.5916137695
288.912567       843.9068603516
289.286438       876.0994873047
289.660309       846.2063598633
290.034149       928.9874267578
290.407959       811.7142333984
290.781677       853.1047363281
291.155396       871.5005493164
291.529083       751.9279174805
291.902710       901.3937377930
292.276337       860.0031738281
292.649902       903.6931762695
293.023407       956.5810546875
293.396912       853.1047363281
293.770386       862.3026733398
294.143829       850.8052978516
294.517181       882.9979248047
294.890533       857.7037353516
295.263824       945.0837402344
295.637115       889.8963623047
296.010345       878.3989868164
296.383545       892.1958007813
296.756744       860.0031738281
297.129852       830.1100463867
297.502960       910.5916137695
297.875977       862.3026733398
298.248993       816.3131713867
298.621979       797.9174194336
298.994934       848.5057983398
299.367859       814.0137329102
299.740723       818.6126708984
300.113556       795.6179199219
300.486359       965.7789916992
300.859100       889.8963623047
301.231842       905.9926757813
301.604492       811.7142333984
301.977173       834.7089843750
302.349792       807.1152954102
302.722351       795.6179199219
303.094910       807.1152954102
303.467377       910.5916137695
303.839874       834.7089843750
304.212311       864.6021118164
304.584717       860.0031738281
304.957062       784.1205444336
305.329376       839.3079223633
305.701630       807.1152954102
306.073853       855.4042358398
306.446106       738.1311035156
306.818268       857.7037353516
307.190399       839.3079223633
307.562500       818.6126708984
307.934540       860.0031738281
308.306610       857.7037353516
308.678558       876.0994873047
309.050507       802.5163574219
309.422424       933.5863647461
309.794281       896.7947387695
310.166138       860.0031738281
310.537933       878.3989868164
310.909729       843.9068603516
311.281464       910.5916137695
311.653107       876.0994873047
312.024780       869.2011108398
312.396393       873.8000488281
312.767975       857.7037353516
313.139496       878.3989868164
313.511047       846.2063598633
313.882507       878.3989868164
314.253906       797.9174194336
314.625305       926.6879272461
314.996643       834.7089843750
315.368011       864.6021118164
315.739258       873.8000488281
316.110504       800.2168579102
316.481720       788.7194824219
316.852905       832.4094848633
317.223999       935.8858032227
317.595123       864.6021118164
317.966187       807.1152954102
318.337189       970.3779296875
318.708191       889.8963623047
319.079163       942.7842407227
319.450073       772.6231689453
319.820923       855.4042358398
320.191742       869.2011108398
320.562561       880.6984252930
320.933319       912.8911132813
321.304047       903.6931762695
321.674744       882.9979248047
322.045380       892.1958007813
322.416016       873.8000488281
322.786560       857.7037353516
323.157135       942.7842407227
323.527618       823.2116088867
323.898071       832.4094848633
324.268494       846.2063598633
324.638885       862.3026733398
325.009277       860.0031738281
325.379578       862.3026733398
325.749847       832.4094848633
326.120117       791.0189819336
326.490295       869.2011108398
326.860443       857.7037353516
327.230591       818.6126708984
327.600708       901.3937377930
327.970703       850.8052978516
328.340759       869.2011108398
328.710724       848.5057983398
329.080688       947.3831787109
329.450592       995.6721191406
329.820435       903.6931762695
330.190277       869.2011108398
330.560089       830.1100463867
330.929810       908.2921142578
331.299561       853.1047363281
331.669220       926.6879272461
332.038879       781.8211059570
332.408447       848.5057983398
332.778046       896.7947387695
333.147583       869.2011108398
333.517059       837.0084228516
333.886505       876.0994873047
334.255951       873.8000488281
334.625336       850.8052978516
334.994629       892.1958007813
335.363983       901.3937377930
335.733246       894.4953002930
336.102478       931.2868652344
336.471680       958.8805541992
336.840820       850.8052978516
337.209961       912.8911132813
337.578979       997.9716186523
337.948059      1018.6668701172
338.317078       855.4042358398
338.686035       899.0942382813
339.054962       970.3779296875
339.423859       905.9926757813
339.792725      1020.9663696289
340.161560      1002.5705566406
340.530334       945.0837402344
340.899078      1048.5600585938
341.267761      1000.2710571289
341.636444       986.4742431641
342.005066      1004.8700561523
342.373657      1034.7631835938
342.742218      1076.1536865234
343.110718      1110.6458740234
343.479218      1048.5600585938
343.847626      1147.4373779297
344.216064      1037.0626220703
344.584412      1085.3515625000
344.952759      1112.9453125000
345.321045      1055.4584960938
345.689270      1163.5336914063
346.057526      1195.7263183594
346.425659      1106.0468750000
346.793854      1264.7105712891
347.161957      1225.6195068359
347.529999      1244.0152587891
347.898041      1156.6352539063
348.266022      1253.2132568359
348.634003      1280.8068847656
349.001892      1225.6195068359
349.369781      1280.8068847656
349.737610      1315.2989501953
350.105408      1333.6948242188
350.473145      1480.8610839844
350.840912      1457.8663330078
351.208618      1345.1921386719
351.576233      1340.5932617188
351.943878      1529.1500244141
352.311401      1450.9678955078
352.678955      1563.6422119141
353.046478      1531.4495849609
353.413910      1506.1552734375
353.781372      1676.3164062500
354.148743      1667.1185302734
354.516083      1747.6000976563
354.883392      1761.3968505859
355.250641      1747.6000976563
355.617920      1862.5737304688
355.985077      1922.3601074219
356.352234      1676.3164062500
356.719360      1791.2900390625
357.086426      1809.6857910156
357.453491      1726.9047851563
357.820496      1708.5090332031
358.187469      1680.9152832031
358.554382      1720.0063476563
358.921295      1816.5842285156
359.288147      1878.6700439453
359.654968      1977.5474853516
360.021759      2051.1306152344
360.388489      2090.2216796875
360.755188      2131.6120605469
361.121826      2127.0131835938
361.488464      1998.2426757813
361.855072      2097.1201171875
362.221588      2133.9116210938
362.588135      2207.4948730469
362.954590      2400.6506347656
363.321075      2315.5700683594
363.687439      2225.8906250000
364.053802      2347.7626953125
364.420135      2435.1428222656
364.786407      2494.9289550781
365.152679      2527.1215820313
365.518860      2798.4594726563
365.885040      2805.3579101563
366.251190      2800.7590332031
366.617249      2943.3264160156
366.983337      3012.3105468750
367.349335      3016.9096679688
367.715332      3014.6101074219
368.081207      3039.9042968750
368.447174      3053.7011718750
368.813019      3101.9899902344
369.178833      3010.0112304688
369.544678      3226.1616210938
369.910400      3193.9689941406
370.276123      3246.8569335938
370.641785      3343.4348144531
371.007446      3350.3332519531
371.373016      3345.7343750000
371.738586      3306.6433105469
372.104126      3398.6223144531
372.469574      3315.8410644531
372.835022      3159.4770507813
373.200439      3216.9638671875
373.565796      3136.4821777344
373.931122      3021.5085449219
374.296417      3124.9848632813
374.661713      3060.5996093750
375.026886      3065.1984863281
375.392090      3228.4611816406
375.757202      3233.0600585938
376.122314      3384.8254394531
376.487396      3437.7133789063
376.852386      3497.4995117188
377.217407      3761.9389648438
377.582336      3782.6342773438
377.947235      4099.9619140625
378.312103      4233.3310546875
378.676941      4366.7006835938
379.041779      4162.0473632813
379.406494      4074.6674804688
379.771240      3826.3242187500
380.135925      3840.1210937500
380.500549      3902.2070312500
380.865143      4081.5659179688
381.229706      4180.4433593750
381.594269      4148.2504882813
381.958679      3966.5922851563
382.323181      3676.8586425781
382.687561      3541.1896972656
383.051971      3221.5627441406
383.416321      3104.2895507813
383.780579      3106.5891113281
384.144867      3235.3596191406
384.509033      3442.3122558594
384.873260      3849.3190917969
385.237366      4053.9721679688
385.601501      4405.7915039063
385.965576      4408.0913085938
386.329559      4304.6147460938
386.693573      4235.6308593750
387.057526      4408.0913085938
387.421417      4661.0332031250
387.785309      4497.7705078125
388.149109      4479.3750000000
388.512970      4619.6425781250
388.876678      4566.7548828125
389.240417      4840.3920898438
389.604065      5212.9072265625
389.967712      5479.6459960938
390.331360      5523.3359375000
390.694885      5831.4653320313
391.058411      6155.6914062500
391.421906      6243.0712890625
391.785370      6194.7822265625
392.148743      6213.1782226563
392.512115      5962.5356445313
392.875488      5263.4956054688
393.238739      4739.2153320313
393.602051      4141.3520507813
393.965240      3961.9934082031
394.328430      4265.5239257813
394.691559      5022.0507812500
395.054657      5633.7109375000
395.417725      6302.8574218750
395.780731      6578.7944335938
396.143738      6551.2006835938
396.506653      5923.4443359375
396.869568      5454.3515625000
397.232422      4969.1625976563
397.595245      5084.1367187500
397.958069      5776.2783203125
398.320770      7006.4965820313
398.683533      7719.3334960938
399.046204      8475.8603515625
399.408813      8915.0595703125
399.771454      9184.0986328125
400.133972      9655.4902343750
400.496521      9671.5869140625
400.859009      9834.8496093750
401.221436      9811.8544921875
401.583832     10218.8613281250
401.946198     10782.2324218750
402.308563     10625.8681640625
402.670807     10773.0341796875
403.033051     11042.0732421875
403.395294     10669.5585937500
403.757416     10678.7558593750
404.119568     10883.4091796875
404.481659     10865.0136718750
404.843719     11124.8544921875
405.205719     11025.9765625000
405.567719     11154.7470703125
405.929657     11000.6826171875
406.291534     11025.9765625000
406.653442     10586.7773437500
407.015228     10821.3232421875
407.377014     11083.4638671875
407.738739     11092.6611328125
408.100464     11455.9785156250
408.462128     11692.8242187500
408.823730     12005.5527343750
409.185364     12033.1464843750
409.546875     12063.0390625000
409.908386     12122.8251953125
410.269867     11685.9257812500
410.631287     11531.8613281250
410.992676     11403.0908203125
411.354034     12230.9013671875
411.715363     12631.0097656250
412.076630     13132.2949218750
412.437866     13389.8359375000
412.799072     13527.8037109375
413.160217     13267.9638671875
413.521362     13249.5673828125
413.882416     13428.9267578125
414.243469     13376.0390625000
414.604462     13509.4082031250
414.965424     13612.8847656250
415.326355     13651.9755859375
415.687225     13596.7880859375
416.048096     13530.1035156250
416.408875     13937.1103515625
416.769653     14155.5605468750
417.130402     14137.1650390625
417.491058     13725.5585937500
417.851715     13858.9287109375
418.212311     13592.1894531250
418.572906     13589.8896484375
418.933411     13578.3925781250
419.293945     13845.1318359375
419.654388     13845.1318359375
420.014801     13937.1103515625
420.375183     14010.6933593750
420.735504     14026.7900390625
421.095825     14270.5341796875
421.456055     14879.8945312500
421.816315     14792.5146484375
422.176453     14751.1240234375
422.536621     14548.7705078125
422.896729     14137.1650390625
423.256775     14148.6621093750
423.616821     14031.3886718750
423.976807     14144.0634765625
424.336731     14472.8876953125
424.696625     14560.2675781250
425.056488     14898.2900390625
425.416351     14461.3906250000
425.776093     14488.9843750000
426.135864     14463.6904296875
426.495575     14452.1923828125
426.855225     14440.6953125000
427.214874     14495.8828125000
427.574432     14219.9453125000
427.934052     14123.3681640625
428.293518     14160.1591796875
428.653015     14376.3095703125
429.012421     13923.3134765625
429.371826     13833.6337890625
429.731232     13274.8623046875
430.090485     12978.2294921875
430.449799     12449.3505859375
430.808990     12072.2373046875
431.168213     11869.8837890625
431.527374     12463.1474609375
431.886475     14109.5712890625
432.245605     15052.3554687500
432.604584     15399.5761718750
432.963623     15661.7158203125
433.322571     15647.9189453125
433.681488     15618.0253906250
434.040344     15546.7421875000
434.399200     15314.4951171875
434.758026     15684.7109375000
435.116760     16052.6259765625
435.475494     17101.1855468750
435.834198     18694.7226562500
436.192841     19839.8593750000
436.551453     20044.5136718750
436.910004     19462.7460937500
437.268555     18747.6093750000
437.627014     18124.4531250000
437.985474     17319.6367187500
438.343903     16489.5253906250
438.702240     16480.3281250000
439.060577     16540.1152343750
439.418854     16793.0566406250
439.777130     17167.8710937500
440.135315     17462.2031250000
440.493500     17466.8027343750
440.851654     17413.9140625000
441.209717     17972.6875000000
441.567810     18133.6503906250
441.925781     18614.2402343750
442.283783     18989.0546875000
442.641663     18614.2402343750
442.999573     19198.3066406250
443.357483     19389.1621093750
443.715240     18933.8671875000
444.073029     19294.8847656250
444.430725     19122.4238281250
444.788452     19428.2539062500
445.146149     19671.9980468750
445.503723     19451.2480468750
445.861359     19202.9062500000
446.218842     18584.3476562500
446.576355     19184.5097656250
446.933777     19150.0175781250
447.291199     19812.2656250000
447.648621     20033.0156250000
448.005920     20242.2675781250
448.363251     20674.5683593750
448.720459     20741.2539062500
449.077728     20605.5839843750
449.434875     20939.0078125000
449.792023     20568.7929687500
450.149170     21047.0839843750
450.506195     21286.2285156250
450.863220     21624.2519531250
451.220184     22100.2421875000
451.577118     22307.1953125000
451.933990     21635.7480468750
452.290894     21700.1347656250
452.647736     20929.8105468750
453.004456     20617.0820312500
453.361237     19950.2343750000
453.717926     20465.3164062500
454.074585     19945.6347656250
454.431244     20456.1191406250
454.787811     20697.5625000000
455.144379     20945.9062500000
455.500824     20835.5312500000
455.857300     20911.4140625000
456.213715     21504.6777343750
456.570099     21907.0859375000
456.926483     22215.2167968750
457.282745     22143.9316406250
457.639038     22148.5312500000
457.995209     22762.4902343750
458.351440     22534.8437500000
458.707550     22256.6074218750
459.063660     22362.3828125000
459.419769     22438.2656250000
459.775757     22507.2500000000
460.131744     22369.2812500000
460.487671     22705.0039062500
460.843597     23155.7011718750
461.199493     22990.1386718750
461.555267     23744.3652343750
461.911072     23433.9375000000
462.266785     24112.2812500000
462.622498     24241.0527343750
462.978119     24197.3632812500
463.333771     24215.7578125000
463.689392     24245.6503906250
464.044891     24415.8125000000
464.400421     24330.7324218750
464.755859     24197.3632812500
465.111298     24388.2187500000
465.466675     24475.5996093750
465.821991     24351.4277343750
466.177338     24749.2363281250
466.532562     25450.5761718750
466.887817     24946.9902343750
467.242981     24537.6835937500
467.598114     25629.9335937500
467.953247     24914.7988281250
468.308289     26069.1347656250
468.663330     26317.4765625000
469.018280     26871.6503906250
469.373230     26351.9687500000
469.728119     26340.4726562500
470.082977     26526.7285156250
470.437836     26811.8632812500
470.792572     27262.5605468750
471.147339     27292.4531250000
471.502014     28099.5703125000
471.856720     28748.0214843750
472.211273     29315.9902343750
472.565918     29775.8867187500
472.920471     30180.5937500000
473.274933     30201.2890625000
473.629395     30139.2031250000
473.983795     30587.5996093750
474.338165     30787.6542968750
474.692505     31778.7265625000
475.046814     32615.7363281250
475.401123     32282.3125000000
475.755280     32712.3144531250
476.109497     32337.5000000000
476.463593     32864.0781250000
476.817688     35929.2773437500
477.171783     33397.5585937500
477.525757     34103.4960937500
477.879761     34958.8984375000
478.233673     35724.6250000000
478.587585     36106.3359375000
478.941406     36414.4648437500
479.295258     37053.7187500000
479.649048     37536.6093750000
480.002747     37980.4062500000
480.356445     38364.4218750000
480.710052     38845.0117187500
481.063690     39316.4023437500
481.417236     40045.3359375000
481.770782     40068.3320312500
482.124329     40666.1953125000
482.477722     40725.9804687500
482.831177     40597.2109375000
483.184509     41471.0078125000
483.537842     41064.0039062500
483.891144     41454.9140625000
484.244385     41229.5664062500
484.597626     41362.9335937500
484.950714     42009.0859375000
485.303894     41631.9726562500
485.656921     40583.4140625000
486.010010     39231.3203125000
486.363068     37849.3398437500
486.715973     37465.3242187500
487.068909     38247.1484375000
487.421783     39288.8085937500
487.774628     40930.6328125000
488.127411     41677.9609375000
488.480194     42491.9765625000
488.832947     43000.1601562500
489.185577     43397.9687500000
489.538239     44343.0507812500
489.890839     44692.5703125000
490.243378     46019.3671875000
490.595917     45727.3359375000
490.948395     46327.4960937500
491.300842     45674.4492187500
491.653198     45757.2265625000
492.005585     45009.8984375000
492.357880     45403.1093750000
492.710144     45520.3828125000
493.062439     45557.1757812500
493.414581     46428.6757812500
493.766754     47150.7109375000
494.118835     47088.6250000000
494.470917     47380.6562500000
494.822937     47875.0429687500
495.174927     48249.8593750000
495.526917     48560.2851562500
495.878784     48468.3085937500
496.230682     48475.2070312500
496.582489     48629.2695312500
496.934296     48677.5585937500
497.285980     48801.7304687500
497.637695     48916.7070312500
497.989410     48829.3242187500
498.340973     48141.7812500000
498.692596     48288.9492187500
499.044128     47946.3281250000
499.395630     48141.7812500000
499.747101     48617.7734375000
500.098480     48357.9335937500
500.449921     48323.4414062500
500.801208     47323.1718750000
501.152527     47224.2929687500
501.503754     47258.7851562500
501.854980     46923.0625000000
502.206177     47063.3281250000
502.557281     47166.8046875000
502.908386     46948.3554687500
503.259430     47684.1875000000
503.610443     46803.4882812500
503.961365     46888.5703125000
504.312317     46573.5429687500
504.663239     46396.4804687500
505.014069     47233.4921875000
505.364899     47665.7929687500
505.715607     48436.1171875000
506.066376     48997.1875000000
506.417084     48886.8125000000
506.767670     49429.4882812500
507.118317     49052.3750000000
507.468842     49454.7812500000
507.819397     48886.8125000000
508.169830     48183.1718750000
508.520294     48626.9726562500
508.870697     48590.1796875000
509.221039     49406.4921875000
509.571381     50082.5390625000
509.921631     49774.4101562500
510.271851     49845.6914062500
510.622009     49774.4101562500
510.972198     50190.6132812500
511.322327     50491.8437500000
511.672394     50960.9375000000
512.022461     51036.8203125000
512.372375     51154.0937500000
512.722351     50993.1289062500
513.072266     50639.0117187500
513.422058     50772.3789062500
513.771912     50163.0195312500
514.121704     50360.7734375000
514.471436     49799.7031250000
514.821167     50025.0507812500
515.170776     50128.5273437500
515.520447     50498.7421875000
515.869995     50634.4140625000
516.219543     50199.8125000000
516.569031     48919.0039062500
516.918518     47458.8398437500
517.267822     46467.7656250000
517.617249     46711.5117187500
517.966614     47182.9023437500
518.315796     47035.7343750000
518.665161     47272.5820312500
519.014282     47854.3476562500
519.363464     48886.8125000000
519.712585     49604.2460937500
520.061646     50268.7968750000
520.410706     50965.5351562500
520.759705     50933.3437500000
521.108704     51328.8515625000
521.457520     51395.5390625000
521.806458     51878.4257812500
522.155334     52002.5976562500
522.504089     51857.7304687500
522.852844     51678.3750000000
523.201538     51586.3945312500
523.550232     51482.9179687500
523.898804     51839.3359375000
524.247437     52862.6015625000
524.596008     52814.3125000000
524.944458     52798.2187500000
525.292969     52745.3281250000
525.641357     52411.9062500000
525.989746     52184.2578125000
526.338074     51220.7773437500
526.686401     50747.0859375000
527.034607     49703.1250000000
527.382813     49654.8359375000
527.731018     49999.7578125000
528.079102     50572.3281250000
528.427246     51186.2851562500
528.775330     51430.0312500000
529.123291     52365.9140625000
529.471252     52464.7929687500
529.819153     52554.4726562500
530.167053     52405.0078125000
530.514832     52221.0507812500
530.862732     53012.0664062500
531.210510     53099.4492187500
531.558167     53522.5507812500
531.905884     53159.2343750000
532.253479     52694.7421875000
532.601074     52046.2890625000
532.948608     51630.0859375000
533.296143     51308.1562500000
533.643616     51549.6015625000
533.991028     51581.7968750000
534.338379     52057.7851562500
534.685730     51915.2187500000
535.033081     52239.4453125000
535.380371     52628.0546875000
535.727478     52903.9921875000
536.074707     52975.2773437500
536.421875     52740.7304687500
536.768921     52331.4257812500
537.115967     51703.6679687500
537.463013     51745.0585937500
537.809998     52165.8632812500
538.156860     52278.5351562500
538.503784     52211.8515625000
538.850647     52043.9882812500
539.197449     51820.9414062500
539.544189     51103.5039062500
539.890930     51303.5585937500
540.237610     50788.4765625000
540.584229     50206.7109375000
540.930847     50360.7734375000
541.277344     49900.8789062500
541.623901     50271.0937500000
541.970337     50533.2343750000
542.316772     50979.3320312500
542.663208     50682.7031250000
543.009521     50799.9726562500
543.355835     51059.8164062500
543.702026     50820.6679687500
544.048279     51000.0273437500
544.394470     51227.6757812500
544.740601     51121.9023437500
545.086731     51137.9960937500
545.432739     51441.5273437500
545.778809     52014.0976562500
546.124695     52354.4179687500
546.470703     52248.6445312500
546.816589     52462.4921875000
547.162415     52020.9960937500
547.508240     51441.5273437500
547.853943     50956.3398437500
548.199646     50369.9726562500
548.545349     50712.5937500000
548.890930     50728.6914062500
549.236633     50496.4453125000
549.582092     50878.1562500000
549.927673     51200.0820312500
550.273071     50694.1992187500
550.618530     50556.2304687500
550.963928     50374.5703125000
551.309204     50303.2890625000
551.654602     50740.1875000000
551.999756     50381.4687500000
552.345093     50850.5625000000
552.690186     50747.0859375000
553.035339     50199.8125000000
553.380493     49783.6054687500
553.725464     49873.2851562500
554.070496     49944.5703125000
554.415405     50153.8203125000
554.760376     50657.4062500000
555.105225     50795.3750000000
555.450073     50657.4062500000
555.794922     50360.7734375000
556.139648     50289.4921875000
556.484375     49661.7343750000
556.828979     49795.1054687500
557.173645     49500.7734375000
557.518311     49337.5078125000
557.862793     49477.7773437500
558.207275     49385.7968750000
558.551697     48792.5351562500
558.896118     48282.0507812500
559.240479     48141.7812500000
559.584839     47534.7226562500
559.929199     47856.6484375000
560.273376     47769.2695312500
560.617676     48081.9960937500
560.961792     48047.5039062500
561.305908     48351.0351562500
561.649963     48173.9765625000
561.994019     47739.3750000000
562.338074     47923.3320312500
562.682007     47764.6679687500
563.025879     47870.4453125000
563.369751     48509.6992187500
563.713623     47720.9804687500
564.057373     48293.5468750000
564.401123     47387.5546875000
564.744873     47647.3945312500
565.088501     47654.2929687500
565.432129     47210.4960937500
565.775635     46826.4843750000
566.119263     46520.6523437500
566.462769     46460.8671875000
566.806152     46361.9882812500
567.149597     46465.4648437500
567.492920     46187.2304687500
567.836243     46212.5234375000
568.179504     45722.7343750000
568.522827     44745.4609375000
568.866028     44257.9726562500
569.209106     43922.2500000000
569.552307     43848.6640625000
569.895325     43673.9062500000
570.238403     43220.9101562500
570.581299     43264.5976562500
570.924255     42751.8164062500
571.267212     42958.7695312500
571.609985     42958.7695312500
571.952881     43149.6250000000
572.295593     43156.5234375000
572.638367     43204.8125000000
572.981079     43237.0039062500
573.323730     43016.2539062500
573.666260     42944.9726562500
574.008850     43416.3632812500
574.351440     43623.3164062500
574.693848     42609.2500000000
575.036255     42802.4062500000
575.378723     42618.4453125000
575.721008     42285.0234375000
576.063354     42331.0117187500
576.405579     41772.2421875000
576.747803     42404.5937500000
577.090027     42719.6250000000
577.432129     42344.8085937500
577.774231     42243.6328125000
578.116272     41530.7968750000
578.458313     41425.0195312500
578.800232     41728.5507812500
579.142212     41404.3242187500
579.484070     41997.5898437500
579.825928     42294.2226562500
580.167725     41558.3906250000
580.509460     42572.4570312500
580.851196     42335.6132812500
581.192810     42190.7460937500
581.534485     42597.7500000000
581.876099     42259.7304687500
582.217590     42671.3359375000
582.559143     42554.0625000000
582.900574     42731.1210937500
583.242004     43156.5234375000
583.583313     42958.7695312500
583.924683     42788.6093750000
584.265991     42581.6562500000
584.607239     42478.1796875000
584.948425     42009.0859375000
585.289551     41845.8242187500
585.630737     41406.6250000000
585.971802     41130.6875000000
586.312805     40813.3593750000
586.653870     40622.5039062500
586.994751     40622.5039062500
587.335693     40204.0000000000
587.676453     39435.9765625000
588.017334     38644.9570312500
588.358154     36582.3281250000
588.698853     34903.7109375000
589.039551     33816.0625000000
589.380188     32358.1953125000
589.720825     31534.9824218750
590.061340     31647.6582031250
590.401917     32050.0644531250
590.742432     32406.4843750000
591.082825     33450.4453125000
591.423218     33031.9414062500
591.763550     33323.9726562500
592.103882     33436.6484375000
592.444092     33940.2343750000
592.784363     34229.9648437500
593.124512     34724.3515625000
593.464600     34722.0546875000
593.804749     35032.4843750000
594.144775     34216.1679687500
594.484802     33753.9765625000
594.824829     33363.0664062500
595.164734     33022.7421875000
595.504578     33537.8242187500
595.844360     33501.0351562500
596.184204     34124.1914062500
596.523926     34358.7382812500
596.863647     34416.2226562500
597.203369     34344.9414062500
597.542969     34556.4921875000
597.882507     34489.8085937500
598.222046     34407.0273437500
598.561584     35255.5312500000
598.901001     35023.2851562500
599.240417     34926.7070312500
599.579834     35175.0507812500
599.919067     35342.9101562500
600.258423     35207.2421875000
600.597595     35193.4453125000
600.936829     35057.7773437500
601.276001     35857.9921875000
601.615051     34970.3984375000
601.954163     35359.0078125000
602.293091     35239.4335937500
602.632141     35531.4687500000
602.971069     35880.9882812500
603.309998     36009.7578125000
603.648865     36467.3554687500
603.987610     36471.9531250000
604.326416     36370.7773437500
604.665100     36175.3203125000
605.003845     36170.7226562500
605.342407     35763.7148437500
605.680969     35938.4765625000
606.019592     35786.7109375000
606.358093     35814.3046875000
606.696533     35416.4960937500
607.034973     35570.5585937500
607.373291     35280.8242187500
607.711609     34476.0117187500
608.049927     34901.4140625000
608.388245     34956.6015625000
608.726379     34871.5195312500
609.064575     34609.3789062500
609.402710     34466.8125000000
609.740723     33990.8203125000
610.078796     34126.4882812500
610.416748     33864.3515625000
610.754761     34551.8945312500
611.092590     34551.8945312500
611.430481     34745.0468750000
611.768311     34471.4101562500
612.106018     34436.9179687500
612.443787     34110.3945312500
612.781494     34085.0976562500
613.119141     33783.8671875000
613.456726     33082.5273437500
613.794250     32951.4609375000
614.131775     32733.0097656250
614.469299     33068.7304687500
614.806763     32861.7812500000
615.144043     32756.0039062500
615.481384     32424.8789062500
615.818726     32243.2207031250
616.156006     31677.5507812500
616.493225     31640.7597656250
616.830322     31454.5019531250
617.167480     31679.8496093750
617.504578     31390.1171875000
617.841614     31357.9238281250
618.178528     31511.9882812500
618.515503     31999.4765625000
618.852478     31999.4765625000
619.189270     31739.6367187500
619.526184     31574.0742187500
619.862854     31495.8925781250
620.199646     31810.9199218750
620.536316     31509.6894531250
620.872986     31477.4960937500
621.209595     31392.4160156250
621.546143     31104.9824218750
621.882629     31029.0996093750
622.219116     30504.8183593750
622.555542     30776.1562500000
622.892029     30224.2832031250
623.228333     30056.4218750000
623.564636     29472.3554687500
623.900818     29727.5976562500
624.237061     29065.3476562500
624.573242     29019.3593750000
624.909363     28621.5507812500
625.245483     28513.4746093750
625.581482     28536.4687500000
625.917480     28580.1601562500
626.253418     28205.3457031250
626.589355     28265.1308593750
626.925171     27464.9140625000
627.261047     26938.3359375000
627.596863     26441.6484375000
627.932556     26214.0000000000
628.268250     25761.0039062500
628.603882     25586.2441406250
628.939514     25993.2519531250
629.275024     25694.3203125000
629.610596     25294.2109375000
629.946045     25399.9863281250
630.281494     25623.0371093750
630.616882     26119.7226562500
630.952209     25832.2890625000
631.287537     25634.5332031250
631.622803     25537.9550781250
631.958008     25027.4726562500
632.293213     25376.9921875000
632.628296     25082.6601562500
632.963379     25324.1054687500
633.298401     25112.5527343750
633.633423     25029.7714843750
633.968384     24969.9863281250
634.303284     25110.2539062500
634.638123     24832.0175781250
634.972900     24937.7929687500
635.307739     25029.7714843750
635.642456     24852.7128906250
635.977112     24707.8457031250
636.311829     24855.0117187500
636.646362     24834.3164062500
636.980957     24988.3808593750
637.315430     24533.0859375000
637.649963     24875.7070312500
637.984436     24528.4863281250
638.318726     24519.2890625000
638.653137     24705.5468750000
638.987366     24024.9023437500
639.321655     24374.4218750000
639.655823     24178.9667968750
639.990051     24043.2968750000
640.324158     23951.3183593750
640.658203     23758.1621093750
640.992249     23574.2050781250
641.326172     23279.8730468750
641.660156     23215.4863281250
641.994019     23450.0332031250
642.327942     23337.3593750000
642.661804     23390.2480468750
642.995483     23192.4921875000
643.329224     22976.3417968750
643.662964     22964.8437500000
643.996582     22672.8105468750
644.330200     22764.7910156250
644.663696     22217.5156250000
644.997253     22304.8945312500
645.330688     22272.7031250000
645.664124     21690.9355468750
645.997437     21346.0156250000
646.330811     20722.8574218750
646.664124     20352.6425781250
646.997375     19683.4960937500
647.330566     19223.6015625000
647.663696     19198.3066406250
647.996826     18761.4062500000
648.329895     19000.5507812500
648.662903     18260.1210937500
648.995911     18414.1855468750
649.328796     18720.0156250000
649.661682     18529.1601562500
649.994568     18959.1621093750
650.327393     19333.9746093750
650.660095     19071.8359375000
650.992859     18890.1777343750
651.325500     19191.4082031250
651.658142     18549.8554687500
651.990723     18549.8554687500
652.323242     18628.0371093750
652.655762     18798.1972656250
652.988220     18844.1875000000
653.320618     19039.6425781250
653.652954     18901.6738281250
653.985291     18966.0605468750
654.317566     18963.7597656250
654.649780     18273.9179687500
654.981995     17984.1835937500
655.314148     17476.0000000000
655.646240     17000.0097656250
655.978271     16376.8525390625
656.310303     15898.5615234375
656.642273     15827.2783203125
656.974182     15806.5830078125
657.306091     16257.2792968750
657.637939     16735.5703125000
657.969666     17110.3847656250
658.301453     17471.4023437500
658.633179     17457.6054687500
658.964844     17970.3867187500
659.296448     17908.3007812500
659.627991     18039.3710937500
659.959534     17963.4882812500
660.291016     17940.4941406250
660.622437     18037.0722656250
660.953796     18133.6503906250
661.285156     18271.6191406250
661.616516     18322.2070312500
661.947754     18273.9179687500
662.278931     18306.1113281250
662.610107     18211.8320312500
662.941284     17609.3691406250
663.272339     17722.0449218750
663.603394     17777.2324218750
663.934387     17648.4609375000
664.265320     17538.0859375000
664.596252     17549.5839843750
664.927063     17262.1503906250
665.257935     17512.7929687500
665.588684     17365.6250000000
665.919434     17128.7792968750
666.250061     17055.1972656250
666.580688     17032.2031250000
666.911316     16986.2128906250
667.241821     16668.8847656250
667.572327     16634.3925781250
667.902832     16689.5800781250
668.233276     16409.0449218750
668.563660     16758.5644531250
668.893982     16712.5761718750
669.224243     16349.2587890625
669.554504     16496.4238281250
669.884705     16505.6230468750
670.214844     16333.1621093750
670.544922     16450.4355468750
670.875000     16367.6542968750
671.205078     16029.6318359375
671.534973     15719.2031250000
671.864929     15551.3408203125
672.194824     15491.5546875000
672.524658     15427.1699218750
672.854431     15551.3408203125
673.184204     15535.2451171875
673.513916     15337.4902343750
673.843567     15139.7353515625
674.173218     15185.7246093750
674.502747     15125.9384765625
674.832275     14831.6054687500
675.161804     15206.4199218750
675.491211     14914.3867187500
675.820679     14758.0224609375
676.149963     14560.2675781250
676.479248     14500.4814453125
676.808533     14449.8935546875
677.137756     14270.5341796875
677.466919     14351.0156250000
677.796021     14272.8339843750
678.125122     14146.3623046875
678.454163     14311.9248046875
678.783142     14272.8339843750
679.112122     14362.5126953125
679.440979     14118.7685546875
679.769897     13886.5224609375
680.098694     13946.3085937500
680.427490     13709.4628906250
680.756165     13582.9912109375
681.084900     16330.8623046875
681.413513     13477.2158203125
681.742065     13376.0390625000
682.070679     13518.6064453125
682.399170     13155.2890625000
682.727600     12939.1386718750
683.056030     13077.1074218750
683.384399     13008.1230468750
683.712708     12812.6679687500
684.040955     12762.0791015625
684.369263     12594.2177734375
684.697388     12279.1894531250
685.025574     12493.0410156250
685.353638     12389.5644531250
685.681702     12511.4365234375
686.009766     12155.0185546875
686.337708     11598.5458984375
686.665588     10520.0927734375
686.993469      9637.0947265625
687.321289      8917.3593750000
687.649048      8850.6748046875
687.976807      8818.4814453125
688.304565      8949.5517578125
688.632141      8896.6640625000
688.959839      8889.7656250000
689.287354      8984.0439453125
689.614868      9119.7128906250
689.942383      9200.1943359375
690.269775      9193.2958984375
690.597168      9211.6914062500
690.924500      9588.8056640625
691.251770      9287.5742187500
691.578979      9460.0351562500
691.906250      9326.6660156250
692.233398      9282.9755859375
692.560486      9117.4130859375
692.887573      8997.8408203125
693.214539      8600.0322265625
693.541565      8234.4160156250
693.868469      8271.2070312500
694.195374      8259.7099609375
694.522217      8073.4521484375
694.849060      8197.6240234375
695.175781      8110.2441406250
695.502441      8287.3037109375
695.829163      8358.5869140625
696.155823      8503.4541015625
696.482300      8765.5937500000
696.808899      8850.6748046875
697.135315      9082.9208984375
697.461792      8984.0439453125
697.788147      9108.2158203125
698.114563      9059.9267578125
698.440857      8887.4658203125
698.767029      8577.0371093750
699.093323      8482.7587890625
699.419495      8121.7412109375
699.745605      8158.5327148438
700.071655      7997.5698242188
700.397705      7829.7080078125
700.723694      7666.4453125000
701.049622      7677.9428710938
701.375549      7537.6748046875
701.701355      7537.6748046875
702.027222      7648.0498046875
702.352905      7491.6855468750
702.678711      7627.3544921875
703.004395      7802.1142578125
703.329956      7864.2001953125
703.655579      7843.5048828125
703.981018      7804.4140625000
704.306580      7675.6435546875
704.632080      7866.4995117188
704.957397      7891.7939453125
705.282776      7940.0830078125
705.608093      7726.2319335938
705.933350      7680.2421875000
706.258545      7707.8359375000
706.583740      7666.4453125000
706.908875      7889.4946289063
707.233948      7636.5522460938
707.559021      7799.8149414063
707.883972      7597.4614257813
708.208984      7799.8149414063
708.533813      7868.7993164063
708.858704      7740.0288085938
709.183533      7654.9482421875
709.508240      7592.8623046875
709.833008      7682.5419921875
710.157654      7620.4560546875
710.482300      7696.3388671875
710.806885      7857.3017578125
711.131409      7684.8413085938
711.455933      7434.1987304688
711.780334      7480.1879882813
712.104797      7402.0058593750
712.429138      7326.1235351563
712.753479      7638.8520507813
713.077759      7376.7119140625
713.401917      7130.6679687500
713.726135      7323.8237304688
714.050232      7227.2460937500
714.374329      7130.6679687500
714.698364      7059.3842773438
715.022339      6960.5068359375
715.346313      6905.3198242188
715.670166      6719.0625000000
715.994080      6404.0346679688
716.317871      6192.4829101563
716.641663      5553.2290039063
716.965393      5079.5375976563
717.289001      4799.0019531250
717.612732      4578.2524414063
717.936279      4247.1279296875
718.259827      4072.3679199219
718.583313      3865.4152832031
718.906738      3778.0354003906
719.230225      3656.1633300781
719.553528      3559.5854492188
719.876892      3573.3823242188
720.200134      3525.0932617188
720.523315      3525.0932617188
720.846497      3899.9074707031
721.169617      4058.5712890625
721.492737      4490.8720703125
721.815735      4571.3540039063
722.138733      4874.8842773438
722.461670      4989.8579101563
722.784607      4955.3657226563
723.107544      4838.0927734375
723.430298      4421.8881835938
723.753113      4366.7006835938
724.075745      4196.5395507813
724.398438      4090.7639160156
724.721008      4005.6833496094
725.043640      3817.1264648438
725.366211      3870.0144042969
725.688660      3876.9128417969
726.011169      3759.6396484375
726.333496      3720.5485839844
726.655884      3796.4311523438
726.978149      3929.8007812500
727.300476      3669.9602050781
727.622681      3729.7463378906
727.944824      3656.1633300781
728.266968      4012.5817871094
728.589050      3984.9880371094
728.911133      3952.7954101563
729.233032      3674.5590820313
729.554993      3607.8742675781
729.876953      3784.9338378906
730.198792      3722.8479003906
730.520569      3768.8374023438
730.842346      3663.0617675781
731.164063      3766.5380859375
731.485718      3621.6711425781
731.807373      3925.2016601563
732.128967      4122.9565429688
732.450439      4233.3310546875
732.771973      4247.1279296875
733.093323      4304.6147460938
733.414795      4525.3642578125
733.736145      4730.0175781250
734.057373      4803.6005859375
734.378662      4918.5742187500
734.699890      4923.1733398438
735.021057      4833.4936523438
735.342163      4661.0332031250
735.663269      4782.9052734375
735.984314      4575.9526367188
736.305237      4603.5463867188
736.626160      4596.6479492188
736.947083      4435.6850585938
737.267883      4493.1718750000
737.588745      4658.7338867188
737.909485      4709.3222656250
738.230225      4810.4990234375
738.550781      4755.3115234375
738.871460      4564.4555664063
739.192017      4700.1245117188
739.512573      4713.9213867188
739.833069      4734.6166992188
740.153442      4734.6166992188
740.473877      4826.5952148438
740.794128      4746.1137695313
741.114441      4649.5361328125
741.434692      4766.8090820313
741.754883      4753.0122070313
742.075073      4727.7182617188
742.395142      4753.0122070313
742.715210      5010.5532226563
743.035217      4716.2207031250
743.355225      4828.8950195313
743.675049      4909.3764648438
743.994995      4856.4887695313
744.314880      4996.7563476563
744.634583      4844.9912109375
744.954407      4867.9858398438
745.273987      4734.6166992188
745.593689      4766.8090820313
745.913330      4897.8789062500
746.232849      4787.5043945313
746.552368      4743.8144531250
746.871826      4619.6425781250
747.191223      4750.7128906250
747.510559      4658.7338867188
747.829956      4587.4501953125
748.149231      4520.7656250000
748.468384      4341.4062500000
748.787659      4493.1718750000
749.106750      4552.9580078125
749.425842      4410.3906250000
749.744873      4451.7812500000
750.063904      4424.1875000000
750.382874      4325.3100585938
750.701721      4290.8178710938
751.020630      4398.8930664063
751.339417      4304.6147460938
751.658203      4279.3208007813
751.976990      4212.6357421875
752.295593      4201.1386718750
752.614258      4212.6357421875
752.932800      4180.4433593750
753.251404      4242.5292968750
753.569824      4231.0317382813
753.888306      4136.7534179688
754.206726      4182.7426757813
754.525024      4127.5551757813
754.843323      4044.7744140625
755.161621      4040.1752929688
755.479797      3984.9880371094
755.797974      3941.2980957031
756.116089      4049.3732910156
756.434204      3998.7849121094
756.752197      3971.1911621094
757.070190      3909.1054687500
757.388123      3913.7043457031
757.705994      3865.4152832031
758.023865      3872.3137207031
758.341675      3771.1369628906
758.659363      3863.1159667969
758.977112      3709.0512695313
759.294739      3341.1354980469
759.612305      3026.1074218750
759.929932      2299.4738769531
760.247498      2009.7401123047
760.564880      1715.4074707031
760.882385      1533.7490234375
761.199707      1536.0484619141
761.517090      1453.2674560547
761.834290      1683.2148437500
762.151611      1731.5037841797
762.468811      1788.9906005859
762.785889      1713.1079101563
763.103027      1715.4074707031
763.420044      1655.6210937500
763.737061      1793.5894775391
764.054077      1694.7121582031
764.370972      1759.0974121094
764.687805      1892.4669189453
765.004639      2032.7348632813
765.321411      2081.0236816406
765.638123      2129.3127441406
765.954834      2156.9064941406
766.271484      2389.1533203125
766.588074      2469.6347656250
766.904602      2658.1916503906
767.221069      2752.4702148438
767.537537      2881.2407226563
767.853882      2920.3317871094
768.170288      2892.7380371094
768.486572      3044.5031738281
768.802856      3136.4821777344
769.119080      3124.9848632813
769.435181      3145.6801757813
769.751343      3033.0058593750
770.067322      3129.5837402344
770.383423      3219.2631835938
770.699402      3244.5573730469
771.015320      3092.7922363281
771.331238      3005.4121093750
771.647095      3143.3806152344
771.962891      3092.7922363281
772.278625      3039.9042968750
772.594299      3164.0759277344
772.909973      2954.8237304688
773.225586      3067.4980468750
773.541138      3170.9743652344
773.856567      3141.0810546875
774.172119      2982.4174804688
774.487549      2961.7221679688
774.802856      3026.1074218750
775.118286      3005.4121093750
775.433472      3003.1127929688
775.748718      2901.9357910156
776.063904      2872.0427246094
776.379028      2867.4438476563
776.694153      2977.8186035156
777.009155      2897.3369140625
777.324158      2761.6679687500
777.639099      2851.3474121094
777.954041      2727.1757812500
778.268921      2759.3684082031
778.583740      2803.0585937500
778.898499      2724.8764648438
779.213196      2635.1970214844
779.527832      2839.8500976563
779.842468      2780.0637207031
780.157043      2782.3632812500
780.471619      2720.2773437500
780.786072      2605.3037109375
781.100525      2563.9133300781
781.414856      2619.1005859375
781.729248      2635.1970214844
782.043457      2600.7048339844
782.357788      2676.5874023438
782.671997      2540.9184570313
782.986084      2490.3300781250
783.300293      2577.7102050781
783.614258      2428.2443847656
783.928345      2419.0463867188
784.242249      2506.4265136719
784.556213      2524.8222656250
784.870117      2331.6665039063
785.183899      2389.1533203125
785.497681      2407.5490722656
785.811340      2379.9553222656
786.125061      2400.6506347656
786.438721      2322.4685058594
786.752258      2292.5754394531
787.065857      2138.5104980469
787.379333      2120.1147460938
787.692810      2241.9868164063
788.006165      2133.9116210938
788.319519      2092.5212402344
788.632874      2092.5212402344
788.946106      2009.7401123047
789.259338      2115.5158691406
789.572449      2005.1411132813
789.885559      2023.5368652344
790.198608      1986.7453613281
790.511719      1975.2479248047
790.824707      1959.1516113281
791.137573      1970.6490478516
791.450500      1970.6490478516
791.763306      2028.1358642578
792.076111      1968.3494873047
792.388855      1943.0552978516
792.701538      1961.4511718750
793.014221      1952.2531738281
793.326782      1901.6647949219
793.639343      1933.8574218750
793.951843      1899.3653564453
794.264282      1968.3494873047
794.576721      1903.9642333984
794.889099      1933.8574218750
795.201416      1913.1621093750
795.513611      1862.5737304688
795.825867      1926.9589843750
796.138000      1860.2742919922
796.450195      1775.1937255859
796.762268      1697.0115966797
797.074280      1857.9748535156
797.386292      1793.5894775391
797.698181      1885.5684814453
798.010071      1754.4985351563
798.321960      1644.1237792969
798.633728      1749.8995361328
798.945496      1763.6964111328
799.257202      1747.6000976563
799.568787      1775.1937255859
799.880432      1740.7016601563
800.192017      1664.8189697266
800.503540      1724.6053466797
800.815002      1736.1026611328
801.126404      1609.6315917969
801.437744      1784.3916015625
801.749084      1713.1079101563
802.060364      1715.4074707031
802.371582      1570.5405273438
802.682800      1690.1131591797
802.993835      1625.7279052734
803.304993      1644.1237792969
803.615967      1680.9152832031
803.927002      1618.8295898438
804.237976      1625.7279052734
804.548828      1683.2148437500
804.859741      1586.6368408203
805.170471      1575.1395263672
805.481201      1632.6263427734
805.791931      1540.6474609375
806.102600      1545.2463378906
806.413208      1559.0432128906
806.723755      1607.3321533203
807.034241      1536.0484619141
807.344727      1706.2094726563
807.655151      1515.3531494141
807.965515      1655.6210937500
808.275879      1515.3531494141
808.586182      1536.0484619141
808.896362      1510.7542724609
809.206604      1522.2515869141
809.516663      1552.1447753906
809.826782      1480.8610839844
810.136780      1414.1763916016
810.446777      1586.6368408203
810.756775      1462.4653320313
811.066650      1526.8505859375
811.376465      1439.4705810547
811.686279      1444.0695800781
811.996033      1487.7595214844
812.305786      1427.9732666016
812.615417      1430.2727050781
812.924988      1386.5826416016
813.234558      1273.9084472656
813.544128      1186.5284423828
813.853516      1232.5179443359
814.162964      1209.5231933594
814.472351      1276.2078857422
814.781616      1154.3358154297
815.090942      1239.4163818359
815.400146      1175.0311279297
815.709351      1172.7315673828
816.018433      1186.5284423828
816.327515      1112.9453125000
816.636597      1124.4426269531
816.945557      1145.1379394531
817.254578      1133.6406250000
817.563416      1188.8278808594
817.872253      1046.2606201172
818.181091      1048.5600585938
818.489807      1117.5441894531
818.798523      1158.9348144531
819.107178      1165.8332519531
819.415833      1112.9453125000
819.724365      1172.7315673828
820.032837      1076.1536865234
820.341370      1198.0258789063
820.649719      1257.8121337891
820.958130      1230.2185058594
821.266357      1214.1221923828
821.574707      1177.3305664063
821.882874      1154.3358154297
822.191040      1202.6247558594
822.499207      1209.5231933594
822.807251      1172.7315673828
823.115356      1115.2447509766
823.423279      1106.0468750000
823.731262      1030.1643066406
824.039124      1092.2500000000
824.346985      1115.2447509766
824.654846      1179.6300048828
824.962524      1407.2779541016
825.270264      1177.3305664063
825.577820      1140.5389404297
825.885437      1239.4163818359
826.193054      1181.9295654297
826.500488      1110.6458740234
826.807983      1269.3095703125
827.115356      1244.0152587891
827.422729      1202.6247558594
827.729980      1108.3463134766
828.037292      1087.6511230469
828.344543      1039.3621826172
828.651733      1108.3463134766
828.958862      1115.2447509766
829.265869      1099.1484375000
829.572937      1168.1326904297
829.879883      1106.0468750000
830.186829      1092.2500000000
830.493713      1073.8542480469
830.800537      1170.4321289063
831.107361      1117.5441894531
831.414063      1115.2447509766
831.720764      1126.7421875000
832.027405      1117.5441894531
832.333984      1145.1379394531
832.640564      1168.1326904297
832.947021      1140.5389404297
833.253479      1060.0573730469
833.559814      1172.7315673828
833.866211      1106.0468750000
834.172546      1106.0468750000
834.478760      1129.0416259766
834.784973      1193.4268798828
835.091125      1043.9610595703
835.397278      1188.8278808594
835.703247      1112.9453125000
836.009277      1094.5495605469
836.315247      1129.0416259766
836.621155      1264.7105712891
836.927063      1175.0311279297
837.232849      1230.2185058594
837.538635      1221.0205078125
837.844421      1163.5336914063
838.150085      1117.5441894531
838.455688      1147.4373779297
838.761292      1094.5495605469
839.066833      1085.3515625000
839.372253      1269.3095703125
839.677734      1184.2290039063
839.983093      1094.5495605469
840.288391      1135.9400634766
840.593689      1163.5336914063
840.898926      1177.3305664063
841.204102      1191.1274414063
841.509277      1140.5389404297
841.814392      1145.1379394531
842.119446      1186.5284423828
842.424438      1175.0311279297
842.729370      1142.8385009766
843.034241      1211.8226318359
843.339111      1165.8332519531
843.643982      1149.7369384766
843.948669      1073.8542480469
844.253479      1101.4478759766
844.558105      1080.7526855469
844.862671      1027.8647460938
845.167236      1131.3410644531
845.471741      1083.0521240234
845.776245      1126.7421875000
846.080627      1055.4584960938
846.385071      1108.3463134766
846.689331      1119.8437500000
846.993591      1124.4426269531
847.297791      1147.4373779297
847.601990      1062.3569335938
847.906128      1149.7369384766
848.210205      1099.1484375000
848.514282      1099.1484375000
848.818237      1094.5495605469
849.122131      1140.5389404297
849.426025      1145.1379394531
849.729919      1043.9610595703
850.033691      1092.2500000000
850.337402      1168.1326904297
850.641113      1106.0468750000
850.944702      1133.6406250000
851.248352      1106.0468750000
851.551941      1129.0416259766
851.855347      1156.6352539063
852.158813       954.2816162109
852.462219      1043.9610595703
852.765564      1124.4426269531
853.068848      1131.3410644531
853.372070      1011.7684326172
853.675354      1027.8647460938
853.978455      1018.6668701172
854.281555      1048.5600585938
854.584656      1000.2710571289
854.887634      1011.7684326172
855.190552      1112.9453125000
855.493530      1094.5495605469
855.796387      1101.4478759766
856.099182      1030.1643066406
856.401978      1023.2658081055
856.704651       974.9768676758
857.007324      1050.8594970703
857.309998       970.3779296875
857.612549       977.2763671875
857.915100       972.6774291992
858.217529      1000.2710571289
858.519958      1039.3621826172
858.822266      1025.5653076172
859.124634      1025.5653076172
859.426941      1014.0679321289
859.729187      1039.3621826172
860.031372      1117.5441894531
860.333435      1016.3674316406
860.635559      1027.8647460938
860.937622       984.1747436523
861.239563       984.1747436523
861.541504      1087.6511230469
861.843384      1011.7684326172
862.145264       928.9874267578
862.446960       984.1747436523
862.748779      1000.2710571289
863.050476      1030.1643066406
863.352051      1002.5705566406
863.653748      1080.7526855469
863.955200       974.9768676758
864.256714      1048.5600585938
864.558167       896.7947387695
864.859619      1092.2500000000
865.160950       988.7737426758
865.462219      1018.6668701172
865.763489      1037.0626220703
866.064697      1025.5653076172
866.365845       901.3937377930
866.666931       977.2763671875
866.967957       933.5863647461
867.269043       988.7737426758
867.570007       995.6721191406
867.870911       942.7842407227
868.171692      1007.1694946289
868.472595       947.3831787109
868.773254       951.9821166992
869.074036       984.1747436523
869.374695      1053.1589355469
869.675293      1060.0573730469
869.975891       951.9821166992
870.276367       965.7789916992
870.576843      1014.0679321289
870.877319       942.7842407227
871.177612       910.5916137695
871.477966      1004.8700561523
871.778198      1007.1694946289
872.078491       991.0731811523
872.378601       954.2816162109
872.678711       979.5758056641
872.978882       954.2816162109
873.278870       903.6931762695
873.578857       997.9716186523
873.878784      1023.2658081055
874.178650       981.8753051758
874.478394       928.9874267578
874.778259       958.8805541992
875.078003       965.7789916992
875.377625       880.6984252930
875.677307       901.3937377930
875.976868       942.7842407227
876.276428       954.2816162109
876.575928      1037.0626220703
876.875366       922.0889892578
877.174744       949.6826782227
877.474060      1089.9505615234
877.773376       928.9874267578
878.072571       954.2816162109
878.371826      1032.4637451172
878.670959       984.1747436523
878.970032       991.0731811523
879.269043       951.9821166992
879.567993       977.2763671875
879.867004       965.7789916992
880.165894       956.5810546875
880.464722       850.8052978516
880.763550       871.5005493164
881.062256       823.2116088867
881.361023       853.1047363281
881.659607       954.2816162109
881.958252       896.7947387695
882.256836       903.6931762695
882.555298       986.4742431641
882.853760       947.3831787109
883.152100       981.8753051758
883.450500      1018.6668701172
883.748779       905.9926757813
884.047058       896.7947387695
884.345276       894.4953002930
884.643372       807.1152954102
884.941528       912.8911132813
885.239502       958.8805541992
885.537598       878.3989868164
885.835510       903.6931762695
886.133423       933.5863647461
886.431335       931.2868652344
886.729065       876.0994873047
887.026855       864.6021118164
887.324524       871.5005493164
887.622253       887.5968627930
887.919800       903.6931762695
888.217407       915.1905517578
888.514954       963.4794921875
888.812317       903.6931762695
889.109802       880.6984252930
889.407166       889.8963623047
889.704407       928.9874267578
890.001770       931.2868652344
890.298889       938.1853027344
890.596130       947.3831787109
890.893188       917.4900512695
891.190308       949.6826782227
891.487244       825.5111083984
