0.017100
190.260635         0.0000000000
190.642441         0.0000000000
191.024216      1353.3426513672
191.405975      1312.9443359375
191.787704      1369.0529785156
192.169403      1391.4965820313
192.551071      1411.6956787109
192.932724      1312.9443359375
193.314331      1371.2973632813
193.695923      1362.3199462891
194.077499      1373.5417480469
194.459030      1413.9400634766
194.840546      1409.4512939453
195.222031      1355.5869140625
195.603485      1371.2973632813
195.984909      1355.5869140625
196.366302      1402.7182617188
196.747681      1364.5643310547
197.129028      1387.0078125000
197.510345      1366.8087158203
197.891647      1353.3426513672
198.272919      1393.7408447266
198.654175      1342.1208496094
199.035355      1413.9400634766
199.416550      1371.2973632813
199.797714      1360.0756835938
200.178848      1360.0756835938
200.559937      1389.2521972656
200.941025      1382.5191650391
201.322083      1308.4555664063
201.703079      1366.8087158203
202.084091      1387.0078125000
202.465057      1344.3652343750
202.845993      1306.2113037109
203.226898      1328.6547851563
203.607788      1339.8764648438
203.988647      1357.8312988281
204.369461      1297.2338867188
204.750275      1299.4782714844
205.131042      1342.1208496094
205.511795      1411.6956787109
205.892517      1328.6547851563
206.273209      1373.5417480469
206.653870      1319.6773681641
207.034515      1274.7904052734
207.415115      1348.8538818359
207.795700      1326.4104003906
208.176254      1355.5869140625
208.556778      1308.4555664063
208.937271      1366.8087158203
209.317749      1326.4104003906
209.698196      1351.0982666016
210.078613      1326.4104003906
210.459000      1371.2973632813
210.839371      1337.6322021484
211.219696      1294.9895019531
211.600006      1346.6094970703
211.980286      1328.6547851563
212.360535      1319.6773681641
212.740768      1339.8764648438
213.120956      1416.1843261719
213.501129      1362.3199462891
213.881256      1339.8764648438
214.261383      1418.4287109375
214.641464      1380.2747802734
215.021530      1344.3652343750
215.401550      1315.1885986328
215.781570      1333.1434326172
216.161530      1306.2113037109
216.541504      1375.7861328125
216.921402      1317.4329833984
217.301315      1371.2973632813
217.681152      1384.7634277344
218.061005      1360.0756835938
218.440811      1393.7408447266
218.820587      1315.1885986328
219.200348      1353.3426513672
219.580078      1326.4104003906
219.959763      1384.7634277344
220.339432      1317.4329833984
220.719070      1281.5234375000
221.098694      1355.5869140625
221.478271      1422.9173583984
221.857819      1371.2973632813
222.237366      1382.5191650391
222.616867      1333.1434326172
222.996338      1353.3426513672
223.375778      1335.3878173828
223.755188      1272.5460205078
224.134583      1353.3426513672
224.513947      1364.5643310547
224.893265      1427.4061279297
225.272583      1348.8538818359
225.651855      1398.2296142578
226.031097      1353.3426513672
226.410339      1310.6999511719
226.789520      1373.5417480469
227.168686      1333.1434326172
227.547806      1301.7225341797
227.926926      1357.8312988281
228.306015      1346.6094970703
228.685059      1364.5643310547
229.064087      1335.3878173828
229.443069      1294.9895019531
229.822037      1353.3426513672
230.200989      1360.0756835938
230.579895      1333.1434326172
230.958786      1395.9852294922
231.337631      1283.7678222656
231.716461      1265.8129882813
232.095261      1333.1434326172
232.474030      1371.2973632813
232.852783      1404.9626464844
233.231476      1351.0982666016
233.610184      1364.5643310547
233.988831      1330.8990478516
234.367462      1400.4738769531
234.746048      1387.0078125000
235.124649      1348.8538818359
235.503159      1299.4782714844
235.881683      1321.9217529297
236.260162      1364.5643310547
236.638641      1335.3878173828
237.017075      1315.1885986328
237.395477      1351.0982666016
237.773834      1373.5417480469
238.152176      1299.4782714844
238.530502      1353.3426513672
238.908783      1310.6999511719
239.287048      1380.2747802734
239.665268      1306.2113037109
240.043472      1324.1660156250
240.421661      1360.0756835938
240.799805      1360.0756835938
241.177902      1400.4738769531
241.556000      1380.2747802734
241.934052      1355.5869140625
242.312088      1380.2747802734
242.690094      1290.5008544922
243.068054      1286.0120849609
243.446014      1346.6094970703
243.823929      1369.0529785156
244.201813      1301.7225341797
244.579666      1310.6999511719
244.957504      1301.7225341797
245.335297      1326.4104003906
245.713074      1283.7678222656
246.090820      1330.8990478516
246.468536      1310.6999511719
246.846207      1346.6094970703
247.223862      1324.1660156250
247.601501      1360.0756835938
247.979095      1387.0078125000
248.356674      1393.7408447266
248.734222      1346.6094970703
249.111725      1328.6547851563
249.489212      1400.4738769531
249.866669      1389.2521972656
250.244095      1308.4555664063
250.621506      1339.8764648438
250.998871      1308.4555664063
251.376221      1321.9217529297
251.753510      1351.0982666016
252.130814      1364.5643310547
252.508057      1393.7408447266
252.885284      1306.2113037109
253.262466      1319.6773681641
253.639648      1371.2973632813
254.016769      1312.9443359375
254.393906      1398.2296142578
254.770966      1360.0756835938
255.148026      1402.7182617188
255.525040      1391.4965820313
255.902054      1339.8764648438
256.278992      1342.1208496094
256.655945      1344.3652343750
257.032837      1351.0982666016
257.409729      1306.2113037109
257.786591      1308.4555664063
258.163391      1346.6094970703
258.540161      1324.1660156250
258.916962      1330.8990478516
259.293701      1346.6094970703
259.670380      1335.3878173828
260.047058      1389.2521972656
260.423706      1416.1843261719
260.800323      1353.3426513672
261.176880      1299.4782714844
261.553436      1324.1660156250
261.929962      1384.7634277344
262.306488      1339.8764648438
262.682953      1470.0487060547
263.059387      1303.9669189453
263.435791      1274.7904052734
263.812195      1357.8312988281
264.188507      1445.3609619141
264.564850      1288.2564697266
264.941132      1351.0982666016
265.317413      1335.3878173828
265.693634      1312.9443359375
266.069885      1362.3199462891
266.446045      1380.2747802734
266.822174      1317.4329833984
267.198273      1292.7451171875
267.574371      1339.8764648438
267.950439      1324.1660156250
268.326447      1337.6322021484
268.702454      1335.3878173828
269.078430      1416.1843261719
269.454376      1355.5869140625
269.830292      1310.6999511719
270.206146      1312.9443359375
270.582001      1362.3199462891
270.957825      1384.7634277344
271.333618      1337.6322021484
271.709381      1351.0982666016
272.085144      1380.2747802734
272.460815      1488.0035400391
272.836487      1348.8538818359
273.212128      1413.9400634766
273.587769      1333.1434326172
273.963348      1357.8312988281
274.338898      1272.5460205078
274.714447      1319.6773681641
275.089935      1310.6999511719
275.465393      1346.6094970703
275.840820      1319.6773681641
276.216278      1369.0529785156
276.591644      1330.8990478516
276.966949      1274.7904052734
277.342285      1348.8538818359
277.717590      1371.2973632813
278.092834      1398.2296142578
278.468048      1261.3242187500
278.843262      1380.2747802734
279.218445      1384.7634277344
279.593567      1380.2747802734
279.968658      1344.3652343750
280.343781      1360.0756835938
280.718811      1384.7634277344
281.093842      1400.4738769531
281.468811      1344.3652343750
281.843781      1297.2338867188
282.218719      1290.5008544922
282.593628      1324.1660156250
282.968506      1378.0303955078
283.343353      1387.0078125000
283.718170      1326.4104003906
284.092896      1317.4329833984
284.467682      1362.3199462891
284.842407      1353.3426513672
285.217102      1299.4782714844
285.591766      1317.4329833984
285.966400      1330.8990478516
286.340973      1373.5417480469
286.715576      1344.3652343750
287.090118      1326.4104003906
287.464630      1351.0982666016
287.839081      1335.3878173828
288.213562      1324.1660156250
288.587982      1384.7634277344
288.962372      1310.6999511719
289.336731      1312.9443359375
289.711060      1395.9852294922
290.085327      1373.5417480469
290.459625      1324.1660156250
290.833862      1348.8538818359
291.208069      1344.3652343750
291.582275      1339.8764648438
291.956421      1306.2113037109
292.330505      1339.8764648438
292.704620      1344.3652343750
293.078705      1351.0982666016
293.452698      1371.2973632813
293.826691      1373.5417480469
294.200684      1371.2973632813
294.574615      1339.8764648438
294.948517      1369.0529785156
295.322388      1312.9443359375
295.696259      1326.4104003906
296.070068      1346.6094970703
296.443848      1346.6094970703
296.817596      1364.5643310547
297.191345      1357.8312988281
297.565063      1344.3652343750
297.938690      1382.5191650391
298.312317      1373.5417480469
298.685913      1393.7408447266
299.059540      1342.1208496094
299.433044      1404.9626464844
299.806549      1315.1885986328
300.180054      1344.3652343750
300.553528      1337.6322021484
300.926910      1317.4329833984
301.300323      1357.8312988281
301.673676      1306.2113037109
302.046997      1362.3199462891
302.420319      1328.6547851563
302.793579      1315.1885986328
303.166809      1357.8312988281
303.540039      1324.1660156250
303.913208      1407.2070312500
304.286377      1360.0756835938
304.659454      1413.9400634766
305.032593      1312.9443359375
305.405609      1369.0529785156
305.778656      1339.8764648438
306.151611      1337.6322021484
306.524597      1315.1885986328
306.897522      1310.6999511719
307.270416      1369.0529785156
307.643280      1413.9400634766
308.016144      1270.3016357422
308.388916      1312.9443359375
308.761749      1324.1660156250
309.134460      1355.5869140625
309.507202      1364.5643310547
309.879913      1290.5008544922
310.252563      1339.8764648438
310.625153      1369.0529785156
310.997742      1344.3652343750
311.370361      1312.9443359375
311.742859      1277.0346679688
312.115356      1382.5191650391
312.487823      1301.7225341797
312.860291      1348.8538818359
313.232697      1362.3199462891
313.605042      1362.3199462891
313.977386      1366.8087158203
314.349731      1328.6547851563
314.721985      1353.3426513672
315.094269      1303.9669189453
315.466492      1308.4555664063
315.838684      1342.1208496094
316.210846      1362.3199462891
316.582977      1407.2070312500
316.955048      1351.0982666016
317.327148      1389.2521972656
317.699158      1351.0982666016
318.071167      1321.9217529297
318.443176      1398.2296142578
318.815125      1321.9217529297
319.187012      1389.2521972656
319.558868      1308.4555664063
319.930756      1277.0346679688
320.302582      1369.0529785156
320.674347      1277.0346679688
321.046112      1301.7225341797
321.417847      1445.3609619141
321.789581      1256.8355712891
322.161224      1306.2113037109
322.532867      1384.7634277344
322.904419      1308.4555664063
323.276031      1330.8990478516
323.647583      1382.5191650391
324.019073      1364.5643310547
324.390533      1357.8312988281
324.762024      1337.6322021484
325.133423      1357.8312988281
325.504791      1324.1660156250
325.876129      1306.2113037109
326.247467      1380.2747802734
326.618774      1319.6773681641
326.990021      1342.1208496094
327.361237      1353.3426513672
327.732452      1362.3199462891
328.103607      1337.6322021484
328.474731      1326.4104003906
328.845825      1301.7225341797
329.216919      1303.9669189453
329.587952      1346.6094970703
329.958954      1324.1660156250
330.329926      1319.6773681641
330.700867      1317.4329833984
331.071808      1317.4329833984
331.442688      1360.0756835938
331.813507      1369.0529785156
332.184357      1378.0303955078
332.555115      1290.5008544922
332.925873      1301.7225341797
333.296570      1330.8990478516
333.667267      1310.6999511719
334.037994      1308.4555664063
334.408600      1355.5869140625
334.779144      1333.1434326172
335.149750      1355.5869140625
335.520294      1384.7634277344
335.890778      1288.2564697266
336.261230      1378.0303955078
336.631683      1342.1208496094
337.002106      1364.5643310547
337.372498      1330.8990478516
337.742798      1357.8312988281
338.113129      1339.8764648438
338.483429      1411.6956787109
338.853668      1348.8538818359
339.223907      1321.9217529297
339.594086      1373.5417480469
339.964233      1283.7678222656
340.334381      1281.5234375000
340.704437      1342.1208496094
341.074493      1337.6322021484
341.444519      1351.0982666016
341.814545      1335.3878173828
342.184509      1344.3652343750
342.554413      1366.8087158203
342.924347      1328.6547851563
343.294220      1378.0303955078
343.664032      1279.2790527344
344.033813      1310.6999511719
344.403595      1326.4104003906
344.773346      1299.4782714844
345.143036      1312.9443359375
345.512695      1283.7678222656
345.882385      1294.9895019531
346.251984      1333.1434326172
346.621552      1321.9217529297
346.991089      1342.1208496094
347.360626      1319.6773681641
347.730103      1310.6999511719
348.099548      1353.3426513672
348.468964      1353.3426513672
348.838379      1333.1434326172
349.207764      1411.6956787109
349.577057      1360.0756835938
349.946320      1279.2790527344
350.315582      1353.3426513672
350.684845      1371.2973632813
351.054047      1378.0303955078
351.423157      1366.8087158203
351.792328      1375.7861328125
352.161438      1344.3652343750
352.530487      1416.1843261719
352.899506      1375.7861328125
353.268524      1355.5869140625
353.637512      1339.8764648438
354.006409      1389.2521972656
354.375336      1346.6094970703
354.744232      1306.2113037109
355.113068      1315.1885986328
355.481873      1355.5869140625
355.850616      1321.9217529297
356.219391      1333.1434326172
356.588135      1369.0529785156
356.956818      1344.3652343750
357.325470      1380.2747802734
357.694031      1375.7861328125
358.062653      1342.1208496094
358.431213      1337.6322021484
358.799713      1346.6094970703
359.168182      1375.7861328125
359.536652      1404.9626464844
359.905090      1245.6137695313
360.273438      1378.0303955078
360.641785      1288.2564697266
361.010132      1326.4104003906
361.378448      1389.2521972656
361.746704      1335.3878173828
362.114899      1324.1660156250
362.483124      1306.2113037109
362.851288      1384.7634277344
363.219421      1301.7225341797
363.587463      1326.4104003906
363.955566      1384.7634277344
364.323608      1371.2973632813
364.691589      1362.3199462891
365.059540      1330.8990478516
365.427490      1357.8312988281
365.795410      1328.6547851563
366.163269      1380.2747802734
366.531067      1380.2747802734
366.898895      1333.1434326172
367.266693      1375.7861328125
367.634430      1373.5417480469
368.002106      1351.0982666016
368.369812      1339.8764648438
368.737457      1364.5643310547
369.105042      1308.4555664063
369.472595      1378.0303955078
369.840149      1339.8764648438
370.207672      1283.7678222656
370.575134      1353.3426513672
370.942566      1301.7225341797
371.309998      1310.6999511719
371.677399      1362.3199462891
372.044708      1301.7225341797
372.411987      1317.4329833984
372.779297      1373.5417480469
373.146576      1315.1885986328
373.513794      1265.8129882813
373.880951      1299.4782714844
374.248077      1369.0529785156
374.615204      1292.7451171875
374.982300      1342.1208496094
375.349365      1324.1660156250
375.716339      1378.0303955078
376.083374      1351.0982666016
376.450317      1375.7861328125
376.817230      1402.7182617188
377.184082      1382.5191650391
377.550964      1351.0982666016
377.917786      1366.8087158203
378.284576      1303.9669189453
378.651306      1402.7182617188
379.018036      1303.9669189453
379.384735      1328.6547851563
379.751373      1344.3652343750
380.117981      1330.8990478516
380.484589      1409.4512939453
380.851166      1375.7861328125
381.217651      1328.6547851563
381.584137      1333.1434326172
381.950623      1319.6773681641
382.317017      1411.6956787109
382.683411      1387.0078125000
383.049774      1351.0982666016
383.416107      1409.4512939453
383.782410      1279.2790527344
384.148651      1342.1208496094
384.514832      1335.3878173828
384.881042      1375.7861328125
385.247223      1339.8764648438
385.613342      1317.4329833984
385.979401      1337.6322021484
386.345459      1416.1843261719
386.711517      1418.4287109375
387.077484      1308.4555664063
387.443420      1351.0982666016
387.809357      1315.1885986328
388.175262      1301.7225341797
388.541107      1299.4782714844
388.906891      1238.8807373047
389.272705      1250.1025390625
389.638489      1315.1885986328
390.004211      1384.7634277344
390.369873      1299.4782714844
390.735535      1371.2973632813
391.101196      1321.9217529297
391.466766      1297.2338867188
391.832336      1310.6999511719
392.197815      1337.6322021484
392.563324      1371.2973632813
392.928802      1274.7904052734
393.294189      1362.3199462891
393.659607      1292.7451171875
394.024963      1346.6094970703
394.390289      1281.5234375000
394.755554      1283.7678222656
395.120789      1330.8990478516
395.486023      1319.6773681641
395.851227      1335.3878173828
396.216370      1353.3426513672
396.581482      1355.5869140625
396.946564      1288.2564697266
397.311646      1328.6547851563
397.676636      1308.4555664063
398.041626      1339.8764648438
398.406586      1371.2973632813
398.771515      1292.7451171875
399.136383      1342.1208496094
399.501221      1357.8312988281
399.866058      1337.6322021484
400.230865      1326.4104003906
400.595581      1328.6547851563
400.960297      1299.4782714844
401.324982      1387.0078125000
401.689636      1348.8538818359
402.054230      1351.0982666016
402.418793      1335.3878173828
402.783356      1259.0799560547
403.147919      1324.1660156250
403.512360      1346.6094970703
403.876770      1292.7451171875
404.241211      1351.0982666016
404.605621      1333.1434326172
404.969910      1306.2113037109
405.334229      1310.6999511719
405.698517      1324.1660156250
406.062775      1315.1885986328
406.426971      1364.5643310547
406.791107      1375.7861328125
407.155273      1344.3652343750
407.519379      1328.6547851563
407.883484      1308.4555664063
408.247498      1270.3016357422
408.611481      1353.3426513672
408.975464      1339.8764648438
409.339417      1306.2113037109
409.703308      1315.1885986328
410.067169      1299.4782714844
410.431030      1346.6094970703
410.794800      1319.6773681641
411.158569      1297.2338867188
411.522278      1369.0529785156
411.885986      1317.4329833984
412.249664      1324.1660156250
412.613312      1375.7861328125
412.976868      1393.7408447266
413.340454      1317.4329833984
413.703979      1342.1208496094
414.067474      1312.9443359375
414.430908      1344.3652343750
414.794342      1301.7225341797
415.157745      1274.7904052734
415.521088      1342.1208496094
415.884369      1339.8764648438
416.247711      1355.5869140625
416.610931      1369.0529785156
416.974152      1389.2521972656
417.337341      1402.7182617188
417.700500      1351.0982666016
418.063629      1348.8538818359
418.426697      1321.9217529297
418.789703      1382.5191650391
419.152740      1355.5869140625
419.515717      1339.8764648438
419.878662      1342.1208496094
420.241577      1353.3426513672
420.604431      1315.1885986328
420.967285      1321.9217529297
421.330109      1317.4329833984
421.692841      1277.0346679688
422.055603      1371.2973632813
422.418335      1259.0799560547
422.780975      1357.8312988281
423.143585      1380.2747802734
423.506226      1351.0982666016
423.868774      1342.1208496094
424.231293      1348.8538818359
424.593811      1315.1885986328
424.956238      1330.8990478516
425.318665      1384.7634277344
425.681091      1355.5869140625
426.043427      1342.1208496094
426.405731      1395.9852294922
426.768036      1382.5191650391
427.130310      1339.8764648438
427.492493      1398.2296142578
427.854675      1270.3016357422
428.216858      1312.9443359375
428.578979      1288.2564697266
428.941040      1362.3199462891
429.303040      1297.2338867188
429.665070      1339.8764648438
430.027069      1342.1208496094
430.389008      1339.8764648438
430.750885      1333.1434326172
431.112762      1326.4104003906
431.474640      1319.6773681641
431.836395      1292.7451171875
432.198181      1330.8990478516
432.559937      1351.0982666016
432.921600      1324.1660156250
433.283264      1326.4104003906
433.644867      1288.2564697266
434.006500      1369.0529785156
434.368073      1326.4104003906
434.729553      1328.6547851563
435.091034      1371.2973632813
435.452515      1418.4287109375
435.813934      1290.5008544922
436.175293      1272.5460205078
436.536621      1283.7678222656
436.897949      1294.9895019531
437.259277      1312.9443359375
437.620483      1315.1885986328
437.981659      1362.3199462891
438.342865      1308.4555664063
438.704010      1312.9443359375
439.065125      1288.2564697266
439.426178      1355.5869140625
439.787201      1364.5643310547
440.148224      1395.9852294922
440.509186      1315.1885986328
440.870087      1312.9443359375
441.230988      1344.3652343750
441.591858      1315.1885986328
441.952667      1324.1660156250
442.313416      1351.0982666016
442.674194      1335.3878173828
443.034912      1315.1885986328
443.395630      1297.2338867188
443.756226      1389.2521972656
444.116852      1312.9443359375
444.477417      1353.3426513672
444.837982      1362.3199462891
445.198456      1351.0982666016
445.558960      1357.8312988281
445.919403      1335.3878173828
446.279816      1301.7225341797
446.640106      1357.8312988281
447.000458      1315.1885986328
447.360779      1339.8764648438
447.721039      1342.1208496094
448.081207      1308.4555664063
448.441406      1337.6322021484
448.801575      1362.3199462891
449.161713      1344.3652343750
449.521759      1366.8087158203
449.881805      1369.0529785156
450.241852      1398.2296142578
450.601837      1303.9669189453
450.961792      1308.4555664063
451.321655      1380.2747802734
451.681549      1369.0529785156
452.041382      1351.0982666016
452.401184      1286.0120849609
452.760895      1420.6730957031
453.120636      1342.1208496094
453.480347      1317.4329833984
453.840027      1263.5686035156
454.199585      1337.6322021484
454.559174      1301.7225341797
454.918762      1373.5417480469
455.278290      1362.3199462891
455.637726      1308.4555664063
455.997162      1297.2338867188
456.356598      1333.1434326172
456.715973      1333.1434326172
457.075287      1335.3878173828
457.434570      1286.0120849609
457.793854      1382.5191650391
458.153107      1402.7182617188
458.512268      1328.6547851563
458.871429      1301.7225341797
459.230560      1308.4555664063
459.589661      1398.2296142578
459.948639      1357.8312988281
460.307678      1301.7225341797
460.666687      1306.2113037109
461.025635      1346.6094970703
461.384491      1330.8990478516
461.743378      1256.8355712891
462.102264      1312.9443359375
462.461060      1362.3199462891
462.819794      1351.0982666016
463.178497      1407.2070312500
463.537231      1339.8764648438
463.895905      1290.5008544922
464.254456      1339.8764648438
464.613068      1400.4738769531
464.971649      1364.5643310547
465.330170      1427.4061279297
465.688568      1299.4782714844
466.047028      1357.8312988281
466.405457      1317.4329833984
466.763855      1398.2296142578
467.122192      1290.5008544922
467.480438      1380.2747802734
467.838715      1346.6094970703
468.196960      1378.0303955078
468.555176      1360.0756835938
468.913269      1335.3878173828
469.271393      1315.1885986328
469.629486      1337.6322021484
469.987549      1375.7861328125
470.345520      1393.7408447266
470.703491      1375.7861328125
471.061462      1319.6773681641
471.419342      1312.9443359375
471.777191      1402.7182617188
472.135040      1348.8538818359
472.492828      1337.6322021484
472.850586      1326.4104003906
473.208282      1342.1208496094
473.565979      1315.1885986328
473.923615      1229.9034423828
474.281281      1382.5191650391
474.638794      1375.7861328125
474.996338      1279.2790527344
475.353851      1303.9669189453
475.711334      1319.6773681641
476.068726      1315.1885986328
476.426117      1357.8312988281
476.783478      1335.3878173828
477.140808      1382.5191650391
477.498077      1312.9443359375
477.855316      1339.8764648438
478.212555      1351.0982666016
478.569763      1310.6999511719
478.926819      1312.9443359375
479.283936      1344.3652343750
479.641022      1389.2521972656
479.998077      1357.8312988281
480.355011      1335.3878173828
480.711975      1436.3835449219
481.068939      1321.9217529297
481.425842      1369.0529785156
481.782623      1337.6322021484
482.139435      1364.5643310547
482.496216      1454.3382568359
482.852966      1369.0529785156
483.209717      1301.7225341797
483.566315      1346.6094970703
483.922943      1306.2113037109
484.279572      1330.8990478516
484.636139      1328.6547851563
484.992615      1375.7861328125
485.349121      1342.1208496094
485.705566      1315.1885986328
486.062012      1360.0756835938
486.418304      1360.0756835938
486.774689      1384.7634277344
487.130981      1389.2521972656
487.487274      1339.8764648438
487.843445      1360.0756835938
488.199615      1328.6547851563
488.555786      1384.7634277344
488.911957      1348.8538818359
489.267975      1339.8764648438
489.624023      1281.5234375000
489.980042      1342.1208496094
490.336029      1324.1660156250
490.691925      1364.5643310547
491.047821      1308.4555664063
491.403687      1306.2113037109
491.759521      1321.9217529297
492.115265      1395.9852294922
492.471008      1375.7861328125
492.826752      1384.7634277344
493.182434      1306.2113037109
493.538025      1380.2747802734
493.893646      1317.4329833984
494.249207      1306.2113037109
494.604736      1360.0756835938
494.960205      1380.2747802734
495.315674      1310.6999511719
495.671082      1317.4329833984
496.026489      1308.4555664063
496.381775      1306.2113037109
496.737091      1328.6547851563
497.092377      1312.9443359375
497.447632      1339.8764648438
497.802795      1326.4104003906
498.157959      1306.2113037109
498.513062      1342.1208496094
498.868195      1279.2790527344
499.223175      1373.5417480469
499.578217      1321.9217529297
499.933167      1351.0982666016
500.288116      1353.3426513672
500.643036      1292.7451171875
500.997833      1317.4329833984
501.352692      1360.0756835938
501.707489      1297.2338867188
502.062225      1335.3878173828
502.416901      1407.2070312500
502.771606      1335.3878173828
503.126221      1335.3878173828
503.480865      1369.0529785156
503.835358      1324.1660156250
504.189941      1339.8764648438
504.544434      1326.4104003906
504.898865      1319.6773681641
505.253265      1389.2521972656
505.607635      1344.3652343750
505.961975      1290.5008544922
506.316315      1342.1208496094
506.670532      1328.6547851563
507.024750      1335.3878173828
507.378967      1227.6590576172
507.733154      1326.4104003906
508.087189      1333.1434326172
508.441315      1348.8538818359
508.795349      1360.0756835938
509.149353      1303.9669189453
509.503265      1353.3426513672
509.857208      1319.6773681641
510.211121      1362.3199462891
510.565002      1434.1391601563
510.918762      1395.9852294922
511.272583      1283.7678222656
511.626312      1431.8947753906
511.980042      1357.8312988281
512.333618      1366.8087158203
512.687256      1281.5234375000
513.040894      1294.9895019531
513.394470      1373.5417480469
513.747925      1429.6505126953
514.101440      1382.5191650391
514.454895      1344.3652343750
514.808289      1357.8312988281
515.161621      1346.6094970703
515.514893      1326.4104003906
515.868225      1346.6094970703
516.221497      1371.2973632813
516.574707      1317.4329833984
516.927856      1297.2338867188
517.281006      1371.2973632813
517.634155      1337.6322021484
517.987183      1308.4555664063
518.340210      1294.9895019531
518.693237      1373.5417480469
519.046204      1315.1885986328
519.399048      1315.1885986328
519.751892      1398.2296142578
520.104736      1387.0078125000
520.457520      1335.3878173828
520.810364      1317.4329833984
521.163025      1281.5234375000
521.515686      1315.1885986328
521.868408      1364.5643310547
522.221008      1315.1885986328
522.573547      1353.3426513672
522.926086      1274.7904052734
523.278625      1328.6547851563
523.631042      1346.6094970703
523.983459      1369.0529785156
524.335815      1324.1660156250
524.688171      1337.6322021484
525.040527      1416.1843261719
525.392761      1348.8538818359
525.744934      1333.1434326172
526.097168      1333.1434326172
526.449341      1425.1617431641
526.801453      1357.8312988281
527.153503      1418.4287109375
527.505554      1328.6547851563
527.857544      1404.9626464844
528.209534      1328.6547851563
528.561462      1303.9669189453
528.913330      1355.5869140625
529.265198      1373.5417480469
529.617004      1348.8538818359
529.968750      1306.2113037109
530.320496      1308.4555664063
530.672180      1330.8990478516
531.023804      1366.8087158203
531.375488      1330.8990478516
531.727051      1326.4104003906
532.078613      1413.9400634766
532.430115      1422.9173583984
532.781555      1324.1660156250
533.132996      1301.7225341797
533.484375      1333.1434326172
533.835815      1308.4555664063
534.187073      1312.9443359375
534.538330      1306.2113037109
534.889587      1321.9217529297
535.240784      1362.3199462891
535.591919      1369.0529785156
535.942993      1348.8538818359
536.294128      1382.5191650391
536.645203      1326.4104003906
536.996155      1330.8990478516
537.347107      1306.2113037109
537.698120      1366.8087158203
538.049011      1330.8990478516
538.399841      1303.9669189453
538.750610      1351.0982666016
539.101440      1371.2973632813
539.452209      1348.8538818359
539.802856      1328.6547851563
540.153503      1378.0303955078
540.504150      1351.0982666016
540.854736      1308.4555664063
541.205261      1355.5869140625
541.555786      1380.2747802734
541.906250      1294.9895019531
542.256714      1353.3426513672
542.607056      1330.8990478516
542.957458      1339.8764648438
543.307739      1308.4555664063
543.658020      1360.0756835938
544.008240      1312.9443359375
544.358398      1326.4104003906
544.708618      1328.6547851563
545.058777      1326.4104003906
545.408813      1346.6094970703
545.758850      1337.6322021484
546.108887      1357.8312988281
546.458862      1324.1660156250
546.808716      1342.1208496094
547.158691      1328.6547851563
547.508545      1279.2790527344
547.858337      1378.0303955078
548.208069      1348.8538818359
548.557800      1371.2973632813
548.907532      1335.3878173828
549.257202      1310.6999511719
549.606812      1337.6322021484
549.956360      1353.3426513672
550.305908      1402.7182617188
550.655457      1324.1660156250
551.004883      1272.5460205078
551.354309      1409.4512939453
551.703674      1328.6547851563
552.053040      1294.9895019531
552.402405      1326.4104003906
552.751587      1288.2564697266
553.100830      1378.0303955078
553.450012      1373.5417480469
553.799255      1382.5191650391
554.148254      1301.7225341797
554.497375      1335.3878173828
554.846436      1277.0346679688
555.195435      1317.4329833984
555.544373      1306.2113037109
555.893250      1299.4782714844
556.242188      1342.1208496094
556.591003      1351.0982666016
556.939758      1384.7634277344
557.288574      1351.0982666016
557.637268      1362.3199462891
557.985962      1317.4329833984
558.334595      1339.8764648438
558.683228      1326.4104003906
559.031799      1306.2113037109
559.380310      1355.5869140625
559.728760      1400.4738769531
560.077209      1425.1617431641
560.425659      1335.3878173828
560.774048      1360.0756835938
561.122314      1366.8087158203
561.470581      1366.8087158203
561.818909      1330.8990478516
562.167114      1299.4782714844
562.515259      1315.1885986328
562.863342      1297.2338867188
563.211487      1301.7225341797
563.559570      1418.4287109375
563.907532      1299.4782714844
564.255554      1297.2338867188
564.603455      1330.8990478516
564.951355      1357.8312988281
565.299255      1353.3426513672
565.647095      1409.4512939453
565.994812      1326.4104003906
566.342590      1312.9443359375
566.690308      1337.6322021484
567.037903      1310.6999511719
567.385620      1335.3878173828
567.733154      1364.5643310547
568.080750      1297.2338867188
568.428162      1310.6999511719
568.775696      1294.9895019531
569.123108      1342.1208496094
569.470520      1371.2973632813
569.817810      1330.8990478516
570.165161      1263.5686035156
570.512451      1364.5643310547
570.859680      1299.4782714844
571.206787      1371.2973632813
571.554016      1402.7182617188
571.901062      1290.5008544922
572.248169      1371.2973632813
572.595154      1294.9895019531
572.942200      1301.7225341797
573.289124      1402.7182617188
573.636047      1364.5643310547
573.982849      1355.5869140625
574.329712      1324.1660156250
574.676514      1389.2521972656
575.023315      1301.7225341797
575.369995      1357.8312988281
575.716675      1364.5643310547
576.063293      1355.5869140625
576.409912      1389.2521972656
576.756409      1337.6322021484
577.102966      1348.8538818359
577.449402      1378.0303955078
577.795898      1380.2747802734
578.142273      1337.6322021484
578.488647      1333.1434326172
578.834961      1351.0982666016
579.181213      1369.0529785156
579.527405      1393.7408447266
579.873596      1355.5869140625
580.219788      1348.8538818359
580.565918      1364.5643310547
580.911926      1346.6094970703
581.258057      1321.9217529297
581.604065      1290.5008544922
581.949951      1357.8312988281
582.295898      1364.5643310547
582.641724      1281.5234375000
582.987610      1348.8538818359
583.333435      1353.3426513672
583.679199      1324.1660156250
584.024902      1380.2747802734
584.370544      1310.6999511719
584.716187      1290.5008544922
585.061829      1317.4329833984
585.407349      1395.9852294922
585.752869      1306.2113037109
586.098328      1310.6999511719
586.443787      1308.4555664063
586.789124      1382.5191650391
587.134521      1279.2790527344
587.479858      1393.7408447266
587.825134      1369.0529785156
588.170288      1288.2564697266
588.515564      1303.9669189453
588.860657      1310.6999511719
589.205872      1378.0303955078
589.550842      1373.5417480469
589.895935      1335.3878173828
590.240906      1317.4329833984
590.585876      1362.3199462891
590.930786      1369.0529785156
591.275635      1290.5008544922
591.620483      1409.4512939453
591.965271      1400.4738769531
592.310059      1389.2521972656
592.654724      1398.2296142578
592.999451      1375.7861328125
593.344055      1328.6547851563
593.688660      1337.6322021484
594.033203      1303.9669189453
594.377686      1407.2070312500
594.722229      1299.4782714844
595.066528      1330.8990478516
595.411011      1288.2564697266
595.755371      1315.1885986328
596.099670      1306.2113037109
596.443848      1319.6773681641
596.788147      1312.9443359375
597.132324      1362.3199462891
597.476501      1299.4782714844
597.820618      1337.6322021484
598.164612      1366.8087158203
598.508667      1321.9217529297
598.852661      1288.2564697266
599.196655      1333.1434326172
599.540466      1286.0120849609
599.884338      1351.0982666016
600.228210      1346.6094970703
600.571960      1357.8312988281
600.915710      1317.4329833984
601.259460      1348.8538818359
601.603088      1294.9895019531
601.946716      1330.8990478516
602.290283      1375.7861328125
602.633850      1268.0573730469
602.977295      1355.5869140625
603.320801      1360.0756835938
603.664124      1389.2521972656
604.007568      1362.3199462891
604.350952      1321.9217529297
604.694214      1306.2113037109
605.037415      1357.8312988281
605.380676      1353.3426513672
605.723816      1324.1660156250
606.066956      1380.2747802734
606.410034      1337.6322021484
606.753052      1380.2747802734
607.096130      1321.9217529297
607.439087      1335.3878173828
607.781921      1328.6547851563
608.124878      1303.9669189453
608.467712      1391.4965820313
608.810547      1333.1434326172
609.153259      1395.9852294922
609.495972      1389.2521972656
609.838684      1369.0529785156
610.181335      1436.3835449219
610.523865      1299.4782714844
610.866516      1335.3878173828
611.209045      1371.2973632813
611.551453      1366.8087158203
611.893921      1348.8538818359
612.236267      1342.1208496094
612.578674      1315.1885986328
612.920959      1348.8538818359
613.263306      1346.6094970703
613.605469      1357.8312988281
613.947632      1382.5191650391
614.289795      1342.1208496094
614.631958      1411.6956787109
614.973938      1283.7678222656
615.315979      1328.6547851563
615.657959      1333.1434326172
615.999939      1342.1208496094
616.341858      1308.4555664063
616.683716      1326.4104003906
617.025513      1286.0120849609
617.367310      1339.8764648438
617.708984      1371.2973632813
618.050720      1355.5869140625
618.392395      1328.6547851563
618.734070      1308.4555664063
619.075500      1384.7634277344
619.417114      1373.5417480469
619.758606      1387.0078125000
620.100098      1369.0529785156
620.441467      1333.1434326172
620.782776      1328.6547851563
621.124146      1344.3652343750
621.465393      1321.9217529297
621.806641      1371.2973632813
622.147888      1308.4555664063
622.489014      1351.0982666016
622.830139      1353.3426513672
623.171204      1330.8990478516
623.512207      1378.0303955078
623.853271      1384.7634277344
624.194214      1333.1434326172
624.535095      1351.0982666016
624.875916      1425.1617431641
625.216797      1346.6094970703
625.557617      1443.1165771484
625.898315      1362.3199462891
626.239075      1348.8538818359
626.579712      1384.7634277344
626.920349      1335.3878173828
627.260864      1339.8764648438
627.601440      1351.0982666016
627.941895      1301.7225341797
628.282410      1342.1208496094
628.622803      1348.8538818359
628.963135      1342.1208496094
629.303528      1398.2296142578
629.643799      1364.5643310547
629.984070      1315.1885986328
630.324219      1398.2296142578
630.664429      1328.6547851563
631.004517      1337.6322021484
631.344604      1339.8764648438
631.684631      1364.5643310547
632.024597      1312.9443359375
632.364624      1346.6094970703
632.704529      1299.4782714844
633.044373      1339.8764648438
633.384155      1391.4965820313
633.723999      1355.5869140625
634.063782      1279.2790527344
634.403442      1328.6547851563
634.743042      1425.1617431641
635.082764      1353.3426513672
635.422302      1301.7225341797
635.761841      1339.8764648438
636.101318      1346.6094970703
636.440796      1373.5417480469
636.780212      1393.7408447266
637.119507      1360.0756835938
637.458862      1310.6999511719
637.798157      1420.6730957031
638.137451      1324.1660156250
638.476563      1301.7225341797
638.815735      1339.8764648438
639.154907      1366.8087158203
639.494019      1299.4782714844
639.833008      1306.2113037109
640.171997      1371.2973632813
640.510925      1337.6322021484
640.849854      1382.5191650391
641.188660      1382.5191650391
641.527527      1342.1208496094
641.866333      1364.5643310547
642.205078      1387.0078125000
642.543762      1342.1208496094
642.882446      1389.2521972656
643.221008      1324.1660156250
643.559570      1362.3199462891
643.898071      1348.8538818359
644.236572      1351.0982666016
644.575073      1387.0078125000
644.913452      1299.4782714844
645.251831      1375.7861328125
645.590149      1342.1208496094
645.928406      1346.6094970703
646.266602      1308.4555664063
646.604858      1342.1208496094
646.942932      1395.9852294922
647.281128      1344.3652343750
647.619141      1261.3242187500
647.957214      1378.0303955078
648.295166      1326.4104003906
648.633057      1306.2113037109
648.970947      1321.9217529297
649.308838      1380.2747802734
649.646606      1292.7451171875
649.984436      1319.6773681641
650.322144      1346.6094970703
650.659851      1337.6322021484
650.997498      1362.3199462891
651.335022      1263.5686035156
651.672607      1346.6094970703
652.010132      1375.7861328125
652.347595      1375.7861328125
652.684998      1312.9443359375
653.022461      1366.8087158203
653.359802      1292.7451171875
653.697021      1360.0756835938
654.034302      1281.5234375000
654.371521      1357.8312988281
654.708740      1398.2296142578
655.045837      1324.1660156250
655.382935      1308.4555664063
655.719971      1355.5869140625
656.057007      1357.8312988281
656.393921      1315.1885986328
656.730835      1375.7861328125
657.067749      1342.1208496094
657.404602      1353.3426513672
657.741333      1321.9217529297
658.078064      1292.7451171875
658.414795      1326.4104003906
658.751465      1337.6322021484
659.088074      1346.6094970703
659.424683      1362.3199462891
659.761230      1261.3242187500
660.097717      1324.1660156250
660.434143      1346.6094970703
660.770569      1404.9626464844
661.106934      1339.8764648438
661.443298      1411.6956787109
661.779541      1288.2564697266
662.115784      1310.6999511719
662.451965      1333.1434326172
662.788086      1245.6137695313
663.124268      1292.7451171875
663.460266      1328.6547851563
663.796265      1310.6999511719
664.132324      1360.0756835938
664.468201      1283.7678222656
664.804077      1236.6364746094
665.139954      1303.9669189453
665.475769      1308.4555664063
665.811523      1351.0982666016
666.147278      1380.2747802734
666.482971      1342.1208496094
666.818542      1362.3199462891
667.154236      1333.1434326172
667.489685      1404.9626464844
667.825195      1250.1025390625
668.160706      1315.1885986328
668.496094      1344.3652343750
668.831421      1317.4329833984
669.166809      1384.7634277344
669.502136      1438.6278076172
669.837402      1346.6094970703
670.172546      1303.9669189453
670.507751      1335.3878173828
670.842834      1342.1208496094
671.177917      1306.2113037109
671.512878      1333.1434326172
671.847961      1380.2747802734
672.182861      1342.1208496094
672.517761      1366.8087158203
672.852600      1339.8764648438
673.187439      1339.8764648438
673.522217      1339.8764648438
673.856934      1360.0756835938
674.191650      1306.2113037109
674.526306      1321.9217529297
674.860901      1389.2521972656
675.195435      1391.4965820313
675.529968      1328.6547851563
675.864441      1297.2338867188
676.198853      1312.9443359375
676.533264      1312.9443359375
676.867554      1310.6999511719
677.201843      1317.4329833984
677.536133      1353.3426513672
677.870361      1353.3426513672
678.204529      1308.4555664063
678.538635      1339.8764648438
678.872742      1321.9217529297
679.206787      1391.4965820313
679.540710      1351.0982666016
679.874695      1272.5460205078
680.208618      1339.8764648438
680.542480      1434.1391601563
680.876282      1277.0346679688
681.210083      1317.4329833984
681.543823      1321.9217529297
681.877502      1319.6773681641
682.211121      1286.0120849609
682.544739      1346.6094970703
682.878357      1434.1391601563
683.211853      1355.5869140625
683.545227      1348.8538818359
683.878723      1375.7861328125
684.212097      1299.4782714844
684.545471      1378.0303955078
684.878723      1342.1208496094
685.212036      1337.6322021484
685.545227      1369.0529785156
685.878418      1339.8764648438
686.211487      1324.1660156250
686.544556      1357.8312988281
686.877625      1387.0078125000
687.210632      1375.7861328125
687.543518      1227.6590576172
687.876465      1299.4782714844
688.209290      1297.2338867188
688.542114      1373.5417480469
688.874878      1342.1208496094
689.207642      1375.7861328125
689.540344      1279.2790527344
689.872986      1357.8312988281
690.205566      1364.5643310547
690.538147      1317.4329833984
690.870667      1324.1660156250
691.203125      1357.8312988281
691.535461      1321.9217529297
691.867920      1333.1434326172
692.200256      1326.4104003906
692.532593      1292.7451171875
692.864807      1272.5460205078
693.196960      1315.1885986328
693.529114      1319.6773681641
693.861267      1362.3199462891
694.193420      1333.1434326172
694.525391      1292.7451171875
694.857361      1364.5643310547
695.189270      1328.6547851563
695.521240      1274.7904052734
695.853027      1261.3242187500
696.184814      1339.8764648438
696.516663      1351.0982666016
696.848389      1384.7634277344
697.179993      1378.0303955078
697.511658      1346.6094970703
697.843262      1375.7861328125
698.174805      1335.3878173828
698.506287      1333.1434326172
698.837708      1333.1434326172
699.169189      1422.9173583984
699.500549      1342.1208496094
699.831787      1337.6322021484
700.163147      1378.0303955078
700.494385      1351.0982666016
700.825562      1373.5417480469
701.156677      1346.6094970703
701.487793      1310.6999511719
701.818848      1351.0982666016
702.149902      1366.8087158203
702.480774      1330.8990478516
702.811768      1344.3652343750
703.142639      1342.1208496094
703.473511      1333.1434326172
703.804199      1339.8764648438
704.135010      1328.6547851563
704.465759      1259.0799560547
704.796387      1319.6773681641
705.126953      1387.0078125000
705.457520      1357.8312988281
705.788086      1351.0982666016
706.118591      1299.4782714844
706.448975      1317.4329833984
706.779419      1299.4782714844
707.109741      1366.8087158203
707.440063      1353.3426513672
707.770325      1407.2070312500
708.100525      1321.9217529297
708.430725      1353.3426513672
708.760864      1339.8764648438
709.090942      1342.1208496094
709.420959      1360.0756835938
709.750916      1328.6547851563
710.080933      1339.8764648438
710.410828      1337.6322021484
710.740662      1373.5417480469
711.070496      1348.8538818359
711.400269      1312.9443359375
711.729980      1346.6094970703
712.059631      1380.2747802734
712.389282      1297.2338867188
712.718872      1324.1660156250
713.048462      1351.0982666016
713.377930      1335.3878173828
713.707397      1366.8087158203
714.036865      1324.1660156250
714.366211      1292.7451171875
714.695435      1353.3426513672
715.024780      1366.8087158203
715.354004      1324.1660156250
715.683228      1362.3199462891
716.012329      1357.8312988281
716.341431      1420.6730957031
716.670532      1290.5008544922
716.999573      1303.9669189453
717.328430      1371.2973632813
717.657349      1306.2113037109
717.986267      1355.5869140625
718.315125      1360.0756835938
718.643860      1375.7861328125
718.972656      1357.8312988281
719.301331      1375.7861328125
719.630005      1283.7678222656
719.958557      1382.5191650391
720.287170      1360.0756835938
720.615662      1315.1885986328
720.944214      1360.0756835938
721.272583      1348.8538818359
721.600952      1342.1208496094
721.929321      1328.6547851563
722.257629      1395.9852294922
722.585876      1364.5643310547
722.914063      1328.6547851563
723.242188      1312.9443359375
723.570313      1297.2338867188
723.898376      1387.0078125000
724.226440      1312.9443359375
724.554382      1270.3016357422
724.882324      1337.6322021484
725.210266      1404.9626464844
725.538025      1378.0303955078
725.865784      1400.4738769531
726.193604      1454.3382568359
726.521301      1270.3016357422
726.848938      1371.2973632813
727.176514      1364.5643310547
727.504150      1348.8538818359
727.831726      1389.2521972656
728.159119      1429.6505126953
728.486572      1344.3652343750
728.813965      1330.8990478516
729.141357      1353.3426513672
729.468567      1339.8764648438
729.795837      1321.9217529297
730.123108      1409.4512939453
730.450317      1308.4555664063
730.777344      1326.4104003906
731.104431      1227.6590576172
731.431519      1344.3652343750
731.758484      1355.5869140625
732.085388      1360.0756835938
732.412292      1312.9443359375
732.739136      1339.8764648438
733.065979      1404.9626464844
733.392639      1324.1660156250
733.719421      1447.6052246094
734.046082      1303.9669189453
734.372681      1395.9852294922
734.699219      1317.4329833984
735.025757      1324.1660156250
735.352234      1326.4104003906
735.678711      1317.4329833984
736.005127      1348.8538818359
736.331482      1371.2973632813
736.657715      1326.4104003906
736.984009      1351.0982666016
737.310181      1348.8538818359
737.636353      1315.1885986328
737.962524      1315.1885986328
738.288574      1324.1660156250
738.614624      1382.5191650391
738.940613      1355.5869140625
739.266541      1326.4104003906
739.592407      1357.8312988281
739.918274      1288.2564697266
740.244080      1371.2973632813
740.569824      1364.5643310547
740.895569      1263.5686035156
741.221191      1344.3652343750
741.546753      1324.1660156250
741.872375      1333.1434326172
742.197937      1288.2564697266
742.523376      1283.7678222656
742.848816      1317.4329833984
743.174194      1288.2564697266
743.499573      1411.6956787109
743.824890      1312.9443359375
744.150085      1362.3199462891
744.475342      1321.9217529297
744.800476      1337.6322021484
745.125610      1339.8764648438
745.450623      1279.2790527344
745.775696      1337.6322021484
746.100708      1321.9217529297
746.425598      1364.5643310547
746.750427      1321.9217529297
747.075256      1326.4104003906
747.400085      1355.5869140625
747.724915      1335.3878173828
748.049561      1339.8764648438
748.374207      1319.6773681641
748.698853      1337.6322021484
749.023438      1373.5417480469
749.347900      1303.9669189453
749.672363      1375.7861328125
749.996765      1355.5869140625
750.321167      1366.8087158203
750.645508      1418.4287109375
750.969788      1355.5869140625
751.294067      1335.3878173828
751.618286      1357.8312988281
751.942383      1360.0756835938
752.266479      1319.6773681641
752.590576      1393.7408447266
752.914551      1337.6322021484
753.238525      1321.9217529297
753.562439      1297.2338867188
753.886292      1229.9034423828
754.210144      1254.5911865234
754.533936      1351.0982666016
754.857666      1321.9217529297
755.181335      1362.3199462891
755.505005      1333.1434326172
755.828613      1274.7904052734
756.152100      1351.0982666016
756.475586      1404.9626464844
756.799133      1339.8764648438
757.122498      1346.6094970703
757.445862      1420.6730957031
757.769165      1223.1702880859
758.092468      1326.4104003906
758.415710      1366.8087158203
758.738831      1360.0756835938
759.061951      1404.9626464844
759.385071      1294.9895019531
759.708130      1375.7861328125
760.031067      1263.5686035156
760.354004      1306.2113037109
760.676941      1337.6322021484
760.999817      1384.7634277344
761.322632      1328.6547851563
761.645386      1303.9669189453
761.968079      1364.5643310547
762.290771      1335.3878173828
762.613342      1360.0756835938
762.935974      1357.8312988281
763.258484      1355.5869140625
763.580994      1321.9217529297
763.903381      1328.6547851563
764.225830      1373.5417480469
764.548157      1283.7678222656
764.870422      1360.0756835938
765.192688      1306.2113037109
765.514832      1301.7225341797
765.837036      1261.3242187500
766.159119      1312.9443359375
766.481140      1346.6094970703
766.803223      1303.9669189453
767.125183      1395.9852294922
767.447144      1335.3878173828
767.768982      1328.6547851563
768.090820      1346.6094970703
768.412659      1339.8764648438
768.734314      1373.5417480469
769.056091      1317.4329833984
769.377686      1310.6999511719
769.699280      1375.7861328125
770.020813      1375.7861328125
770.342346      1326.4104003906
770.663757      1315.1885986328
770.985229      1324.1660156250
771.306580      1380.2747802734
771.627869      1333.1434326172
771.949158      1400.4738769531
772.270386      1319.6773681641
772.591553      1395.9852294922
772.912659      1333.1434326172
773.233765      1324.1660156250
773.554810      1308.4555664063
773.875793      1364.5643310547
774.196716      1407.2070312500
774.517578      1393.7408447266
774.838440      1299.4782714844
775.159302      1364.5643310547
775.480042      1330.8990478516
775.800659      1283.7678222656
776.121399      1346.6094970703
776.441956      1310.6999511719
776.762573      1357.8312988281
777.083008      1344.3652343750
777.403503      1378.0303955078
777.723999      1312.9443359375
778.044373      1297.2338867188
778.364624      1364.5643310547
778.684937      1380.2747802734
779.005188      1362.3199462891
779.325378      1317.4329833984
779.645447      1270.3016357422
779.965637      1337.6322021484
780.285706      1339.8764648438
780.605652      1259.0799560547
780.925598      1308.4555664063
781.245483      1294.9895019531
781.565369      1312.9443359375
781.885193      1301.7225341797
782.204895      1342.1208496094
782.524658      1355.5869140625
782.844299      1288.2564697266
783.163940      1364.5643310547
783.483582      1409.4512939453
783.803040      1324.1660156250
784.122559      1310.6999511719
784.442017      1389.2521972656
784.761414      1362.3199462891
785.080688      1348.8538818359
785.400024      1308.4555664063
785.719238      1391.4965820313
786.038452      1378.0303955078
786.357544      1389.2521972656
786.676697      1387.0078125000
786.995789      1351.0982666016
787.314758      1431.8947753906
787.633728      1348.8538818359
787.952637      1294.9895019531
788.271484      1373.5417480469
788.590271      1393.7408447266
788.908997      1431.8947753906
789.227783      1308.4555664063
789.546448      1378.0303955078
789.865112      1312.9443359375
790.183655      1353.3426513672
790.502197      1342.1208496094
790.820679      1360.0756835938
791.139099      1375.7861328125
791.457520      1355.5869140625
791.775879      1389.2521972656
792.094116      1360.0756835938
792.412415      1348.8538818359
792.730530      1312.9443359375
793.048767      1353.3426513672
793.366821      1324.1660156250
793.684937      1324.1660156250
794.002869      1393.7408447266
794.320862      1344.3652343750
794.638733      1324.1660156250
794.956665      1333.1434326172
795.274414      1418.4287109375
795.592224      1351.0982666016
795.909912      1369.0529785156
796.227661      1335.3878173828
796.545227      1328.6547851563
796.862854      1364.5643310547
797.180359      1283.7678222656
797.497864      1326.4104003906
797.815308      1395.9852294922
798.132629      1366.8087158203
798.450012      1351.0982666016
798.767273      1342.1208496094
799.084595      1290.5008544922
799.401733      1326.4104003906
799.718933      1355.5869140625
800.036011      1416.1843261719
800.353027      1315.1885986328
800.670044      1308.4555664063
800.987000      1326.4104003906
801.303894      1333.1434326172
801.620850      1281.5234375000
801.937561      1337.6322021484
802.254333      1306.2113037109
802.571106      1393.7408447266
802.887817      1360.0756835938
803.204346      1308.4555664063
803.520935      1333.1434326172
803.837463      1317.4329833984
804.153992      1355.5869140625
804.470337      1328.6547851563
804.786743      1301.7225341797
805.103027      1301.7225341797
805.419434      1346.6094970703
805.735535      1342.1208496094
806.051758      1351.0982666016
806.367920      1315.1885986328
806.684021      1324.1660156250
807.000000      1389.2521972656
807.316040      1274.7904052734
807.632019      1355.5869140625
807.947876      1330.8990478516
808.263672      1360.0756835938
808.579529      1306.2113037109
808.895325      1308.4555664063
809.211060      1265.8129882813
809.526611      1348.8538818359
809.842224      1339.8764648438
810.157837      1303.9669189453
810.473389      1346.6094970703
810.788757      1346.6094970703
811.104187      1315.1885986328
811.419617      1351.0982666016
811.734924      1404.9626464844
812.050171      1294.9895019531
812.365417      1303.9669189453
812.680542      1324.1660156250
812.995728      1337.6322021484
813.310852      1380.2747802734
813.625854      1315.1885986328
813.940796      1330.8990478516
814.255798      1283.7678222656
814.570679      1422.9173583984
814.885498      1366.8087158203
815.200256      1371.2973632813
815.515015      1366.8087158203
815.829651      1360.0756835938
816.144287      1324.1660156250
816.458923      1348.8538818359
816.773438      1366.8087158203
817.087952      1440.8721923828
817.402344      1312.9443359375
817.716797      1348.8538818359
818.031189      1196.2381591797
818.345520      1319.6773681641
818.659668      1371.2973632813
818.973877      1317.4329833984
819.288086      1398.2296142578
819.602173      1288.2564697266
819.916199      1319.6773681641
820.230225      1375.7861328125
820.544189      1286.0120849609
820.858154      1393.7408447266
821.171997      1306.2113037109
821.485779      1319.6773681641
821.799561      1360.0756835938
822.113281      1301.7225341797
822.426880      1292.7451171875
822.740540      1344.3652343750
823.054138      1348.8538818359
823.367676      1364.5643310547
823.681152      1364.5643310547
823.994568      1353.3426513672
824.307922      1310.6999511719
824.621277      1274.7904052734
824.934509      1409.4512939453
825.247742      1395.9852294922
825.560913      1299.4782714844
825.874146      1351.0982666016
826.187134      1391.4965820313
826.500183      1330.8990478516
826.813171      1328.6547851563
827.126160      1294.9895019531
827.439026      1353.3426513672
827.751831      1348.8538818359
828.064636      1389.2521972656
828.377380      1369.0529785156
828.690063      1387.0078125000
829.002686      1369.0529785156
829.315308      1337.6322021484
829.627869      1303.9669189453
829.940308      1357.8312988281
830.252808      1337.6322021484
830.565125      1326.4104003906
830.877563      1353.3426513672
831.189880      1315.1885986328
831.502075      1384.7634277344
831.814270      1303.9669189453
832.126465      1387.0078125000
832.438599      1364.5643310547
832.750549      1393.7408447266
833.062622      1339.8764648438
833.374512      1348.8538818359
833.686462      1344.3652343750
833.998291      1319.6773681641
834.310120      1315.1885986328
834.621887      1434.1391601563
834.933594      1362.3199462891
835.245239      1342.1208496094
835.556885      1351.0982666016
835.868408      1297.2338867188
836.179932      1443.1165771484
836.491333      1362.3199462891
836.802795      1321.9217529297
837.114197      1337.6322021484
837.425537      1306.2113037109
837.736694      1333.1434326172
838.047913      1279.2790527344
838.359131      1312.9443359375
838.670227      1378.0303955078
838.981262      1346.6094970703
839.292358      1330.8990478516
839.603333      1342.1208496094
839.914246      1362.3199462891
840.225037      1277.0346679688
840.535889      1382.5191650391
840.846680      1360.0756835938
841.157410      1382.5191650391
841.468079      1404.9626464844
841.778687      1411.6956787109
842.089233      1393.7408447266
842.399780      1328.6547851563
842.710266      1339.8764648438
843.020691      1362.3199462891
843.331055      1351.0982666016
843.641418      1357.8312988281
843.951721      1335.3878173828
844.261841      1342.1208496094
844.572083      1344.3652343750
844.882202      1420.6730957031
845.192261      1286.0120849609
845.502258      1373.5417480469
845.812256      1389.2521972656
846.122192      1387.0078125000
846.432068      1411.6956787109
846.741882      1333.1434326172
847.051636      1427.4061279297
847.361389      1420.6730957031
847.671143      1371.2973632813
847.980713      1371.2973632813
848.290283      1324.1660156250
848.599792      1333.1434326172
848.909302      1299.4782714844
849.218689      1380.2747802734
849.528076      1297.2338867188
849.837463      1333.1434326172
850.146790      1346.6094970703
850.455933      1357.8312988281
850.765137      1319.6773681641
851.074280      1344.3652343750
851.383362      1259.0799560547
851.692383      1315.1885986328
852.001343      1283.7678222656
852.310303      1328.6547851563
852.619202      1335.3878173828
852.927979      1303.9669189453
853.236816      1380.2747802734
853.545532      1299.4782714844
853.854248      1369.0529785156
854.162842      1310.6999511719
854.471436      1292.7451171875
854.779968      1315.1885986328
855.088440      1328.6547851563
855.396851      1294.9895019531
855.705200      1317.4329833984
856.013611      1326.4104003906
856.321899      1353.3426513672
856.630127      1297.2338867188
856.938293      1324.1660156250
857.246399      1335.3878173828
857.554504      1344.3652343750
857.862549      1337.6322021484
858.170471      1333.1434326172
858.478394      1335.3878173828
858.786316      1319.6773681641
859.094177      1330.8990478516
859.401917      1373.5417480469
859.709656      1348.8538818359
860.017334      1411.6956787109
860.324951      1315.1885986328
860.632507      1326.4104003906
860.940063      1440.8721923828
861.247559      1346.6094970703
861.555054      1355.5869140625
861.862366      1303.9669189453
862.169739      1344.3652343750
862.476990      1422.9173583984
862.784241      1319.6773681641
863.091370      1348.8538818359
863.398499      1333.1434326172
863.705627      1342.1208496094
864.012634      1407.2070312500
864.319519      1348.8538818359
864.626526      1342.1208496094
864.933350      1312.9443359375
865.240234      1292.7451171875
865.546936      1290.5008544922
865.853699      1315.1885986328
866.160400      1351.0982666016
866.466980      1339.8764648438
866.773560      1324.1660156250
867.080078      1315.1885986328
867.386536      1225.4146728516
867.692993      1355.5869140625
867.999329      1315.1885986328
868.305664      1357.8312988281
868.611938      1294.9895019531
868.918152      1321.9217529297
869.224304      1292.7451171875
869.530457      1384.7634277344
869.836487      1380.2747802734
870.142517      1380.2747802734
870.448547      1344.3652343750
870.754395      1333.1434326172
871.060242      1321.9217529297
871.366089      1355.5869140625
871.671814      1389.2521972656
871.977539      1384.7634277344
872.283203      1422.9173583984
872.588806      1366.8087158203
872.894409      1297.2338867188
873.199890      1375.7861328125
873.505371      1342.1208496094
873.810730      1324.1660156250
874.116150      1321.9217529297
874.421387      1398.2296142578
874.726685      1360.0756835938
875.031860      1380.2747802734
875.337097      1369.0529785156
875.642090      1326.4104003906
875.947205      1272.5460205078
876.252197      1369.0529785156
876.557129      1355.5869140625
876.862000      1404.9626464844
877.166870      1351.0982666016
877.471680      1393.7408447266
877.776428      1342.1208496094
878.081116      1353.3426513672
878.385742      1342.1208496094
878.690369      1241.1251220703
878.994873      1308.4555664063
879.299316      1382.5191650391
879.603821      1321.9217529297
879.908203      1306.2113037109
880.212585      1303.9669189453
880.516846      1294.9895019531
880.821106      1312.9443359375
881.125244      1429.6505126953
881.429382      1306.2113037109
881.733459      1310.6999511719
882.037537      1337.6322021484
882.341492      1301.7225341797
882.645447      1351.0982666016
882.949280      1393.7408447266
883.253113      1328.6547851563
883.556885      1337.6322021484
883.860657      1369.0529785156
884.164307      1337.6322021484
884.467896      1337.6322021484
884.771484      1321.9217529297
885.075073      1259.0799560547
885.378540      1348.8538818359
885.681885      1382.5191650391
885.985291      1339.8764648438
886.288635      1355.5869140625
886.591858      1400.4738769531
886.895020      1324.1660156250
887.198242      1375.7861328125
887.501343      1353.3426513672
887.804443      1321.9217529297
888.107422      1380.2747802734
888.410400      1283.7678222656
888.713257      1335.3878173828
889.016174      1337.6322021484
889.318909      1346.6094970703
889.621643      1416.1843261719
889.924377      1326.4104003906
890.227051      1315.1885986328
890.529602      1330.8990478516
890.832153      1391.4965820313
891.134705      1339.8764648438
891.437134      1310.6999511719
891.739441      1387.0078125000
892.041870      1297.2338867188
892.344116      1319.6773681641
892.646362      1398.2296142578
892.948486      1378.0303955078
893.250671      1294.9895019531
893.552734      1346.6094970703
893.854797      1339.8764648438
894.156738      1348.8538818359
894.458618      1312.9443359375
894.760559      1265.8129882813
895.062378      1330.8990478516
895.364136      1355.5869140625
895.665894      1312.9443359375
895.967590      1342.1208496094
896.269165      1330.8990478516
896.570679      1366.8087158203
896.872192      1344.3652343750
897.173706      1411.6956787109
897.475159      1371.2973632813
897.776428      1330.8990478516
898.077759      1395.9852294922
