0.567000
190.096298         0.0000000000
190.479492         0.0000000000
190.862656      1200.3253173828
191.245789      1149.7369384766
191.628876      1181.9295654297
192.011948      1133.6406250000
192.394958      1191.1274414063
192.777939      1299.2026367188
193.160904      1303.8016357422
193.543823      1317.5985107422
193.926697      1225.6195068359
194.309555      1315.2989501953
194.692368      1276.2078857422
195.075150      1257.8121337891
195.457886      1253.2132568359
195.840607      1262.4111328125
196.223282      1296.9031982422
196.605927      1290.0047607422
196.988541      1271.6090087891
197.371094      1333.6948242188
197.753632      1342.8927001953
198.136139      1335.9942626953
198.518600      1267.0100097656
198.901031      1260.1115722656
199.283432      1276.2078857422
199.665802      1273.9084472656
200.048126      1234.8173828125
200.430405      1200.3253173828
200.812668      1147.4373779297
201.194885      1161.2342529297
201.577072      1158.9348144531
201.959244      1267.0100097656
202.341354      1232.5179443359
202.723434      1308.4005126953
203.105499      1244.0152587891
203.487503      1202.6247558594
203.869461      1218.7210693359
204.251434      1129.0416259766
204.633331      1230.2185058594
205.015198      1198.0258789063
205.397049      1234.8173828125
205.778854      1248.6142578125
206.160614      1246.3148193359
206.542343      1188.8278808594
206.924042      1225.6195068359
207.305710      1250.9136962891
207.687332      1287.7053222656
208.068939      1209.5231933594
208.450485      1207.2237548828
208.832016      1250.9136962891
209.213501      1168.1326904297
209.594955      1234.8173828125
209.976379      1161.2342529297
210.357758      1225.6195068359
210.739105      1310.7000732422
211.120422      1253.2132568359
211.501694      1177.3305664063
211.882935      1184.2290039063
212.264145      1188.8278808594
212.645340      1198.0258789063
213.026474      1246.3148193359
213.407562      1211.8226318359
213.788620      1191.1274414063
214.169662      1248.6142578125
214.550659      1172.7315673828
214.931610      1306.1010742188
215.312561      1264.7105712891
215.693451      1237.1169433594
216.074295      1223.3200683594
216.455109      1131.3410644531
216.835922      1195.7263183594
217.216660      1237.1169433594
217.597382      1273.9084472656
217.978058      1225.6195068359
218.358704      1255.5126953125
218.739304      1342.8927001953
219.119888      1285.4058837891
219.500427      1271.6090087891
219.880920      1322.1973876953
220.261414      1218.7210693359
220.641830      1239.4163818359
221.022232      1188.8278808594
221.402603      1232.5179443359
221.782944      1175.0311279297
222.163223      1232.5179443359
222.543488      1278.5074462891
222.923706      1172.7315673828
223.303894      1290.0047607422
223.684036      1232.5179443359
224.064163      1209.5231933594
224.444244      1237.1169433594
224.824295      1147.4373779297
225.204300      1184.2290039063
225.584274      1225.6195068359
225.964203      1232.5179443359
226.344131      1303.8016357422
226.723999      1269.3095703125
227.103806      1154.3358154297
227.483627      1158.9348144531
227.863388      1290.0047607422
228.243118      1221.0205078125
228.622787      1175.0311279297
229.002472      1250.9136962891
229.382080      1214.1221923828
229.761688      1264.7105712891
230.141220      1214.1221923828
230.520721      1244.0152587891
230.900208      1262.4111328125
231.279663      1202.6247558594
231.659073      1163.5336914063
232.038452      1335.9942626953
232.417786      1218.7210693359
232.797073      1232.5179443359
233.176346      1248.6142578125
233.555573      1262.4111328125
233.934784      1204.9241943359
234.313934      1244.0152587891
234.693069      1200.3253173828
235.072144      1237.1169433594
235.451202      1168.1326904297
235.830215      1204.9241943359
236.209213      1214.1221923828
236.588165      1191.1274414063
236.967072      1181.9295654297
237.345947      1223.3200683594
237.724792      1299.2026367188
238.103577      1239.4163818359
238.482361      1188.8278808594
238.861084      1253.2132568359
239.239777      1221.0205078125
239.618454      1234.8173828125
239.997070      1303.8016357422
240.375671      1163.5336914063
240.754211      1191.1274414063
241.132751      1191.1274414063
241.511215      1253.2132568359
241.889694      1237.1169433594
242.268097      1280.8068847656
242.646469      1221.0205078125
243.024811      1262.4111328125
243.403122      1278.5074462891
243.781387      1221.0205078125
244.159622      1186.5284423828
244.537827      1218.7210693359
244.915985      1209.5231933594
245.294113      1170.4321289063
245.672195      1204.9241943359
246.050262      1237.1169433594
246.428268      1283.1063232422
246.806274      1214.1221923828
247.184219      1207.2237548828
247.562119      1223.3200683594
247.940002      1287.7053222656
248.317841      1244.0152587891
248.695648      1234.8173828125
249.073425      1193.4268798828
249.451157      1170.4321289063
249.828842      1241.7158203125
250.206512      1227.9189453125
250.584152      1278.5074462891
250.961731      1478.5616455078
251.339279      1204.9241943359
251.716812      1271.6090087891
252.094299      1269.3095703125
252.471725      1198.0258789063
252.849136      1158.9348144531
253.226517      1186.5284423828
253.603867      1209.5231933594
253.981171      1214.1221923828
254.358429      1149.7369384766
254.735672      1250.9136962891
255.112869      1198.0258789063
255.490021      1218.7210693359
255.867172      1244.0152587891
256.244263      1310.7000732422
256.621307      1200.3253173828
256.998291      1168.1326904297
257.375305      1356.6895751953
257.752228      1276.2078857422
258.129120      1188.8278808594
258.506012      1186.5284423828
258.882843      1248.6142578125
259.259644      1467.0642089844
259.636414      1271.6090087891
260.013123      1161.2342529297
260.389832      1204.9241943359
260.766479      1186.5284423828
261.143127      1156.6352539063
261.519714      1255.5126953125
261.896271      1209.5231933594
262.272736      1175.0311279297
262.649231      1193.4268798828
263.025696      1273.9084472656
263.402100      1218.7210693359
263.778473      1149.7369384766
264.154785      1216.4216308594
264.531097      1193.4268798828
264.907318      1239.4163818359
265.283569      1170.4321289063
265.659760      1202.6247558594
266.035919      1250.9136962891
266.412018      1133.6406250000
266.788086      1202.6247558594
267.164154      1129.0416259766
267.540192      1232.5179443359
267.916107      1149.7369384766
268.292084      1230.2185058594
268.667969      1165.8332519531
269.043793      1161.2342529297
269.419617      1223.3200683594
269.795410      1232.5179443359
270.171204      1179.6300048828
270.546875      1181.9295654297
270.922577      1122.1431884766
271.298248      1198.0258789063
271.673828      1191.1274414063
272.049408      1207.2237548828
272.424927      1181.9295654297
272.800446      1299.2026367188
273.175934      1191.1274414063
273.551361      1209.5231933594
273.926727      1276.2078857422
274.302063      1152.0363769531
274.677399      1207.2237548828
275.052673      1285.4058837891
275.427948      1202.6247558594
275.803131      1239.4163818359
276.178314      1227.9189453125
276.553436      1287.7053222656
276.928558      1308.4005126953
277.303650      1168.1326904297
277.678619      1198.0258789063
278.053650      1278.5074462891
278.428589      1294.6037597656
278.803528      1257.8121337891
279.178375      1211.8226318359
279.553253      1181.9295654297
279.928070      1209.5231933594
280.302826      1209.5231933594
280.677582      1207.2237548828
281.052277      1129.0416259766
281.426941      1211.8226318359
281.801544      1227.9189453125
282.176147      1200.3253173828
282.550720      1211.8226318359
282.925232      1158.9348144531
283.299683      1370.4863281250
283.674133      1218.7210693359
284.048553      1191.1274414063
284.422974      1179.6300048828
284.797241      1184.2290039063
285.171600      1179.6300048828
285.545837      1188.8278808594
285.920074      1227.9189453125
286.294250      1225.6195068359
286.668396      1216.4216308594
287.042511      1186.5284423828
287.416626      1181.9295654297
287.790649      1200.3253173828
288.164673      1227.9189453125
288.538635      1308.4005126953
288.912567      1273.9084472656
289.286438      1184.2290039063
289.660309      1129.0416259766
290.034149      1200.3253173828
290.407959      1198.0258789063
290.781677      1158.9348144531
291.155396      1234.8173828125
291.529083      1184.2290039063
291.902710      1214.1221923828
292.276337      1292.3041992188
292.649902      1239.4163818359
293.023407      1221.0205078125
293.396912      1248.6142578125
293.770386      1211.8226318359
294.143829      1262.4111328125
294.517181      1246.3148193359
294.890533      1177.3305664063
295.263824      1269.3095703125
295.637115      1202.6247558594
296.010345      1237.1169433594
296.383545      1191.1274414063
296.756744      1175.0311279297
297.129852      1198.0258789063
297.502960      1241.7158203125
297.875977      1211.8226318359
298.248993      1161.2342529297
298.621979      1184.2290039063
298.994934      1209.5231933594
299.367859      1273.9084472656
299.740723      1204.9241943359
300.113556      1239.4163818359
300.486359      1347.4915771484
300.859100      1193.4268798828
301.231842      1276.2078857422
301.604492      1163.5336914063
301.977173      1290.0047607422
302.349792      1250.9136962891
302.722351      1237.1169433594
303.094910      1126.7421875000
303.467377      1218.7210693359
303.839874      1214.1221923828
304.212311      1273.9084472656
304.584717      1200.3253173828
304.957062      1234.8173828125
305.329376      1227.9189453125
305.701630      1193.4268798828
306.073853      1209.5231933594
306.446106      1131.3410644531
306.818268      1237.1169433594
307.190399      1145.1379394531
307.562500      1175.0311279297
307.934540      1204.9241943359
308.306610      1214.1221923828
308.678558      1218.7210693359
309.050507      1273.9084472656
309.422424      1250.9136962891
309.794281      1257.8121337891
310.166138      1175.0311279297
310.537933      1200.3253173828
310.909729      1227.9189453125
311.281464      1246.3148193359
311.653107      1216.4216308594
312.024780      1230.2185058594
312.396393      1161.2342529297
312.767975      1177.3305664063
313.139496      1145.1379394531
313.511047      1133.6406250000
313.882507      1273.9084472656
314.253906      1239.4163818359
314.625305      1253.2132568359
314.996643      1188.8278808594
315.368011      1177.3305664063
315.739258      1239.4163818359
316.110504      1122.1431884766
316.481720      1131.3410644531
316.852905      1241.7158203125
317.223999      1177.3305664063
317.595123      1163.5336914063
317.966187      1287.7053222656
318.337189      1294.6037597656
318.708191      1216.4216308594
319.079163      1223.3200683594
319.450073      1195.7263183594
319.820923      1177.3305664063
320.191742      1241.7158203125
320.562561      1214.1221923828
320.933319      1244.0152587891
321.304047      1262.4111328125
321.674744      1207.2237548828
322.045380      1250.9136962891
322.416016      1209.5231933594
322.786560      1232.5179443359
323.157135      1181.9295654297
323.527618      1165.8332519531
323.898071      1181.9295654297
324.268494      1112.9453125000
324.638885      1170.4321289063
325.009277      1140.5389404297
325.379578      1244.0152587891
325.749847      1296.9031982422
326.120117      1193.4268798828
326.490295      1209.5231933594
326.860443      1207.2237548828
327.230591      1214.1221923828
327.600708      1241.7158203125
327.970703      1264.7105712891
328.340759      1257.8121337891
328.710724      1172.7315673828
329.080688      1264.7105712891
329.450592      1191.1274414063
329.820435      1232.5179443359
330.190277      1241.7158203125
330.560089      1310.7000732422
330.929810      1177.3305664063
331.299561      1177.3305664063
331.669220      1184.2290039063
332.038879      1186.5284423828
332.408447      1271.6090087891
332.778046      1168.1326904297
333.147583      1211.8226318359
333.517059      1232.5179443359
333.886505      1142.8385009766
334.255951      1287.7053222656
334.625336      1237.1169433594
334.994629      1232.5179443359
335.363983      1209.5231933594
335.733246      1232.5179443359
336.102478      1195.7263183594
336.471680      1163.5336914063
336.840820      1184.2290039063
337.209961      1290.0047607422
337.578979      1264.7105712891
337.948059      1271.6090087891
338.317078      1246.3148193359
338.686035      1179.6300048828
339.054962      1248.6142578125
339.423859      1175.0311279297
339.792725      1248.6142578125
340.161560      1149.7369384766
340.530334      1147.4373779297
340.899078      1163.5336914063
341.267761      1154.3358154297
341.636444      1225.6195068359
342.005066      1271.6090087891
342.373657      1200.3253173828
342.742218      1177.3305664063
343.110718      1285.4058837891
343.479218      1221.0205078125
343.847626      1264.7105712891
344.216064      1232.5179443359
344.584412      1232.5179443359
344.952759      1234.8173828125
345.321045      1218.7210693359
345.689270      1184.2290039063
346.057526      1198.0258789063
346.425659      1165.8332519531
346.793854      1255.5126953125
347.161957      1181.9295654297
347.529999      1248.6142578125
347.898041      1216.4216308594
348.266022      1237.1169433594
348.634003      1253.2132568359
349.001892      1200.3253173828
349.369781      1191.1274414063
349.737610      1264.7105712891
350.105408      1115.2447509766
350.473145      1186.5284423828
350.840912      1214.1221923828
351.208618      1156.6352539063
351.576233      1209.5231933594
351.943878      1292.3041992188
352.311401      1271.6090087891
352.678955      1225.6195068359
353.046478      1227.9189453125
353.413910      1322.1973876953
353.781372      1232.5179443359
354.148743      1250.9136962891
354.516083      1223.3200683594
354.883392      1158.9348144531
355.250641      1223.3200683594
355.617920      1237.1169433594
355.985077      1179.6300048828
356.352234      1181.9295654297
356.719360      1211.8226318359
357.086426      1170.4321289063
357.453491      1260.1115722656
357.820496      1140.5389404297
358.187469      1191.1274414063
358.554382      1260.1115722656
358.921295      1204.9241943359
359.288147      1179.6300048828
359.654968      1232.5179443359
360.021759      1181.9295654297
360.388489      1230.2185058594
360.755188      1209.5231933594
361.121826      1140.5389404297
361.488464      1278.5074462891
361.855072      1188.8278808594
362.221588      1195.7263183594
362.588135      1255.5126953125
362.954590      1186.5284423828
363.321075      1214.1221923828
363.687439      1175.0311279297
364.053802      1207.2237548828
364.420135      1209.5231933594
364.786407      1122.1431884766
365.152679      1188.8278808594
365.518860      1191.1274414063
365.885040      1214.1221923828
366.251190      1246.3148193359
366.617249      1181.9295654297
366.983337      1267.0100097656
367.349335      1216.4216308594
367.715332      1216.4216308594
368.081207      1198.0258789063
368.447174      1271.6090087891
368.813019      1191.1274414063
369.178833      1172.7315673828
369.544678      1207.2237548828
369.910400      1230.2185058594
370.276123      1122.1431884766
370.641785      1278.5074462891
371.007446      1239.4163818359
371.373016      1202.6247558594
371.738586      1276.2078857422
372.104126      1142.8385009766
372.469574      1253.2132568359
372.835022      1262.4111328125
373.200439      1154.3358154297
373.565796      1280.8068847656
373.931122      1232.5179443359
374.296417      1248.6142578125
374.661713      1188.8278808594
375.026886      1260.1115722656
375.392090      1218.7210693359
375.757202      1124.4426269531
376.122314      1195.7263183594
376.487396      1184.2290039063
376.852386      1255.5126953125
377.217407      1276.2078857422
377.582336      1161.2342529297
377.947235      1221.0205078125
378.312103      1188.8278808594
378.676941      1299.2026367188
379.041779      1260.1115722656
379.406494      1168.1326904297
379.771240      1170.4321289063
380.135925      1262.4111328125
380.500549      1230.2185058594
380.865143      1338.2937011719
381.229706      1239.4163818359
381.594269      1278.5074462891
381.958679      1262.4111328125
382.323181      1237.1169433594
382.687561      1193.4268798828
383.051971      1264.7105712891
383.416321      1232.5179443359
383.780579      1138.2395019531
384.144867      1241.7158203125
384.509033      1181.9295654297
384.873260      1200.3253173828
385.237366      1152.0363769531
385.601501      1292.3041992188
385.965576      1246.3148193359
386.329559      1170.4321289063
386.693573      1193.4268798828
387.057526      1156.6352539063
387.421417      1200.3253173828
387.785309      1237.1169433594
388.149109      1177.3305664063
388.512970      1165.8332519531
388.876678      1177.3305664063
389.240417      1287.7053222656
389.604065      1230.2185058594
389.967712      1202.6247558594
390.331360      1133.6406250000
390.694885      1163.5336914063
391.058411      1179.6300048828
391.421906      1207.2237548828
391.785370      1209.5231933594
392.148743      1186.5284423828
392.512115      1287.7053222656
392.875488      1241.7158203125
393.238739      1161.2342529297
393.602051      1209.5231933594
393.965240      1218.7210693359
394.328430      1170.4321289063
394.691559      1232.5179443359
395.054657      1278.5074462891
395.417725      1191.1274414063
395.780731      1207.2237548828
396.143738      1193.4268798828
396.506653      1239.4163818359
396.869568      1195.7263183594
397.232422      1161.2342529297
397.595245      1193.4268798828
397.958069      1172.7315673828
398.320770      1209.5231933594
398.683533      1191.1274414063
399.046204      1184.2290039063
399.408813      1195.7263183594
399.771454      1184.2290039063
400.133972      1255.5126953125
400.496521      1216.4216308594
400.859009      1170.4321289063
401.221436      1170.4321289063
401.583832      1234.8173828125
401.946198      1250.9136962891
402.308563      1230.2185058594
402.670807      1191.1274414063
403.033051      1216.4216308594
403.395294      1175.0311279297
403.757416      1250.9136962891
404.119568      1292.3041992188
404.481659      1221.0205078125
404.843719      1230.2185058594
405.205719      1301.5021972656
405.567719      1269.3095703125
405.929657      1193.4268798828
406.291534      1257.8121337891
406.653442      1227.9189453125
407.015228      1354.3900146484
407.377014      1255.5126953125
407.738739      1195.7263183594
408.100464      1227.9189453125
408.462128      1246.3148193359
408.823730      1250.9136962891
409.185364      1184.2290039063
409.546875      1184.2290039063
409.908386      1207.2237548828
410.269867      1209.5231933594
410.631287      1191.1274414063
410.992676      1234.8173828125
411.354034      1177.3305664063
411.715363      1248.6142578125
412.076630      1195.7263183594
412.437866      1186.5284423828
412.799072      1138.2395019531
413.160217      1165.8332519531
413.521362      1158.9348144531
413.882416      1193.4268798828
414.243469      1181.9295654297
414.604462      1216.4216308594
414.965424      1214.1221923828
415.326355      1253.2132568359
415.687225      1133.6406250000
416.048096      1227.9189453125
416.408875      1211.8226318359
416.769653      1260.1115722656
417.130402      1177.3305664063
417.491058      1193.4268798828
417.851715      1181.9295654297
418.212311      1168.1326904297
418.572906      1147.4373779297
418.933411      1221.0205078125
419.293945      1221.0205078125
419.654388      1306.1010742188
420.014801      1198.0258789063
420.375183      1209.5231933594
420.735504      1271.6090087891
421.095825      1260.1115722656
421.456055      1241.7158203125
421.816315      1241.7158203125
422.176453      1172.7315673828
422.536621      1225.6195068359
422.896729      1230.2185058594
423.256775      1227.9189453125
423.616821      1140.5389404297
423.976807      1204.9241943359
424.336731      1181.9295654297
424.696625      1145.1379394531
425.056488      1214.1221923828
425.416351      1227.9189453125
425.776093      1250.9136962891
426.135864      1221.0205078125
426.495575      1264.7105712891
426.855225      1260.1115722656
427.214874      1175.0311279297
427.574432      1191.1274414063
427.934052      1175.0311279297
428.293518      1246.3148193359
428.653015      1296.9031982422
429.012421      1267.0100097656
429.371826      1223.3200683594
429.731232      1227.9189453125
430.090485      1152.0363769531
430.449799      1200.3253173828
430.808990      1193.4268798828
431.168213      1255.5126953125
431.527374      1239.4163818359
431.886475      1230.2185058594
432.245605      1214.1221923828
432.604584      1202.6247558594
432.963623      1163.5336914063
433.322571      1158.9348144531
433.681488      1211.8226318359
434.040344      1267.0100097656
434.399200      1225.6195068359
434.758026      1145.1379394531
435.116760      1287.7053222656
435.475494      1239.4163818359
435.834198      1211.8226318359
436.192841      1152.0363769531
436.551453      1241.7158203125
436.910004      1276.2078857422
437.268555      1248.6142578125
437.627014      1232.5179443359
437.985474      1186.5284423828
438.343903      1195.7263183594
438.702240      1181.9295654297
439.060577      1230.2185058594
439.418854      1239.4163818359
439.777130      1248.6142578125
440.135315      1181.9295654297
440.493500      1161.2342529297
440.851654      1200.3253173828
441.209717      1250.9136962891
441.567810      1246.3148193359
441.925781      1227.9189453125
442.283783      1140.5389404297
442.641663      1195.7263183594
442.999573      1248.6142578125
443.357483      1230.2185058594
443.715240      1237.1169433594
444.073029      1287.7053222656
444.430725      1214.1221923828
444.788452      1186.5284423828
445.146149      1237.1169433594
445.503723      1218.7210693359
445.861359      1216.4216308594
446.218842      1246.3148193359
446.576355      1200.3253173828
446.933777      1195.7263183594
447.291199      1195.7263183594
447.648621      1165.8332519531
448.005920      1179.6300048828
448.363251      1204.9241943359
448.720459      1181.9295654297
449.077728      1253.2132568359
449.434875      1273.9084472656
449.792023      1225.6195068359
450.149170      1195.7263183594
450.506195      1193.4268798828
450.863220      1172.7315673828
451.220184      1147.4373779297
451.577118      1145.1379394531
451.933990      1195.7263183594
452.290894      1216.4216308594
452.647736      1230.2185058594
453.004456      1186.5284423828
453.361237      1273.9084472656
453.717926      1191.1274414063
454.074585      1186.5284423828
454.431244      1195.7263183594
454.787811      1126.7421875000
455.144379      1163.5336914063
455.500824      1158.9348144531
455.857300      1221.0205078125
456.213715      1271.6090087891
456.570099      1234.8173828125
456.926483      1204.9241943359
457.282745      1299.2026367188
457.639038      1255.5126953125
457.995209      1250.9136962891
458.351440      1230.2185058594
458.707550      1283.1063232422
459.063660      1280.8068847656
459.419769      1181.9295654297
459.775757      1184.2290039063
460.131744      1230.2185058594
460.487671      1276.2078857422
460.843597      1285.4058837891
461.199493      1273.9084472656
461.555267      1225.6195068359
461.911072      1198.0258789063
462.266785      1278.5074462891
462.622498      1267.0100097656
462.978119      1253.2132568359
463.333771      1163.5336914063
463.689392      1145.1379394531
464.044891      1198.0258789063
464.400421      1207.2237548828
464.755859      1163.5336914063
465.111298      1221.0205078125
465.466675      1234.8173828125
465.821991      1124.4426269531
466.177338      1175.0311279297
466.532562      1262.4111328125
466.887817      1209.5231933594
467.242981      1221.0205078125
467.598114      1156.6352539063
467.953247      1142.8385009766
468.308289      1191.1274414063
468.663330      1227.9189453125
469.018280      1280.8068847656
469.373230      1209.5231933594
469.728119      1152.0363769531
470.082977      1152.0363769531
470.437836      1232.5179443359
470.792572      1163.5336914063
471.147339      1179.6300048828
471.502014      1202.6247558594
471.856720      1218.7210693359
472.211273      1198.0258789063
472.565918      1179.6300048828
472.920471      1188.8278808594
473.274933      1188.8278808594
473.629395      1204.9241943359
473.983795      1209.5231933594
474.338165      1237.1169433594
474.692505      1158.9348144531
475.046814      1138.2395019531
475.401123      1177.3305664063
475.755280      1264.7105712891
476.109497      1204.9241943359
476.463593      1276.2078857422
476.817688      2182.2006835938
477.171783      1347.4915771484
477.525757      1223.3200683594
477.879761      1209.5231933594
478.233673      1186.5284423828
478.587585      1087.6511230469
478.941406      1216.4216308594
479.295258      1218.7210693359
479.649048      1227.9189453125
480.002747      1221.0205078125
480.356445      1191.1274414063
480.710052      1175.0311279297
481.063690      1145.1379394531
481.417236      1306.1010742188
481.770782      1214.1221923828
482.124329      1188.8278808594
482.477722      1181.9295654297
482.831177      1246.3148193359
483.184509      1232.5179443359
483.537842      1285.4058837891
483.891144      1209.5231933594
484.244385      1195.7263183594
484.597626      1267.0100097656
484.950714      1179.6300048828
485.303894      1230.2185058594
485.656921      1158.9348144531
486.010010      1216.4216308594
486.363068      1156.6352539063
486.715973      1303.8016357422
487.068909      1253.2132568359
487.421783      1223.3200683594
487.774628      1142.8385009766
488.127411      1214.1221923828
488.480194      1188.8278808594
488.832947      1168.1326904297
489.185577      1195.7263183594
489.538239      1241.7158203125
489.890839      1209.5231933594
490.243378      1209.5231933594
490.595917      1241.7158203125
490.948395      1161.2342529297
491.300842      1163.5336914063
491.653198      1211.8226318359
492.005585      1202.6247558594
492.357880      1119.8437500000
492.710144      1248.6142578125
493.062439      1149.7369384766
493.414581      1257.8121337891
493.766754      1168.1326904297
494.118835      1294.6037597656
494.470917      1218.7210693359
494.822937      1207.2237548828
495.174927      1101.4478759766
495.526917      1227.9189453125
495.878784      1253.2132568359
496.230682      1140.5389404297
496.582489      1269.3095703125
496.934296      1209.5231933594
497.285980      1200.3253173828
497.637695      1225.6195068359
497.989410      1510.7542724609
498.340973      1260.1115722656
498.692596      1267.0100097656
499.044128      1227.9189453125
499.395630      1216.4216308594
499.747101      1198.0258789063
500.098480      1195.7263183594
500.449921      1186.5284423828
500.801208      1211.8226318359
501.152527      1211.8226318359
501.503754      1264.7105712891
501.854980      1181.9295654297
502.206177      1246.3148193359
502.557281      1255.5126953125
502.908386      1110.6458740234
503.259430      1260.1115722656
503.610443      1232.5179443359
503.961365      1214.1221923828
504.312317      1230.2185058594
504.663239      1179.6300048828
505.014069      1181.9295654297
505.364899      1149.7369384766
505.715607      1145.1379394531
506.066376      1276.2078857422
506.417084      1237.1169433594
506.767670      1209.5231933594
507.118317      1250.9136962891
507.468842      1168.1326904297
507.819397      1200.3253173828
508.169830      1218.7210693359
508.520294      1204.9241943359
508.870697      1193.4268798828
509.221039      1227.9189453125
509.571381      1181.9295654297
509.921631      1211.8226318359
510.271851      1237.1169433594
510.622009      1191.1274414063
510.972198      1181.9295654297
511.322327      1312.9995117188
511.672394      1227.9189453125
512.022461      1227.9189453125
512.372375      1158.9348144531
512.722351      1216.4216308594
513.072266      1221.0205078125
513.422058      1296.9031982422
513.771912      1214.1221923828
514.121704      1234.8173828125
514.471436      1124.4426269531
514.821167      1244.0152587891
515.170776      1177.3305664063
515.520447      1257.8121337891
515.869995      1177.3305664063
516.219543      1198.0258789063
516.569031      1218.7210693359
516.918518      1280.8068847656
517.267822      1260.1115722656
517.617249      1184.2290039063
517.966614      1200.3253173828
518.315796      1198.0258789063
518.665161      1168.1326904297
519.014282      1172.7315673828
519.363464      1168.1326904297
519.712585      1198.0258789063
520.061646      1225.6195068359
520.410706      1244.0152587891
520.759705      1216.4216308594
521.108704      1163.5336914063
521.457520      1198.0258789063
521.806458      1156.6352539063
522.155334      1227.9189453125
522.504089      1200.3253173828
522.852844      1193.4268798828
523.201538      1193.4268798828
523.550232      1227.9189453125
523.898804      1237.1169433594
524.247437      1250.9136962891
524.596008      1198.0258789063
524.944458      1296.9031982422
525.292969      1204.9241943359
525.641357      1198.0258789063
525.989746      1234.8173828125
526.338074      1191.1274414063
526.686401      1241.7158203125
527.034607      1175.0311279297
527.382813      1207.2237548828
527.731018      1181.9295654297
528.079102      1200.3253173828
528.427246      1223.3200683594
528.775330      1214.1221923828
529.123291      1177.3305664063
529.471252      1177.3305664063
529.819153      1195.7263183594
530.167053      1250.9136962891
530.514832      1218.7210693359
530.862732      1142.8385009766
531.210510      1276.2078857422
531.558167      1221.0205078125
531.905884      1200.3253173828
532.253479      1195.7263183594
532.601074      1246.3148193359
532.948608      1354.3900146484
533.296143      1296.9031982422
533.643616      1198.0258789063
533.991028      1179.6300048828
534.338379      1216.4216308594
534.685730      1276.2078857422
535.033081      1264.7105712891
535.380371      1255.5126953125
535.727478      1248.6142578125
536.074707      1223.3200683594
536.421875      1216.4216308594
536.768921      1207.2237548828
537.115967      1230.2185058594
537.463013      1198.0258789063
537.809998      1193.4268798828
538.156860      1241.7158203125
538.503784      1198.0258789063
538.850647      1156.6352539063
539.197449      1195.7263183594
539.544189      1221.0205078125
539.890930      1246.3148193359
540.237610      1207.2237548828
540.584229      1195.7263183594
540.930847      1154.3358154297
541.277344      1152.0363769531
541.623901      1191.1274414063
541.970337      1168.1326904297
542.316772      1133.6406250000
542.663208      1237.1169433594
543.009521      1244.0152587891
543.355835      1204.9241943359
543.702026      1202.6247558594
544.048279      1241.7158203125
544.394470      1168.1326904297
544.740601      1223.3200683594
545.086731      1188.8278808594
545.432739      1170.4321289063
545.778809      1260.1115722656
546.124695      1241.7158203125
546.470703      1246.3148193359
546.816589      1179.6300048828
547.162415      1188.8278808594
547.508240      1209.5231933594
547.853943      1239.4163818359
548.199646      1202.6247558594
548.545349      1223.3200683594
548.890930      1241.7158203125
549.236633      1255.5126953125
549.582092      1198.0258789063
549.927673      1181.9295654297
550.273071      1253.2132568359
550.618530      1191.1274414063
550.963928      1209.5231933594
551.309204      1179.6300048828
551.654602      1179.6300048828
551.999756      1214.1221923828
552.345093      1158.9348144531
552.690186      1177.3305664063
553.035339      1237.1169433594
553.380493      1179.6300048828
553.725464      1198.0258789063
554.070496      1237.1169433594
554.415405      1241.7158203125
554.760376      1225.6195068359
555.105225      1239.4163818359
555.450073      1184.2290039063
555.794922      1214.1221923828
556.139648      1147.4373779297
556.484375      1175.0311279297
556.828979      1271.6090087891
557.173645      1198.0258789063
557.518311      1290.0047607422
557.862793      1138.2395019531
558.207275      1294.6037597656
558.551697      1221.0205078125
558.896118      1200.3253173828
559.240479      1198.0258789063
559.584839      1250.9136962891
559.929199      1368.1868896484
560.273376      1255.5126953125
560.617676      1172.7315673828
560.961792      1292.3041992188
561.305908      1172.7315673828
561.649963      1276.2078857422
561.994019      1244.0152587891
562.338074      1232.5179443359
562.682007      1188.8278808594
563.025879      1216.4216308594
563.369751      1225.6195068359
563.713623      1188.8278808594
564.057373      1184.2290039063
564.401123      1264.7105712891
564.744873      1198.0258789063
565.088501      1198.0258789063
565.432129      1221.0205078125
565.775635      1239.4163818359
566.119263      1267.0100097656
566.462769      1170.4321289063
566.806152      1248.6142578125
567.149597      1273.9084472656
567.492920      1276.2078857422
567.836243      1085.3515625000
568.179504      1147.4373779297
568.522827      1156.6352539063
568.866028      1473.9626464844
569.209106      1225.6195068359
569.552307      1269.3095703125
569.895325      1237.1169433594
570.238403      1248.6142578125
570.581299      1239.4163818359
570.924255      1202.6247558594
571.267212      1312.9995117188
571.609985      1198.0258789063
571.952881      1184.2290039063
572.295593      1207.2237548828
572.638367      1248.6142578125
572.981079      1308.4005126953
573.323730      1239.4163818359
573.666260      1177.3305664063
574.008850      1177.3305664063
574.351440      1204.9241943359
574.693848      1188.8278808594
575.036255      1244.0152587891
575.378723      1218.7210693359
575.721008      1260.1115722656
576.063354      1269.3095703125
576.405579      1204.9241943359
576.747803      1260.1115722656
577.090027      1232.5179443359
577.432129      1165.8332519531
577.774231      1283.1063232422
578.116272      1237.1169433594
578.458313      1221.0205078125
578.800232      1142.8385009766
579.142212      1152.0363769531
579.484070      1154.3358154297
579.825928      1271.6090087891
580.167725      1181.9295654297
580.509460      1216.4216308594
580.851196      1223.3200683594
581.192810      1193.4268798828
581.534485      1285.4058837891
581.876099      1165.8332519531
582.217590      1317.5985107422
582.559143      1237.1169433594
582.900574      1216.4216308594
583.242004      1218.7210693359
583.583313      1161.2342529297
583.924683      1257.8121337891
584.265991      1186.5284423828
584.607239      1225.6195068359
584.948425      1276.2078857422
585.289551      1177.3305664063
585.630737      1232.5179443359
585.971802      1177.3305664063
586.312805      1248.6142578125
586.653870      1186.5284423828
586.994751      1310.7000732422
587.335693      1179.6300048828
587.676453      1204.9241943359
588.017334      1202.6247558594
588.358154      1248.6142578125
588.698853      1181.9295654297
589.039551      1234.8173828125
589.380188      1207.2237548828
589.720825      1241.7158203125
590.061340      1156.6352539063
590.401917      1186.5284423828
590.742432      1214.1221923828
591.082825      1202.6247558594
591.423218      1175.0311279297
591.763550      1225.6195068359
592.103882      1202.6247558594
592.444092      1250.9136962891
592.784363      1138.2395019531
593.124512      1232.5179443359
593.464600      1221.0205078125
593.804749      1223.3200683594
594.144775      1161.2342529297
594.484802      1278.5074462891
594.824829      1299.2026367188
595.164734      1244.0152587891
595.504578      1172.7315673828
595.844360      1191.1274414063
596.184204      1163.5336914063
596.523926      1186.5284423828
596.863647      1285.4058837891
597.203369      1216.4216308594
597.542969      1204.9241943359
597.882507      1278.5074462891
598.222046      1221.0205078125
598.561584      1319.8979492188
598.901001      1175.0311279297
599.240417      1186.5284423828
599.579834      1326.7963867188
599.919067      1250.9136962891
600.258423      1255.5126953125
600.597595      1191.1274414063
600.936829      1191.1274414063
601.276001      1239.4163818359
601.615051      1198.0258789063
601.954163      1250.9136962891
602.293091      1177.3305664063
602.632141      1200.3253173828
602.971069      1273.9084472656
603.309998      1211.8226318359
603.648865      1276.2078857422
603.987610      1319.8979492188
604.326416      1172.7315673828
604.665100      1218.7210693359
605.003845      1195.7263183594
605.342407      1179.6300048828
605.680969      1207.2237548828
606.019592      1186.5284423828
606.358093      1244.0152587891
606.696533      1271.6090087891
607.034973      1232.5179443359
607.373291      1211.8226318359
607.711609      1246.3148193359
608.049927      1177.3305664063
608.388245      1257.8121337891
608.726379      1257.8121337891
609.064575      1260.1115722656
609.402710      1345.1921386719
609.740723      1269.3095703125
610.078796      1204.9241943359
610.416748      1221.0205078125
610.754761      1211.8226318359
611.092590      1195.7263183594
611.430481      1209.5231933594
611.768311      1294.6037597656
612.106018      1188.8278808594
612.443787      1319.8979492188
612.781494      1264.7105712891
613.119141      1209.5231933594
613.456726      1230.2185058594
613.794250      1244.0152587891
614.131775      1223.3200683594
614.469299      1181.9295654297
614.806763      1193.4268798828
615.144043      1163.5336914063
615.481384      1234.8173828125
615.818726      1241.7158203125
616.156006      1230.2185058594
616.493225      1273.9084472656
616.830322      1232.5179443359
617.167480      1225.6195068359
617.504578      1248.6142578125
617.841614      1227.9189453125
618.178528      1177.3305664063
618.515503      1214.1221923828
618.852478      1301.5021972656
619.189270      1186.5284423828
619.526184      1216.4216308594
619.862854      1181.9295654297
620.199646      1255.5126953125
620.536316      1253.2132568359
620.872986      1186.5284423828
621.209595      1237.1169433594
621.546143      1161.2342529297
621.882629      1264.7105712891
622.219116      1241.7158203125
622.555542      1181.9295654297
622.892029      1218.7210693359
623.228333      1306.1010742188
623.564636      1260.1115722656
623.900818      1214.1221923828
624.237061      1140.5389404297
624.573242      1221.0205078125
624.909363      1198.0258789063
625.245483      1184.2290039063
625.581482      1218.7210693359
625.917480      1244.0152587891
626.253418      1163.5336914063
626.589355      1244.0152587891
626.925171      1232.5179443359
627.261047      1246.3148193359
627.596863      1204.9241943359
627.932556      1365.8874511719
628.268250      1158.9348144531
628.603882      1225.6195068359
628.939514      1285.4058837891
629.275024      1186.5284423828
629.610596      1200.3253173828
629.946045      1230.2185058594
630.281494      1248.6142578125
630.616882      1267.0100097656
630.952209      1214.1221923828
631.287537      1237.1169433594
631.622803      1269.3095703125
631.958008      1149.7369384766
632.293213      1188.8278808594
632.628296      1244.0152587891
632.963379      1326.7963867188
633.298401      1280.8068847656
633.633423      1310.7000732422
633.968384      1253.2132568359
634.303284      1193.4268798828
634.638123      1181.9295654297
634.972900      1292.3041992188
635.307739      1179.6300048828
635.642456      1193.4268798828
635.977112      1207.2237548828
636.311829      1250.9136962891
636.646362      1255.5126953125
636.980957      1216.4216308594
637.315430      1181.9295654297
637.649963      1195.7263183594
637.984436      1255.5126953125
638.318726      1202.6247558594
638.653137      1152.0363769531
638.987366      1170.4321289063
639.321655      1239.4163818359
639.655823      1271.6090087891
639.990051      1223.3200683594
640.324158      1230.2185058594
640.658203      1156.6352539063
640.992249      1177.3305664063
641.326172      1207.2237548828
641.660156      1227.9189453125
641.994019      1131.3410644531
642.327942      1149.7369384766
642.661804      1191.1274414063
642.995483      1209.5231933594
643.329224      1181.9295654297
643.662964      1211.8226318359
643.996582      1202.6247558594
644.330200      1165.8332519531
644.663696      1207.2237548828
644.997253      1198.0258789063
645.330688      1232.5179443359
645.664124      1129.0416259766
645.997437      1202.6247558594
646.330811      1271.6090087891
646.664124      1269.3095703125
646.997375      1292.3041992188
647.330566      1267.0100097656
647.663696      1211.8226318359
647.996826      1241.7158203125
648.329895      1283.1063232422
648.662903      1140.5389404297
648.995911      1175.0311279297
649.328796      1294.6037597656
649.661682      1198.0258789063
649.994568      1195.7263183594
650.327393      1129.0416259766
650.660095      1227.9189453125
650.992859      1234.8173828125
651.325500      1227.9189453125
651.658142      1198.0258789063
651.990723      1168.1326904297
652.323242      1237.1169433594
652.655762      1179.6300048828
652.988220      1202.6247558594
653.320618      1154.3358154297
653.652954      1154.3358154297
653.985291      1301.5021972656
654.317566      1230.2185058594
654.649780      1186.5284423828
654.981995      1248.6142578125
655.314148      1188.8278808594
655.646240      1163.5336914063
655.978271      1232.5179443359
656.310303      1303.8016357422
656.642273      1158.9348144531
656.974182      1142.8385009766
657.306091      1211.8226318359
657.637939      1181.9295654297
657.969666      1218.7210693359
658.301453      1175.0311279297
658.633179      1248.6142578125
658.964844      1287.7053222656
659.296448      1216.4216308594
659.627991      1276.2078857422
659.959534      1223.3200683594
660.291016      1204.9241943359
660.622437      1184.2290039063
660.953796      1241.7158203125
661.285156      1227.9189453125
661.616516      1312.9995117188
661.947754      1244.0152587891
662.278931      1175.0311279297
662.610107      1172.7315673828
662.941284      1237.1169433594
663.272339      1214.1221923828
663.603394      1237.1169433594
663.934387      1221.0205078125
664.265320      1269.3095703125
664.596252      1248.6142578125
664.927063      1154.3358154297
665.257935      1207.2237548828
665.588684      1223.3200683594
665.919434      1200.3253173828
666.250061      1186.5284423828
666.580688      1168.1326904297
666.911316      1188.8278808594
667.241821      1211.8226318359
667.572327      1227.9189453125
667.902832      1186.5284423828
668.233276      1211.8226318359
668.563660      1255.5126953125
668.893982      1168.1326904297
669.224243      1172.7315673828
669.554504      1154.3358154297
669.884705      1195.7263183594
670.214844      1241.7158203125
670.544922      1262.4111328125
670.875000      1287.7053222656
671.205078      1177.3305664063
671.534973      1181.9295654297
671.864929      1230.2185058594
672.194824      1181.9295654297
672.524658      1207.2237548828
672.854431      1204.9241943359
673.184204      1244.0152587891
673.513916      1179.6300048828
673.843567      1177.3305664063
674.173218      1204.9241943359
674.502747      1193.4268798828
674.832275      1221.0205078125
675.161804      1124.4426269531
675.491211      1200.3253173828
675.820679      1152.0363769531
676.149963      1225.6195068359
676.479248      1234.8173828125
676.808533      1200.3253173828
677.137756      1244.0152587891
677.466919      1175.0311279297
677.796021      1244.0152587891
678.125122      1244.0152587891
678.454163      1204.9241943359
678.783142      1218.7210693359
679.112122      1237.1169433594
679.440979      1248.6142578125
679.769897      1198.0258789063
680.098694      1264.7105712891
680.427490      1234.8173828125
680.756165      1271.6090087891
681.084900      3819.4260253906
681.413513      1375.0853271484
681.742065      1237.1169433594
682.070679      1195.7263183594
682.399170      1267.0100097656
682.727600      1221.0205078125
683.056030      1255.5126953125
683.384399      1198.0258789063
683.712708      1248.6142578125
684.040955      1267.0100097656
684.369263      1239.4163818359
684.697388      1216.4216308594
685.025574      1216.4216308594
685.353638      1211.8226318359
685.681702      1225.6195068359
686.009766      1207.2237548828
686.337708      1184.2290039063
686.665588      1172.7315673828
686.993469      1129.0416259766
687.321289      1280.8068847656
687.649048      1218.7210693359
687.976807      1218.7210693359
688.304565      1223.3200683594
688.632141      1209.5231933594
688.959839      1096.8489990234
689.287354      1158.9348144531
689.614868      1211.8226318359
689.942383      1294.6037597656
690.269775      1195.7263183594
690.597168      1257.8121337891
690.924500      1248.6142578125
691.251770      1200.3253173828
691.578979      1204.9241943359
691.906250      1198.0258789063
692.233398      1230.2185058594
692.560486      1168.1326904297
692.887573      1292.3041992188
693.214539      1193.4268798828
693.541565      1202.6247558594
693.868469      1168.1326904297
694.195374      1207.2237548828
694.522217      1239.4163818359
694.849060      1241.7158203125
695.175781      1204.9241943359
695.502441      1152.0363769531
695.829163      1246.3148193359
696.155823      1177.3305664063
696.482300      1239.4163818359
696.808899      1244.0152587891
697.135315      1230.2185058594
697.461792      1191.1274414063
697.788147      1198.0258789063
698.114563      1308.4005126953
698.440857      1193.4268798828
698.767029      1248.6142578125
699.093323      1152.0363769531
699.419495      1131.3410644531
699.745605      1267.0100097656
700.071655      1237.1169433594
700.397705      1209.5231933594
700.723694      1184.2290039063
701.049622      1207.2237548828
701.375549      1172.7315673828
701.701355      1253.2132568359
702.027222      1209.5231933594
702.352905      1175.0311279297
702.678711      1200.3253173828
703.004395      1241.7158203125
703.329956      1207.2237548828
703.655579      1204.9241943359
703.981018      1225.6195068359
704.306580      1250.9136962891
704.632080      1269.3095703125
704.957397      1232.5179443359
705.282776      1301.5021972656
705.608093      1209.5231933594
705.933350      1140.5389404297
706.258545      1202.6247558594
706.583740      1248.6142578125
706.908875      1207.2237548828
707.233948      1250.9136962891
707.559021      1216.4216308594
707.883972      1179.6300048828
708.208984      1273.9084472656
708.533813      1198.0258789063
708.858704      1237.1169433594
709.183533      1294.6037597656
709.508240      1264.7105712891
709.833008      1198.0258789063
710.157654      1209.5231933594
710.482300      1179.6300048828
710.806885      1195.7263183594
711.131409      1239.4163818359
711.455933      1186.5284423828
711.780334      1246.3148193359
712.104797      1230.2185058594
712.429138      1234.8173828125
712.753479      1317.5985107422
713.077759      1142.8385009766
713.401917      1186.5284423828
713.726135      1193.4268798828
714.050232      1225.6195068359
714.374329      1230.2185058594
714.698364      1218.7210693359
715.022339      1209.5231933594
715.346313      1209.5231933594
715.670166      1087.6511230469
715.994080      1290.0047607422
716.317871      1299.2026367188
716.641663      1244.0152587891
716.965393      1209.5231933594
717.289001      1257.8121337891
717.612732      1294.6037597656
717.936279      1177.3305664063
718.259827      1329.0958251953
718.583313      1193.4268798828
718.906738      1195.7263183594
719.230225      1200.3253173828
719.553528      1225.6195068359
719.876892      1214.1221923828
720.200134      1186.5284423828
720.523315      1172.7315673828
720.846497      1230.2185058594
721.169617      1165.8332519531
721.492737      1232.5179443359
721.815735      1209.5231933594
722.138733      1232.5179443359
722.461670      1209.5231933594
722.784607      1223.3200683594
723.107544      1269.3095703125
723.430298      1216.4216308594
723.753113      1273.9084472656
724.075745      1241.7158203125
724.398438      1230.2185058594
724.721008      1269.3095703125
725.043640      1237.1169433594
725.366211      1207.2237548828
725.688660      1184.2290039063
726.011169      1232.5179443359
726.333496      1161.2342529297
726.655884      1257.8121337891
726.978149      1273.9084472656
727.300476      1172.7315673828
727.622681      1234.8173828125
727.944824      1237.1169433594
728.266968      1287.7053222656
728.589050      1257.8121337891
728.911133      1239.4163818359
729.233032      1246.3148193359
729.554993      1260.1115722656
729.876953      1191.1274414063
730.198792      1198.0258789063
730.520569      1175.0311279297
730.842346      1225.6195068359
731.164063      1244.0152587891
731.485718      1225.6195068359
731.807373      1223.3200683594
732.128967      1223.3200683594
732.450439      1223.3200683594
732.771973      1211.8226318359
733.093323      1241.7158203125
733.414795      1234.8173828125
733.736145      1264.7105712891
734.057373      1237.1169433594
734.378662      1267.0100097656
734.699890      1193.4268798828
735.021057      1211.8226318359
735.342163      1225.6195068359
735.663269      1296.9031982422
735.984314      1168.1326904297
736.305237      1191.1274414063
736.626160      1260.1115722656
736.947083      1186.5284423828
737.267883      1225.6195068359
737.588745      1188.8278808594
737.909485      1296.9031982422
738.230225      1170.4321289063
738.550781      1267.0100097656
738.871460      1221.0205078125
739.192017      1250.9136962891
739.512573      1260.1115722656
739.833069      1195.7263183594
740.153442      1221.0205078125
740.473877      1216.4216308594
740.794128      1269.3095703125
741.114441      1202.6247558594
741.434692      1271.6090087891
741.754883      1216.4216308594
742.075073      1225.6195068359
742.395142      1214.1221923828
742.715210      1260.1115722656
743.035217      1255.5126953125
743.355225      1276.2078857422
743.675049      1234.8173828125
743.994995      1246.3148193359
744.314880      1204.9241943359
744.634583      1126.7421875000
744.954407      1195.7263183594
745.273987      1216.4216308594
745.593689      1170.4321289063
745.913330      1163.5336914063
746.232849      1211.8226318359
746.552368      1131.3410644531
746.871826      1294.6037597656
747.191223      1198.0258789063
747.510559      1234.8173828125
747.829956      1177.3305664063
748.149231      1177.3305664063
748.468384      1181.9295654297
748.787659      1207.2237548828
749.106750      1163.5336914063
749.425842      1248.6142578125
749.744873      1209.5231933594
750.063904      1312.9995117188
750.382874      1218.7210693359
750.701721      1193.4268798828
751.020630      1230.2185058594
751.339417      1241.7158203125
751.658203      1283.1063232422
751.976990      1230.2185058594
752.295593      1211.8226318359
752.614258      1239.4163818359
752.932800      1181.9295654297
753.251404      1216.4216308594
753.569824      1209.5231933594
753.888306      1267.0100097656
754.206726      1209.5231933594
754.525024      1269.3095703125
754.843323      1124.4426269531
755.161621      1186.5284423828
755.479797      1211.8226318359
755.797974      1232.5179443359
756.116089      1246.3148193359
756.434204      1204.9241943359
756.752197      1232.5179443359
757.070190      1264.7105712891
757.388123      1207.2237548828
757.705994      1234.8173828125
758.023865      1204.9241943359
758.341675      1227.9189453125
758.659363      1349.7911376953
758.977112      1218.7210693359
759.294739      1170.4321289063
759.612305      1278.5074462891
759.929932      1218.7210693359
760.247498      1211.8226318359
760.564880      1216.4216308594
760.882385      1172.7315673828
761.199707      1294.6037597656
761.517090      1221.0205078125
761.834290      1218.7210693359
762.151611      1232.5179443359
762.468811      1168.1326904297
762.785889      1264.7105712891
763.103027      1218.7210693359
763.420044      1202.6247558594
763.737061      1294.6037597656
764.054077      1211.8226318359
764.370972      1306.1010742188
764.687805      1244.0152587891
765.004639      1193.4268798828
765.321411      1198.0258789063
765.638123      1142.8385009766
765.954834      1177.3305664063
766.271484      1319.8979492188
766.588074      1181.9295654297
766.904602      1285.4058837891
767.221069      1175.0311279297
767.537537      1255.5126953125
767.853882      1165.8332519531
768.170288      1193.4268798828
768.486572      1204.9241943359
768.802856      1267.0100097656
769.119080      1204.9241943359
769.435181      1214.1221923828
769.751343      1239.4163818359
770.067322      1250.9136962891
770.383423      1207.2237548828
770.699402      1237.1169433594
771.015320      1207.2237548828
771.331238      1218.7210693359
771.647095      1230.2185058594
771.962891      1283.1063232422
772.278625      1179.6300048828
772.594299      1195.7263183594
772.909973      1267.0100097656
773.225586      1310.7000732422
773.541138      1227.9189453125
773.856567      1241.7158203125
774.172119      1172.7315673828
774.487549      1241.7158203125
774.802856      1218.7210693359
775.118286      1227.9189453125
775.433472      1317.5985107422
775.748718      1278.5074462891
776.063904      1237.1169433594
776.379028      1223.3200683594
776.694153      1168.1326904297
777.009155      1119.8437500000
777.324158      1184.2290039063
777.639099      1315.2989501953
777.954041      1255.5126953125
778.268921      1207.2237548828
778.583740      1195.7263183594
778.898499      1188.8278808594
779.213196      1170.4321289063
779.527832      1248.6142578125
779.842468      1322.1973876953
780.157043      1283.1063232422
780.471619      1202.6247558594
780.786072      1223.3200683594
781.100525      1195.7263183594
781.414856      1156.6352539063
781.729248      1193.4268798828
782.043457      1188.8278808594
782.357788      1184.2290039063
782.671997      1195.7263183594
782.986084      1175.0311279297
783.300293      1158.9348144531
783.614258      1177.3305664063
783.928345      1292.3041992188
784.242249      1273.9084472656
784.556213      1273.9084472656
784.870117      1156.6352539063
785.183899      1248.6142578125
785.497681      1273.9084472656
785.811340      1198.0258789063
786.125061      1209.5231933594
786.438721      1262.4111328125
786.752258      1260.1115722656
787.065857      1283.1063232422
787.379333      1267.0100097656
787.692810      1175.0311279297
788.006165      1168.1326904297
788.319519      1193.4268798828
788.632874      1250.9136962891
788.946106      1195.7263183594
789.259338      1230.2185058594
789.572449      1175.0311279297
789.885559      1287.7053222656
790.198608      1239.4163818359
790.511719      1184.2290039063
790.824707      1188.8278808594
791.137573      1181.9295654297
791.450500      1191.1274414063
791.763306      1230.2185058594
792.076111      1175.0311279297
792.388855      1230.2185058594
792.701538      1278.5074462891
793.014221      1278.5074462891
793.326782      1214.1221923828
793.639343      1195.7263183594
793.951843      1163.5336914063
794.264282      1193.4268798828
794.576721      1299.2026367188
794.889099      1246.3148193359
795.201416      1227.9189453125
795.513611      1177.3305664063
795.825867      1214.1221923828
796.138000      1209.5231933594
796.450195      1202.6247558594
796.762268      1253.2132568359
797.074280      1188.8278808594
797.386292      1177.3305664063
797.698181      1312.9995117188
798.010071      1227.9189453125
798.321960      1191.1274414063
798.633728      1283.1063232422
798.945496      1170.4321289063
799.257202      1237.1169433594
799.568787      1200.3253173828
799.880432      1273.9084472656
800.192017      1165.8332519531
800.503540      1260.1115722656
800.815002      1271.6090087891
801.126404      1227.9189453125
801.437744      1158.9348144531
801.749084      1280.8068847656
802.060364      1278.5074462891
802.371582      1221.0205078125
802.682800      1250.9136962891
802.993835      1237.1169433594
803.304993      1264.7105712891
803.615967      1170.4321289063
803.927002      1262.4111328125
804.237976      1168.1326904297
804.548828      1237.1169433594
804.859741      1216.4216308594
805.170471      1257.8121337891
805.481201      1262.4111328125
805.791931      1179.6300048828
806.102600      1158.9348144531
806.413208      1223.3200683594
806.723755      1248.6142578125
807.034241      1202.6247558594
807.344727      1225.6195068359
807.655151      1225.6195068359
807.965515      1154.3358154297
808.275879      1198.0258789063
808.586182      1172.7315673828
808.896362      1161.2342529297
809.206604      1260.1115722656
809.516663      1239.4163818359
809.826782      1218.7210693359
810.136780      1218.7210693359
810.446777      1239.4163818359
810.756775      1193.4268798828
811.066650      1218.7210693359
811.376465      1193.4268798828
811.686279      1195.7263183594
811.996033      1296.9031982422
812.305786      1216.4216308594
812.615417      1193.4268798828
812.924988      1239.4163818359
813.234558      1244.0152587891
813.544128      1168.1326904297
813.853516      1239.4163818359
814.162964      1142.8385009766
814.472351      1269.3095703125
814.781616      1250.9136962891
815.090942      1209.5231933594
815.400146      1170.4321289063
815.709351      1287.7053222656
816.018433      1218.7210693359
816.327515      1246.3148193359
816.636597      1145.1379394531
816.945557      1241.7158203125
817.254578      1276.2078857422
817.563416      1186.5284423828
817.872253      1218.7210693359
818.181091      1198.0258789063
818.489807      1161.2342529297
818.798523      1232.5179443359
819.107178      1248.6142578125
819.415833      1257.8121337891
819.724365      1248.6142578125
820.032837      1225.6195068359
820.341370      1319.8979492188
820.649719      1283.1063232422
820.958130      1198.0258789063
821.266357      1214.1221923828
821.574707      1227.9189453125
821.882874      1230.2185058594
822.191040      1181.9295654297
822.499207      1179.6300048828
822.807251      1329.0958251953
823.115356      1188.8278808594
823.423279      1257.8121337891
823.731262      1175.0311279297
824.039124      1154.3358154297
824.346985      1218.7210693359
824.654846      1209.5231933594
824.962524      1283.1063232422
825.270264      1232.5179443359
825.577820      1308.4005126953
825.885437      1301.5021972656
826.193054      1241.7158203125
826.500488      1152.0363769531
826.807983      1177.3305664063
827.115356      1158.9348144531
827.422729      1248.6142578125
827.729980      1241.7158203125
828.037292      1241.7158203125
828.344543      1257.8121337891
828.651733      1221.0205078125
828.958862      1135.9400634766
829.265869      1181.9295654297
829.572937      1193.4268798828
829.879883      1234.8173828125
830.186829      1186.5284423828
830.493713      1211.8226318359
830.800537      1262.4111328125
831.107361      1154.3358154297
831.414063      1204.9241943359
831.720764      1280.8068847656
832.027405      1122.1431884766
832.333984      1181.9295654297
832.640564      1237.1169433594
832.947021      1131.3410644531
833.253479      1225.6195068359
833.559814      1198.0258789063
833.866211      1211.8226318359
834.172546      1191.1274414063
834.478760      1317.5985107422
834.784973      1165.8332519531
835.091125      1225.6195068359
835.397278      1172.7315673828
835.703247      1145.1379394531
836.009277      1177.3305664063
836.315247      1250.9136962891
836.621155      1324.4968261719
836.927063      1244.0152587891
837.232849      1283.1063232422
837.538635      1248.6142578125
837.844421      1211.8226318359
838.150085      1181.9295654297
838.455688      1276.2078857422
838.761292      1191.1274414063
839.066833      1198.0258789063
839.372253      1260.1115722656
839.677734      1308.4005126953
839.983093      1267.0100097656
840.288391      1257.8121337891
840.593689      1246.3148193359
840.898926      1244.0152587891
841.204102      1184.2290039063
841.509277      1248.6142578125
841.814392      1221.0205078125
842.119446      1198.0258789063
842.424438      1198.0258789063
842.729370      1317.5985107422
843.034241      1333.6948242188
843.339111      1287.7053222656
843.643982      1260.1115722656
843.948669      1276.2078857422
844.253479      1186.5284423828
844.558105      1237.1169433594
844.862671      1223.3200683594
845.167236      1223.3200683594
845.471741      1202.6247558594
845.776245      1230.2185058594
846.080627      1200.3253173828
846.385071      1122.1431884766
846.689331      1248.6142578125
846.993591      1253.2132568359
847.297791      1218.7210693359
847.601990      1133.6406250000
847.906128      1230.2185058594
848.210205      1211.8226318359
848.514282      1271.6090087891
848.818237      1200.3253173828
849.122131      1186.5284423828
849.426025      1223.3200683594
849.729919      1209.5231933594
850.033691      1248.6142578125
850.337402      1239.4163818359
850.641113      1179.6300048828
850.944702      1170.4321289063
851.248352      1221.0205078125
851.551941      1198.0258789063
851.855347      1145.1379394531
852.158813      1195.7263183594
852.462219      1198.0258789063
852.765564      1202.6247558594
853.068848      1276.2078857422
853.372070      1179.6300048828
853.675354      1138.2395019531
853.978455      1191.1274414063
854.281555      1241.7158203125
854.584656      1186.5284423828
854.887634      1287.7053222656
855.190552      1138.2395019531
855.493530      1209.5231933594
855.796387      1209.5231933594
856.099182      1237.1169433594
856.401978      1163.5336914063
856.704651      1232.5179443359
857.007324      1179.6300048828
857.309998      1230.2185058594
857.612549      1191.1274414063
857.915100      1195.7263183594
858.217529      1152.0363769531
858.519958      1273.9084472656
858.822266      1204.9241943359
859.124634      1250.9136962891
859.426941      1188.8278808594
859.729187      1202.6247558594
860.031372      1232.5179443359
860.333435      1168.1326904297
860.635559      1179.6300048828
860.937622      1179.6300048828
861.239563      1257.8121337891
861.541504      1209.5231933594
861.843384      1250.9136962891
862.145264      1248.6142578125
862.446960      1250.9136962891
862.748779      1225.6195068359
863.050476      1214.1221923828
863.352051      1248.6142578125
863.653748      1237.1169433594
863.955200      1246.3148193359
864.256714      1216.4216308594
864.558167      1244.0152587891
864.859619      1269.3095703125
865.160950      1225.6195068359
865.462219      1232.5179443359
865.763489      1179.6300048828
866.064697      1177.3305664063
866.365845      1191.1274414063
866.666931      1165.8332519531
866.967957      1179.6300048828
867.269043      1260.1115722656
867.570007      1186.5284423828
867.870911      1216.4216308594
868.171692      1255.5126953125
868.472595      1193.4268798828
868.773254      1294.6037597656
869.074036      1250.9136962891
869.374695      1209.5231933594
869.675293      1264.7105712891
869.975891      1218.7210693359
870.276367      1250.9136962891
870.576843      1218.7210693359
870.877319      1225.6195068359
871.177612      1198.0258789063
871.477966      1218.7210693359
871.778198      1237.1169433594
872.078491      1193.4268798828
872.378601      1241.7158203125
872.678711      1248.6142578125
872.978882      1179.6300048828
873.278870      1269.3095703125
873.578857      1255.5126953125
873.878784      1237.1169433594
874.178650      1179.6300048828
874.478394      1276.2078857422
874.778259      1165.8332519531
875.078003      1209.5231933594
875.377625      1250.9136962891
875.677307      1262.4111328125
875.976868      1333.6948242188
876.276428      1184.2290039063
876.575928      1299.2026367188
876.875366      1264.7105712891
877.174744      1253.2132568359
877.474060      1255.5126953125
877.773376      1140.5389404297
878.072571      1273.9084472656
878.371826      1271.6090087891
878.670959      1138.2395019531
878.970032      1172.7315673828
879.269043      1209.5231933594
879.567993      1186.5284423828
879.867004      1285.4058837891
880.165894      1195.7263183594
880.464722      1129.0416259766
880.763550      1230.2185058594
881.062256      1191.1274414063
881.361023      1147.4373779297
881.659607      1184.2290039063
881.958252      1181.9295654297
882.256836      1218.7210693359
882.555298      1186.5284423828
882.853760      1221.0205078125
883.152100      1278.5074462891
883.450500      1292.3041992188
883.748779      1285.4058837891
884.047058      1280.8068847656
884.345276      1198.0258789063
884.643372      1253.2132568359
884.941528      1188.8278808594
885.239502      1276.2078857422
885.537598      1193.4268798828
885.835510      1209.5231933594
886.133423      1232.5179443359
886.431335      1221.0205078125
886.729065      1188.8278808594
887.026855      1172.7315673828
887.324524      1163.5336914063
887.622253      1216.4216308594
887.919800      1195.7263183594
888.217407      1223.3200683594
888.514954      1324.4968261719
888.812317      1209.5231933594
889.109802      1126.7421875000
889.407166      1112.9453125000
889.704407      1191.1274414063
890.001770      1237.1169433594
890.298889      1223.3200683594
890.596130      1195.7263183594
890.893188      1188.8278808594
891.190308      1221.0205078125
891.487244      1106.0468750000
