0.070300
190.096298         0.0000000000
190.479492         0.0000000000
190.862656       634.6547851563
191.245789       715.1363525391
191.628876       696.7405395508
192.011948       641.5531616211
192.394958       710.5374145508
192.777939       779.5216064453
193.160904       749.6284179688
193.543823       643.8526611328
193.926697       710.5374145508
194.309555       768.0242309570
194.692368       811.7142333984
195.075150       751.9279174805
195.457886       768.0242309570
195.840607       774.9226684570
196.223282       754.2274169922
196.605927       779.5216064453
196.988541       728.9331665039
197.371094       832.4094848633
197.753632       761.1257934570
198.136139       703.6389770508
198.518600       742.7300415039
198.901031       726.6337280273
199.283432       768.0242309570
199.665802       754.2274169922
200.048126       719.7352905273
200.430405       735.8316040039
200.812668       749.6284179688
201.194885       765.7247924805
201.577072       756.5268554688
201.959244       731.2326660156
202.341354       733.5321044922
202.723434       689.8421020508
203.105499       742.7300415039
203.487503       738.1311035156
203.869461       708.2379150391
204.251434       761.1257934570
204.633331       701.3394775391
205.015198       705.9384155273
205.397049       710.5374145508
205.778854       685.2431640625
206.160614       749.6284179688
206.542343       722.0347900391
206.924042       673.7457885742
207.305710       685.2431640625
207.687332       742.7300415039
208.068939       685.2431640625
208.450485       712.8368530273
208.832016       735.8316040039
209.213501       756.5268554688
209.594955       765.7247924805
209.976379       793.3184204102
210.357758       627.7563476563
210.739105       710.5374145508
211.120422       719.7352905273
211.501694       731.2326660156
211.882935       786.4200439453
212.264145       712.8368530273
212.645340       733.5321044922
213.026474       756.5268554688
213.407562       742.7300415039
213.788620       733.5321044922
214.169662       703.6389770508
214.550659       701.3394775391
214.931610       814.0137329102
215.312561       715.1363525391
215.693451       708.2379150391
216.074295       779.5216064453
216.455109       708.2379150391
216.835922       758.8263549805
217.216660       710.5374145508
217.597382       745.0294799805
217.978058       705.9384155273
218.358704       740.4305419922
218.739304       749.6284179688
219.119888       724.3342285156
219.500427       735.8316040039
219.880920       724.3342285156
220.261414       747.3289794922
220.641830       708.2379150391
221.022232       705.9384155273
221.402603       733.5321044922
221.782944       735.8316040039
222.163223       634.6547851563
222.543488       786.4200439453
222.923706       774.9226684570
223.303894       772.6231689453
223.684036       722.0347900391
224.064163       788.7194824219
224.444244       761.1257934570
224.824295       717.4357910156
225.204300       733.5321044922
225.584274       788.7194824219
225.964203       745.0294799805
226.344131       742.7300415039
226.723999       705.9384155273
227.103806       719.7352905273
227.483627       770.3237304688
227.863388       756.5268554688
228.243118       768.0242309570
228.622787       749.6284179688
229.002472       751.9279174805
229.382080       726.6337280273
229.761688       742.7300415039
230.141220       786.4200439453
230.520721       768.0242309570
230.900208       712.8368530273
231.279663       735.8316040039
231.659073       784.1205444336
232.038452       751.9279174805
232.417786       735.8316040039
232.797073       786.4200439453
233.176346       770.3237304688
233.555573       738.1311035156
233.934784       717.4357910156
234.313934       754.2274169922
234.693069       784.1205444336
235.072144       742.7300415039
235.451202       788.7194824219
235.830215       733.5321044922
236.209213       765.7247924805
236.588165       763.4252929688
236.967072       761.1257934570
237.345947       641.5531616211
237.724792       738.1311035156
238.103577       735.8316040039
238.482361       763.4252929688
238.861084       710.5374145508
239.239777       708.2379150391
239.618454       735.8316040039
239.997070       761.1257934570
240.375671       758.8263549805
240.754211       728.9331665039
241.132751       768.0242309570
241.511215       742.7300415039
241.889694       832.4094848633
242.268097       807.1152954102
242.646469       710.5374145508
243.024811       731.2326660156
243.403122       786.4200439453
243.781387       765.7247924805
244.159622       715.1363525391
244.537827       745.0294799805
244.915985       754.2274169922
245.294113       666.8474121094
245.672195       715.1363525391
246.050262       724.3342285156
246.428268       758.8263549805
246.806274       719.7352905273
247.184219       781.8211059570
247.562119       774.9226684570
247.940002       710.5374145508
248.317841       791.0189819336
248.695648       747.3289794922
249.073425       768.0242309570
249.451157       786.4200439453
249.828842       696.7405395508
250.206512       747.3289794922
250.584152       685.2431640625
250.961731       761.1257934570
251.339279       703.6389770508
251.716812       708.2379150391
252.094299       839.3079223633
252.471725       747.3289794922
252.849136       738.1311035156
253.226517       770.3237304688
253.603867       837.0084228516
253.981171       694.4411010742
254.358429       712.8368530273
254.735672       761.1257934570
255.112869       777.2221069336
255.490021       784.1205444336
255.867172       797.9174194336
256.244263       722.0347900391
256.621307       735.8316040039
256.998291       772.6231689453
257.375305       696.7405395508
257.752228       830.1100463867
258.129120       772.6231689453
258.506012       717.4357910156
258.882843       809.4147949219
259.259644       765.7247924805
259.636414       791.0189819336
260.013123       770.3237304688
260.389832       751.9279174805
260.766479       786.4200439453
261.143127       839.3079223633
261.519714       761.1257934570
261.896271       722.0347900391
262.272736       696.7405395508
262.649231       758.8263549805
263.025696       749.6284179688
263.402100       786.4200439453
263.778473       786.4200439453
264.154785       719.7352905273
264.531097       728.9331665039
264.907318       779.5216064453
265.283569       758.8263549805
265.659760       745.0294799805
266.035919       712.8368530273
266.412018       701.3394775391
266.788086       768.0242309570
267.164154       726.6337280273
267.540192       733.5321044922
267.916107       735.8316040039
268.292084       777.2221069336
268.667969       747.3289794922
269.043793       735.8316040039
269.419617       765.7247924805
269.795410       703.6389770508
270.171204       705.9384155273
270.546875       751.9279174805
270.922577       731.2326660156
271.298248       682.9437255859
271.673828       795.6179199219
272.049408       724.3342285156
272.424927       793.3184204102
272.800446       756.5268554688
273.175934       818.6126708984
273.551361       745.0294799805
273.926727       793.3184204102
274.302063       793.3184204102
274.677399       747.3289794922
275.052673       756.5268554688
275.427948       756.5268554688
275.803131       728.9331665039
276.178314       832.4094848633
276.553436       797.9174194336
276.928558       774.9226684570
277.303650       747.3289794922
277.678619       715.1363525391
278.053650       738.1311035156
278.428589       784.1205444336
278.803528       728.9331665039
279.178375       761.1257934570
279.553253       742.7300415039
279.928070       699.0400390625
280.302826       754.2274169922
280.677582       694.4411010742
281.052277       722.0347900391
281.426941       768.0242309570
281.801544       809.4147949219
282.176147       768.0242309570
282.550720       731.2326660156
282.925232       765.7247924805
283.299683       797.9174194336
283.674133       809.4147949219
284.048553       728.9331665039
284.422974       765.7247924805
284.797241       814.0137329102
285.171600       742.7300415039
285.545837       740.4305419922
285.920074       765.7247924805
286.294250       809.4147949219
286.668396       823.2116088867
287.042511       765.7247924805
287.416626       763.4252929688
287.790649       779.5216064453
288.164673       818.6126708984
288.538635       758.8263549805
288.912567       763.4252929688
289.286438       816.3131713867
289.660309       738.1311035156
290.034149       765.7247924805
290.407959       820.9121093750
290.781677       779.5216064453
291.155396       761.1257934570
291.529083       747.3289794922
291.902710       772.6231689453
292.276337       768.0242309570
292.649902       797.9174194336
293.023407       758.8263549805
293.396912       696.7405395508
293.770386       768.0242309570
294.143829       800.2168579102
294.517181       763.4252929688
294.890533       797.9174194336
295.263824       800.2168579102
295.637115       756.5268554688
296.010345       680.6442260742
296.383545       699.0400390625
296.756744       784.1205444336
297.129852       724.3342285156
297.502960       807.1152954102
297.875977       779.5216064453
298.248993       728.9331665039
298.621979       811.7142333984
298.994934       728.9331665039
299.367859       761.1257934570
299.740723       827.8105468750
300.113556       793.3184204102
300.486359       818.6126708984
300.859100       735.8316040039
301.231842       809.4147949219
301.604492       788.7194824219
301.977173       804.8157958984
302.349792       862.3026733398
302.722351       841.6074218750
303.094910       807.1152954102
303.467377       908.2921142578
303.839874       896.7947387695
304.212311       979.5758056641
304.584717       945.0837402344
304.957062       954.2816162109
305.329376       917.4900512695
305.701630      1002.5705566406
306.073853      1016.3674316406
306.446106      1099.1484375000
306.818268      1055.4584960938
307.190399      1186.5284423828
307.562500      1216.4216308594
307.934540      1260.1115722656
308.306610      1165.8332519531
308.678558      1244.0152587891
309.050507      1379.6842041016
309.422424      1319.8979492188
309.794281      1379.6842041016
310.166138      1386.5826416016
310.537933      1542.9468994141
310.909729      1577.4389648438
311.281464      1768.2952880859
311.653107      1747.6000976563
312.024780      1745.3005371094
312.396393      1841.8785400391
312.767975      1860.2742919922
313.139496      1966.0500488281
313.511047      2021.2374267578
313.882507      2133.9116210938
314.253906      2101.7189941406
314.625305      2237.3879394531
314.996643      2235.0883789063
315.368011      2322.4685058594
315.739258      2239.6875000000
316.110504      2214.3933105469
316.481720      2416.7468261719
316.852905      2428.2443847656
317.223999      2609.9028320313
317.595123      2839.8500976563
317.966187      2895.0373535156
318.337189      2750.1706542969
318.708191      2736.3737792969
319.079163      2727.1757812500
319.450073      2952.5244140625
319.820923      2892.7380371094
320.191742      2957.1232910156
320.562561      3147.9794921875
320.933319      3368.7290039063
321.304047      3419.3173828125
321.674744      3269.8518066406
322.045380      3276.7500000000
322.416016      3244.5573730469
322.786560      3359.5312500000
323.157135      3405.5207519531
323.527618      3338.8359375000
323.898071      3412.4189453125
324.268494      3745.8427734375
324.638885      3782.6342773438
325.009277      4024.0791015625
325.379578      4194.2402343750
325.749847      4559.8564453125
326.120117      4907.0771484375
326.490295      5304.8857421875
326.860443      5461.2500000000
327.230591      5438.2553710938
327.600708      5408.3623046875
327.970703      5291.0893554688
328.340759      5268.0942382813
328.710724      5219.8056640625
329.080688      5314.0839843750
329.450592      5484.2451171875
329.820435      5898.1503906250
330.190277      6167.1884765625
330.560089      6033.8193359375
330.929810      5964.8349609375
331.299561      5730.2885742188
331.669220      5847.5620117188
332.038879      5656.7055664063
332.408447      5831.4653320313
332.778046      5783.1762695313
333.147583      5760.1816406250
333.517059      5606.1171875000
333.886505      5842.9628906250
334.255951      5695.7963867188
334.625336      5967.1342773438
334.994629      6054.5146484375
335.363983      6213.1782226563
335.733246      5990.1293945313
336.102478      6105.1030273438
336.471680      5760.1816406250
336.840820      5544.0312500000
337.209961      5458.9506835938
337.578979      5557.8281250000
337.948059      5544.0312500000
338.317078      5983.2309570313
338.686035      5980.9311523438
339.054962      6275.2636718750
339.423859      6364.9433593750
339.792725      6544.3022460938
340.161560      6654.6772460938
340.530334      6866.2285156250
340.899078      6960.5068359375
341.267761      6698.3671875000
341.636444      6512.1098632813
342.005066      6656.9765625000
342.373657      6689.1689453125
342.742218      6928.3144531250
343.110718      7052.4858398438
343.479218      6880.0253906250
343.847626      6988.1005859375
344.216064      6452.3232421875
344.584412      6263.7666015625
344.952759      6066.0117187500
345.321045      6151.0922851563
345.689270      6631.6821289063
346.057526      6909.9184570313
346.425659      6700.6665039063
346.793854      6955.9082031250
347.161957      6898.4213867188
347.529999      6990.4003906250
347.898041      6994.9990234375
348.266022      6691.4687500000
348.634003      6813.3408203125
349.001892      6900.7207031250
349.369781      7107.6733398438
349.737610      6886.9238281250
350.105408      6994.9990234375
350.473145      7475.5893554688
350.840912      7698.6381835938
351.208618      7992.9707031250
351.576233      7657.2475585938
351.943878      7404.3056640625
352.311401      7411.2041015625
352.678955      7339.9204101563
353.046478      7346.8188476563
353.413910      7484.7871093750
353.781372      7776.8203125000
354.148743      8066.5541992188
354.516083      8498.8554687500
354.883392      8448.2666015625
355.250641      8655.2197265625
355.617920      8728.8027343750
355.985077      8475.8603515625
356.352234      8257.4101562500
356.719360      8107.9443359375
357.086426      7434.1987304688
357.453491      7114.5717773438
357.820496      6905.3198242188
358.187469      6822.5385742188
358.554382      6776.5493164063
358.921295      6410.9326171875
359.288147      6921.4160156250
359.654968      7388.2089843750
360.021759      8349.3896484375
360.388489      8425.2714843750
360.755188      8565.5400390625
361.121826      8213.7207031250
361.488464      7866.4995117188
361.855072      7740.0288085938
362.221588      7705.5366210938
362.588135      8257.4101562500
362.954590      8429.8710937500
363.321075      8875.9687500000
363.687439      8852.9736328125
364.053802      8802.3857421875
364.420135      8979.4453125000
364.786407      9234.6865234375
365.152679      9234.6865234375
365.518860      9510.6230468750
365.885040      9938.3251953125
366.251190     10549.9853515625
366.617249     10667.2587890625
366.983337     10736.2431640625
367.349335     10740.8417968750
367.715332     10458.0068359375
368.081207     10568.3818359375
368.447174     10133.7812500000
368.813019     10324.6367187500
369.178833     10246.4550781250
369.544678     10618.9697265625
369.910400     11025.9765625000
370.276123     11449.0800781250
370.641785     11127.1533203125
371.007446     10568.3818359375
371.373016     10405.1191406250
371.738586     10784.5322265625
372.104126     10756.9384765625
372.469574     10529.2900390625
372.835022      9933.7265625000
373.200439      9945.2236328125
373.565796      9448.5380859375
373.931122      8938.0546875000
374.296417      8862.1718750000
374.661713      8754.0966796875
375.026886      8984.0439453125
375.392090      9055.3281250000
375.757202      9512.9228515625
376.122314     10030.3046875000
376.487396     10320.0380859375
376.852386     10501.6962890625
377.217407     10628.1679687500
377.582336     11249.0253906250
377.947235     11773.3056640625
378.312103     12398.7626953125
378.676941     12810.3681640625
379.041779     12382.6660156250
379.406494     11890.5791015625
379.771240     11138.6513671875
380.135925     10940.8964843750
380.500549     11060.4687500000
380.865143     11253.6250000000
381.229706     11690.5244140625
381.594269     11143.2500000000
381.958679     10591.3759765625
382.323181      9593.4042968750
382.687561      8749.4980468750
383.051971      8064.2543945313
383.416321      7730.8305664063
383.780579      7445.6958007813
384.144867      7705.5366210938
384.509033      8186.1264648438
384.873260      9379.5537109375
385.237366      9867.0419921875
385.601501     10193.5673828125
385.965576     10057.8984375000
386.329559      9954.4218750000
386.693573     10087.7910156250
387.057526     10106.1875000000
387.421417     10092.3906250000
387.785309     10085.4921875000
388.149109     10087.7910156250
388.512970     10165.9736328125
388.876678     10165.9736328125
389.240417     10361.4287109375
389.604065     11140.9501953125
389.967712     11690.5244140625
390.331360     12000.9531250000
390.694885     12357.3720703125
391.058411     12539.0302734375
391.421906     12895.4492187500
391.785370     12975.9306640625
392.148743     12874.7539062500
392.512115     12060.7402343750
392.875488     10600.5742187500
393.238739      9149.6064453125
393.602051      7714.7343750000
393.965240      7146.7646484375
394.328430      7861.9008789063
394.691559      9009.3378906250
395.054657     10745.4404296875
395.417725     11727.3164062500
395.780731     12274.5908203125
396.143738     12313.6816406250
396.506653     11175.4423828125
396.869568      9853.2451171875
397.232422      8781.6904296875
397.595245      8765.5937500000
397.958069     10073.9941406250
398.320770     12325.1796875000
398.683533     13902.6181640625
399.046204     15123.6386718750
399.408813     15824.9785156250
399.771454     16149.2041015625
400.133972     16742.4687500000
400.496521     16882.7363281250
400.859009     17039.0996093750
401.221436     17225.3574218750
401.583832     17517.3906250000
401.946198     18037.0722656250
402.308563     18099.1582031250
402.670807     18165.8417968750
403.033051     18158.9433593750
403.395294     18200.3339843750
403.757416     17841.6171875000
404.119568     17676.0546875000
404.481659     17846.2167968750
404.843719     17526.5898437500
405.205719     17338.0312500000
405.567719     17411.6152343750
405.929657     17436.9101562500
406.291534     17409.3164062500
406.653442     17041.4003906250
407.015228     17443.8085937500
407.377014     16749.3671875000
407.738739     17124.1816406250
408.100464     17590.9746093750
408.462128     17843.9160156250
408.823730     18386.5917968750
409.185364     18425.6835937500
409.546875     18745.3105468750
409.908386     18237.1269531250
410.269867     17634.6640625000
410.631287     17255.2519531250
410.992676     16981.6132812500
411.354034     17933.5957031250
411.715363     18800.4980468750
412.076630     19294.8847656250
412.437866     19520.2324218750
412.799072     19246.5957031250
413.160217     19087.9316406250
413.521362     19060.3378906250
413.882416     19035.0429687500
414.243469     19092.5312500000
414.604462     19306.3808593750
414.965424     19189.1093750000
415.326355     19336.2753906250
415.687225     19207.5039062500
416.048096     19343.1738281250
416.408875     19717.9882812500
416.769653     19239.6972656250
417.130402     19616.8105468750
417.491058     19147.7187500000
417.851715     19018.9472656250
418.212311     18706.2187500000
418.572906     18786.7011718750
418.933411     18660.2304687500
419.293945     19007.4492187500
419.654388     18690.1230468750
420.014801     19044.2421875000
420.375183     18595.8437500000
420.735504     18777.5019531250
421.095825     19570.8203125000
421.456055     19669.6992187500
421.816315     20007.7207031250
422.176453     19586.9179687500
422.536621     18975.2578125000
422.896729     18825.7910156250
423.256775     18490.0683593750
423.616821     18503.8652343750
423.976807     18616.5390625000
424.336731     19200.6054687500
424.696625     18869.4824218750
425.056488     18947.6640625000
425.416351     18519.9609375000
425.776093     18717.7167968750
426.135864     18664.8281250000
426.495575     18860.2832031250
426.855225     18639.5351562500
427.214874     18720.0156250000
427.574432     18002.5800781250
427.934052     18101.4570312500
428.293518     18016.3769531250
428.653015     18060.0664062500
429.012421     17864.6113281250
429.371826     17685.2519531250
429.731232     17177.0683593750
430.090485     16229.6855468750
430.449799     15526.0468750000
430.808990     14912.0869140625
431.168213     14408.5029296875
431.527374     15390.3779296875
431.886475     16632.0937500000
432.245605     18207.2324218750
432.604584     19481.1425781250
432.963623     19531.7304687500
433.322571     19628.3085937500
433.681488     19474.2441406250
434.040344     19596.1152343750
434.399200     19076.4335937500
434.758026     19216.7031250000
435.116760     19453.5488281250
435.475494     20203.1757812500
435.834198     20497.5097656250
436.192841     21267.8320312500
436.551453     21488.5820312500
436.910004     21748.4218750000
437.268555     21900.1875000000
437.627014     21578.2617187500
437.985474     21019.4902343750
438.343903     20495.2089843750
438.702240     20357.2421875000
439.060577     19920.3417968750
439.418854     20060.6093750000
439.777130     20619.3808593750
440.135315     21070.0781250000
440.493500     21408.1015625000
440.851654     21582.8613281250
441.209717     21987.5683593750
441.567810     21845.0000000000
441.925781     22661.3144531250
442.283783     22654.4160156250
442.641663     22819.9785156250
442.999573     23321.2636718750
443.357483     23509.8203125000
443.715240     23144.2031250000
444.073029     23376.4511718750
444.430725     23293.6699218750
444.788452     23332.7597656250
445.146149     23742.0664062500
445.503723     23383.3496093750
445.861359     23224.6855468750
446.218842     22376.1796875000
446.576355     22435.9648437500
446.933777     23295.9687500000
447.291199     23392.5468750000
447.648621     23905.3300781250
448.005920     24388.2187500000
448.363251     24231.8554687500
448.720459     24142.1757812500
449.077728     24710.1445312500
449.434875     24500.8925781250
449.792023     23919.1269531250
450.149170     24654.9570312500
450.506195     25050.4667968750
450.863220     25310.3085937500
451.220184     25383.8906250000
451.577118     25489.6660156250
451.933990     25491.9667968750
452.290894     25209.1308593750
452.647736     24464.1015625000
453.004456     24008.8046875000
453.361237     23397.1464843750
453.717926     23056.8242187500
454.074585     23284.4707031250
454.431244     23827.1464843750
454.787811     23709.8730468750
455.144379     24199.6621093750
455.500824     23976.6132812500
455.857300     23866.2382812500
456.213715     24438.8066406250
456.570099     24726.2421875000
456.926483     25034.3710937500
457.282745     25186.1367187500
457.639038     25204.5312500000
457.995209     25462.0722656250
458.351440     25245.9218750000
458.707550     25620.7363281250
459.063660     25395.3886718750
459.419769     24974.5839843750
459.775757     25105.6542968750
460.131744     25015.9746093750
460.487671     25262.0195312500
460.843597     25919.6679687500
461.199493     25977.1542968750
461.555267     26397.9589843750
461.911072     26420.9531250000
462.266785     26952.1328125000
462.622498     27241.8652343750
462.978119     27053.3085937500
463.333771     27543.0976562500
463.689392     27349.9414062500
464.044891     27336.1445312500
464.400421     26940.6347656250
464.755859     27083.2011718750
465.111298     26804.9648437500
465.466675     27437.3203125000
465.821991     27053.3085937500
466.177338     27487.9101562500
466.532562     28219.1425781250
466.887817     27522.4023437500
467.242981     26788.8691406250
467.598114     27761.5468750000
467.953247     28005.2910156250
468.308289     28913.5839843750
468.663330     28904.3847656250
469.018280     29191.8203125000
469.373230     28605.4531250000
469.728119     29467.7558593750
470.082977     28952.6738281250
470.437836     29375.7773437500
470.792572     30031.1269531250
471.147339     29414.8691406250
471.502014     30113.9082031250
471.856720     31656.8554687500
472.211273     32079.9589843750
472.565918     32434.0781250000
472.920471     32882.4765625000
473.274933     32769.8007812500
473.629395     32691.6191406250
473.983795     32999.7460937500
474.338165     33514.8320312500
474.692505     34611.6796875000
475.046814     35168.1523437500
475.401123     35382.0039062500
475.755280     35292.3242187500
476.109497     35616.5507812500
476.463593     35133.6601562500
476.817688     36161.5234375000
477.171783     35851.0937500000
477.525757     36849.0664062500
477.879761     37695.2734375000
478.233673     38074.6875000000
478.587585     38624.2617187500
478.941406     38980.6796875000
479.295258     39573.9453125000
479.649048     39769.3984375000
480.002747     40939.8320312500
480.356445     41238.7617187500
480.710052     41298.5468750000
481.063690     41514.6992187500
481.417236     42319.5156250000
481.770782     42275.8242187500
482.124329     43170.3203125000
482.477722     43407.1679687500
482.831177     43466.9531250000
483.184509     43830.2695312500
483.537842     43506.0429687500
483.891144     43795.7773437500
484.244385     43929.1484375000
484.597626     43568.1289062500
484.950714     43703.7968750000
485.303894     43552.0312500000
485.656921     42710.4257812500
486.010010     41360.6328125000
486.363068     39957.9570312500
486.715973     39017.4726562500
487.068909     39298.0078125000
487.421783     40406.3515625000
487.774628     42710.4257812500
488.127411     43653.2109375000
488.480194     44481.0195312500
488.832947     44462.6250000000
489.185577     44773.0546875000
489.538239     45821.6132812500
489.890839     46272.3085937500
490.243378     47677.2890625000
490.595917     47923.3320312500
490.948395     48178.5742187500
491.300842     47369.1601562500
491.653198     47716.3789062500
492.005585     47249.5859375000
492.357880     47217.3945312500
492.710144     46463.1679687500
493.062439     46886.2695312500
493.414581     48295.8476562500
493.766754     48187.7734375000
494.118835     48555.6875000000
494.470917     48318.8437500000
494.822937     49293.8203125000
495.174927     49657.1367187500
495.526917     49891.6835937500
495.878784     49312.2148437500
496.230682     49468.5781250000
496.582489     49606.5468750000
496.934296     49802.0039062500
497.285980     50119.3320312500
497.637695     50112.4335937500
497.989410     49726.1210937500
498.340973     49259.3281250000
498.692596     48992.5898437500
499.044128     48700.5546875000
499.395630     49070.7695312500
499.747101     49618.0429687500
500.098480     49542.1640625000
500.449921     49148.9531250000
500.801208     48507.3984375000
501.152527     48449.9140625000
501.503754     48144.0820312500
501.854980     48162.4765625000
502.206177     48284.3515625000
502.557281     48190.0703125000
502.908386     48691.3554687500
503.259430     49576.6562500000
503.610443     49362.8046875000
503.961365     49146.6523437500
504.312317     48974.1914062500
504.663239     49220.2343750000
505.014069     48976.4921875000
505.364899     49765.2109375000
505.715607     50245.8007812500
506.066376     50685.0000000000
506.417084     50836.7656250000
506.767670     51296.6601562500
507.118317     50965.5351562500
507.468842     50685.0000000000
507.819397     50257.2968750000
508.169830     49988.2617187500
508.520294     50061.8437500000
508.870697     50422.8593750000
509.221039     50891.9531250000
509.571381     51195.4843750000
509.921631     51225.3789062500
510.271851     50967.8359375000
510.622009     51287.4609375000
510.972198     51048.3164062500
511.322327     51181.6875000000
511.672394     51416.2343750000
512.022461     51995.6992187500
512.372375     51768.0546875000
512.722351     51876.1289062500
513.072266     51367.9453125000
513.422058     51115.0039062500
513.771912     51174.7890625000
514.121704     50705.6953125000
514.471436     50540.1328125000
514.821167     50602.2187500000
515.170776     50878.1562500000
515.520447     50790.7773437500
515.869995     51236.8750000000
516.219543     50981.6328125000
516.569031     50146.9218750000
516.918518     48505.0976562500
517.267822     47221.9921875000
517.617249     46483.8632812500
517.966614     47474.9335937500
518.315796     47764.6679687500
518.665161     48272.8515625000
519.014282     48422.3203125000
519.363464     48905.2070312500
519.712585     50287.1914062500
520.061646     50606.8203125000
520.410706     51540.4062500000
520.759705     51367.9453125000
521.108704     51462.2226562500
521.457520     51894.5234375000
521.806458     52345.2226562500
522.155334     52043.9882812500
522.504089     52671.7460937500
522.852844     52306.1289062500
523.201538     51855.4335937500
523.550232     51954.3085937500
523.898804     52211.8515625000
524.247437     52600.4609375000
524.596008     53191.4257812500
524.944458     53133.9414062500
525.292969     53435.1718750000
525.641357     53207.5234375000
525.989746     53124.7421875000
526.338074     52322.2265625000
526.686401     51333.4531250000
527.034607     50484.9453125000
527.382813     50335.4804687500
527.731018     50241.2031250000
528.079102     50841.3632812500
528.427246     51664.5781250000
528.775330     51952.0117187500
529.123291     52936.1835937500
529.471252     53133.9414062500
529.819153     53175.3320312500
530.167053     53069.5546875000
530.514832     52699.3398437500
530.862732     53515.6523437500
531.210510     53405.2773437500
531.558167     53777.7929687500
531.905884     53924.9609375000
532.253479     53317.8984375000
532.601074     53025.8632812500
532.948608     52294.6328125000
533.296143     52034.7929687500
533.643616     51931.3164062500
533.991028     52027.8945312500
534.338379     52025.5937500000
534.685730     52069.2851562500
535.033081     52676.3437500000
535.380371     52770.6250000000
535.727478     52876.3984375000
536.074707     53630.6250000000
536.421875     53269.6093750000
536.768921     52821.2109375000
537.115967     52262.4414062500
537.463013     52641.8515625000
537.809998     52492.3867187500
538.156860     52441.7968750000
538.503784     52995.9726562500
538.850647     52241.7460937500
539.197449     52218.7500000000
539.544189     51981.9023437500
539.890930     51512.8125000000
540.237610     51158.6914062500
540.584229     50852.8632812500
540.930847     50963.2382812500
541.277344     50705.6953125000
541.623901     50965.5351562500
541.970337     51687.5703125000
542.316772     51411.6328125000
542.663208     51427.7304687500
543.009521     51328.8515625000
543.355835     51623.1875000000
543.702026     51239.1757812500
544.048279     51262.1679687500
544.394470     51462.2226562500
544.740601     51512.8125000000
545.086731     51834.7382812500
545.432739     51556.5000000000
545.778809     51296.6601562500
546.124695     51430.0312500000
546.470703     51496.7148437500
546.816589     51393.2382812500
547.162415     51443.8281250000
547.508240     51273.6640625000
547.853943     51301.2578125000
548.199646     50730.9882812500
548.545349     51055.2148437500
548.890930     50751.6835937500
549.236633     51158.6914062500
549.582092     51029.9218750000
549.927673     51370.2421875000
550.273071     51275.9648437500
550.618530     51547.3046875000
550.963928     50905.7500000000
551.309204     50606.8203125000
551.654602     50852.8632812500
551.999756     50914.9492187500
552.345093     51156.3945312500
552.690186     50887.3554687500
553.035339     50179.1171875000
553.380493     50206.7109375000
553.725464     50390.6679687500
554.070496     50753.9843750000
554.415405     50540.1328125000
554.760376     50427.4609375000
555.105225     50740.1875000000
555.450073     51105.8046875000
555.794922     50993.1289062500
556.139648     50609.1171875000
556.484375     50604.5195312500
556.828979     50266.4960937500
557.173645     50167.6171875000
557.518311     49673.2304687500
557.862793     50204.4101562500
558.207275     49937.6718750000
558.551697     49500.7734375000
558.896118     48764.9414062500
559.240479     48870.7148437500
559.584839     48401.6250000000
559.929199     48219.9648437500
560.273376     48721.2500000000
560.617676     48854.6210937500
560.961792     49059.2734375000
561.305908     49013.2851562500
561.649963     48879.9140625000
561.994019     48755.7421875000
562.338074     49165.0468750000
562.682007     48580.9804687500
563.025879     49006.3867187500
563.369751     48679.8593750000
563.713623     48971.8945312500
564.057373     48962.6953125000
564.401123     48799.4335937500
564.744873     48951.1992187500
565.088501     48994.8867187500
565.432129     48429.2187500000
565.775635     48229.1640625000
566.119263     47256.4843750000
566.462769     47364.5625000000
566.806152     47826.7539062500
567.149597     47734.7773437500
567.492920     47808.3593750000
567.836243     47702.5820312500
568.179504     47640.4960937500
568.522827     47403.6523437500
568.866028     46936.8593750000
569.209106     46681.6171875000
569.552307     46693.1132812500
569.895325     46322.8984375000
570.238403     46069.9570312500
570.581299     45895.1953125000
570.924255     45619.2617187500
571.267212     45318.0273437500
571.609985     45028.2968750000
571.952881     46030.8671875000
572.295593     46378.0859375000
572.638367     45971.0781250000
572.981079     45741.1328125000
573.323730     46035.4648437500
573.666260     46046.9609375000
574.008850     46325.1992187500
574.351440     46348.1914062500
574.693848     46106.7500000000
575.036255     46000.9726562500
575.378723     45766.4257812500
575.721008     45382.4140625000
576.063354     45094.9804687500
576.405579     44890.3281250000
576.747803     44706.3671875000
577.090027     45391.6132812500
577.432129     45242.1445312500
577.774231     45092.6796875000
578.116272     44825.9414062500
578.458313     43896.9531250000
578.800232     44101.6054687500
579.142212     44016.5273437500
579.484070     44264.8710937500
579.825928     44193.5859375000
580.167725     44414.3359375000
580.509460     44363.7460937500
580.851196     44644.2812500000
581.192810     44694.8710937500
581.534485     44658.0781250000
581.876099     44568.4023437500
582.217590     44775.3515625000
582.559143     45416.9062500000
582.900574     45019.0976562500
583.242004     44963.9101562500
583.583313     45547.9765625000
583.924683     44991.5039062500
584.265991     44559.2031250000
584.607239     45157.0664062500
584.948425     44467.2226562500
585.289551     44423.5351562500
585.630737     44145.2968750000
585.971802     44251.0742187500
586.312805     43122.0312500000
586.653870     43377.2734375000
586.994751     43402.5664062500
587.335693     44122.3007812500
587.676453     43535.9375000000
588.017334     43165.7226562500
588.358154     42188.4453125000
588.698853     41526.1953125000
589.039551     40551.2187500000
589.380188     39369.2890625000
589.720825     38895.5976562500
590.061340     38559.8750000000
590.401917     39610.7343750000
590.742432     40279.8828125000
591.082825     40551.2187500000
591.423218     40815.6601562500
591.763550     40597.2109375000
592.103882     40997.3164062500
592.444092     41165.1796875000
592.784363     41264.0585937500
593.124512     41365.2343750000
593.464600     41280.1523437500
593.804749     41176.6757812500
594.144775     41107.6914062500
594.484802     40955.9257812500
594.824829     40355.7656250000
595.164734     40226.9921875000
595.504578     40537.4218750000
595.844360     40502.9296875000
596.184204     40489.1328125000
596.523926     41135.2851562500
596.863647     41116.8906250000
597.203369     40863.9492187500
597.542969     40751.2734375000
597.882507     40316.6718750000
598.222046     40528.2265625000
598.561584     40102.8242187500
598.901001     39978.6523437500
599.240417     39911.9648437500
599.579834     40174.1054687500
599.919067     40093.6250000000
600.258423     40298.2773437500
600.597595     39875.1757812500
600.936829     39521.0546875000
601.276001     40141.9140625000
601.615051     39785.4960937500
601.954163     39702.7148437500
602.293091     39332.5000000000
602.632141     39688.9179687500
602.971069     39732.6054687500
603.309998     40243.0898437500
603.648865     40125.8164062500
603.987610     40020.0429687500
604.326416     40215.4960937500
604.665100     39985.5507812500
605.003845     40031.5390625000
605.342407     40015.4414062500
605.680969     39555.5468750000
606.019592     39888.9726562500
606.358093     39583.1406250000
606.696533     39277.3125000000
607.034973     39376.1875000000
607.373291     39633.7304687500
607.711609     38497.7890625000
608.049927     38817.4179687500
608.388245     38483.9921875000
608.726379     38702.4414062500
609.064575     38396.6132812500
609.402710     38325.3281250000
609.740723     38444.9023437500
610.078796     37941.3164062500
610.416748     38288.5390625000
610.754761     37844.7382812500
611.092590     38127.5742187500
611.430481     37964.3125000000
611.768311     37803.3476562500
612.106018     38074.6875000000
612.443787     37787.2539062500
612.781494     37267.5703125000
613.119141     37594.0976562500
613.456726     36987.0351562500
613.794250     36724.8945312500
614.131775     36552.4335937500
614.469299     37037.6250000000
614.806763     36975.5390625000
615.144043     37311.2617187500
615.481384     36669.7070312500
615.818726     36437.4609375000
616.156006     36097.1406250000
616.493225     35998.2617187500
616.830322     35805.1054687500
617.167480     36076.4453125000
617.504578     35977.5664062500
617.841614     35995.9609375000
618.178528     36317.8867187500
618.515503     36483.4492187500
618.852478     36497.2460937500
619.189270     36467.3554687500
619.526184     36481.1523437500
619.862854     36743.2929687500
620.199646     36582.3281250000
620.536316     36646.7148437500
620.872986     36099.4375000000
621.209595     36168.4218750000
621.546143     36370.7773437500
621.882629     35791.3085937500
622.219116     35894.7851562500
622.555542     36046.5507812500
622.892029     35402.6992187500
623.228333     35156.6562500000
623.564636     34935.9062500000
623.900818     34986.4921875000
624.237061     34641.5703125000
624.573242     34351.8398437500
624.909363     34271.3554687500
625.245483     33848.2539062500
625.581482     33556.2187500000
625.917480     33487.2382812500
626.253418     33450.4453125000
626.589355     33636.7031250000
626.925171     33489.5351562500
627.261047     33567.7187500000
627.596863     32893.9726562500
627.932556     32371.9921875000
628.268250     32661.7246093750
628.603882     32374.2910156250
628.939514     32001.7753906250
629.275024     32020.1718750000
629.610596     32268.5156250000
629.946045     32450.1738281250
630.281494     32215.6269531250
630.616882     32178.8359375000
630.952209     32174.2363281250
631.287537     32355.8945312500
631.622803     32010.9746093750
631.958008     31753.4335937500
632.293213     31518.8867187500
632.628296     31700.5449218750
632.963379     31990.2792968750
633.298401     32043.1660156250
633.633423     31215.3554687500
633.968384     31592.4707031250
634.303284     31967.2851562500
634.638123     31339.5273437500
634.972900     31417.7109375000
635.307739     31265.9453125000
635.642456     31275.1425781250
635.977112     31355.6250000000
636.311829     31399.3144531250
636.646362     31035.9980468750
636.980957     31038.2968750000
637.315430     31139.4746093750
637.649963     30932.5214843750
637.984436     31160.1699218750
638.318726     31332.6289062500
638.653137     30950.9160156250
638.987366     30826.7460937500
639.321655     30640.4882812500
639.655823     30622.0917968750
639.990051     30378.3476562500
640.324158     30348.4550781250
640.658203     29801.1796875000
640.992249     29962.1425781250
641.326172     29566.6328125000
641.660156     29966.7421875000
641.994019     29745.9921875000
642.327942     29582.7304687500
642.661804     29437.8632812500
642.995483     29247.0058593750
643.329224     29755.1914062500
643.662964     29578.1308593750
643.996582     29352.7832031250
644.330200     29513.7460937500
644.663696     29132.0332031250
644.997253     29249.3066406250
645.330688     29435.5644531250
645.664124     28725.0253906250
645.997437     28423.7949218750
646.330811     28269.7304687500
646.664124     28104.1679687500
646.997375     28186.9492187500
647.330566     27989.1953125000
647.663696     27768.4453125000
647.996826     27361.4375000000
648.329895     27501.7070312500
648.662903     27007.3203125000
648.995911     26864.7519531250
649.328796     26915.3398437500
649.661682     26416.3554687500
649.994568     26908.4414062500
650.327393     26664.6972656250
650.660095     26998.1210937500
650.992859     26660.0996093750
651.325500     27028.0136718750
651.658142     26735.9804687500
651.990723     26814.1640625000
652.323242     26837.1582031250
652.655762     27000.4218750000
652.988220     26772.7734375000
653.320618     26919.9394531250
653.652954     26611.8105468750
653.985291     26795.7675781250
654.317566     26855.5546875000
654.649780     26179.5078125000
654.981995     25744.9082031250
655.314148     26020.8457031250
655.646240     24682.5507812500
655.978271     23838.6445312500
656.310303     22741.7949218750
656.642273     22748.6933593750
656.974182     22553.2382812500
657.306091     23052.2246093750
657.637939     23824.8476562500
657.969666     23928.3242187500
658.301453     24477.8984375000
658.633179     24836.6152343750
658.964844     25091.8574218750
659.296448     25248.2226562500
659.627991     25367.7949218750
659.959534     24979.1835937500
660.291016     25347.0996093750
660.622437     25163.1406250000
660.953796     25420.6816406250
661.285156     25353.9980468750
661.616516     25386.1894531250
661.947754     25186.1367187500
662.278931     25367.7949218750
662.610107     25248.2226562500
662.941284     25289.6132812500
663.272339     24859.6113281250
663.603394     25107.9531250000
663.934387     24809.0214843750
664.265320     24721.6425781250
664.596252     24636.5625000000
664.927063     24314.6347656250
665.257935     24342.2285156250
665.588684     24657.2578125000
665.919434     24362.9238281250
666.250061     24167.4687500000
666.580688     24275.5449218750
666.911316     24303.1386718750
667.241821     23985.8105468750
667.572327     23831.7460937500
667.902832     23496.0234375000
668.233276     23714.4726562500
668.563660     23525.9160156250
668.893982     23535.1132812500
669.224243     23670.7832031250
669.554504     23921.4257812500
669.884705     23206.2890625000
670.214844     23036.1289062500
670.544922     22976.3417968750
670.875000     23231.5839843750
671.205078     23130.4062500000
671.534973     22702.7050781250
671.864929     22852.1699218750
672.194824     22580.8320312500
672.524658     22567.0351562500
672.854431     22102.5410156250
673.184204     22242.8105468750
673.513916     22275.0019531250
673.843567     22286.5000000000
674.173218     22304.8945312500
674.502747     22061.1503906250
674.832275     21916.2851562500
675.161804     21808.2089843750
675.491211     21796.7109375000
675.820679     21651.8457031250
676.149963     21794.4121093750
676.479248     21677.1386718750
676.808533     21300.0253906250
677.137756     21511.5761718750
677.466919     21564.4648437500
677.796021     21628.8496093750
678.125122     21242.5390625000
678.454163     21309.2226562500
678.783142     21265.5332031250
679.112122     21283.9296875000
679.440979     20975.7988281250
679.769897     21026.3886718750
680.098694     20814.8359375000
680.427490     20849.3281250000
680.756165     20856.2265625000
681.084900     21518.4746093750
681.413513     20511.3066406250
681.742065     20559.5957031250
682.070679     20630.8789062500
682.399170     19991.6250000000
682.727600     20283.6582031250
683.056030     20021.5175781250
683.384399     19920.3417968750
683.712708     19775.4746093750
684.040955     19688.0937500000
684.369263     19444.3496093750
684.697388     19471.9433593750
685.025574     19540.9277343750
685.353638     19370.7675781250
685.681702     19697.2929687500
686.009766     19370.7675781250
686.337708     18618.8398437500
686.665588     17765.7343750000
686.993469     16243.4824218750
687.321289     15891.6630859375
687.649048     15316.7949218750
687.976807     15192.6230468750
688.304565     15562.8388671875
688.632141     15783.5878906250
688.959839     15841.0751953125
689.287354     16048.0273437500
689.614868     16172.1992187500
689.942383     16510.2207031250
690.269775     16399.8476562500
690.597168     16599.9003906250
690.924500     16848.2441406250
691.251770     16944.8222656250
691.578979     16891.9335937500
691.906250     16951.7207031250
692.233398     17188.5664062500
692.560486     17055.1972656250
692.887573     16852.8437500000
693.214539     16988.5117187500
693.541565     16949.4218750000
693.868469     16894.2343750000
694.195374     16728.6718750000
694.522217     16880.4375000000
694.849060     16657.3886718750
695.175781     16885.0351562500
695.502441     16742.4687500000
695.829163     16889.6347656250
696.155823     16744.7675781250
696.482300     17108.0839843750
696.808899     17478.3007812500
697.135315     17347.2304687500
697.461792     17275.9472656250
697.788147     17397.8183593750
698.114563     17381.7226562500
698.440857     17328.8339843750
698.767029     17305.8398437500
699.093323     16931.0253906250
699.419495     17158.6738281250
699.745605     16519.4199218750
700.071655     16411.3437500000
700.397705     16409.0449218750
700.723694     16570.0078125000
701.049622     16429.7402343750
701.375549     16181.3964843750
701.701355     16266.4775390625
702.027222     16346.9589843750
702.352905     15983.6425781250
702.678711     16395.2480468750
703.004395     16252.6806640625
703.329956     15889.3632812500
703.655579     16404.4453125000
703.981018     16319.3652343750
704.306580     16254.9804687500
704.632080     16526.3183593750
704.957397     16553.9121093750
705.282776     16018.1337890625
705.608093     16243.4824218750
705.933350     16461.9335937500
706.258545     16305.5683593750
706.583740     16593.0019531250
706.908875     16284.8730468750
707.233948     16450.4355468750
707.559021     16627.4941406250
707.883972     16448.1367187500
708.208984     16112.4130859375
708.533813     16158.4023437500
708.858704     15781.2880859375
709.183533     16121.6103515625
709.508240     16199.7929687500
709.833008     15783.5878906250
710.157654     15866.3691406250
710.482300     16082.5195312500
710.806885     15967.5458984375
711.131409     15788.1865234375
711.455933     15962.9472656250
711.780334     15847.9736328125
712.104797     15482.3564453125
712.429138     15509.9501953125
712.753479     15519.1484375000
713.077759     15473.1591796875
713.401917     15673.2128906250
713.726135     15562.8388671875
714.050232     15677.8125000000
714.374329     15431.7685546875
714.698364     15328.2919921875
715.022339     15183.4248046875
715.346313     15319.0937500000
715.670166     14923.5849609375
715.994080     14939.6806640625
716.317871     14590.1611328125
716.641663     14006.0947265625
716.965393     13562.2958984375
717.289001     13311.6533203125
717.612732     12952.9355468750
717.936279     12000.9531250000
718.259827     12003.2529296875
718.583313     11842.2900390625
718.906738     11577.8505859375
719.230225     11495.0693359375
719.553528     11297.3144531250
719.876892     11258.2236328125
720.200134     11329.5068359375
720.523315     11504.2675781250
720.846497     11842.2900390625
721.169617     12081.4355468750
721.492737     12481.5439453125
721.815735     12635.6083984375
722.138733     13081.7060546875
722.461670     13072.5087890625
722.784607     13049.5136718750
723.107544     12918.4433593750
723.430298     12757.4804687500
723.753113     12219.4033203125
724.075745     12067.6386718750
724.398438     11954.9638671875
724.721008     11966.4619140625
725.043640     11775.6054687500
725.366211     11708.9199218750
725.688660     11789.4023437500
726.011169     11743.4121093750
726.333496     11743.4121093750
726.655884     11706.6210937500
726.978149     11929.6699218750
727.300476     11784.8027343750
727.622681     11791.7011718750
727.944824     11780.2041015625
728.266968     11846.8886718750
728.589050     11679.0273437500
728.911133     11612.3427734375
729.233032     11515.7646484375
729.554993     11423.7861328125
729.876953     11833.0917968750
730.198792     11334.1064453125
730.520569     11485.8710937500
730.842346     11775.6054687500
731.164063     11612.3427734375
731.485718     12159.6171875000
731.807373     11943.4667968750
732.128967     12021.6484375000
732.450439     11950.3652343750
732.771973     12309.0830078125
733.093323     12095.2324218750
733.414795     12499.9394531250
733.736145     12681.5976562500
734.057373     12727.5869140625
734.378662     12472.3457031250
734.699890     12706.8916015625
735.021057     12578.1210937500
735.342163     12748.2822265625
735.663269     12925.3417968750
735.984314     12447.0517578125
736.305237     12214.8046875000
736.626160     12585.0195312500
736.947083     12205.6064453125
737.267883     12304.4843750000
737.588745     12364.2705078125
737.909485     12295.2861328125
738.230225     12327.4785156250
738.550781     12127.4248046875
738.871460     12295.2861328125
739.192017     12090.6328125000
739.512573     12113.6279296875
739.833069     12065.3388671875
740.153442     12138.9218750000
740.473877     11975.6591796875
740.794128     11945.7666015625
741.114441     11943.4667968750
741.434692     11651.4335937500
741.754883     11708.9199218750
742.075073     11938.8681640625
742.395142     11931.9697265625
742.715210     11948.0654296875
743.035217     12164.2158203125
743.355225     12030.8466796875
743.675049     11950.3652343750
743.994995     11913.5732421875
744.314880     11920.4716796875
744.634583     11982.5576171875
744.954407     11699.7226562500
745.273987     11644.5351562500
745.593689     11568.6523437500
745.913330     11338.7050781250
746.232849     11711.2197265625
746.552368     11635.3369140625
746.871826     11715.8183593750
747.191223     11561.7539062500
747.510559     11260.5234375000
747.829956     11501.9677734375
748.149231     11426.0849609375
748.468384     11237.5283203125
748.787659     11242.1269531250
749.106750     11439.8818359375
749.425842     11182.3408203125
749.744873     11074.2656250000
750.063904     10931.6982421875
750.382874     10798.3291015625
750.701721     10743.1416015625
751.020630     11085.7626953125
751.339417     10690.2539062500
751.658203     10653.4619140625
751.976990     10837.4199218750
752.295593     10708.6494140625
752.614258     10678.7558593750
752.932800     10510.8945312500
753.251404     10520.0927734375
753.569824     10671.8574218750
753.888306     10462.6054687500
754.206726     10494.7978515625
754.525024     10561.4833984375
754.843323     10582.1787109375
755.161621     10425.8144531250
755.479797     10412.0175781250
755.797974     10278.6474609375
756.116089     10280.9472656250
756.434204     10191.2675781250
756.752197     10292.4443359375
757.070190     10372.9257812500
757.388123     10437.3115234375
757.705994     10315.4394531250
758.023865     10076.2939453125
758.341675     10087.7910156250
758.659363      9982.0156250000
758.977112      9515.2226562500
759.294739      8604.6308593750
759.612305      7558.3701171875
759.929932      6339.6489257813
760.247498      5162.3183593750
760.564880      4297.7163085938
760.882385      3782.6342773438
761.199707      3709.0512695313
761.517090      3927.5012207031
761.834290      4456.3803710938
762.151611      4861.0874023438
762.468811      4927.7724609375
762.785889      5010.5532226563
763.103027      4877.1840820313
763.420044      4748.4130859375
763.737061      4803.6005859375
764.054077      5058.8422851563
764.370972      5215.2065429688
764.687805      5539.4321289063
765.004639      5681.9995117188
765.321411      6098.2045898438
765.638123      6413.2324218750
765.954834      6843.2338867188
766.271484      7174.3579101563
766.588074      7054.7856445313
766.904602      7721.6328125000
767.221069      7799.8149414063
767.537537      7946.9814453125
767.853882      8395.3789062500
768.170288      8682.8125000000
768.486572      8611.5292968750
768.802856      8565.5400390625
769.119080      8634.5244140625
769.435181      8834.5781250000
769.751343      8892.0654296875
770.067322      8797.7861328125
770.383423      9131.2099609375
770.699402      8809.2841796875
771.015320      8816.1826171875
771.331238      8862.1718750000
771.647095      8829.9794921875
771.962891      8777.0917968750
772.278625      8763.2949218750
772.594299      8744.8984375000
772.909973      8813.8828125000
773.225586      8689.7109375000
773.541138      8756.3964843750
773.856567      8643.7216796875
774.172119      8786.2890625000
774.487549      8459.7636718750
774.802856      8399.9775390625
775.118286      8376.9833984375
775.433472      8404.5761718750
775.748718      8312.5976562500
776.063904      8280.4052734375
776.379028      8383.8808593750
776.694153      8383.8808593750
777.009155      8386.1806640625
777.324158      8305.6992187500
777.639099      8036.6606445313
777.954041      8310.2978515625
778.268921      7935.4838867188
778.583740      7956.1791992188
778.898499      7917.0883789063
779.213196      7811.3125000000
779.527832      7944.6816406250
779.842468      7765.3227539063
780.157043      7576.7661132813
780.471619      7760.7241210938
780.786072      7680.2421875000
781.100525      7535.3754882813
781.414856      7569.8676757813
781.729248      7445.6958007813
782.043457      7569.8676757813
782.357788      7482.4877929688
782.671997      7461.7924804688
782.986084      7298.5297851563
783.300293      7379.0112304688
783.614258      7314.6259765625
783.928345      7282.4335937500
784.242249      7252.5400390625
784.556213      7213.4492187500
784.870117      7045.5874023438
785.183899      7130.6679687500
785.497681      7137.5664062500
785.811340      7241.0429687500
786.125061      7017.9941406250
786.438721      7027.1918945313
786.752258      6804.1430664063
787.065857      6546.6015625000
787.379333      6725.9609375000
787.692810      6783.4477539063
788.006165      6702.9658203125
788.319519      6516.7084960938
788.632874      6537.4038085938
788.946106      6346.5473632813
789.259338      6415.5317382813
789.572449      6376.4409179688
789.885559      6295.9589843750
790.198608      6226.9750976563
790.511719      6337.3496093750
790.824707      6215.4775390625
791.137573      5992.4287109375
791.450500      6190.1835937500
791.763306      6243.0712890625
792.076111      6022.3217773438
792.388855      6045.3164062500
792.701538      5930.3427734375
793.014221      6006.2255859375
793.326782      5960.2358398438
793.639343      5934.9418945313
793.951843      5794.6738281250
794.264282      5822.2675781250
794.576721      5730.2885742188
794.889099      5842.9628906250
795.201416      5753.2832031250
795.513611      5624.5126953125
795.825867      5826.8666992188
796.138000      5608.4165039063
796.450195      5659.0048828125
796.762268      5778.5776367188
797.074280      5659.0048828125
797.386292      5534.8334960938
797.698181      5647.5073242188
798.010071      5737.1870117188
798.321960      5663.6040039063
798.633728      5633.7109375000
798.945496      5525.6352539063
799.257202      5493.4428710938
799.568787      5341.6777343750
799.880432      5376.1694335938
800.192017      5272.6933593750
800.503540      5419.8598632813
800.815002      5424.4584960938
801.126404      5194.5112304688
801.437744      5187.6127929688
801.749084      5240.5004882813
802.060364      5120.9282226563
802.371582      5056.5429687500
802.682800      5203.7089843750
802.993835      5017.4516601563
803.304993      4943.8686523438
803.615967      5201.4096679688
803.927002      5183.0136718750
804.237976      5033.5478515625
804.548828      4969.1625976563
804.859741      4989.8579101563
805.170471      4934.6708984375
805.481201      4884.0820312500
805.791931      4925.4726562500
806.102600      5120.9282226563
806.413208      4826.5952148438
806.723755      4976.0610351563
807.034241      4932.3710937500
807.344727      4847.2905273438
807.655151      4907.0771484375
807.965515      4879.4833984375
808.275879      4776.0068359375
808.586182      4727.7182617188
808.896362      4642.6376953125
809.206604      4707.0229492188
809.516663      4739.2153320313
809.826782      4693.2260742188
810.136780      4578.2524414063
810.446777      4601.2470703125
810.756775      4546.0595703125
811.066650      4389.6953125000
811.376465      4534.5625000000
811.686279      4378.1982421875
811.996033      4470.1767578125
812.305786      4451.7812500000
812.615417      4267.8232421875
812.924988      4187.3417968750
813.234558      4224.1333007813
813.544128      3925.2016601563
813.853516      3989.5869140625
814.162964      3865.4152832031
814.472351      3950.4958496094
814.781616      3945.8969726563
815.090942      3741.2438964844
815.400146      3692.9548339844
815.709351      3736.6447753906
816.018433      3587.1789550781
816.327515      3564.1843261719
816.636597      3520.4943847656
816.945557      3495.2001953125
817.254578      3488.3017578125
817.563416      3525.0932617188
817.872253      3357.2316894531
818.181091      3361.8305664063
818.489807      3318.1406250000
818.798523      3391.7238769531
819.107178      3394.0231933594
819.415833      3504.3979492188
819.724365      3391.7238769531
820.032837      3440.0126953125
820.341370      3587.1789550781
820.649719      3649.2648925781
820.958130      3651.5644531250
821.266357      3513.5959472656
821.574707      3667.6606445313
821.882874      3518.1948242188
822.191040      3467.6064453125
822.499207      3440.0126953125
822.807251      3258.3542480469
823.115356      3111.1879882813
823.423279      3180.1721191406
823.731262      3249.1564941406
824.039124      3391.7238769531
824.346985      3313.5417480469
824.654846      3440.0126953125
824.962524      3400.9216308594
825.270264      3377.9270019531
825.577820      3476.8044433594
825.885437      3343.4348144531
826.193054      3481.4033203125
826.500488      3442.3122558594
826.807983      3327.3386230469
827.115356      3495.2001953125
827.422729      3380.2263183594
827.729980      3272.1511230469
828.037292      3331.9375000000
828.344543      3311.2421875000
828.651733      3237.6591796875
828.958862      3219.2631835938
829.265869      3260.6538085938
829.572937      3276.7500000000
829.879883      3230.7607421875
830.186829      3214.6643066406
830.493713      3315.8410644531
830.800537      3256.0549316406
831.107361      3244.5573730469
831.414063      3152.5786132813
831.720764      3226.1616210938
832.027405      3150.2790527344
832.333984      3230.7607421875
832.640564      3251.4558105469
832.947021      3170.9743652344
833.253479      3113.4875488281
833.559814      3106.5891113281
833.866211      3028.4069824219
834.172546      3120.3859863281
834.478760      2998.5136718750
834.784973      3085.8937988281
835.091125      3226.1616210938
835.397278      3205.4663085938
835.703247      3205.4663085938
836.009277      3207.7658691406
836.315247      3014.6101074219
836.621155      3242.2580566406
836.927063      3118.0864257813
837.232849      3065.1984863281
837.538635      3152.5786132813
837.844421      3177.8728027344
838.150085      3159.4770507813
838.455688      3099.6906738281
838.761292      3030.7062988281
839.066833      3131.8833007813
839.372253      3051.4016113281
839.677734      3143.3806152344
839.983093      3106.5891113281
840.288391      3150.2790527344
840.593689      3056.0007324219
840.898926      2993.9147949219
841.204102      3062.8991699219
841.509277      3127.2844238281
841.814392      3078.9953613281
842.119446      2977.8186035156
842.424438      3134.1826171875
842.729370      3042.2038574219
843.034241      2938.7275390625
843.339111      2970.9201660156
843.643982      2938.7275390625
843.948669      3081.2949218750
844.253479      3021.5085449219
844.558105      2961.7221679688
844.862671      2883.5400390625
845.167236      2984.7170410156
845.471741      2832.9516601563
845.776245      2922.6311035156
846.080627      2998.5136718750
846.385071      2892.7380371094
846.689331      2821.4543457031
846.993591      2837.5505371094
847.297791      2862.8447265625
847.601990      2814.5559082031
847.906128      2860.5454101563
848.210205      2766.2668457031
848.514282      2736.3737792969
848.818237      2860.5454101563
849.122131      2770.8659667969
849.426025      2780.0637207031
849.729919      2697.2827148438
850.033691      2561.6137695313
850.337402      2625.9990234375
850.641113      2639.7958984375
850.944702      2685.7854003906
851.248352      2563.9133300781
851.551941      2575.4106445313
851.855347      2582.3090820313
852.158813      2600.7048339844
852.462219      2711.0795898438
852.765564      2570.8117675781
853.068848      2547.8168945313
853.372070      2499.5280761719
853.675354      2520.2231445313
853.978455      2492.6296386719
854.281555      2333.9658203125
854.584656      2336.2653808594
854.887634      2255.7836914063
855.190552      2379.9553222656
855.493530      2386.8537597656
855.796387      2327.0673828125
856.099182      2308.6716308594
856.401978      2354.6611328125
856.704651      2437.4421386719
857.007324      2448.9394531250
857.309998      2465.0358886719
857.612549      2442.0410156250
857.915100      2366.1584472656
858.217529      2474.2338867188
858.519958      2419.0463867188
858.822266      2377.6557617188
859.124634      2361.5595703125
859.426941      2301.7731933594
859.729187      2356.9606933594
860.031372      2361.5595703125
860.333435      2368.4580078125
860.635559      2255.7836914063
860.937622      2382.2548828125
861.239563      2343.1638183594
861.541504      2239.6875000000
861.843384      2350.0622558594
862.145264      2237.3879394531
862.446960      2264.9816894531
862.748779      2198.2968750000
863.050476      2278.7785644531
863.352051      2232.7890625000
863.653748      2216.6926269531
863.955200      2324.7680664063
864.256714      2244.2863769531
864.558167      2184.5000000000
864.859619      2136.2111816406
865.160950      2212.0937500000
865.462219      2281.0778808594
865.763489      2030.4353027344
866.064697      2016.6385498047
866.365845      2127.0131835938
866.666931      1949.9537353516
866.967957      1931.5579833984
867.269043      2014.3389892578
867.570007      1968.3494873047
867.870911      1998.2426757813
868.171692      2106.3178710938
868.472595      1947.6542968750
868.773254      2023.5368652344
869.074036      1956.8521728516
869.374695      1929.2585449219
869.675293      1993.6437988281
869.975891      1979.8469238281
870.276367      1989.0447998047
870.576843      1952.2531738281
870.877319      1982.1463623047
871.177612      1959.1516113281
871.477966      1940.7558593750
871.778198      1972.9484863281
872.078491      2023.5368652344
872.378601      1975.2479248047
872.678711      1984.4458007813
872.978882      2087.9221191406
873.278870      1880.9694824219
873.578857      1908.5632324219
873.878784      1924.6595458984
874.178650      1906.2637939453
874.478394      1814.2847900391
874.778259      1798.1884765625
875.078003      1857.9748535156
875.377625      1867.1727294922
875.677307      1857.9748535156
875.976868      1834.9801025391
876.276428      1834.9801025391
876.575928      1828.0816650391
876.875366      1954.5527343750
877.174744      1791.2900390625
877.474060      1864.8731689453
877.773376      1759.0974121094
878.072571      1703.9100341797
878.371826      1782.0921630859
878.670959      1798.1884765625
878.970032      1759.0974121094
879.269043      1777.4931640625
879.567993      1768.2952880859
879.867004      1763.6964111328
880.165894      1743.0010986328
880.464722      1765.9958496094
880.763550      1729.2042236328
881.062256      1800.4879150391
881.361023      1779.7927246094
881.659607      1634.9259033203
881.958252      1678.6158447266
882.256836      1616.5300292969
882.555298      1637.2253417969
882.853760      1634.9259033203
883.152100      1641.8242187500
883.450500      1591.2358398438
883.748779      1692.4127197266
884.047058      1556.7437744141
884.345276      1602.7331542969
884.643372      1639.5247802734
884.941528      1616.5300292969
885.239502      1683.2148437500
885.537598      1651.0222167969
885.835510      1651.0222167969
886.133423      1526.8505859375
886.431335      1490.0589599609
886.729065      1572.8400878906
887.026855      1533.7490234375
887.324524      1483.1605224609
887.622253      1540.6474609375
887.919800      1623.4284667969
888.217407      1561.3426513672
888.514954      1552.1447753906
888.812317      1559.0432128906
889.109802      1471.6632080078
889.407166      1508.4548339844
889.704407      1565.9416503906
890.001770      1584.3374023438
890.298889      1496.9573974609
890.596130      1409.5773925781
890.893188      1501.5563964844
891.190308      1485.4600830078
891.487244      1455.5668945313
