0.008580
190.260635         0.0000000000
190.642441         0.0000000000
191.024216      1297.2338867188
191.405975      1312.9443359375
191.787704      1384.7634277344
192.169403      1387.0078125000
192.551071      1333.1434326172
192.932724      1360.0756835938
193.314331      1360.0756835938
193.695923      1373.5417480469
194.077499      1369.0529785156
194.459030      1351.0982666016
194.840546      1319.6773681641
195.222031      1364.5643310547
195.603485      1411.6956787109
195.984909      1357.8312988281
196.366302      1438.6278076172
196.747681      1393.7408447266
197.129028      1375.7861328125
197.510345      1411.6956787109
197.891647      1369.0529785156
198.272919      1393.7408447266
198.654175      1357.8312988281
199.035355      1366.8087158203
199.416550      1288.2564697266
199.797714      1452.0939941406
200.178848      1362.3199462891
200.559937      1371.2973632813
200.941025      1342.1208496094
201.322083      1277.0346679688
201.703079      1348.8538818359
202.084091      1355.5869140625
202.465057      1398.2296142578
202.845993      1431.8947753906
203.226898      1348.8538818359
203.607788      1373.5417480469
203.988647      1429.6505126953
204.369461      1274.7904052734
204.750275      1353.3426513672
205.131042      1308.4555664063
205.511795      1389.2521972656
205.892517      1328.6547851563
206.273209      1404.9626464844
206.653870      1353.3426513672
207.034515      1339.8764648438
207.415115      1308.4555664063
207.795700      1407.2070312500
208.176254      1335.3878173828
208.556778      1346.6094970703
208.937271      1380.2747802734
209.317749      1391.4965820313
209.698196      1301.7225341797
210.078613      1369.0529785156
210.459000      1306.2113037109
210.839371      1342.1208496094
211.219696      1330.8990478516
211.600006      1366.8087158203
211.980286      1308.4555664063
212.360535      1344.3652343750
212.740768      1261.3242187500
213.120956      1324.1660156250
213.501129      1306.2113037109
213.881256      1299.4782714844
214.261383      1465.5600585938
214.641464      1321.9217529297
215.021530      1301.7225341797
215.401550      1351.0982666016
215.781570      1321.9217529297
216.161530      1326.4104003906
216.541504      1301.7225341797
216.921402      1342.1208496094
217.301315      1411.6956787109
217.681152      1330.8990478516
218.061005      1380.2747802734
218.440811      1272.5460205078
218.820587      1400.4738769531
219.200348      1436.3835449219
219.580078      1391.4965820313
219.959763      1382.5191650391
220.339432      1393.7408447266
220.719070      1357.8312988281
221.098694      1357.8312988281
221.478271      1378.0303955078
221.857819      1413.9400634766
222.237366      1333.1434326172
222.616867      1294.9895019531
222.996338      1315.1885986328
223.375778      1380.2747802734
223.755188      1328.6547851563
224.134583      1371.2973632813
224.513947      1366.8087158203
224.893265      1344.3652343750
225.272583      1351.0982666016
225.651855      1330.8990478516
226.031097      1279.2790527344
226.410339      1339.8764648438
226.789520      1321.9217529297
227.168686      1306.2113037109
227.547806      1337.6322021484
227.926926      1348.8538818359
228.306015      1402.7182617188
228.685059      1337.6322021484
229.064087      1319.6773681641
229.443069      1360.0756835938
229.822037      1339.8764648438
230.200989      1324.1660156250
230.579895      1308.4555664063
230.958786      1360.0756835938
231.337631      1310.6999511719
231.716461      1384.7634277344
232.095261      1395.9852294922
232.474030      1321.9217529297
232.852783      1378.0303955078
233.231476      1326.4104003906
233.610184      1427.4061279297
233.988831      1380.2747802734
234.367462      1319.6773681641
234.746048      1373.5417480469
235.124649      1247.8581542969
235.503159      1373.5417480469
235.881683      1337.6322021484
236.260162      1373.5417480469
236.638641      1360.0756835938
237.017075      1335.3878173828
237.395477      1422.9173583984
237.773834      1380.2747802734
238.152176      1353.3426513672
238.530502      1301.7225341797
238.908783      1380.2747802734
239.287048      1324.1660156250
239.665268      1384.7634277344
240.043472      1425.1617431641
240.421661      1362.3199462891
240.799805      1328.6547851563
241.177902      1348.8538818359
241.556000      1337.6322021484
241.934052      1348.8538818359
242.312088      1422.9173583984
242.690094      1324.1660156250
243.068054      1317.4329833984
243.446014      1330.8990478516
243.823929      1319.6773681641
244.201813      1333.1434326172
244.579666      1393.7408447266
244.957504      1335.3878173828
245.335297      1357.8312988281
245.713074      1321.9217529297
246.090820      1321.9217529297
246.468536      1393.7408447266
246.846207      1321.9217529297
247.223862      1373.5417480469
247.601501      1337.6322021484
247.979095      1395.9852294922
248.356674      1333.1434326172
248.734222      1346.6094970703
249.111725      1380.2747802734
249.489212      1393.7408447266
249.866669      1333.1434326172
250.244095      1279.2790527344
250.621506      1310.6999511719
250.998871      1355.5869140625
251.376221      1308.4555664063
251.753510      1303.9669189453
252.130814      1366.8087158203
252.508057      1402.7182617188
252.885284      1393.7408447266
253.262466      1402.7182617188
253.639648      1389.2521972656
254.016769      1404.9626464844
254.393906      1380.2747802734
254.770966      1346.6094970703
255.148026      1366.8087158203
255.525040      1339.8764648438
255.902054      1393.7408447266
256.278992      1447.6052246094
256.655945      1355.5869140625
257.032837      1382.5191650391
257.409729      1348.8538818359
257.786591      1362.3199462891
258.163391      1400.4738769531
258.540161      1362.3199462891
258.916962      1308.4555664063
259.293701      1319.6773681641
259.670380      1348.8538818359
260.047058      1339.8764648438
260.423706      1389.2521972656
260.800323      1337.6322021484
261.176880      1364.5643310547
261.553436      1353.3426513672
261.929962      1339.8764648438
262.306488      1290.5008544922
262.682953      1348.8538818359
263.059387      1281.5234375000
263.435791      1380.2747802734
263.812195      1357.8312988281
264.188507      1346.6094970703
264.564850      1337.6322021484
264.941132      1369.0529785156
265.317413      1312.9443359375
265.693634      1375.7861328125
266.069885      1387.0078125000
266.446045      1389.2521972656
266.822174      1384.7634277344
267.198273      1346.6094970703
267.574371      1393.7408447266
267.950439      1330.8990478516
268.326447      1299.4782714844
268.702454      1366.8087158203
269.078430      1429.6505126953
269.454376      1366.8087158203
269.830292      1315.1885986328
270.206146      1382.5191650391
270.582001      1317.4329833984
270.957825      1333.1434326172
271.333618      1411.6956787109
271.709381      1418.4287109375
272.085144      1387.0078125000
272.460815      1297.2338867188
272.836487      1346.6094970703
273.212128      1339.8764648438
273.587769      1364.5643310547
273.963348      1348.8538818359
274.338898      1348.8538818359
274.714447      1400.4738769531
275.089935      1348.8538818359
275.465393      1344.3652343750
275.840820      1348.8538818359
276.216278      1362.3199462891
276.591644      1299.4782714844
276.966949      1366.8087158203
277.342285      1398.2296142578
277.717590      1308.4555664063
278.092834      1310.6999511719
278.468048      1319.6773681641
278.843262      1371.2973632813
279.218445      1364.5643310547
279.593567      1315.1885986328
279.968658      1342.1208496094
280.343781      1360.0756835938
280.718811      1333.1434326172
281.093842      1398.2296142578
281.468811      1301.7225341797
281.843781      1344.3652343750
282.218719      1360.0756835938
282.593628      1306.2113037109
282.968506      1355.5869140625
283.343353      1348.8538818359
283.718170      1362.3199462891
284.092896      1342.1208496094
284.467682      1373.5417480469
284.842407      1411.6956787109
285.217102      1292.7451171875
285.591766      1353.3426513672
285.966400      1366.8087158203
286.340973      1299.4782714844
286.715576      1333.1434326172
287.090118      1346.6094970703
287.464630      1308.4555664063
287.839081      1353.3426513672
288.213562      1355.5869140625
288.587982      1418.4287109375
288.962372      1387.0078125000
289.336731      1294.9895019531
289.711060      1375.7861328125
290.085327      1369.0529785156
290.459625      1360.0756835938
290.833862      1378.0303955078
291.208069      1378.0303955078
291.582275      1360.0756835938
291.956421      1395.9852294922
292.330505      1360.0756835938
292.704620      1324.1660156250
293.078705      1364.5643310547
293.452698      1348.8538818359
293.826691      1319.6773681641
294.200684      1398.2296142578
294.574615      1355.5869140625
294.948517      1357.8312988281
295.322388      1351.0982666016
295.696259      1380.2747802734
296.070068      1335.3878173828
296.443848      1306.2113037109
296.817596      1389.2521972656
297.191345      1409.4512939453
297.565063      1380.2747802734
297.938690      1319.6773681641
298.312317      1351.0982666016
298.685913      1373.5417480469
299.059540      1407.2070312500
299.433044      1299.4782714844
299.806549      1337.6322021484
300.180054      1371.2973632813
300.553528      1315.1885986328
300.926910      1371.2973632813
301.300323      1324.1660156250
301.673676      1382.5191650391
302.046997      1277.0346679688
302.420319      1351.0982666016
302.793579      1384.7634277344
303.166809      1353.3426513672
303.540039      1335.3878173828
303.913208      1297.2338867188
304.286377      1371.2973632813
304.659454      1294.9895019531
305.032593      1326.4104003906
305.405609      1333.1434326172
305.778656      1290.5008544922
306.151611      1355.5869140625
306.524597      1387.0078125000
306.897522      1407.2070312500
307.270416      1324.1660156250
307.643280      1299.4782714844
308.016144      1360.0756835938
308.388916      1454.3382568359
308.761749      1384.7634277344
309.134460      1378.0303955078
309.507202      1378.0303955078
309.879913      1324.1660156250
310.252563      1348.8538818359
310.625153      1344.3652343750
310.997742      1339.8764648438
311.370361      1378.0303955078
311.742859      1402.7182617188
312.115356      1391.4965820313
312.487823      1411.6956787109
312.860291      1328.6547851563
313.232697      1366.8087158203
313.605042      1353.3426513672
313.977386      1353.3426513672
314.349731      1364.5643310547
314.721985      1407.2070312500
315.094269      1326.4104003906
315.466492      1337.6322021484
315.838684      1299.4782714844
316.210846      1395.9852294922
316.582977      1400.4738769531
316.955048      1355.5869140625
317.327148      1339.8764648438
317.699158      1369.0529785156
318.071167      1411.6956787109
318.443176      1274.7904052734
318.815125      1351.0982666016
319.187012      1346.6094970703
319.558868      1339.8764648438
319.930756      1378.0303955078
320.302582      1355.5869140625
320.674347      1353.3426513672
321.046112      1346.6094970703
321.417847      1321.9217529297
321.789581      1333.1434326172
322.161224      1380.2747802734
322.532867      1355.5869140625
322.904419      1371.2973632813
323.276031      1458.8270263672
323.647583      1351.0982666016
324.019073      1391.4965820313
324.390533      1393.7408447266
324.762024      1400.4738769531
325.133423      1360.0756835938
325.504791      1418.4287109375
325.876129      1360.0756835938
326.247467      1290.5008544922
326.618774      1339.8764648438
326.990021      1297.2338867188
327.361237      1326.4104003906
327.732452      1393.7408447266
328.103607      1387.0078125000
328.474731      1362.3199462891
328.845825      1312.9443359375
329.216919      1382.5191650391
329.587952      1337.6322021484
329.958954      1342.1208496094
330.329926      1362.3199462891
330.700867      1416.1843261719
331.071808      1335.3878173828
331.442688      1362.3199462891
331.813507      1366.8087158203
332.184357      1411.6956787109
332.555115      1310.6999511719
332.925873      1378.0303955078
333.296570      1353.3426513672
333.667267      1371.2973632813
334.037994      1398.2296142578
334.408600      1369.0529785156
334.779144      1355.5869140625
335.149750      1330.8990478516
335.520294      1364.5643310547
335.890778      1371.2973632813
336.261230      1274.7904052734
336.631683      1362.3199462891
337.002106      1357.8312988281
337.372498      1355.5869140625
337.742798      1371.2973632813
338.113129      1384.7634277344
338.483429      1290.5008544922
338.853668      1389.2521972656
339.223907      1351.0982666016
339.594086      1353.3426513672
339.964233      1362.3199462891
340.334381      1369.0529785156
340.704437      1364.5643310547
341.074493      1362.3199462891
341.444519      1335.3878173828
341.814545      1364.5643310547
342.184509      1335.3878173828
342.554413      1369.0529785156
342.924347      1292.7451171875
343.294220      1335.3878173828
343.664032      1333.1434326172
344.033813      1357.8312988281
344.403595      1420.6730957031
344.773346      1470.0487060547
345.143036      1265.8129882813
345.512695      1375.7861328125
345.882385      1380.2747802734
346.251984      1362.3199462891
346.621552      1353.3426513672
346.991089      1407.2070312500
347.360626      1369.0529785156
347.730103      1301.7225341797
348.099548      1330.8990478516
348.468964      1364.5643310547
348.838379      1348.8538818359
349.207764      1364.5643310547
349.577057      1351.0982666016
349.946320      1353.3426513672
350.315582      1294.9895019531
350.684845      1351.0982666016
351.054047      1369.0529785156
351.423157      1306.2113037109
351.792328      1324.1660156250
352.161438      1301.7225341797
352.530487      1346.6094970703
352.899506      1357.8312988281
353.268524      1324.1660156250
353.637512      1391.4965820313
354.006409      1348.8538818359
354.375336      1330.8990478516
354.744232      1357.8312988281
355.113068      1395.9852294922
355.481873      1294.9895019531
355.850616      1422.9173583984
356.219391      1413.9400634766
356.588135      1429.6505126953
356.956818      1366.8087158203
357.325470      1337.6322021484
357.694031      1330.8990478516
358.062653      1378.0303955078
358.431213      1317.4329833984
358.799713      1355.5869140625
359.168182      1373.5417480469
359.536652      1427.4061279297
359.905090      1353.3426513672
360.273438      1371.2973632813
360.641785      1328.6547851563
361.010132      1373.5417480469
361.378448      1382.5191650391
361.746704      1369.0529785156
362.114899      1366.8087158203
362.483124      1312.9443359375
362.851288      1310.6999511719
363.219421      1344.3652343750
363.587463      1418.4287109375
363.955566      1337.6322021484
364.323608      1292.7451171875
364.691589      1337.6322021484
365.059540      1382.5191650391
365.427490      1355.5869140625
365.795410      1449.8496093750
366.163269      1425.1617431641
366.531067      1375.7861328125
366.898895      1369.0529785156
367.266693      1355.5869140625
367.634430      1279.2790527344
368.002106      1351.0982666016
368.369812      1360.0756835938
368.737457      1364.5643310547
369.105042      1398.2296142578
369.472595      1422.9173583984
369.840149      1346.6094970703
370.207672      1391.4965820313
370.575134      1312.9443359375
370.942566      1337.6322021484
371.309998      1351.0982666016
371.677399      1277.0346679688
372.044708      1375.7861328125
372.411987      1294.9895019531
372.779297      1337.6322021484
373.146576      1335.3878173828
373.513794      1315.1885986328
373.880951      1286.0120849609
374.248077      1366.8087158203
374.615204      1373.5417480469
374.982300      1328.6547851563
375.349365      1319.6773681641
375.716339      1315.1885986328
376.083374      1303.9669189453
376.450317      1330.8990478516
376.817230      1387.0078125000
377.184082      1321.9217529297
377.550964      1328.6547851563
377.917786      1431.8947753906
378.284576      1337.6322021484
378.651306      1351.0982666016
379.018036      1382.5191650391
379.384735      1404.9626464844
379.751373      1375.7861328125
380.117981      1335.3878173828
380.484589      1402.7182617188
380.851166      1330.8990478516
381.217651      1389.2521972656
381.584137      1339.8764648438
381.950623      1353.3426513672
382.317017      1393.7408447266
382.683411      1326.4104003906
383.049774      1252.3469238281
383.416107      1321.9217529297
383.782410      1371.2973632813
384.148651      1380.2747802734
384.514832      1369.0529785156
384.881042      1371.2973632813
385.247223      1351.0982666016
385.613342      1452.0939941406
385.979401      1389.2521972656
386.345459      1373.5417480469
386.711517      1330.8990478516
387.077484      1355.5869140625
387.443420      1319.6773681641
387.809357      1407.2070312500
388.175262      1407.2070312500
388.541107      1362.3199462891
388.906891      1319.6773681641
389.272705      1324.1660156250
389.638489      1351.0982666016
390.004211      1339.8764648438
390.369873      1481.2705078125
390.735535      1362.3199462891
391.101196      1351.0982666016
391.466766      1373.5417480469
391.832336      1369.0529785156
392.197815      1364.5643310547
392.563324      1335.3878173828
392.928802      1319.6773681641
393.294189      1234.3920898438
393.659607      1342.1208496094
394.024963      1364.5643310547
394.390289      1353.3426513672
394.755554      1366.8087158203
395.120789      1272.5460205078
395.486023      1236.6364746094
395.851227      1268.0573730469
396.216370      1310.6999511719
396.581482      1409.4512939453
396.946564      1378.0303955078
397.311646      1422.9173583984
397.676636      1306.2113037109
398.041626      1308.4555664063
398.406586      1306.2113037109
398.771515      1281.5234375000
399.136383      1364.5643310547
399.501221      1270.3016357422
399.866058      1326.4104003906
400.230865      1344.3652343750
400.595581      1308.4555664063
400.960297      1328.6547851563
401.324982      1402.7182617188
401.689636      1348.8538818359
402.054230      1342.1208496094
402.418793      1333.1434326172
402.783356      1344.3652343750
403.147919      1312.9443359375
403.512360      1339.8764648438
403.876770      1333.1434326172
404.241211      1328.6547851563
404.605621      1413.9400634766
404.969910      1357.8312988281
405.334229      1378.0303955078
405.698517      1303.9669189453
406.062775      1328.6547851563
406.426971      1330.8990478516
406.791107      1371.2973632813
407.155273      1321.9217529297
407.519379      1339.8764648438
407.883484      1344.3652343750
408.247498      1310.6999511719
408.611481      1299.4782714844
408.975464      1380.2747802734
409.339417      1357.8312988281
409.703308      1326.4104003906
410.067169      1369.0529785156
410.431030      1407.2070312500
410.794800      1335.3878173828
411.158569      1371.2973632813
411.522278      1353.3426513672
411.885986      1299.4782714844
412.249664      1384.7634277344
412.613312      1355.5869140625
412.976868      1409.4512939453
413.340454      1351.0982666016
413.703979      1321.9217529297
414.067474      1364.5643310547
414.430908      1380.2747802734
414.794342      1395.9852294922
415.157745      1326.4104003906
415.521088      1339.8764648438
415.884369      1378.0303955078
416.247711      1393.7408447266
416.610931      1328.6547851563
416.974152      1301.7225341797
417.337341      1402.7182617188
417.700500      1294.9895019531
418.063629      1351.0982666016
418.426697      1378.0303955078
418.789703      1348.8538818359
419.152740      1344.3652343750
419.515717      1366.8087158203
419.878662      1398.2296142578
420.241577      1375.7861328125
420.604431      1369.0529785156
420.967285      1366.8087158203
421.330109      1364.5643310547
421.692841      1348.8538818359
422.055603      1348.8538818359
422.418335      1420.6730957031
422.780975      1366.8087158203
423.143585      1434.1391601563
423.506226      1355.5869140625
423.868774      1328.6547851563
424.231293      1346.6094970703
424.593811      1346.6094970703
424.956238      1328.6547851563
425.318665      1321.9217529297
425.681091      1362.3199462891
426.043427      1306.2113037109
426.405731      1321.9217529297
426.768036      1422.9173583984
427.130310      1321.9217529297
427.492493      1362.3199462891
427.854675      1369.0529785156
428.216858      1339.8764648438
428.578979      1315.1885986328
428.941040      1299.4782714844
429.303040      1431.8947753906
429.665070      1357.8312988281
430.027069      1324.1660156250
430.389008      1384.7634277344
430.750885      1402.7182617188
431.112762      1364.5643310547
431.474640      1290.5008544922
431.836395      1294.9895019531
432.198181      1371.2973632813
432.559937      1346.6094970703
432.921600      1310.6999511719
433.283264      1324.1660156250
433.644867      1357.8312988281
434.006500      1357.8312988281
434.368073      1333.1434326172
434.729553      1364.5643310547
435.091034      1366.8087158203
435.452515      1330.8990478516
435.813934      1279.2790527344
436.175293      1364.5643310547
436.536621      1378.0303955078
436.897949      1330.8990478516
437.259277      1355.5869140625
437.620483      1400.4738769531
437.981659      1371.2973632813
438.342865      1371.2973632813
438.704010      1353.3426513672
439.065125      1351.0982666016
439.426178      1371.2973632813
439.787201      1380.2747802734
440.148224      1364.5643310547
440.509186      1317.4329833984
440.870087      1382.5191650391
441.230988      1384.7634277344
441.591858      1393.7408447266
441.952667      1351.0982666016
442.313416      1328.6547851563
442.674194      1335.3878173828
443.034912      1317.4329833984
443.395630      1362.3199462891
443.756226      1389.2521972656
444.116852      1362.3199462891
444.477417      1306.2113037109
444.837982      1330.8990478516
445.198456      1362.3199462891
445.558960      1404.9626464844
445.919403      1357.8312988281
446.279816      1351.0982666016
446.640106      1288.2564697266
447.000458      1393.7408447266
447.360779      1360.0756835938
447.721039      1420.6730957031
448.081207      1389.2521972656
448.441406      1357.8312988281
448.801575      1353.3426513672
449.161713      1355.5869140625
449.521759      1337.6322021484
449.881805      1326.4104003906
450.241852      1366.8087158203
450.601837      1310.6999511719
450.961792      1355.5869140625
451.321655      1339.8764648438
451.681549      1443.1165771484
452.041382      1355.5869140625
452.401184      1294.9895019531
452.760895      1362.3199462891
453.120636      1445.3609619141
453.480347      1357.8312988281
453.840027      1373.5417480469
454.199585      1375.7861328125
454.559174      1339.8764648438
454.918762      1335.3878173828
455.278290      1375.7861328125
455.637726      1418.4287109375
455.997162      1351.0982666016
456.356598      1324.1660156250
456.715973      1348.8538818359
457.075287      1393.7408447266
457.434570      1335.3878173828
457.793854      1382.5191650391
458.153107      1418.4287109375
458.512268      1366.8087158203
458.871429      1389.2521972656
459.230560      1324.1660156250
459.589661      1404.9626464844
459.948639      1353.3426513672
460.307678      1335.3878173828
460.666687      1398.2296142578
461.025635      1355.5869140625
461.384491      1306.2113037109
461.743378      1319.6773681641
462.102264      1366.8087158203
462.461060      1373.5417480469
462.819794      1348.8538818359
463.178497      1353.3426513672
463.537231      1297.2338867188
463.895905      1362.3199462891
464.254456      1366.8087158203
464.613068      1342.1208496094
464.971649      1339.8764648438
465.330170      1364.5643310547
465.688568      1380.2747802734
466.047028      1357.8312988281
466.405457      1330.8990478516
466.763855      1375.7861328125
467.122192      1337.6322021484
467.480438      1301.7225341797
467.838715      1366.8087158203
468.196960      1344.3652343750
468.555176      1351.0982666016
468.913269      1355.5869140625
469.271393      1353.3426513672
469.629486      1395.9852294922
469.987549      1384.7634277344
470.345520      1357.8312988281
470.703491      1315.1885986328
471.061462      1306.2113037109
471.419342      1407.2070312500
471.777191      1346.6094970703
472.135040      1398.2296142578
472.492828      1342.1208496094
472.850586      1357.8312988281
473.208282      1310.6999511719
473.565979      1308.4555664063
473.923615      1395.9852294922
474.281281      1339.8764648438
474.638794      1389.2521972656
474.996338      1364.5643310547
475.353851      1407.2070312500
475.711334      1337.6322021484
476.068726      1355.5869140625
476.426117      1389.2521972656
476.783478      1420.6730957031
477.140808      1272.5460205078
477.498077      1342.1208496094
477.855316      1411.6956787109
478.212555      1387.0078125000
478.569763      1339.8764648438
478.926819      1407.2070312500
479.283936      1384.7634277344
479.641022      1387.0078125000
479.998077      1449.8496093750
480.355011      1387.0078125000
480.711975      1371.2973632813
481.068939      1355.5869140625
481.425842      1366.8087158203
481.782623      1342.1208496094
482.139435      1348.8538818359
482.496216      1373.5417480469
482.852966      1317.4329833984
483.209717      1348.8538818359
483.566315      1418.4287109375
483.922943      1362.3199462891
484.279572      1297.2338867188
484.636139      1317.4329833984
484.992615      1294.9895019531
485.349121      1371.2973632813
485.705566      1342.1208496094
486.062012      1413.9400634766
486.418304      1380.2747802734
486.774689      1409.4512939453
487.130981      1355.5869140625
487.487274      1348.8538818359
487.843445      1362.3199462891
488.199615      1411.6956787109
488.555786      1380.2747802734
488.911957      1395.9852294922
489.267975      1360.0756835938
489.624023      1353.3426513672
489.980042      1387.0078125000
490.336029      1346.6094970703
490.691925      1259.0799560547
491.047821      1395.9852294922
491.403687      1328.6547851563
491.759521      1306.2113037109
492.115265      1371.2973632813
492.471008      1294.9895019531
492.826752      1369.0529785156
493.182434      1330.8990478516
493.538025      1371.2973632813
493.893646      1344.3652343750
494.249207      1301.7225341797
494.604736      1315.1885986328
494.960205      1353.3426513672
495.315674      1297.2338867188
495.671082      1369.0529785156
496.026489      1337.6322021484
496.381775      1317.4329833984
496.737091      1299.4782714844
497.092377      1333.1434326172
497.447632      1326.4104003906
497.802795      1344.3652343750
498.157959      1328.6547851563
498.513062      1362.3199462891
498.868195      1353.3426513672
499.223175      1328.6547851563
499.578217      1346.6094970703
499.933167      1357.8312988281
500.288116      1389.2521972656
500.643036      1268.0573730469
500.997833      1339.8764648438
501.352692      1382.5191650391
501.707489      1326.4104003906
502.062225      1335.3878173828
502.416901      1335.3878173828
502.771606      1378.0303955078
503.126221      1333.1434326172
503.480865      1330.8990478516
503.835358      1346.6094970703
504.189941      1281.5234375000
504.544434      1380.2747802734
504.898865      1395.9852294922
505.253265      1357.8312988281
505.607635      1294.9895019531
505.961975      1351.0982666016
506.316315      1362.3199462891
506.670532      1339.8764648438
507.024750      1357.8312988281
507.378967      1409.4512939453
507.733154      1366.8087158203
508.087189      1348.8538818359
508.441315      1371.2973632813
508.795349      1391.4965820313
509.149353      1317.4329833984
509.503265      1366.8087158203
509.857208      1389.2521972656
510.211121      1344.3652343750
510.565002      1375.7861328125
510.918762      1371.2973632813
511.272583      1395.9852294922
511.626312      1333.1434326172
511.980042      1328.6547851563
512.333618      1328.6547851563
512.687256      1321.9217529297
513.040894      1346.6094970703
513.394470      1353.3426513672
513.747925      1342.1208496094
514.101440      1339.8764648438
514.454895      1339.8764648438
514.808289      1398.2296142578
515.161621      1339.8764648438
515.514893      1312.9443359375
515.868225      1333.1434326172
516.221497      1308.4555664063
516.574707      1382.5191650391
516.927856      1324.1660156250
517.281006      1337.6322021484
517.634155      1312.9443359375
517.987183      1333.1434326172
518.340210      1413.9400634766
518.693237      1353.3426513672
519.046204      1308.4555664063
519.399048      1369.0529785156
519.751892      1416.1843261719
520.104736      1389.2521972656
520.457520      1333.1434326172
520.810364      1362.3199462891
521.163025      1355.5869140625
521.515686      1389.2521972656
521.868408      1330.8990478516
522.221008      1346.6094970703
522.573547      1364.5643310547
522.926086      1389.2521972656
523.278625      1335.3878173828
523.631042      1413.9400634766
523.983459      1351.0982666016
524.335815      1315.1885986328
524.688171      1299.4782714844
525.040527      1321.9217529297
525.392761      1306.2113037109
525.744934      1364.5643310547
526.097168      1339.8764648438
526.449341      1315.1885986328
526.801453      1371.2973632813
527.153503      1342.1208496094
527.505554      1315.1885986328
527.857544      1279.2790527344
528.209534      1297.2338867188
528.561462      1306.2113037109
528.913330      1362.3199462891
529.265198      1360.0756835938
529.617004      1342.1208496094
529.968750      1371.2973632813
530.320496      1395.9852294922
530.672180      1335.3878173828
531.023804      1427.4061279297
531.375488      1402.7182617188
531.727051      1335.3878173828
532.078613      1382.5191650391
532.430115      1339.8764648438
532.781555      1312.9443359375
533.132996      1391.4965820313
533.484375      1371.2973632813
533.835815      1380.2747802734
534.187073      1348.8538818359
534.538330      1315.1885986328
534.889587      1297.2338867188
535.240784      1351.0982666016
535.591919      1315.1885986328
535.942993      1328.6547851563
536.294128      1360.0756835938
536.645203      1330.8990478516
536.996155      1404.9626464844
537.347107      1324.1660156250
537.698120      1373.5417480469
538.049011      1362.3199462891
538.399841      1344.3652343750
538.750610      1355.5869140625
539.101440      1333.1434326172
539.452209      1312.9443359375
539.802856      1393.7408447266
540.153503      1371.2973632813
540.504150      1308.4555664063
540.854736      1348.8538818359
541.205261      1357.8312988281
541.555786      1315.1885986328
541.906250      1315.1885986328
542.256714      1351.0982666016
542.607056      1351.0982666016
542.957458      1261.3242187500
543.307739      1348.8538818359
543.658020      1292.7451171875
544.008240      1362.3199462891
544.358398      1355.5869140625
544.708618      1337.6322021484
545.058777      1294.9895019531
545.408813      1308.4555664063
545.758850      1375.7861328125
546.108887      1357.8312988281
546.458862      1321.9217529297
546.808716      1436.3835449219
547.158691      1308.4555664063
547.508545      1362.3199462891
547.858337      1339.8764648438
548.208069      1357.8312988281
548.557800      1362.3199462891
548.907532      1339.8764648438
549.257202      1380.2747802734
549.606812      1357.8312988281
549.956360      1357.8312988281
550.305908      1337.6322021484
550.655457      1346.6094970703
551.004883      1330.8990478516
551.354309      1375.7861328125
551.703674      1333.1434326172
552.053040      1380.2747802734
552.402405      1333.1434326172
552.751587      1317.4329833984
553.100830      1389.2521972656
553.450012      1407.2070312500
553.799255      1360.0756835938
554.148254      1378.0303955078
554.497375      1344.3652343750
554.846436      1413.9400634766
555.195435      1362.3199462891
555.544373      1308.4555664063
555.893250      1355.5869140625
556.242188      1355.5869140625
556.591003      1404.9626464844
556.939758      1364.5643310547
557.288574      1362.3199462891
557.637268      1373.5417480469
557.985962      1339.8764648438
558.334595      1324.1660156250
558.683228      1373.5417480469
559.031799      1270.3016357422
559.380310      1357.8312988281
559.728760      1346.6094970703
560.077209      1373.5417480469
560.425659      1321.9217529297
560.774048      1294.9895019531
561.122314      1380.2747802734
561.470581      1425.1617431641
561.818909      1398.2296142578
562.167114      1342.1208496094
562.515259      1418.4287109375
562.863342      1292.7451171875
563.211487      1366.8087158203
563.559570      1324.1660156250
563.907532      1378.0303955078
564.255554      1321.9217529297
564.603455      1404.9626464844
564.951355      1360.0756835938
565.299255      1404.9626464844
565.647095      1342.1208496094
565.994812      1362.3199462891
566.342590      1351.0982666016
566.690308      1404.9626464844
567.037903      1391.4965820313
567.385620      1380.2747802734
567.733154      1346.6094970703
568.080750      1391.4965820313
568.428162      1366.8087158203
568.775696      1353.3426513672
569.123108      1299.4782714844
569.470520      1407.2070312500
569.817810      1371.2973632813
570.165161      1312.9443359375
570.512451      1342.1208496094
570.859680      1378.0303955078
571.206787      1351.0982666016
571.554016      1404.9626464844
571.901062      1310.6999511719
572.248169      1315.1885986328
572.595154      1373.5417480469
572.942200      1355.5869140625
573.289124      1384.7634277344
573.636047      1373.5417480469
573.982849      1371.2973632813
574.329712      1362.3199462891
574.676514      1360.0756835938
575.023315      1357.8312988281
575.369995      1344.3652343750
575.716675      1342.1208496094
576.063293      1263.5686035156
576.409912      1321.9217529297
576.756409      1342.1208496094
577.102966      1355.5869140625
577.449402      1353.3426513672
577.795898      1333.1434326172
578.142273      1378.0303955078
578.488647      1348.8538818359
578.834961      1373.5417480469
579.181213      1366.8087158203
579.527405      1321.9217529297
579.873596      1317.4329833984
580.219788      1378.0303955078
580.565918      1288.2564697266
580.911926      1339.8764648438
581.258057      1355.5869140625
581.604065      1362.3199462891
581.949951      1362.3199462891
582.295898      1375.7861328125
582.641724      1391.4965820313
582.987610      1333.1434326172
583.333435      1328.6547851563
583.679199      1378.0303955078
584.024902      1353.3426513672
584.370544      1333.1434326172
584.716187      1355.5869140625
585.061829      1413.9400634766
585.407349      1398.2296142578
585.752869      1420.6730957031
586.098328      1317.4329833984
586.443787      1319.6773681641
586.789124      1344.3652343750
587.134521      1315.1885986328
587.479858      1360.0756835938
587.825134      1330.8990478516
588.170288      1328.6547851563
588.515564      1328.6547851563
588.860657      1351.0982666016
589.205872      1384.7634277344
589.550842      1393.7408447266
589.895935      1387.0078125000
590.240906      1402.7182617188
590.585876      1425.1617431641
590.930786      1337.6322021484
591.275635      1387.0078125000
591.620483      1375.7861328125
591.965271      1301.7225341797
592.310059      1366.8087158203
592.654724      1355.5869140625
592.999451      1360.0756835938
593.344055      1402.7182617188
593.688660      1299.4782714844
594.033203      1373.5417480469
594.377686      1319.6773681641
594.722229      1337.6322021484
595.066528      1373.5417480469
595.411011      1344.3652343750
595.755371      1333.1434326172
596.099670      1407.2070312500
596.443848      1360.0756835938
596.788147      1389.2521972656
597.132324      1337.6322021484
597.476501      1346.6094970703
597.820618      1337.6322021484
598.164612      1384.7634277344
598.508667      1416.1843261719
598.852661      1355.5869140625
599.196655      1254.5911865234
599.540466      1353.3426513672
599.884338      1364.5643310547
600.228210      1294.9895019531
600.571960      1342.1208496094
600.915710      1351.0982666016
601.259460      1351.0982666016
601.603088      1286.0120849609
601.946716      1393.7408447266
602.290283      1461.0714111328
602.633850      1288.2564697266
602.977295      1265.8129882813
603.320801      1362.3199462891
603.664124      1360.0756835938
604.007568      1351.0982666016
604.350952      1413.9400634766
604.694214      1348.8538818359
605.037415      1326.4104003906
605.380676      1274.7904052734
605.723816      1317.4329833984
606.066956      1384.7634277344
606.410034      1324.1660156250
606.753052      1344.3652343750
607.096130      1364.5643310547
607.439087      1351.0982666016
607.781921      1366.8087158203
608.124878      1353.3426513672
608.467712      1346.6094970703
608.810547      1324.1660156250
609.153259      1344.3652343750
609.495972      1375.7861328125
609.838684      1366.8087158203
610.181335      1366.8087158203
610.523865      1364.5643310547
610.866516      1369.0529785156
611.209045      1360.0756835938
611.551453      1335.3878173828
611.893921      1297.2338867188
612.236267      1355.5869140625
612.578674      1317.4329833984
612.920959      1425.1617431641
613.263306      1384.7634277344
613.605469      1346.6094970703
613.947632      1425.1617431641
614.289795      1380.2747802734
614.631958      1402.7182617188
614.973938      1357.8312988281
615.315979      1369.0529785156
615.657959      1404.9626464844
615.999939      1391.4965820313
616.341858      1317.4329833984
616.683716      1371.2973632813
617.025513      1393.7408447266
617.367310      1344.3652343750
617.708984      1375.7861328125
618.050720      1404.9626464844
618.392395      1402.7182617188
618.734070      1339.8764648438
619.075500      1308.4555664063
619.417114      1400.4738769531
619.758606      1355.5869140625
620.100098      1384.7634277344
620.441467      1364.5643310547
620.782776      1351.0982666016
621.124146      1317.4329833984
621.465393      1366.8087158203
621.806641      1310.6999511719
622.147888      1344.3652343750
622.489014      1409.4512939453
622.830139      1416.1843261719
623.171204      1375.7861328125
623.512207      1346.6094970703
623.853271      1294.9895019531
624.194214      1391.4965820313
624.535095      1355.5869140625
624.875916      1431.8947753906
625.216797      1355.5869140625
625.557617      1342.1208496094
625.898315      1481.2705078125
626.239075      1371.2973632813
626.579712      1382.5191650391
626.920349      1337.6322021484
627.260864      1357.8312988281
627.601440      1321.9217529297
627.941895      1337.6322021484
628.282410      1387.0078125000
628.622803      1369.0529785156
628.963135      1353.3426513672
629.303528      1337.6322021484
629.643799      1333.1434326172
629.984070      1364.5643310547
630.324219      1353.3426513672
630.664429      1348.8538818359
631.004517      1328.6547851563
631.344604      1384.7634277344
631.684631      1277.0346679688
632.024597      1335.3878173828
632.364624      1373.5417480469
632.704529      1378.0303955078
633.044373      1346.6094970703
633.384155      1288.2564697266
633.723999      1369.0529785156
634.063782      1335.3878173828
634.403442      1346.6094970703
634.743042      1319.6773681641
635.082764      1351.0982666016
635.422302      1427.4061279297
635.761841      1389.2521972656
636.101318      1355.5869140625
636.440796      1301.7225341797
636.780212      1371.2973632813
637.119507      1357.8312988281
637.458862      1330.8990478516
637.798157      1333.1434326172
638.137451      1357.8312988281
638.476563      1301.7225341797
638.815735      1395.9852294922
639.154907      1328.6547851563
639.494019      1353.3426513672
639.833008      1387.0078125000
640.171997      1301.7225341797
640.510925      1371.2973632813
640.849854      1380.2747802734
641.188660      1355.5869140625
641.527527      1355.5869140625
641.866333      1319.6773681641
642.205078      1402.7182617188
642.543762      1373.5417480469
642.882446      1371.2973632813
643.221008      1404.9626464844
643.559570      1339.8764648438
643.898071      1328.6547851563
644.236572      1391.4965820313
644.575073      1398.2296142578
644.913452      1335.3878173828
645.251831      1297.2338867188
645.590149      1337.6322021484
645.928406      1393.7408447266
646.266602      1360.0756835938
646.604858      1395.9852294922
646.942932      1422.9173583984
647.281128      1342.1208496094
647.619141      1389.2521972656
647.957214      1335.3878173828
648.295166      1398.2296142578
648.633057      1402.7182617188
648.970947      1387.0078125000
649.308838      1344.3652343750
649.646606      1324.1660156250
649.984436      1306.2113037109
650.322144      1344.3652343750
650.659851      1315.1885986328
650.997498      1339.8764648438
651.335022      1402.7182617188
651.672607      1382.5191650391
652.010132      1378.0303955078
652.347595      1360.0756835938
652.684998      1357.8312988281
653.022461      1362.3199462891
653.359802      1346.6094970703
653.697021      1301.7225341797
654.034302      1353.3426513672
654.371521      1333.1434326172
654.708740      1366.8087158203
655.045837      1342.1208496094
655.382935      1301.7225341797
655.719971      1378.0303955078
656.057007      1339.8764648438
656.393921      1452.0939941406
656.730835      1373.5417480469
657.067749      1328.6547851563
657.404602      1373.5417480469
657.741333      1333.1434326172
658.078064      1366.8087158203
658.414795      1438.6278076172
658.751465      1371.2973632813
659.088074      1420.6730957031
659.424683      1371.2973632813
659.761230      1303.9669189453
660.097717      1337.6322021484
660.434143      1407.2070312500
660.770569      1378.0303955078
661.106934      1339.8764648438
661.443298      1357.8312988281
661.779541      1378.0303955078
662.115784      1297.2338867188
662.451965      1400.4738769531
662.788086      1315.1885986328
663.124268      1279.2790527344
663.460266      1409.4512939453
663.796265      1398.2296142578
664.132324      1328.6547851563
664.468201      1326.4104003906
664.804077      1407.2070312500
665.139954      1346.6094970703
665.475769      1321.9217529297
665.811523      1364.5643310547
666.147278      1353.3426513672
666.482971      1369.0529785156
666.818542      1360.0756835938
667.154236      1373.5417480469
667.489685      1393.7408447266
667.825195      1360.0756835938
668.160706      1328.6547851563
668.496094      1369.0529785156
668.831421      1308.4555664063
669.166809      1422.9173583984
669.502136      1380.2747802734
669.837402      1382.5191650391
670.172546      1339.8764648438
670.507751      1362.3199462891
670.842834      1360.0756835938
671.177917      1324.1660156250
671.512878      1306.2113037109
671.847961      1303.9669189453
672.182861      1319.6773681641
672.517761      1324.1660156250
672.852600      1294.9895019531
673.187439      1312.9443359375
673.522217      1364.5643310547
673.856934      1330.8990478516
674.191650      1373.5417480469
674.526306      1279.2790527344
674.860901      1330.8990478516
675.195435      1393.7408447266
675.529968      1306.2113037109
675.864441      1362.3199462891
676.198853      1351.0982666016
676.533264      1353.3426513672
676.867554      1312.9443359375
677.201843      1404.9626464844
677.536133      1346.6094970703
677.870361      1360.0756835938
678.204529      1382.5191650391
678.538635      1382.5191650391
678.872742      1351.0982666016
679.206787      1333.1434326172
679.540710      1404.9626464844
679.874695      1299.4782714844
680.208618      1382.5191650391
680.542480      1373.5417480469
680.876282      1353.3426513672
681.210083      1324.1660156250
681.543823      1382.5191650391
681.877502      1315.1885986328
682.211121      1373.5417480469
682.544739      1315.1885986328
682.878357      1270.3016357422
683.211853      1371.2973632813
683.545227      1362.3199462891
683.878723      1371.2973632813
684.212097      1310.6999511719
684.545471      1369.0529785156
684.878723      1286.0120849609
685.212036      1330.8990478516
685.545227      1351.0982666016
685.878418      1301.7225341797
686.211487      1335.3878173828
686.544556      1371.2973632813
686.877625      1283.7678222656
687.210632      1380.2747802734
687.543518      1339.8764648438
687.876465      1413.9400634766
688.209290      1337.6322021484
688.542114      1373.5417480469
688.874878      1348.8538818359
689.207642      1346.6094970703
689.540344      1445.3609619141
689.872986      1346.6094970703
690.205566      1337.6322021484
690.538147      1339.8764648438
690.870667      1409.4512939453
691.203125      1353.3426513672
691.535461      1398.2296142578
691.867920      1328.6547851563
692.200256      1339.8764648438
692.532593      1371.2973632813
692.864807      1398.2296142578
693.196960      1389.2521972656
693.529114      1308.4555664063
693.861267      1346.6094970703
694.193420      1357.8312988281
694.525391      1391.4965820313
694.857361      1391.4965820313
695.189270      1418.4287109375
695.521240      1357.8312988281
695.853027      1330.8990478516
696.184814      1344.3652343750
696.516663      1380.2747802734
696.848389      1324.1660156250
697.179993      1422.9173583984
697.511658      1306.2113037109
697.843262      1355.5869140625
698.174805      1346.6094970703
698.506287      1422.9173583984
698.837708      1364.5643310547
699.169189      1380.2747802734
699.500549      1362.3199462891
699.831787      1416.1843261719
700.163147      1360.0756835938
700.494385      1373.5417480469
700.825562      1335.3878173828
701.156677      1375.7861328125
701.487793      1380.2747802734
701.818848      1263.5686035156
702.149902      1297.2338867188
702.480774      1339.8764648438
702.811768      1342.1208496094
703.142639      1362.3199462891
703.473511      1362.3199462891
703.804199      1366.8087158203
704.135010      1351.0982666016
704.465759      1420.6730957031
704.796387      1335.3878173828
705.126953      1422.9173583984
705.457520      1440.8721923828
705.788086      1380.2747802734
706.118591      1400.4738769531
706.448975      1371.2973632813
706.779419      1360.0756835938
707.109741      1384.7634277344
707.440063      1369.0529785156
707.770325      1409.4512939453
708.100525      1353.3426513672
708.430725      1402.7182617188
708.760864      1303.9669189453
709.090942      1371.2973632813
709.420959      1315.1885986328
709.750916      1375.7861328125
710.080933      1301.7225341797
710.410828      1319.6773681641
710.740662      1378.0303955078
711.070496      1335.3878173828
711.400269      1362.3199462891
711.729980      1321.9217529297
712.059631      1328.6547851563
712.389282      1321.9217529297
712.718872      1360.0756835938
713.048462      1357.8312988281
713.377930      1335.3878173828
713.707397      1420.6730957031
714.036865      1344.3652343750
714.366211      1342.1208496094
714.695435      1335.3878173828
715.024780      1384.7634277344
715.354004      1326.4104003906
715.683228      1369.0529785156
716.012329      1360.0756835938
716.341431      1357.8312988281
716.670532      1335.3878173828
716.999573      1299.4782714844
717.328430      1357.8312988281
717.657349      1369.0529785156
717.986267      1380.2747802734
718.315125      1342.1208496094
718.643860      1353.3426513672
718.972656      1290.5008544922
719.301331      1353.3426513672
719.630005      1342.1208496094
719.958557      1413.9400634766
720.287170      1355.5869140625
720.615662      1380.2747802734
720.944214      1348.8538818359
721.272583      1321.9217529297
721.600952      1380.2747802734
721.929321      1339.8764648438
722.257629      1277.0346679688
722.585876      1324.1660156250
722.914063      1375.7861328125
723.242188      1371.2973632813
723.570313      1263.5686035156
723.898376      1402.7182617188
724.226440      1371.2973632813
724.554382      1364.5643310547
724.882324      1342.1208496094
725.210266      1398.2296142578
725.538025      1353.3426513672
725.865784      1330.8990478516
726.193604      1328.6547851563
726.521301      1337.6322021484
726.848938      1265.8129882813
727.176514      1355.5869140625
727.504150      1301.7225341797
727.831726      1303.9669189453
728.159119      1299.4782714844
728.486572      1362.3199462891
728.813965      1402.7182617188
729.141357      1261.3242187500
729.468567      1317.4329833984
729.795837      1384.7634277344
730.123108      1344.3652343750
730.450317      1306.2113037109
730.777344      1404.9626464844
731.104431      1344.3652343750
731.431519      1378.0303955078
731.758484      1321.9217529297
732.085388      1355.5869140625
732.412292      1357.8312988281
732.739136      1346.6094970703
733.065979      1342.1208496094
733.392639      1346.6094970703
733.719421      1353.3426513672
734.046082      1369.0529785156
734.372681      1371.2973632813
734.699219      1366.8087158203
735.025757      1344.3652343750
735.352234      1308.4555664063
735.678711      1369.0529785156
736.005127      1393.7408447266
736.331482      1389.2521972656
736.657715      1422.9173583984
736.984009      1339.8764648438
737.310181      1335.3878173828
737.636353      1362.3199462891
737.962524      1362.3199462891
738.288574      1310.6999511719
738.614624      1407.2070312500
738.940613      1387.0078125000
739.266541      1391.4965820313
739.592407      1268.0573730469
739.918274      1369.0529785156
740.244080      1382.5191650391
740.569824      1344.3652343750
740.895569      1404.9626464844
741.221191      1319.6773681641
741.546753      1344.3652343750
741.872375      1362.3199462891
742.197937      1279.2790527344
742.523376      1431.8947753906
742.848816      1360.0756835938
743.174194      1364.5643310547
743.499573      1369.0529785156
743.824890      1366.8087158203
744.150085      1391.4965820313
744.475342      1378.0303955078
744.800476      1342.1208496094
745.125610      1434.1391601563
745.450623      1353.3426513672
745.775696      1333.1434326172
746.100708      1369.0529785156
746.425598      1339.8764648438
746.750427      1411.6956787109
747.075256      1319.6773681641
747.400085      1333.1434326172
747.724915      1301.7225341797
748.049561      1360.0756835938
748.374207      1328.6547851563
748.698853      1335.3878173828
749.023438      1373.5417480469
749.347900      1398.2296142578
749.672363      1333.1434326172
749.996765      1308.4555664063
750.321167      1364.5643310547
750.645508      1353.3426513672
750.969788      1342.1208496094
751.294067      1286.0120849609
751.618286      1351.0982666016
751.942383      1299.4782714844
752.266479      1378.0303955078
752.590576      1371.2973632813
752.914551      1324.1660156250
753.238525      1301.7225341797
753.562439      1362.3199462891
753.886292      1389.2521972656
754.210144      1355.5869140625
754.533936      1310.6999511719
754.857666      1335.3878173828
755.181335      1335.3878173828
755.505005      1342.1208496094
755.828613      1339.8764648438
756.152100      1378.0303955078
756.475586      1348.8538818359
756.799133      1364.5643310547
757.122498      1319.6773681641
757.445862      1355.5869140625
757.769165      1375.7861328125
758.092468      1346.6094970703
758.415710      1301.7225341797
758.738831      1416.1843261719
759.061951      1425.1617431641
759.385071      1353.3426513672
759.708130      1387.0078125000
760.031067      1312.9443359375
760.354004      1321.9217529297
760.676941      1324.1660156250
760.999817      1335.3878173828
761.322632      1380.2747802734
761.645386      1333.1434326172
761.968079      1360.0756835938
762.290771      1294.9895019531
762.613342      1333.1434326172
762.935974      1380.2747802734
763.258484      1306.2113037109
763.580994      1312.9443359375
763.903381      1283.7678222656
764.225830      1369.0529785156
764.548157      1324.1660156250
764.870422      1317.4329833984
765.192688      1380.2747802734
765.514832      1364.5643310547
765.837036      1393.7408447266
766.159119      1404.9626464844
766.481140      1375.7861328125
766.803223      1355.5869140625
767.125183      1353.3426513672
767.447144      1348.8538818359
767.768982      1369.0529785156
768.090820      1431.8947753906
768.412659      1413.9400634766
768.734314      1391.4965820313
769.056091      1346.6094970703
769.377686      1369.0529785156
769.699280      1369.0529785156
770.020813      1355.5869140625
770.342346      1353.3426513672
770.663757      1369.0529785156
770.985229      1355.5869140625
771.306580      1346.6094970703
771.627869      1382.5191650391
771.949158      1362.3199462891
772.270386      1317.4329833984
772.591553      1328.6547851563
772.912659      1312.9443359375
773.233765      1378.0303955078
773.554810      1366.8087158203
773.875793      1373.5417480469
774.196716      1288.2564697266
774.517578      1416.1843261719
774.838440      1330.8990478516
775.159302      1333.1434326172
775.480042      1312.9443359375
775.800659      1308.4555664063
776.121399      1375.7861328125
776.441956      1279.2790527344
776.762573      1330.8990478516
777.083008      1281.5234375000
777.403503      1364.5643310547
777.723999      1328.6547851563
778.044373      1337.6322021484
778.364624      1364.5643310547
778.684937      1306.2113037109
779.005188      1306.2113037109
779.325378      1351.0982666016
779.645447      1366.8087158203
779.965637      1344.3652343750
780.285706      1351.0982666016
780.605652      1355.5869140625
780.925598      1404.9626464844
781.245483      1288.2564697266
781.565369      1297.2338867188
781.885193      1366.8087158203
782.204895      1333.1434326172
782.524658      1378.0303955078
782.844299      1303.9669189453
783.163940      1393.7408447266
783.483582      1409.4512939453
783.803040      1290.5008544922
784.122559      1355.5869140625
784.442017      1312.9443359375
784.761414      1366.8087158203
785.080688      1326.4104003906
785.400024      1438.6278076172
785.719238      1384.7634277344
786.038452      1303.9669189453
786.357544      1402.7182617188
786.676697      1351.0982666016
786.995789      1315.1885986328
787.314758      1283.7678222656
787.633728      1371.2973632813
787.952637      1270.3016357422
788.271484      1355.5869140625
788.590271      1382.5191650391
788.908997      1339.8764648438
789.227783      1434.1391601563
789.546448      1402.7182617188
789.865112      1434.1391601563
790.183655      1398.2296142578
790.502197      1353.3426513672
790.820679      1308.4555664063
791.139099      1277.0346679688
791.457520      1312.9443359375
791.775879      1360.0756835938
792.094116      1360.0756835938
792.412415      1371.2973632813
792.730530      1395.9852294922
793.048767      1351.0982666016
793.366821      1360.0756835938
793.684937      1373.5417480469
794.002869      1384.7634277344
794.320862      1319.6773681641
794.638733      1375.7861328125
794.956665      1362.3199462891
795.274414      1294.9895019531
795.592224      1319.6773681641
795.909912      1420.6730957031
796.227661      1330.8990478516
796.545227      1326.4104003906
796.862854      1389.2521972656
797.180359      1373.5417480469
797.497864      1436.3835449219
797.815308      1360.0756835938
798.132629      1281.5234375000
798.450012      1346.6094970703
798.767273      1319.6773681641
799.084595      1369.0529785156
799.401733      1387.0078125000
799.718933      1357.8312988281
800.036011      1355.5869140625
800.353027      1333.1434326172
800.670044      1351.0982666016
800.987000      1274.7904052734
801.303894      1389.2521972656
801.620850      1342.1208496094
801.937561      1346.6094970703
802.254333      1378.0303955078
802.571106      1315.1885986328
802.887817      1317.4329833984
803.204346      1279.2790527344
803.520935      1330.8990478516
803.837463      1362.3199462891
804.153992      1353.3426513672
804.470337      1328.6547851563
804.786743      1427.4061279297
805.103027      1348.8538818359
805.419434      1366.8087158203
805.735535      1279.2790527344
806.051758      1270.3016357422
806.367920      1335.3878173828
806.684021      1337.6322021484
807.000000      1389.2521972656
807.316040      1310.6999511719
807.632019      1366.8087158203
807.947876      1342.1208496094
808.263672      1395.9852294922
808.579529      1324.1660156250
808.895325      1371.2973632813
809.211060      1342.1208496094
809.526611      1378.0303955078
809.842224      1294.9895019531
810.157837      1346.6094970703
810.473389      1274.7904052734
810.788757      1366.8087158203
811.104187      1337.6322021484
811.419617      1382.5191650391
811.734924      1344.3652343750
812.050171      1303.9669189453
812.365417      1364.5643310547
812.680542      1431.8947753906
812.995728      1409.4512939453
813.310852      1382.5191650391
813.625854      1373.5417480469
813.940796      1333.1434326172
814.255798      1409.4512939453
814.570679      1398.2296142578
814.885498      1319.6773681641
815.200256      1315.1885986328
815.515015      1362.3199462891
815.829651      1357.8312988281
816.144287      1319.6773681641
816.458923      1283.7678222656
816.773438      1362.3199462891
817.087952      1346.6094970703
817.402344      1369.0529785156
817.716797      1335.3878173828
818.031189      1378.0303955078
818.345520      1315.1885986328
818.659668      1357.8312988281
818.973877      1351.0982666016
819.288086      1373.5417480469
819.602173      1387.0078125000
819.916199      1357.8312988281
820.230225      1440.8721923828
820.544189      1333.1434326172
820.858154      1290.5008544922
821.171997      1378.0303955078
821.485779      1335.3878173828
821.799561      1362.3199462891
822.113281      1373.5417480469
822.426880      1346.6094970703
822.740540      1373.5417480469
823.054138      1436.3835449219
823.367676      1398.2296142578
823.681152      1391.4965820313
823.994568      1384.7634277344
824.307922      1411.6956787109
824.621277      1335.3878173828
824.934509      1380.2747802734
825.247742      1391.4965820313
825.560913      1393.7408447266
825.874146      1409.4512939453
826.187134      1369.0529785156
826.500183      1339.8764648438
826.813171      1362.3199462891
827.126160      1344.3652343750
827.439026      1353.3426513672
827.751831      1344.3652343750
828.064636      1357.8312988281
828.377380      1299.4782714844
828.690063      1436.3835449219
829.002686      1371.2973632813
829.315308      1348.8538818359
829.627869      1272.5460205078
829.940308      1364.5643310547
830.252808      1286.0120849609
830.565125      1319.6773681641
830.877563      1333.1434326172
831.189880      1389.2521972656
831.502075      1321.9217529297
831.814270      1324.1660156250
832.126465      1355.5869140625
832.438599      1283.7678222656
832.750549      1330.8990478516
833.062622      1371.2973632813
833.374512      1330.8990478516
833.686462      1286.0120849609
833.998291      1308.4555664063
834.310120      1317.4329833984
834.621887      1297.2338867188
834.933594      1409.4512939453
835.245239      1294.9895019531
835.556885      1382.5191650391
835.868408      1333.1434326172
836.179932      1326.4104003906
836.491333      1328.6547851563
836.802795      1297.2338867188
837.114197      1395.9852294922
837.425537      1387.0078125000
837.736694      1330.8990478516
838.047913      1402.7182617188
838.359131      1328.6547851563
838.670227      1449.8496093750
838.981262      1335.3878173828
839.292358      1389.2521972656
839.603333      1342.1208496094
839.914246      1333.1434326172
840.225037      1328.6547851563
840.535889      1398.2296142578
840.846680      1321.9217529297
841.157410      1333.1434326172
841.468079      1277.0346679688
841.778687      1366.8087158203
842.089233      1395.9852294922
842.399780      1346.6094970703
842.710266      1362.3199462891
843.020691      1357.8312988281
843.331055      1407.2070312500
843.641418      1315.1885986328
843.951721      1375.7861328125
844.261841      1265.8129882813
844.572083      1303.9669189453
844.882202      1353.3426513672
845.192261      1402.7182617188
845.502258      1366.8087158203
845.812256      1357.8312988281
846.122192      1353.3426513672
846.432068      1371.2973632813
846.741882      1389.2521972656
847.051636      1330.8990478516
847.361389      1427.4061279297
847.671143      1321.9217529297
847.980713      1342.1208496094
848.290283      1371.2973632813
848.599792      1375.7861328125
848.909302      1384.7634277344
849.218689      1315.1885986328
849.528076      1371.2973632813
849.837463      1290.5008544922
850.146790      1348.8538818359
850.455933      1294.9895019531
850.765137      1364.5643310547
851.074280      1344.3652343750
851.383362      1375.7861328125
851.692383      1335.3878173828
852.001343      1326.4104003906
852.310303      1375.7861328125
852.619202      1427.4061279297
852.927979      1400.4738769531
853.236816      1440.8721923828
853.545532      1378.0303955078
853.854248      1449.8496093750
854.162842      1418.4287109375
854.471436      1387.0078125000
854.779968      1384.7634277344
855.088440      1364.5643310547
855.396851      1369.0529785156
855.705200      1393.7408447266
856.013611      1387.0078125000
856.321899      1326.4104003906
856.630127      1425.1617431641
856.938293      1288.2564697266
857.246399      1357.8312988281
857.554504      1362.3199462891
857.862549      1355.5869140625
858.170471      1389.2521972656
858.478394      1335.3878173828
858.786316      1330.8990478516
859.094177      1306.2113037109
859.401917      1337.6322021484
859.709656      1290.5008544922
860.017334      1346.6094970703
860.324951      1362.3199462891
860.632507      1461.0714111328
860.940063      1369.0529785156
861.247559      1333.1434326172
861.555054      1286.0120849609
861.862366      1294.9895019531
862.169739      1308.4555664063
862.476990      1387.0078125000
862.784241      1373.5417480469
863.091370      1342.1208496094
863.398499      1317.4329833984
863.705627      1319.6773681641
864.012634      1398.2296142578
864.319519      1375.7861328125
864.626526      1342.1208496094
864.933350      1301.7225341797
865.240234      1364.5643310547
865.546936      1321.9217529297
865.853699      1353.3426513672
866.160400      1351.0982666016
866.466980      1292.7451171875
866.773560      1387.0078125000
867.080078      1330.8990478516
867.386536      1315.1885986328
867.692993      1382.5191650391
867.999329      1324.1660156250
868.305664      1279.2790527344
868.611938      1351.0982666016
868.918152      1299.4782714844
869.224304      1328.6547851563
869.530457      1369.0529785156
869.836487      1409.4512939453
870.142517      1312.9443359375
870.448547      1335.3878173828
870.754395      1371.2973632813
871.060242      1265.8129882813
871.366089      1360.0756835938
871.671814      1308.4555664063
871.977539      1348.8538818359
872.283203      1348.8538818359
872.588806      1366.8087158203
872.894409      1384.7634277344
873.199890      1416.1843261719
873.505371      1335.3878173828
873.810730      1387.0078125000
874.116150      1346.6094970703
874.421387      1328.6547851563
874.726685      1333.1434326172
875.031860      1382.5191650391
875.337097      1321.9217529297
875.642090      1342.1208496094
875.947205      1382.5191650391
876.252197      1281.5234375000
876.557129      1344.3652343750
876.862000      1369.0529785156
877.166870      1364.5643310547
877.471680      1337.6322021484
877.776428      1286.0120849609
878.081116      1369.0529785156
878.385742      1404.9626464844
878.690369      1369.0529785156
878.994873      1333.1434326172
879.299316      1308.4555664063
879.603821      1326.4104003906
879.908203      1360.0756835938
880.212585      1357.8312988281
880.516846      1335.3878173828
880.821106      1353.3426513672
881.125244      1434.1391601563
881.429382      1339.8764648438
881.733459      1411.6956787109
882.037537      1315.1885986328
882.341492      1333.1434326172
882.645447      1342.1208496094
882.949280      1434.1391601563
883.253113      1321.9217529297
883.556885      1387.0078125000
883.860657      1384.7634277344
884.164307      1411.6956787109
884.467896      1297.2338867188
884.771484      1375.7861328125
885.075073      1283.7678222656
885.378540      1294.9895019531
885.681885      1299.4782714844
885.985291      1324.1660156250
886.288635      1321.9217529297
886.591858      1393.7408447266
886.895020      1339.8764648438
887.198242      1360.0756835938
887.501343      1310.6999511719
887.804443      1339.8764648438
888.107422      1369.0529785156
888.410400      1324.1660156250
888.713257      1342.1208496094
889.016174      1333.1434326172
889.318909      1337.6322021484
889.621643      1371.2973632813
889.924377      1382.5191650391
890.227051      1344.3652343750
890.529602      1393.7408447266
890.832153      1360.0756835938
891.134705      1391.4965820313
891.437134      1384.7634277344
891.739441      1319.6773681641
892.041870      1351.0982666016
892.344116      1366.8087158203
892.646362      1362.3199462891
892.948486      1384.7634277344
893.250671      1326.4104003906
893.552734      1286.0120849609
893.854797      1357.8312988281
894.156738      1413.9400634766
894.458618      1348.8538818359
894.760559      1339.8764648438
895.062378      1391.4965820313
895.364136      1393.7408447266
895.665894      1342.1208496094
895.967590      1339.8764648438
896.269165      1337.6322021484
896.570679      1357.8312988281
896.872192      1335.3878173828
897.173706      1357.8312988281
897.475159      1400.4738769531
897.776428      1389.2521972656
898.077759      1373.5417480469
