0.110000
190.096298         0.0000000000
190.479492         0.0000000000
190.862656       703.6389770508
191.245789       768.0242309570
191.628876       699.0400390625
192.011948       669.1468505859
192.394958       724.3342285156
192.777939       719.7352905273
193.160904       791.0189819336
193.543823       781.8211059570
193.926697       768.0242309570
194.309555       719.7352905273
194.692368       747.3289794922
195.075150       820.9121093750
195.457886       735.8316040039
195.840607       733.5321044922
196.223282       793.3184204102
196.605927       772.6231689453
196.988541       751.9279174805
197.371094       797.9174194336
197.753632       738.1311035156
198.136139       715.1363525391
198.518600       703.6389770508
198.901031       726.6337280273
199.283432       747.3289794922
199.665802       763.4252929688
200.048126       765.7247924805
200.430405       786.4200439453
200.812668       756.5268554688
201.194885       724.3342285156
201.577072       717.4357910156
201.959244       728.9331665039
202.341354       726.6337280273
202.723434       738.1311035156
203.105499       733.5321044922
203.487503       768.0242309570
203.869461       682.9437255859
204.251434       719.7352905273
204.633331       708.2379150391
205.015198       676.0452880859
205.397049       733.5321044922
205.778854       738.1311035156
206.160614       742.7300415039
206.542343       689.8421020508
206.924042       705.9384155273
207.305710       694.4411010742
207.687332       786.4200439453
208.068939       724.3342285156
208.450485       788.7194824219
208.832016       710.5374145508
209.213501       726.6337280273
209.594955       772.6231689453
209.976379       634.6547851563
210.357758       678.3447875977
210.739105       680.6442260742
211.120422       666.8474121094
211.501694       712.8368530273
211.882935       678.3447875977
212.264145       749.6284179688
212.645340       756.5268554688
213.026474       689.8421020508
213.407562       641.5531616211
213.788620       685.2431640625
214.169662       733.5321044922
214.550659       678.3447875977
214.931610       717.4357910156
215.312561       699.0400390625
215.693451       770.3237304688
216.074295       740.4305419922
216.455109       673.7457885742
216.835922       682.9437255859
217.216660       701.3394775391
217.597382       666.8474121094
217.978058       788.7194824219
218.358704       705.9384155273
218.739304       765.7247924805
219.119888       754.2274169922
219.500427       715.1363525391
219.880920       740.4305419922
220.261414       636.9542236328
220.641830       765.7247924805
221.022232       786.4200439453
221.402603       715.1363525391
221.782944       678.3447875977
222.163223       678.3447875977
222.543488       731.2326660156
222.923706       728.9331665039
223.303894       662.2484130859
223.684036       694.4411010742
224.064163       708.2379150391
224.444244       699.0400390625
224.824295       705.9384155273
225.204300       689.8421020508
225.584274       726.6337280273
225.964203       724.3342285156
226.344131       745.0294799805
226.723999       689.8421020508
227.103806       646.1520996094
227.483627       740.4305419922
227.863388       749.6284179688
228.243118       687.5426635742
228.622787       793.3184204102
229.002472       676.0452880859
229.382080       696.7405395508
229.761688       719.7352905273
230.141220       724.3342285156
230.520721       699.0400390625
230.900208       742.7300415039
231.279663       694.4411010742
231.659073       731.2326660156
232.038452       701.3394775391
232.417786       777.2221069336
232.797073       751.9279174805
233.176346       717.4357910156
233.555573       751.9279174805
233.934784       724.3342285156
234.313934       673.7457885742
234.693069       689.8421020508
235.072144       643.8526611328
235.451202       751.9279174805
235.830215       669.1468505859
236.209213       724.3342285156
236.588165       634.6547851563
236.967072       618.5584716797
237.345947       747.3289794922
237.724792       763.4252929688
238.103577       657.6494750977
238.482361       758.8263549805
238.861084       715.1363525391
239.239777       719.7352905273
239.618454       666.8474121094
239.997070       754.2274169922
240.375671       685.2431640625
240.754211       682.9437255859
241.132751       650.7510986328
241.511215       701.3394775391
241.889694       701.3394775391
242.268097       689.8421020508
242.646469       747.3289794922
243.024811       740.4305419922
243.403122       705.9384155273
243.781387       699.0400390625
244.159622       701.3394775391
244.537827       659.9489746094
244.915985       768.0242309570
245.294113       699.0400390625
245.672195       712.8368530273
246.050262       699.0400390625
246.428268       742.7300415039
246.806274       701.3394775391
247.184219       735.8316040039
247.562119       712.8368530273
247.940002       728.9331665039
248.317841       756.5268554688
248.695648       671.4463500977
249.073425       676.0452880859
249.451157       673.7457885742
249.828842       689.8421020508
250.206512       710.5374145508
250.584152       738.1311035156
250.961731       731.2326660156
251.339279       802.5163574219
251.716812       724.3342285156
252.094299       768.0242309570
252.471725       673.7457885742
252.849136       761.1257934570
253.226517       770.3237304688
253.603867       722.0347900391
253.981171       630.0557861328
254.358429       715.1363525391
254.735672       751.9279174805
255.112869       791.0189819336
255.490021       696.7405395508
255.867172       724.3342285156
256.244263       728.9331665039
256.621307       692.1416015625
256.998291       763.4252929688
257.375305       756.5268554688
257.752228       724.3342285156
258.129120       676.0452880859
258.506012       655.3500366211
258.882843       703.6389770508
259.259644       735.8316040039
259.636414       747.3289794922
260.013123       712.8368530273
260.389832       749.6284179688
260.766479       761.1257934570
261.143127       678.3447875977
261.519714       745.0294799805
261.896271       715.1363525391
262.272736       731.2326660156
262.649231       678.3447875977
263.025696       740.4305419922
263.402100       793.3184204102
263.778473       761.1257934570
264.154785       731.2326660156
264.531097       692.1416015625
264.907318       708.2379150391
265.283569       735.8316040039
265.659760       678.3447875977
266.035919       666.8474121094
266.412018       671.4463500977
266.788086       705.9384155273
267.164154       779.5216064453
267.540192       749.6284179688
267.916107       779.5216064453
268.292084       694.4411010742
268.667969       710.5374145508
269.043793       643.8526611328
269.419617       719.7352905273
269.795410       625.4568481445
270.171204       728.9331665039
270.546875       722.0347900391
270.922577       689.8421020508
271.298248       685.2431640625
271.673828       634.6547851563
272.049408       685.2431640625
272.424927       639.2537231445
272.800446       701.3394775391
273.175934       717.4357910156
273.551361       699.0400390625
273.926727       731.2326660156
274.302063       694.4411010742
274.677399       731.2326660156
275.052673       708.2379150391
275.427948       724.3342285156
275.803131       692.1416015625
276.178314       680.6442260742
276.553436       724.3342285156
276.928558       682.9437255859
277.303650       710.5374145508
277.678619       795.6179199219
278.053650       671.4463500977
278.428589       657.6494750977
278.803528       710.5374145508
279.178375       685.2431640625
279.553253       701.3394775391
279.928070       692.1416015625
280.302826       761.1257934570
280.677582       715.1363525391
281.052277       747.3289794922
281.426941       740.4305419922
281.801544       641.5531616211
282.176147       765.7247924805
282.550720       740.4305419922
282.925232       646.1520996094
283.299683       735.8316040039
283.674133       703.6389770508
284.048553       664.5479125977
284.422974       703.6389770508
284.797241       620.8579101563
285.171600       636.9542236328
285.545837       701.3394775391
285.920074       664.5479125977
286.294250       719.7352905273
286.668396       685.2431640625
287.042511       701.3394775391
287.416626       699.0400390625
287.790649       689.8421020508
288.164673       724.3342285156
288.538635       639.2537231445
288.912567       715.1363525391
289.286438       742.7300415039
289.660309       710.5374145508
290.034149       802.5163574219
290.407959       761.1257934570
290.781677       648.4515991211
291.155396       731.2326660156
291.529083       673.7457885742
291.902710       722.0347900391
292.276337       648.4515991211
292.649902       733.5321044922
293.023407       774.9226684570
293.396912       705.9384155273
293.770386       781.8211059570
294.143829       632.3552856445
294.517181       712.8368530273
294.890533       710.5374145508
295.263824       676.0452880859
295.637115       804.8157958984
296.010345       731.2326660156
296.383545       726.6337280273
296.756744       738.1311035156
297.129852       726.6337280273
297.502960       724.3342285156
297.875977       666.8474121094
298.248993       655.3500366211
298.621979       694.4411010742
298.994934       699.0400390625
299.367859       671.4463500977
299.740723       749.6284179688
300.113556       650.7510986328
300.486359       765.7247924805
300.859100       703.6389770508
301.231842       733.5321044922
301.604492       772.6231689453
301.977173       733.5321044922
302.349792       763.4252929688
302.722351       728.9331665039
303.094910       708.2379150391
303.467377       738.1311035156
303.839874       655.3500366211
304.212311       738.1311035156
304.584717       673.7457885742
304.957062       749.6284179688
305.329376       708.2379150391
305.701630       648.4515991211
306.073853       763.4252929688
306.446106       724.3342285156
306.818268       719.7352905273
307.190399       715.1363525391
307.562500       694.4411010742
307.934540       765.7247924805
308.306610       745.0294799805
308.678558       662.2484130859
309.050507       745.0294799805
309.422424       694.4411010742
309.794281       768.0242309570
310.166138       655.3500366211
310.537933       678.3447875977
310.909729       807.1152954102
311.281464       643.8526611328
311.653107       717.4357910156
312.024780       710.5374145508
312.396393       666.8474121094
312.767975       687.5426635742
313.139496       662.2484130859
313.511047       682.9437255859
313.882507       719.7352905273
314.253906       694.4411010742
314.625305       804.8157958984
314.996643       724.3342285156
315.368011       692.1416015625
315.739258       756.5268554688
316.110504       719.7352905273
316.481720       745.0294799805
316.852905       779.5216064453
317.223999       676.0452880859
317.595123       673.7457885742
317.966187       694.4411010742
318.337189       763.4252929688
318.708191       655.3500366211
319.079163       756.5268554688
319.450073       712.8368530273
319.820923       643.8526611328
320.191742       694.4411010742
320.562561       703.6389770508
320.933319       749.6284179688
321.304047       724.3342285156
321.674744       696.7405395508
322.045380       726.6337280273
322.416016       740.4305419922
322.786560       680.6442260742
323.157135       689.8421020508
323.527618       726.6337280273
323.898071       680.6442260742
324.268494       751.9279174805
324.638885       745.0294799805
325.009277       712.8368530273
325.379578       717.4357910156
325.749847       694.4411010742
326.120117       650.7510986328
326.490295       703.6389770508
326.860443       659.9489746094
327.230591       807.1152954102
327.600708       696.7405395508
327.970703       659.9489746094
328.340759       738.1311035156
328.710724       781.8211059570
329.080688       701.3394775391
329.450592       685.2431640625
329.820435       751.9279174805
330.190277       719.7352905273
330.560089       687.5426635742
330.929810       715.1363525391
331.299561       751.9279174805
331.669220       733.5321044922
332.038879       692.1416015625
332.408447       722.0347900391
332.778046       703.6389770508
333.147583       705.9384155273
333.517059       740.4305419922
333.886505       756.5268554688
334.255951       777.2221069336
334.625336       710.5374145508
334.994629       687.5426635742
335.363983       731.2326660156
335.733246       696.7405395508
336.102478       749.6284179688
336.471680       680.6442260742
336.840820       738.1311035156
337.209961       687.5426635742
337.578979       689.8421020508
337.948059       680.6442260742
338.317078       694.4411010742
338.686035       699.0400390625
339.054962       708.2379150391
339.423859       689.8421020508
339.792725       666.8474121094
340.161560       659.9489746094
340.530334       643.8526611328
340.899078       689.8421020508
341.267761       738.1311035156
341.636444       705.9384155273
342.005066       699.0400390625
342.373657       692.1416015625
342.742218       770.3237304688
343.110718       765.7247924805
343.479218       680.6442260742
343.847626       726.6337280273
344.216064       664.5479125977
344.584412       671.4463500977
344.952759       636.9542236328
345.321045       636.9542236328
345.689270       694.4411010742
346.057526       719.7352905273
346.425659       678.3447875977
346.793854       600.1626586914
347.161957       699.0400390625
347.529999       745.0294799805
347.898041       659.9489746094
348.266022       779.5216064453
348.634003       726.6337280273
349.001892       699.0400390625
349.369781       699.0400390625
349.737610       784.1205444336
350.105408       653.0505371094
350.473145       758.8263549805
350.840912       749.6284179688
351.208618       768.0242309570
351.576233       682.9437255859
351.943878       699.0400390625
352.311401       733.5321044922
352.678955       735.8316040039
353.046478       708.2379150391
353.413910       687.5426635742
353.781372       627.7563476563
354.148743       703.6389770508
354.516083       689.8421020508
354.883392       685.2431640625
355.250641       731.2326660156
355.617920       754.2274169922
355.985077       733.5321044922
356.352234       777.2221069336
356.719360       708.2379150391
357.086426       754.2274169922
357.453491       710.5374145508
357.820496       712.8368530273
358.187469       708.2379150391
358.554382       689.8421020508
358.921295       763.4252929688
359.288147       719.7352905273
359.654968       772.6231689453
360.021759       657.6494750977
360.388489       682.9437255859
360.755188       666.8474121094
361.121826       705.9384155273
361.488464       627.7563476563
361.855072       728.9331665039
362.221588       705.9384155273
362.588135       726.6337280273
362.954590       751.9279174805
363.321075       655.3500366211
363.687439       676.0452880859
364.053802       722.0347900391
364.420135       673.7457885742
364.786407       722.0347900391
365.152679       710.5374145508
365.518860       717.4357910156
365.885040       689.8421020508
366.251190       682.9437255859
366.617249       738.1311035156
366.983337       749.6284179688
367.349335       680.6442260742
367.715332       705.9384155273
368.081207       738.1311035156
368.447174       761.1257934570
368.813019       719.7352905273
369.178833       676.0452880859
369.544678       701.3394775391
369.910400       738.1311035156
370.276123       664.5479125977
370.641785       710.5374145508
371.007446       724.3342285156
371.373016       742.7300415039
371.738586       717.4357910156
372.104126       701.3394775391
372.469574       738.1311035156
372.835022       712.8368530273
373.200439       673.7457885742
373.565796       772.6231689453
373.931122       662.2484130859
374.296417       726.6337280273
374.661713       715.1363525391
375.026886       710.5374145508
375.392090       687.5426635742
375.757202       653.0505371094
376.122314       708.2379150391
376.487396       772.6231689453
376.852386       650.7510986328
377.217407       724.3342285156
377.582336       703.6389770508
377.947235       703.6389770508
378.312103       719.7352905273
378.676941       682.9437255859
379.041779       618.5584716797
379.406494       678.3447875977
379.771240       694.4411010742
380.135925       694.4411010742
380.500549       779.5216064453
380.865143       742.7300415039
381.229706       768.0242309570
381.594269       719.7352905273
381.958679       689.8421020508
382.323181       719.7352905273
382.687561       648.4515991211
383.051971       756.5268554688
383.416321       673.7457885742
383.780579       738.1311035156
384.144867       719.7352905273
384.509033       724.3342285156
384.873260       719.7352905273
385.237366       770.3237304688
385.601501       699.0400390625
385.965576       712.8368530273
386.329559       708.2379150391
386.693573       639.2537231445
387.057526       754.2274169922
387.421417       745.0294799805
387.785309       696.7405395508
388.149109       669.1468505859
388.512970       685.2431640625
388.876678       650.7510986328
389.240417       671.4463500977
389.604065       685.2431640625
389.967712       662.2484130859
390.331360       662.2484130859
390.694885       657.6494750977
391.058411       653.0505371094
391.421906       731.2326660156
391.785370       715.1363525391
392.148743       655.3500366211
392.512115       701.3394775391
392.875488       747.3289794922
393.238739       646.1520996094
393.602051       696.7405395508
393.965240       673.7457885742
394.328430       689.8421020508
394.691559       749.6284179688
395.054657       731.2326660156
395.417725       692.1416015625
395.780731       671.4463500977
396.143738       680.6442260742
396.506653       694.4411010742
396.869568       726.6337280273
397.232422       632.3552856445
397.595245       678.3447875977
397.958069       742.7300415039
398.320770       747.3289794922
398.683533       682.9437255859
399.046204       692.1416015625
399.408813       747.3289794922
399.771454       761.1257934570
400.133972       756.5268554688
400.496521       772.6231689453
400.859009       733.5321044922
401.221436       745.0294799805
401.583832       676.0452880859
401.946198       724.3342285156
402.308563       701.3394775391
402.670807       710.5374145508
403.033051       754.2274169922
403.395294       742.7300415039
403.757416       696.7405395508
404.119568       687.5426635742
404.481659       595.5637207031
404.843719       717.4357910156
405.205719       682.9437255859
405.567719       708.2379150391
405.929657       657.6494750977
406.291534       659.9489746094
406.653442       643.8526611328
407.015228       708.2379150391
407.377014       724.3342285156
407.738739       708.2379150391
408.100464       724.3342285156
408.462128       772.6231689453
408.823730       701.3394775391
409.185364       687.5426635742
409.546875       685.2431640625
409.908386       742.7300415039
410.269867       717.4357910156
410.631287       710.5374145508
410.992676       680.6442260742
411.354034       657.6494750977
411.715363       751.9279174805
412.076630       703.6389770508
412.437866       703.6389770508
412.799072       699.0400390625
413.160217       678.3447875977
413.521362       678.3447875977
413.882416       692.1416015625
414.243469       643.8526611328
414.604462       712.8368530273
414.965424       708.2379150391
415.326355       747.3289794922
415.687225       669.1468505859
416.048096       715.1363525391
416.408875       680.6442260742
416.769653       745.0294799805
417.130402       731.2326660156
417.491058       673.7457885742
417.851715       639.2537231445
418.212311       604.7615966797
418.572906       687.5426635742
418.933411       682.9437255859
419.293945       745.0294799805
419.654388       694.4411010742
420.014801       659.9489746094
420.375183       703.6389770508
420.735504       676.0452880859
421.095825       699.0400390625
421.456055       724.3342285156
421.816315       694.4411010742
422.176453       728.9331665039
422.536621       701.3394775391
422.896729       712.8368530273
423.256775       689.8421020508
423.616821       719.7352905273
423.976807       722.0347900391
424.336731       708.2379150391
424.696625       671.4463500977
425.056488       747.3289794922
425.416351       701.3394775391
425.776093       756.5268554688
426.135864       678.3447875977
426.495575       797.9174194336
426.855225       659.9489746094
427.214874       687.5426635742
427.574432       676.0452880859
427.934052       680.6442260742
428.293518       701.3394775391
428.653015       742.7300415039
429.012421       689.8421020508
429.371826       692.1416015625
429.731232       710.5374145508
430.090485       765.7247924805
430.449799       694.4411010742
430.808990       712.8368530273
431.168213       662.2484130859
431.527374       724.3342285156
431.886475       696.7405395508
432.245605       613.9594726563
432.604584       657.6494750977
432.963623       742.7300415039
433.322571       676.0452880859
433.681488       689.8421020508
434.040344       712.8368530273
434.399200       669.1468505859
434.758026       699.0400390625
435.116760       687.5426635742
435.475494       731.2326660156
435.834198       696.7405395508
436.192841       659.9489746094
436.551453       671.4463500977
436.910004       708.2379150391
437.268555       715.1363525391
437.627014       699.0400390625
437.985474       678.3447875977
438.343903       682.9437255859
438.702240       765.7247924805
439.060577       756.5268554688
439.418854       618.5584716797
439.777130       765.7247924805
440.135315       756.5268554688
440.493500       763.4252929688
440.851654       726.6337280273
441.209717       705.9384155273
441.567810       722.0347900391
441.925781       664.5479125977
442.283783       738.1311035156
442.641663       719.7352905273
442.999573       705.9384155273
443.357483       694.4411010742
443.715240       689.8421020508
444.073029       696.7405395508
444.430725       703.6389770508
444.788452       701.3394775391
445.146149       747.3289794922
445.503723       754.2274169922
445.861359       699.0400390625
446.218842       692.1416015625
446.576355       643.8526611328
446.933777       699.0400390625
447.291199       669.1468505859
447.648621       650.7510986328
448.005920       710.5374145508
448.363251       703.6389770508
448.720459       696.7405395508
449.077728       745.0294799805
449.434875       765.7247924805
449.792023       643.8526611328
450.149170       689.8421020508
450.506195       791.0189819336
450.863220       731.2326660156
451.220184       703.6389770508
451.577118       678.3447875977
451.933990       701.3394775391
452.290894       717.4357910156
452.647736       623.1574096680
453.004456       682.9437255859
453.361237       703.6389770508
453.717926       705.9384155273
454.074585       722.0347900391
454.431244       646.1520996094
454.787811       710.5374145508
455.144379       710.5374145508
455.500824       708.2379150391
455.857300       646.1520996094
456.213715       777.2221069336
456.570099       623.1574096680
456.926483       742.7300415039
457.282745       669.1468505859
457.639038       673.7457885742
457.995209       676.0452880859
458.351440       623.1574096680
458.707550       662.2484130859
459.063660       669.1468505859
459.419769       754.2274169922
459.775757       607.0610961914
460.131744       731.2326660156
460.487671       804.8157958984
460.843597       678.3447875977
461.199493       765.7247924805
461.555267       735.8316040039
461.911072       763.4252929688
462.266785       747.3289794922
462.622498       740.4305419922
462.978119       758.8263549805
463.333771       731.2326660156
463.689392       722.0347900391
464.044891       689.8421020508
464.400421       712.8368530273
464.755859       731.2326660156
465.111298       678.3447875977
465.466675       745.0294799805
465.821991       710.5374145508
466.177338       689.8421020508
466.532562       685.2431640625
466.887817       715.1363525391
467.242981       664.5479125977
467.598114       710.5374145508
467.953247       728.9331665039
468.308289       728.9331665039
468.663330       657.6494750977
469.018280       653.0505371094
469.373230       701.3394775391
469.728119       676.0452880859
470.082977       689.8421020508
470.437836       728.9331665039
470.792572       685.2431640625
471.147339       687.5426635742
471.502014       689.8421020508
471.856720       680.6442260742
472.211273       696.7405395508
472.565918       655.3500366211
472.920471       708.2379150391
473.274933       708.2379150391
473.629395       650.7510986328
473.983795       779.5216064453
474.338165       728.9331665039
474.692505       699.0400390625
475.046814       747.3289794922
475.401123       696.7405395508
475.755280       712.8368530273
476.109497       705.9384155273
476.463593       738.1311035156
476.817688      1356.6895751953
477.171783       784.1205444336
477.525757       678.3447875977
477.879761       795.6179199219
478.233673       648.4515991211
478.587585       669.1468505859
478.941406       715.1363525391
479.295258       687.5426635742
479.649048       703.6389770508
480.002747       788.7194824219
480.356445       682.9437255859
480.710052       731.2326660156
481.063690       671.4463500977
481.417236       685.2431640625
481.770782       673.7457885742
482.124329       694.4411010742
482.477722       650.7510986328
482.831177       685.2431640625
483.184509       676.0452880859
483.537842       701.3394775391
483.891144       671.4463500977
484.244385       590.9647827148
484.597626       722.0347900391
484.950714       751.9279174805
485.303894       751.9279174805
485.656921       687.5426635742
486.010010       818.6126708984
486.363068       694.4411010742
486.715973       740.4305419922
487.068909       676.0452880859
487.421783       710.5374145508
487.774628       797.9174194336
488.127411       703.6389770508
488.480194       747.3289794922
488.832947       699.0400390625
489.185577       756.5268554688
489.538239       712.8368530273
489.890839       692.1416015625
490.243378       797.9174194336
490.595917       662.2484130859
490.948395       712.8368530273
491.300842       648.4515991211
491.653198       687.5426635742
492.005585       627.7563476563
492.357880       678.3447875977
492.710144       761.1257934570
493.062439       703.6389770508
493.414581       676.0452880859
493.766754       703.6389770508
494.118835       699.0400390625
494.470917       664.5479125977
494.822937       680.6442260742
495.174927       657.6494750977
495.526917       643.8526611328
495.878784       692.1416015625
496.230682       685.2431640625
496.582489       708.2379150391
496.934296       685.2431640625
497.285980       751.9279174805
497.637695       745.0294799805
497.989410       779.5216064453
498.340973       680.6442260742
498.692596       712.8368530273
499.044128       703.6389770508
499.395630       747.3289794922
499.747101       781.8211059570
500.098480       754.2274169922
500.449921       745.0294799805
500.801208       715.1363525391
501.152527       733.5321044922
501.503754       781.8211059570
501.854980       689.8421020508
502.206177       682.9437255859
502.557281       735.8316040039
502.908386       699.0400390625
503.259430       717.4357910156
503.610443       625.4568481445
503.961365       689.8421020508
504.312317       655.3500366211
504.663239       715.1363525391
505.014069       715.1363525391
505.364899       666.8474121094
505.715607       726.6337280273
506.066376       740.4305419922
506.417084       671.4463500977
506.767670       719.7352905273
507.118317       678.3447875977
507.468842       731.2326660156
507.819397       705.9384155273
508.169830       772.6231689453
508.520294       717.4357910156
508.870697       678.3447875977
509.221039       751.9279174805
509.571381       687.5426635742
509.921631       765.7247924805
510.271851       701.3394775391
510.622009       751.9279174805
510.972198       696.7405395508
511.322327       742.7300415039
511.672394       710.5374145508
512.022461       699.0400390625
512.372375       731.2326660156
512.722351       742.7300415039
513.072266       814.0137329102
513.422058       680.6442260742
513.771912       673.7457885742
514.121704       768.0242309570
514.471436       735.8316040039
514.821167       738.1311035156
515.170776       715.1363525391
515.520447       708.2379150391
515.869995       751.9279174805
516.219543       763.4252929688
516.569031       673.7457885742
516.918518       754.2274169922
517.267822       747.3289794922
517.617249       735.8316040039
517.966614       768.0242309570
518.315796       680.6442260742
518.665161       696.7405395508
519.014282       662.2484130859
519.363464       671.4463500977
519.712585       685.2431640625
520.061646       722.0347900391
520.410706       731.2326660156
520.759705       733.5321044922
521.108704       680.6442260742
521.457520       733.5321044922
521.806458       708.2379150391
522.155334       696.7405395508
522.504089       740.4305419922
522.852844       685.2431640625
523.201538       779.5216064453
523.550232       678.3447875977
523.898804       731.2326660156
524.247437       715.1363525391
524.596008       751.9279174805
524.944458       742.7300415039
525.292969       733.5321044922
525.641357       703.6389770508
525.989746       643.8526611328
526.338074       719.7352905273
526.686401       705.9384155273
527.034607       653.0505371094
527.382813       712.8368530273
527.731018       694.4411010742
528.079102       662.2484130859
528.427246       659.9489746094
528.775330       770.3237304688
529.123291       708.2379150391
529.471252       717.4357910156
529.819153       751.9279174805
530.167053       745.0294799805
530.514832       703.6389770508
530.862732       696.7405395508
531.210510       728.9331665039
531.558167       761.1257934570
531.905884       689.8421020508
532.253479       712.8368530273
532.601074       659.9489746094
532.948608       774.9226684570
533.296143       692.1416015625
533.643616       777.2221069336
533.991028       719.7352905273
534.338379       705.9384155273
534.685730       689.8421020508
535.033081       754.2274169922
535.380371       719.7352905273
535.727478       685.2431640625
536.074707       728.9331665039
536.421875       733.5321044922
536.768921       742.7300415039
537.115967       699.0400390625
537.463013       728.9331665039
537.809998       595.5637207031
538.156860       712.8368530273
538.503784       777.2221069336
538.850647       680.6442260742
539.197449       733.5321044922
539.544189       708.2379150391
539.890930       740.4305419922
540.237610       664.5479125977
540.584229       719.7352905273
540.930847       758.8263549805
541.277344       678.3447875977
541.623901       676.0452880859
541.970337       639.2537231445
542.316772       719.7352905273
542.663208       768.0242309570
543.009521       722.0347900391
543.355835       719.7352905273
543.702026       650.7510986328
544.048279       772.6231689453
544.394470       680.6442260742
544.740601       699.0400390625
545.086731       731.2326660156
545.432739       689.8421020508
545.778809       717.4357910156
546.124695       669.1468505859
546.470703       689.8421020508
546.816589       685.2431640625
547.162415       701.3394775391
547.508240       673.7457885742
547.853943       722.0347900391
548.199646       673.7457885742
548.545349       611.6600341797
548.890930       772.6231689453
549.236633       676.0452880859
549.582092       682.9437255859
549.927673       703.6389770508
550.273071       643.8526611328
550.618530       719.7352905273
550.963928       710.5374145508
551.309204       657.6494750977
551.654602       692.1416015625
551.999756       701.3394775391
552.345093       777.2221069336
552.690186       703.6389770508
553.035339       669.1468505859
553.380493       710.5374145508
553.725464       745.0294799805
554.070496       689.8421020508
554.415405       719.7352905273
554.760376       676.0452880859
555.105225       653.0505371094
555.450073       685.2431640625
555.794922       758.8263549805
556.139648       643.8526611328
556.484375       726.6337280273
556.828979       763.4252929688
557.173645       712.8368530273
557.518311       696.7405395508
557.862793       728.9331665039
558.207275       724.3342285156
558.551697       703.6389770508
558.896118       712.8368530273
559.240479       731.2326660156
559.584839       735.8316040039
559.929199       715.1363525391
560.273376       703.6389770508
560.617676       763.4252929688
560.961792       719.7352905273
561.305908       712.8368530273
561.649963       710.5374145508
561.994019       673.7457885742
562.338074       722.0347900391
562.682007       770.3237304688
563.025879       749.6284179688
563.369751       708.2379150391
563.713623       726.6337280273
564.057373       696.7405395508
564.401123       715.1363525391
564.744873       699.0400390625
565.088501       740.4305419922
565.432129       719.7352905273
565.775635       728.9331665039
566.119263       738.1311035156
566.462769       694.4411010742
566.806152       696.7405395508
567.149597       703.6389770508
567.492920       705.9384155273
567.836243       671.4463500977
568.179504       687.5426635742
568.522827       643.8526611328
568.866028       848.5057983398
569.209106       740.4305419922
569.552307       728.9331665039
569.895325       756.5268554688
570.238403       708.2379150391
570.581299       728.9331665039
570.924255       715.1363525391
571.267212       708.2379150391
571.609985       749.6284179688
571.952881       611.6600341797
572.295593       708.2379150391
572.638367       692.1416015625
572.981079       703.6389770508
573.323730       710.5374145508
573.666260       664.5479125977
574.008850       708.2379150391
574.351440       715.1363525391
574.693848       699.0400390625
575.036255       678.3447875977
575.378723       708.2379150391
575.721008       800.2168579102
576.063354       705.9384155273
576.405579       740.4305419922
576.747803       749.6284179688
577.090027       687.5426635742
577.432129       719.7352905273
577.774231       694.4411010742
578.116272       717.4357910156
578.458313       751.9279174805
578.800232       650.7510986328
579.142212       751.9279174805
579.484070       682.9437255859
579.825928       682.9437255859
580.167725       710.5374145508
580.509460       733.5321044922
580.851196       673.7457885742
581.192810       701.3394775391
581.534485       648.4515991211
581.876099       749.6284179688
582.217590       676.0452880859
582.559143       673.7457885742
582.900574       772.6231689453
583.242004       687.5426635742
583.583313       680.6442260742
583.924683       666.8474121094
584.265991       705.9384155273
584.607239       756.5268554688
584.948425       655.3500366211
585.289551       664.5479125977
585.630737       632.3552856445
585.971802       726.6337280273
586.312805       809.4147949219
586.653870       692.1416015625
586.994751       673.7457885742
587.335693       733.5321044922
587.676453       728.9331665039
588.017334       708.2379150391
588.358154       689.8421020508
588.698853       701.3394775391
589.039551       722.0347900391
589.380188       738.1311035156
589.720825       765.7247924805
590.061340       694.4411010742
590.401917       699.0400390625
590.742432       611.6600341797
591.082825       710.5374145508
591.423218       717.4357910156
591.763550       710.5374145508
592.103882       712.8368530273
592.444092       703.6389770508
592.784363       650.7510986328
593.124512       811.7142333984
593.464600       669.1468505859
593.804749       715.1363525391
594.144775       685.2431640625
594.484802       699.0400390625
594.824829       758.8263549805
595.164734       722.0347900391
595.504578       740.4305419922
595.844360       636.9542236328
596.184204       657.6494750977
596.523926       728.9331665039
596.863647       694.4411010742
597.203369       692.1416015625
597.542969       761.1257934570
597.882507       733.5321044922
598.222046       676.0452880859
598.561584       712.8368530273
598.901001       669.1468505859
599.240417       740.4305419922
599.579834       671.4463500977
599.919067       632.3552856445
600.258423       758.8263549805
600.597595       669.1468505859
600.936829       754.2274169922
601.276001       722.0347900391
601.615051       715.1363525391
601.954163       735.8316040039
602.293091       682.9437255859
602.632141       680.6442260742
602.971069       703.6389770508
603.309998       712.8368530273
603.648865       758.8263549805
603.987610       758.8263549805
604.326416       676.0452880859
604.665100       687.5426635742
605.003845       765.7247924805
605.342407       659.9489746094
605.680969       717.4357910156
606.019592       749.6284179688
606.358093       655.3500366211
606.696533       694.4411010742
607.034973       666.8474121094
607.373291       673.7457885742
607.711609       701.3394775391
608.049927       703.6389770508
608.388245       733.5321044922
608.726379       740.4305419922
609.064575       715.1363525391
609.402710       731.2326660156
609.740723       682.9437255859
610.078796       717.4357910156
610.416748       623.1574096680
610.754761       687.5426635742
611.092590       676.0452880859
611.430481       731.2326660156
611.768311       777.2221069336
612.106018       719.7352905273
612.443787       735.8316040039
612.781494       719.7352905273
613.119141       682.9437255859
613.456726       708.2379150391
613.794250       671.4463500977
614.131775       719.7352905273
614.469299       715.1363525391
614.806763       662.2484130859
615.144043       669.1468505859
615.481384       676.0452880859
615.818726       692.1416015625
616.156006       712.8368530273
616.493225       703.6389770508
616.830322       797.9174194336
617.167480       673.7457885742
617.504578       701.3394775391
617.841614       788.7194824219
618.178528       653.0505371094
618.515503       705.9384155273
618.852478       797.9174194336
619.189270       648.4515991211
619.526184       636.9542236328
619.862854       756.5268554688
620.199646       666.8474121094
620.536316       742.7300415039
620.872986       717.4357910156
621.209595       616.2589721680
621.546143       710.5374145508
621.882629       701.3394775391
622.219116       708.2379150391
622.555542       701.3394775391
622.892029       724.3342285156
623.228333       694.4411010742
623.564636       779.5216064453
623.900818       636.9542236328
624.237061       696.7405395508
624.573242       719.7352905273
624.909363       774.9226684570
625.245483       705.9384155273
625.581482       749.6284179688
625.917480       738.1311035156
626.253418       666.8474121094
626.589355       655.3500366211
626.925171       682.9437255859
627.261047       738.1311035156
627.596863       607.0610961914
627.932556       724.3342285156
628.268250       735.8316040039
628.603882       623.1574096680
628.939514       620.8579101563
629.275024       666.8474121094
629.610596       666.8474121094
629.946045       648.4515991211
630.281494       694.4411010742
630.616882       751.9279174805
630.952209       682.9437255859
631.287537       694.4411010742
631.622803       733.5321044922
631.958008       650.7510986328
632.293213       699.0400390625
632.628296       673.7457885742
632.963379       673.7457885742
633.298401       719.7352905273
633.633423       797.9174194336
633.968384       678.3447875977
634.303284       715.1363525391
634.638123       701.3394775391
634.972900       722.0347900391
635.307739       772.6231689453
635.642456       616.2589721680
635.977112       655.3500366211
636.311829       765.7247924805
636.646362       749.6284179688
636.980957       740.4305419922
637.315430       680.6442260742
637.649963       692.1416015625
637.984436       710.5374145508
638.318726       680.6442260742
638.653137       699.0400390625
638.987366       756.5268554688
639.321655       712.8368530273
639.655823       784.1205444336
639.990051       694.4411010742
640.324158       788.7194824219
640.658203       689.8421020508
640.992249       694.4411010742
641.326172       627.7563476563
641.660156       692.1416015625
641.994019       699.0400390625
642.327942       689.8421020508
642.661804       724.3342285156
642.995483       703.6389770508
643.329224       699.0400390625
643.662964       673.7457885742
643.996582       634.6547851563
644.330200       643.8526611328
644.663696       676.0452880859
644.997253       733.5321044922
645.330688       687.5426635742
645.664124       689.8421020508
645.997437       733.5321044922
646.330811       756.5268554688
646.664124       710.5374145508
646.997375       692.1416015625
647.330566       749.6284179688
647.663696       685.2431640625
647.996826       770.3237304688
648.329895       669.1468505859
648.662903       710.5374145508
648.995911       701.3394775391
649.328796       712.8368530273
649.661682       758.8263549805
649.994568       705.9384155273
650.327393       738.1311035156
650.660095       758.8263549805
650.992859       726.6337280273
651.325500       694.4411010742
651.658142       740.4305419922
651.990723       710.5374145508
652.323242       685.2431640625
652.655762       738.1311035156
652.988220       717.4357910156
653.320618       641.5531616211
653.652954       719.7352905273
653.985291       818.6126708984
654.317566       680.6442260742
654.649780       717.4357910156
654.981995       692.1416015625
655.314148       685.2431640625
655.646240       696.7405395508
655.978271       669.1468505859
656.310303       758.8263549805
656.642273       726.6337280273
656.974182       689.8421020508
657.306091       655.3500366211
657.637939       749.6284179688
657.969666       664.5479125977
658.301453       659.9489746094
658.633179       747.3289794922
658.964844       756.5268554688
659.296448       699.0400390625
659.627991       791.0189819336
659.959534       715.1363525391
660.291016       699.0400390625
660.622437       728.9331665039
660.953796       669.1468505859
661.285156       673.7457885742
661.616516       804.8157958984
661.947754       754.2274169922
662.278931       717.4357910156
662.610107       699.0400390625
662.941284       680.6442260742
663.272339       696.7405395508
663.603394       712.8368530273
663.934387       712.8368530273
664.265320       772.6231689453
664.596252       763.4252929688
664.927063       724.3342285156
665.257935       682.9437255859
665.588684       662.2484130859
665.919434       710.5374145508
666.250061       705.9384155273
666.580688       751.9279174805
666.911316       724.3342285156
667.241821       687.5426635742
667.572327       754.2274169922
667.902832       671.4463500977
668.233276       719.7352905273
668.563660       712.8368530273
668.893982       708.2379150391
669.224243       636.9542236328
669.554504       701.3394775391
669.884705       680.6442260742
670.214844       655.3500366211
670.544922       694.4411010742
670.875000       685.2431640625
671.205078       699.0400390625
671.534973       738.1311035156
671.864929       705.9384155273
672.194824       712.8368530273
672.524658       653.0505371094
672.854431       726.6337280273
673.184204       671.4463500977
673.513916       701.3394775391
673.843567       745.0294799805
674.173218       664.5479125977
674.502747       715.1363525391
674.832275       772.6231689453
675.161804       685.2431640625
675.491211       664.5479125977
675.820679       696.7405395508
676.149963       657.6494750977
676.479248       708.2379150391
676.808533       694.4411010742
677.137756       710.5374145508
677.466919       795.6179199219
677.796021       657.6494750977
678.125122       701.3394775391
678.454163       694.4411010742
678.783142       715.1363525391
679.112122       699.0400390625
679.440979       724.3342285156
679.769897       751.9279174805
680.098694       712.8368530273
680.427490       710.5374145508
680.756165       715.1363525391
681.084900      1508.4548339844
681.413513       728.9331665039
681.742065       717.4357910156
682.070679       692.1416015625
682.399170       673.7457885742
682.727600       738.1311035156
683.056030       738.1311035156
683.384399       682.9437255859
683.712708       761.1257934570
684.040955       696.7405395508
684.369263       703.6389770508
684.697388       705.9384155273
685.025574       747.3289794922
685.353638       738.1311035156
685.681702       726.6337280273
686.009766       717.4357910156
686.337708       682.9437255859
686.665588       705.9384155273
686.993469       774.9226684570
687.321289       699.0400390625
687.649048       726.6337280273
687.976807       731.2326660156
688.304565       687.5426635742
688.632141       717.4357910156
688.959839       696.7405395508
689.287354       687.5426635742
689.614868       724.3342285156
689.942383       666.8474121094
690.269775       728.9331665039
690.597168       634.6547851563
690.924500       715.1363525391
691.251770       731.2326660156
691.578979       696.7405395508
691.906250       708.2379150391
692.233398       673.7457885742
692.560486       705.9384155273
692.887573       722.0347900391
693.214539       705.9384155273
693.541565       655.3500366211
693.868469       687.5426635742
694.195374       722.0347900391
694.522217       699.0400390625
694.849060       689.8421020508
695.175781       666.8474121094
695.502441       710.5374145508
695.829163       742.7300415039
696.155823       692.1416015625
696.482300       701.3394775391
696.808899       738.1311035156
697.135315       673.7457885742
697.461792       694.4411010742
697.788147       696.7405395508
698.114563       731.2326660156
698.440857       712.8368530273
698.767029       740.4305419922
699.093323       708.2379150391
699.419495       758.8263549805
699.745605       692.1416015625
700.071655       740.4305419922
700.397705       699.0400390625
700.723694       687.5426635742
701.049622       811.7142333984
701.375549       726.6337280273
701.701355       715.1363525391
702.027222       717.4357910156
702.352905       765.7247924805
702.678711       678.3447875977
703.004395       756.5268554688
703.329956       646.1520996094
703.655579       715.1363525391
703.981018       613.9594726563
704.306580       742.7300415039
704.632080       692.1416015625
704.957397       715.1363525391
705.282776       738.1311035156
705.608093       680.6442260742
705.933350       648.4515991211
706.258545       751.9279174805
706.583740       712.8368530273
706.908875       671.4463500977
707.233948       703.6389770508
707.559021       685.2431640625
707.883972       664.5479125977
708.208984       712.8368530273
708.533813       701.3394775391
708.858704       705.9384155273
709.183533       717.4357910156
709.508240       733.5321044922
709.833008       726.6337280273
710.157654       636.9542236328
710.482300       705.9384155273
710.806885       687.5426635742
711.131409       728.9331665039
711.455933       731.2326660156
711.780334       708.2379150391
712.104797       705.9384155273
712.429138       662.2484130859
712.753479       779.5216064453
713.077759       666.8474121094
713.401917       703.6389770508
713.726135       724.3342285156
714.050232       719.7352905273
714.374329       696.7405395508
714.698364       726.6337280273
715.022339       708.2379150391
715.346313       735.8316040039
715.670166       740.4305419922
715.994080       731.2326660156
716.317871       703.6389770508
716.641663       728.9331665039
716.965393       676.0452880859
717.289001       749.6284179688
717.612732       717.4357910156
717.936279       745.0294799805
718.259827       659.9489746094
718.583313       699.0400390625
718.906738       703.6389770508
719.230225       717.4357910156
719.553528       756.5268554688
719.876892       733.5321044922
720.200134       712.8368530273
720.523315       726.6337280273
720.846497       742.7300415039
721.169617       669.1468505859
721.492737       703.6389770508
721.815735       678.3447875977
722.138733       742.7300415039
722.461670       662.2484130859
722.784607       761.1257934570
723.107544       751.9279174805
723.430298       664.5479125977
723.753113       655.3500366211
724.075745       694.4411010742
724.398438       696.7405395508
724.721008       692.1416015625
725.043640       646.1520996094
725.366211       657.6494750977
725.688660       705.9384155273
726.011169       692.1416015625
726.333496       708.2379150391
726.655884       705.9384155273
726.978149       696.7405395508
727.300476       682.9437255859
727.622681       728.9331665039
727.944824       715.1363525391
728.266968       634.6547851563
728.589050       712.8368530273
728.911133       705.9384155273
729.233032       650.7510986328
729.554993       632.3552856445
729.876953       726.6337280273
730.198792       722.0347900391
730.520569       715.1363525391
730.842346       676.0452880859
731.164063       715.1363525391
731.485718       705.9384155273
731.807373       726.6337280273
732.128967       705.9384155273
732.450439       724.3342285156
732.771973       685.2431640625
733.093323       722.0347900391
733.414795       676.0452880859
733.736145       754.2274169922
734.057373       694.4411010742
734.378662       659.9489746094
734.699890       666.8474121094
735.021057       630.0557861328
735.342163       673.7457885742
735.663269       696.7405395508
735.984314       712.8368530273
736.305237       648.4515991211
736.626160       726.6337280273
736.947083       696.7405395508
737.267883       719.7352905273
737.588745       710.5374145508
737.909485       777.2221069336
738.230225       692.1416015625
738.550781       604.7615966797
738.871460       696.7405395508
739.192017       712.8368530273
739.512573       719.7352905273
739.833069       703.6389770508
740.153442       758.8263549805
740.473877       687.5426635742
740.794128       682.9437255859
741.114441       738.1311035156
741.434692       676.0452880859
741.754883       671.4463500977
742.075073       742.7300415039
742.395142       800.2168579102
742.715210       724.3342285156
743.035217       781.8211059570
743.355225       699.0400390625
743.675049       740.4305419922
743.994995       694.4411010742
744.314880       708.2379150391
744.634583       722.0347900391
744.954407       703.6389770508
745.273987       682.9437255859
745.593689       735.8316040039
745.913330       726.6337280273
746.232849       742.7300415039
746.552368       763.4252929688
746.871826       673.7457885742
747.191223       676.0452880859
747.510559       724.3342285156
747.829956       685.2431640625
748.149231       754.2274169922
748.468384       666.8474121094
748.787659       701.3394775391
749.106750       733.5321044922
749.425842       756.5268554688
749.744873       749.6284179688
750.063904       701.3394775391
750.382874       724.3342285156
750.701721       655.3500366211
751.020630       703.6389770508
751.339417       722.0347900391
751.658203       719.7352905273
751.976990       673.7457885742
752.295593       701.3394775391
752.614258       722.0347900391
752.932800       676.0452880859
753.251404       724.3342285156
753.569824       722.0347900391
753.888306       705.9384155273
754.206726       788.7194824219
754.525024       740.4305419922
754.843323       758.8263549805
755.161621       682.9437255859
755.479797       749.6284179688
755.797974       678.3447875977
756.116089       694.4411010742
756.434204       765.7247924805
756.752197       699.0400390625
757.070190       788.7194824219
757.388123       715.1363525391
757.705994       733.5321044922
758.023865       731.2326660156
758.341675       745.0294799805
758.659363       717.4357910156
758.977112       678.3447875977
759.294739       662.2484130859
759.612305       717.4357910156
759.929932       657.6494750977
760.247498       699.0400390625
760.564880       678.3447875977
760.882385       701.3394775391
761.199707       733.5321044922
761.517090       657.6494750977
761.834290       722.0347900391
762.151611       701.3394775391
762.468811       705.9384155273
762.785889       774.9226684570
763.103027       726.6337280273
763.420044       745.0294799805
763.737061       676.0452880859
764.054077       625.4568481445
764.370972       694.4411010742
764.687805       627.7563476563
765.004639       703.6389770508
765.321411       724.3342285156
765.638123       719.7352905273
765.954834       676.0452880859
766.271484       726.6337280273
766.588074       724.3342285156
766.904602       712.8368530273
767.221069       712.8368530273
767.537537       751.9279174805
767.853882       664.5479125977
768.170288       745.0294799805
768.486572       666.8474121094
768.802856       699.0400390625
769.119080       733.5321044922
769.435181       735.8316040039
769.751343       687.5426635742
770.067322       754.2274169922
770.383423       788.7194824219
770.699402       708.2379150391
771.015320       731.2326660156
771.331238       715.1363525391
771.647095       687.5426635742
771.962891       728.9331665039
772.278625       678.3447875977
772.594299       712.8368530273
772.909973       678.3447875977
773.225586       680.6442260742
773.541138       719.7352905273
773.856567       630.0557861328
774.172119       650.7510986328
774.487549       682.9437255859
774.802856       655.3500366211
775.118286       712.8368530273
775.433472       673.7457885742
775.748718       653.0505371094
776.063904       650.7510986328
776.379028       726.6337280273
776.694153       671.4463500977
777.009155       719.7352905273
777.324158       717.4357910156
777.639099       751.9279174805
777.954041       687.5426635742
778.268921       731.2326660156
778.583740       733.5321044922
778.898499       666.8474121094
779.213196       742.7300415039
779.527832       671.4463500977
779.842468       772.6231689453
780.157043       685.2431640625
780.471619       655.3500366211
780.786072       735.8316040039
781.100525       745.0294799805
781.414856       682.9437255859
781.729248       701.3394775391
782.043457       745.0294799805
782.357788       751.9279174805
782.671997       696.7405395508
782.986084       682.9437255859
783.300293       673.7457885742
783.614258       728.9331665039
783.928345       703.6389770508
784.242249       699.0400390625
784.556213       673.7457885742
784.870117       696.7405395508
785.183899       671.4463500977
785.497681       747.3289794922
785.811340       708.2379150391
786.125061       689.8421020508
786.438721       696.7405395508
786.752258       669.1468505859
787.065857       669.1468505859
787.379333       699.0400390625
787.692810       710.5374145508
788.006165       699.0400390625
788.319519       731.2326660156
788.632874       696.7405395508
788.946106       611.6600341797
789.259338       710.5374145508
789.572449       717.4357910156
789.885559       751.9279174805
790.198608       701.3394775391
790.511719       722.0347900391
790.824707       687.5426635742
791.137573       687.5426635742
791.450500       676.0452880859
791.763306       664.5479125977
792.076111       772.6231689453
792.388855       710.5374145508
792.701538       763.4252929688
793.014221       694.4411010742
793.326782       728.9331665039
793.639343       710.5374145508
793.951843       659.9489746094
794.264282       726.6337280273
794.576721       671.4463500977
794.889099       740.4305419922
795.201416       687.5426635742
795.513611       719.7352905273
795.825867       738.1311035156
796.138000       680.6442260742
796.450195       710.5374145508
796.762268       701.3394775391
797.074280       731.2326660156
797.386292       749.6284179688
797.698181       722.0347900391
798.010071       742.7300415039
798.321960       664.5479125977
798.633728       699.0400390625
798.945496       731.2326660156
799.257202       701.3394775391
799.568787       724.3342285156
799.880432       724.3342285156
800.192017       703.6389770508
800.503540       728.9331665039
800.815002       694.4411010742
801.126404       733.5321044922
801.437744       726.6337280273
801.749084       712.8368530273
802.060364       733.5321044922
802.371582       728.9331665039
802.682800       708.2379150391
802.993835       680.6442260742
803.304993       719.7352905273
803.615967       735.8316040039
803.927002       726.6337280273
804.237976       735.8316040039
804.548828       722.0347900391
804.859741       763.4252929688
805.170471       747.3289794922
805.481201       682.9437255859
805.791931       659.9489746094
806.102600       740.4305419922
806.413208       745.0294799805
806.723755       676.0452880859
807.034241       747.3289794922
807.344727       692.1416015625
807.655151       728.9331665039
807.965515       708.2379150391
808.275879       685.2431640625
808.586182       676.0452880859
808.896362       664.5479125977
809.206604       666.8474121094
809.516663       703.6389770508
809.826782       659.9489746094
810.136780       687.5426635742
810.446777       703.6389770508
810.756775       696.7405395508
811.066650       786.4200439453
811.376465       694.4411010742
811.686279       678.3447875977
811.996033       719.7352905273
812.305786       671.4463500977
812.615417       756.5268554688
812.924988       701.3394775391
813.234558       728.9331665039
813.544128       696.7405395508
813.853516       719.7352905273
814.162964       699.0400390625
814.472351       791.0189819336
814.781616       719.7352905273
815.090942       731.2326660156
815.400146       735.8316040039
815.709351       756.5268554688
816.018433       738.1311035156
816.327515       740.4305419922
816.636597       715.1363525391
816.945557       742.7300415039
817.254578       696.7405395508
817.563416       676.0452880859
817.872253       733.5321044922
818.181091       666.8474121094
818.489807       685.2431640625
818.798523       687.5426635742
819.107178       724.3342285156
819.415833       689.8421020508
819.724365       694.4411010742
820.032837       728.9331665039
820.341370       768.0242309570
820.649719       735.8316040039
820.958130       715.1363525391
821.266357       717.4357910156
821.574707       722.0347900391
821.882874       669.1468505859
822.191040       768.0242309570
822.499207       791.0189819336
822.807251       726.6337280273
823.115356       758.8263549805
823.423279       676.0452880859
823.731262       765.7247924805
824.039124       733.5321044922
824.346985       733.5321044922
824.654846       724.3342285156
824.962524       715.1363525391
825.270264       717.4357910156
825.577820       701.3394775391
825.885437       728.9331665039
826.193054       680.6442260742
826.500488       694.4411010742
826.807983       689.8421020508
827.115356       655.3500366211
827.422729       747.3289794922
827.729980       687.5426635742
828.037292       772.6231689453
828.344543       747.3289794922
828.651733       659.9489746094
828.958862       680.6442260742
829.265869       740.4305419922
829.572937       772.6231689453
829.879883       666.8474121094
830.186829       623.1574096680
830.493713       643.8526611328
830.800537       696.7405395508
831.107361       765.7247924805
831.414063       682.9437255859
831.720764       731.2326660156
832.027405       662.2484130859
832.333984       685.2431640625
832.640564       710.5374145508
832.947021       722.0347900391
833.253479       722.0347900391
833.559814       719.7352905273
833.866211       685.2431640625
834.172546       701.3394775391
834.478760       701.3394775391
834.784973       694.4411010742
835.091125       733.5321044922
835.397278       735.8316040039
835.703247       717.4357910156
836.009277       703.6389770508
836.315247       738.1311035156
836.621155       770.3237304688
836.927063       685.2431640625
837.232849       772.6231689453
837.538635       678.3447875977
837.844421       680.6442260742
838.150085       653.0505371094
838.455688       731.2326660156
838.761292       765.7247924805
839.066833       701.3394775391
839.372253       738.1311035156
839.677734       715.1363525391
839.983093       705.9384155273
840.288391       717.4357910156
840.593689       657.6494750977
840.898926       616.2589721680
841.204102       701.3394775391
841.509277       703.6389770508
841.814392       705.9384155273
842.119446       733.5321044922
842.424438       682.9437255859
842.729370       749.6284179688
843.034241       705.9384155273
843.339111       676.0452880859
843.643982       733.5321044922
843.948669       735.8316040039
844.253479       719.7352905273
844.558105       682.9437255859
844.862671       662.2484130859
845.167236       687.5426635742
845.471741       655.3500366211
845.776245       722.0347900391
846.080627       703.6389770508
846.385071       765.7247924805
846.689331       710.5374145508
846.993591       657.6494750977
847.297791       728.9331665039
847.601990       754.2274169922
847.906128       712.8368530273
848.210205       655.3500366211
848.514282       745.0294799805
848.818237       701.3394775391
849.122131       765.7247924805
849.426025       648.4515991211
849.729919       676.0452880859
850.033691       722.0347900391
850.337402       726.6337280273
850.641113       694.4411010742
850.944702       648.4515991211
851.248352       710.5374145508
851.551941       758.8263549805
851.855347       671.4463500977
852.158813       678.3447875977
852.462219       648.4515991211
852.765564       728.9331665039
853.068848       687.5426635742
853.372070       786.4200439453
853.675354       703.6389770508
853.978455       666.8474121094
854.281555       662.2484130859
854.584656       717.4357910156
854.887634       708.2379150391
855.190552       749.6284179688
855.493530       680.6442260742
855.796387       701.3394775391
856.099182       715.1363525391
856.401978       728.9331665039
856.704651       731.2326660156
857.007324       680.6442260742
857.309998       710.5374145508
857.612549       731.2326660156
857.915100       724.3342285156
858.217529       689.8421020508
858.519958       657.6494750977
858.822266       696.7405395508
859.124634       722.0347900391
859.426941       685.2431640625
859.729187       715.1363525391
860.031372       701.3394775391
860.333435       678.3447875977
860.635559       653.0505371094
860.937622       701.3394775391
861.239563       646.1520996094
861.541504       655.3500366211
861.843384       726.6337280273
862.145264       717.4357910156
862.446960       682.9437255859
862.748779       682.9437255859
863.050476       777.2221069336
863.352051       740.4305419922
863.653748       742.7300415039
863.955200       699.0400390625
864.256714       722.0347900391
864.558167       687.5426635742
864.859619       742.7300415039
865.160950       740.4305419922
865.462219       708.2379150391
865.763489       740.4305419922
866.064697       685.2431640625
866.365845       699.0400390625
866.666931       653.0505371094
866.967957       742.7300415039
867.269043       710.5374145508
867.570007       710.5374145508
867.870911       701.3394775391
868.171692       719.7352905273
868.472595       671.4463500977
868.773254       692.1416015625
869.074036       745.0294799805
869.374695       712.8368530273
869.675293       710.5374145508
869.975891       689.8421020508
870.276367       754.2274169922
870.576843       659.9489746094
870.877319       701.3394775391
871.177612       694.4411010742
871.477966       717.4357910156
871.778198       745.0294799805
872.078491       671.4463500977
872.378601       788.7194824219
872.678711       692.1416015625
872.978882       687.5426635742
873.278870       703.6389770508
873.578857       705.9384155273
873.878784       758.8263549805
874.178650       643.8526611328
874.478394       715.1363525391
874.778259       703.6389770508
875.078003       646.1520996094
875.377625       659.9489746094
875.677307       728.9331665039
875.976868       795.6179199219
876.276428       745.0294799805
876.575928       694.4411010742
876.875366       708.2379150391
877.174744       754.2274169922
877.474060       761.1257934570
877.773376       784.1205444336
878.072571       763.4252929688
878.371826       717.4357910156
878.670959       685.2431640625
878.970032       758.8263549805
879.269043       738.1311035156
879.567993       666.8474121094
879.867004       747.3289794922
880.165894       715.1363525391
880.464722       728.9331665039
880.763550       756.5268554688
881.062256       747.3289794922
881.361023       745.0294799805
881.659607       703.6389770508
881.958252       694.4411010742
882.256836       685.2431640625
882.555298       728.9331665039
882.853760       696.7405395508
883.152100       724.3342285156
883.450500       772.6231689453
883.748779       738.1311035156
884.047058       703.6389770508
884.345276       680.6442260742
884.643372       703.6389770508
884.941528       696.7405395508
885.239502       689.8421020508
885.537598       696.7405395508
885.835510       696.7405395508
886.133423       678.3447875977
886.431335       696.7405395508
886.729065       696.7405395508
887.026855       669.1468505859
887.324524       745.0294799805
887.622253       705.9384155273
887.919800       703.6389770508
888.217407       740.4305419922
888.514954       655.3500366211
888.812317       705.9384155273
889.109802       671.4463500977
889.407166       715.1363525391
889.704407       712.8368530273
890.001770       705.9384155273
890.298889       754.2274169922
890.596130       715.1363525391
890.893188       687.5426635742
891.190308       738.1311035156
891.487244       761.1257934570
