1.000000
190.544205         0.0000000000
190.924866         0.0000000000
191.305481      1014.2321166992
191.686081      1078.8754882813
192.066635      1096.7081298828
192.447174       976.3377685547
192.827667      1983.8826904297
193.208130      1480.1102294922
193.588577      2075.2749023438
193.968964      1518.0046386719
194.349350      1749.8291015625
194.729691      1838.9923095703
195.110001      1598.2515869141
195.490295      1651.7495117188
195.870529      1366.4270019531
196.250763      1526.9208984375
196.630936      1781.0362548828
197.011093      1928.1556396484
197.391220      1533.6081542969
197.771301      1502.4010009766
198.151367      1455.5903320313
198.531403      1542.5245361328
198.911407      1538.0662841797
199.291382      1689.6439208984
199.671295      1925.9265136719
200.051208      2478.7387695313
200.431076      4632.0317382813
200.810928      4937.4160156250
201.190735      4538.4101562500
201.570511      4716.7368164063
201.950272      4745.7148437500
202.329971      4803.6708984375
202.709671      4656.5517578125
203.089310      4857.1689453125
203.468933      4701.1333007813
203.848541      4484.9121093750
204.228073      4607.5117187500
204.607620      4750.1728515625
204.987106      4585.2207031250
205.366577      4730.1113281250
205.746017      4482.6831054688
206.125412      4743.4858398438
206.504776      4810.3583984375
206.884125      5381.0029296875
207.263428      4589.6791992188
207.642700      4946.3320312500
208.021942      4941.8740234375
208.401169      4765.7763671875
208.780334      5066.7026367188
209.159485      4941.8740234375
209.538605      4732.3403320313
209.917694      4772.4638671875
210.296753      5191.5312500000
210.675766      5057.7861328125
211.054764      5276.2363281250
211.433716      4888.3759765625
211.812637      5182.6147460938
212.191544      5051.0991210938
212.570404      4912.8959960938
212.949249      5117.9711914063
213.328033      5109.0551757813
213.706802      4857.1689453125
214.085556      4736.7983398438
214.464249      4910.6669921875
214.842926      4964.1645507813
215.221558      5135.8041992188
215.600174      4892.8339843750
215.978760      5160.3242187500
216.357300      5075.6186523438
216.735825      5019.8916015625
217.114288      5202.6767578125
217.492737      5051.0991210938
217.871185      5220.5092773438
218.249557      5229.4252929688
218.627914      5258.4038085938
219.006226      5013.2045898438
219.384521      5195.9892578125
219.762772      5088.9931640625
220.141006      4995.3720703125
220.519196      4944.1030273438
220.897354      5387.6904296875
221.275497      5019.8916015625
221.653580      4901.7504882813
222.031662      5046.6406250000
222.409698      5037.7246093750
222.787704      5033.2661132813
223.165680      5044.4116210938
223.543610      4999.8300781250
223.921524      5039.9536132813
224.299393      5102.3676757813
224.677231      5287.3818359375
225.055054      5057.7861328125
225.432816      5485.7700195313
225.810577      5084.5351562500
226.188278      5202.6767578125
226.565979      4961.9355468750
226.943634      5311.9013671875
227.321243      5075.6186523438
227.698837      5782.2377929688
228.076385      5871.4008789063
228.453903      5236.1127929688
228.831406      5227.1962890625
229.208847      5588.3076171875
229.586288      5008.7465820313
229.963669      5608.3691406250
230.341034      5088.9931640625
230.718369      5465.7080078125
231.095657      5289.6108398438
231.472916      5289.6108398438
231.850143      5610.5986328125
232.227356      5274.0073242188
232.604523      5278.4653320313
232.981659      5238.3417968750
233.358749      5423.3554687500
233.735825      5233.8837890625
234.112869      5140.2622070313
234.489868      5356.4833984375
234.866852      5349.7958984375
235.243790      5008.7465820313
235.620697      5323.0468750000
235.997589      5184.8437500000
236.374405      5325.2758789063
236.751221      5175.9277343750
237.128006      5287.3818359375
237.504745      5407.7519531250
237.881470      5427.8139648438
238.258133      5407.7519531250
238.634796      5479.0825195313
239.011414      5659.6381835938
239.388000      5588.3076171875
239.764557      5184.8437500000
240.141068      5568.2460937500
240.517563      5445.6464843750
240.893997      5612.8276367188
241.270432      5965.0224609375
241.646835      5594.9951171875
242.023178      5387.6904296875
242.399506      5307.4433593750
242.775787      5730.9687500000
243.152054      5445.6464843750
243.528290      5554.8715820313
243.904465      5780.0087890625
244.280640      5505.8315429688
244.656754      5530.3515625000
245.032852      5577.1621093750
245.408936      5492.4570312500
245.784943      5559.3295898438
246.160950      5525.8935546875
246.536911      5900.3789062500
246.912842      5632.8891601563
247.288757      5456.7919921875
247.664612      5510.2895507813
248.040451      5566.0166015625
248.416229      5523.6640625000
248.792023      5764.4052734375
249.167755      5525.8935546875
249.543457      5354.2539062500
249.919113      5802.2993164063
250.294754      5862.4848632813
250.670364      5915.9824218750
251.045944      5806.7578125000
251.421478      5824.5903320313
251.796982      6076.4765625000
252.172440      5710.9072265625
252.547897      5668.5546875000
252.923294      5949.4189453125
253.298676      6190.1596679688
253.673996      6022.9785156250
254.049316      6040.8110351563
254.424606      5724.2817382813
254.799850      5967.2514648438
255.175064      6078.7055664063
255.550217      5802.2993164063
255.925369      5661.8671875000
256.300476      5942.7314453125
256.675537      5606.1401367188
257.050598      5875.8593750000
257.425598      5996.2294921875
257.800598      6453.1914062500
258.175537      5893.6918945313
258.550446      5791.1542968750
258.925354      5690.8452148438
259.300171      6123.2871093750
259.674988      6301.6137695313
260.049774      5837.9648437500
260.424500      6138.8906250000
260.799225      5940.5024414063
261.173889      5737.6562500000
261.548553      5878.0883789063
261.923187      6016.2915039063
262.297760      6428.6713867188
262.672302      6593.6235351563
263.046814      6074.2475585938
263.421326      5858.0263671875
263.795776      6025.2075195313
264.170135      6105.4545898438
264.544525      5953.8769531250
264.918915      6036.3530273438
265.293243      6562.4165039063
265.667511      6250.3447265625
266.041748      5967.2514648438
266.415955      6292.6972656250
266.790161      6016.2915039063
267.164307      6314.9882812500
267.538422      6199.0761718750
267.912476      6364.0278320313
268.286530      6078.7055664063
268.660583      6471.0239257813
269.034546      6179.0141601563
269.408508      6903.4658203125
269.782440      6555.7290039063
270.156311      6502.2309570313
270.530151      6301.6137695313
270.903992      6136.6616210938
271.277710      6611.4560546875
271.651489      6343.9663085938
272.025208      6838.8222656250
272.398895      6299.3847656250
272.772552      6165.6396484375
273.146179      6424.2133789063
273.519745      6780.8662109375
273.893280      6533.4384765625
274.266815      6210.2211914063
274.640289      6417.5258789063
275.013733      6500.0019531250
275.387146      6366.2573242188
275.760529      6580.2490234375
276.133881      6760.8046875000
276.507202      6905.6948242188
276.880463      6564.6455078125
277.253723      7032.7524414063
277.626923      6631.5180664063
278.000122      6852.1967773438
278.373260      6491.0859375000
278.746338      6564.6455078125
279.119446      6649.3505859375
279.492493      6747.4301757813
279.865509      6736.2846679688
280.238495      6798.6987304688
280.611450      6765.2626953125
280.984314      7028.2944335938
281.357208      6896.7788085938
281.730072      6698.3901367188
282.102875      6827.6772460938
282.475647      7081.7924804688
282.848358      6874.4877929688
283.221069      6794.2407226563
283.593750      6916.8403320313
283.966400      7251.2026367188
284.339020      7231.1406250000
284.711548      6952.5053710938
285.084106      6930.2148437500
285.456635      7052.8144531250
285.829071      7148.6645507813
286.201508      7135.2905273438
286.573914      6854.4257812500
286.946320      7101.8540039063
287.318634      6943.5893554688
287.690948      7518.6923828125
288.063202      7309.1586914063
288.435425      7059.5014648438
288.807648      7133.0610351563
289.179810      7344.8237304688
289.551941      7353.7402343750
289.924011      7335.9077148438
290.296112      7311.3876953125
290.668121      7485.2563476563
291.040161      7141.9775390625
291.412109      7284.6386718750
291.783997      7525.3793945313
292.155914      7389.4057617188
292.527771      7442.9038085938
292.899597      7260.1186523438
293.271393      7320.3041992188
293.643127      7518.6923828125
294.014862      7525.3793945313
294.386566      7721.5385742188
294.758240      7396.0927734375
295.129852      8058.1298828125
295.501404      7826.3056640625
295.872955      7982.3413085938
296.244507      8035.8393554688
296.615997      7986.7993164063
296.987427      7968.9667968750
297.358826      7752.7460937500
297.730225      8338.9941406250
298.101593      8160.6679687500
298.472900      8622.0878906250
298.844177      8470.5097656250
299.215393      8343.4521484375
299.586609      8579.7353515625
299.957794      8940.8466796875
300.328918      8996.5732421875
300.700043     10169.0703125000
301.071136      9315.3320312500
301.442169      9992.9726562500
301.813171     10490.0585937500
302.184174     10993.8310546875
302.555115     11724.9697265625
302.925995     12092.7675781250
303.296844     13773.4951171875
303.667694     15028.4687500000
304.038483     16118.4892578125
304.409271     16301.2744140625
304.779968     17522.8105468750
305.150696     19014.0664062500
305.521362     20567.7363281250
305.891968     22235.0898437500
306.262543     22921.6464843750
306.633118     23376.3789062500
307.003632     25333.5136718750
307.374146     27765.4414062500
307.744598     30643.1855468750
308.114990     33507.5546875000
308.485413     34949.7695312500
308.855743     36715.2031250000
309.226074     37724.9765625000
309.596375     37727.2070312500
309.966614     38362.4960937500
310.336792     40952.6875000000
310.707001     45834.3750000000
311.077148     50738.3554687500
311.447235     53937.0898437500
311.817322     55490.7578125000
312.187347     55869.7031250000
312.557373     56219.6679687500
312.927368     57374.3320312500
313.297302     58769.7382812500
313.667175     59523.1679687500
314.037048     60898.5117187500
314.406891     61589.5273437500
314.776642     61930.5742187500
315.146423     62853.4140625000
315.516144     63205.6093750000
315.885864     63430.7460937500
316.255524     63114.2187500000
316.625153     63417.3710937500
316.994751     65149.3671875000
317.364288     65535.0000000000
317.733795     65535.0000000000
318.103302     65535.0000000000
318.472717     65535.0000000000
318.842133     65535.0000000000
319.211517     65535.0000000000
319.580872     65535.0000000000
319.950195     65535.0000000000
320.319489     65535.0000000000
320.688751     65535.0000000000
321.057922     65535.0000000000
321.427094     65535.0000000000
321.796234     65535.0000000000
322.165344     65535.0000000000
322.534393     65535.0000000000
322.903412     65535.0000000000
323.272430     65535.0000000000
323.641418     65535.0000000000
324.010315     65535.0000000000
324.379242     65535.0000000000
324.748077     65535.0000000000
325.116913     65535.0000000000
325.485657     65535.0000000000
325.854431     65535.0000000000
326.223145     65535.0000000000
326.591827     65535.0000000000
326.960480     65535.0000000000
327.329102     65535.0000000000
327.697693     65535.0000000000
328.066193     65535.0000000000
328.434723     65535.0000000000
328.803192     65535.0000000000
329.171600     65535.0000000000
329.540009     65535.0000000000
329.908386     65535.0000000000
330.276703     65535.0000000000
330.645050     65535.0000000000
331.013306     65535.0000000000
331.381500     65535.0000000000
331.749695     65535.0000000000
332.117859     65535.0000000000
332.485962     65535.0000000000
332.854034     65535.0000000000
333.222107     65535.0000000000
333.590118     65535.0000000000
333.958099     65535.0000000000
334.326050     65535.0000000000
334.693970     65535.0000000000
335.061859     65535.0000000000
335.429657     65535.0000000000
335.797455     65535.0000000000
336.165192     65535.0000000000
336.532959     65535.0000000000
336.900665     65535.0000000000
337.268341     65535.0000000000
337.635956     65535.0000000000
338.003571     65535.0000000000
338.371124     65535.0000000000
338.738647     65535.0000000000
339.106110     65535.0000000000
339.473572     65535.0000000000
339.840942     65535.0000000000
340.208344     65535.0000000000
340.575653     65535.0000000000
340.942993     65535.0000000000
341.310272     65535.0000000000
341.677521     65535.0000000000
342.044708     65535.0000000000
342.411865     65535.0000000000
342.778992     65535.0000000000
343.146088     65535.0000000000
343.513123     65535.0000000000
343.880157     65535.0000000000
344.247131     65535.0000000000
344.614105     65535.0000000000
344.981049     65535.0000000000
345.347900     65535.0000000000
345.714783     65535.0000000000
346.081573     65535.0000000000
346.448334     65535.0000000000
346.815094     65535.0000000000
347.181763     65535.0000000000
347.548431     65535.0000000000
347.915070     65535.0000000000
348.281677     65535.0000000000
348.648224     65535.0000000000
349.014771     65535.0000000000
349.381256     65535.0000000000
349.747711     65535.0000000000
350.114105     65535.0000000000
350.480469     65535.0000000000
350.846832     65535.0000000000
351.213135     65535.0000000000
351.579407     65535.0000000000
351.945679     65535.0000000000
352.311890     65535.0000000000
352.678040     65535.0000000000
353.044189     65535.0000000000
353.410278     65535.0000000000
353.776337     65535.0000000000
354.142303     65535.0000000000
354.508301     65535.0000000000
354.874268     65535.0000000000
355.240204     65535.0000000000
355.606079     65535.0000000000
355.971924     65535.0000000000
356.337738     65535.0000000000
356.703491     65535.0000000000
357.069244     65535.0000000000
357.434937     65535.0000000000
357.800598     65535.0000000000
358.166229     65535.0000000000
358.531830     65535.0000000000
358.897369     65535.0000000000
359.262909     65535.0000000000
359.628418     65535.0000000000
359.993866     65535.0000000000
360.359222     65535.0000000000
360.724609     65535.0000000000
361.089966     65535.0000000000
361.455261     65535.0000000000
361.820526     65535.0000000000
362.185760     65535.0000000000
362.550964     65535.0000000000
362.916138     65535.0000000000
363.281250     65535.0000000000
363.646332     65535.0000000000
364.011383     65535.0000000000
364.376404     65535.0000000000
364.741333     65535.0000000000
365.106293     65535.0000000000
365.471222     65535.0000000000
365.836090     65535.0000000000
366.200928     65535.0000000000
366.565735     65535.0000000000
366.930511     65535.0000000000
367.295227     65535.0000000000
367.659912     65535.0000000000
368.024536     65535.0000000000
368.389160     65535.0000000000
368.753723     65535.0000000000
369.118317     65535.0000000000
369.482819     65535.0000000000
369.847260     65535.0000000000
370.211731     65535.0000000000
370.576111     65535.0000000000
370.940460     65535.0000000000
371.304810     65535.0000000000
371.669098     65535.0000000000
372.033325     65535.0000000000
372.397522     65535.0000000000
372.761749     65535.0000000000
373.125885     65535.0000000000
373.489990     65535.0000000000
373.854065     65535.0000000000
374.218109     65535.0000000000
374.582092     65535.0000000000
374.946075     65535.0000000000
375.309998     65535.0000000000
375.673859     65535.0000000000
376.037720     65535.0000000000
376.401550     65535.0000000000
376.765320     65535.0000000000
377.129059     65535.0000000000
377.492798     65535.0000000000
377.856476     65535.0000000000
378.220062     65535.0000000000
378.583679     65535.0000000000
378.947205     65535.0000000000
379.310730     65535.0000000000
379.674225     65535.0000000000
380.037689     65535.0000000000
380.401093     65535.0000000000
380.764496     65535.0000000000
381.127838     65535.0000000000
381.491119     65535.0000000000
381.854370     65535.0000000000
382.217621     65535.0000000000
382.580811     65535.0000000000
382.943939     65535.0000000000
383.307068     65535.0000000000
383.670166     65535.0000000000
384.033203     65535.0000000000
384.396240     65535.0000000000
384.759216     65535.0000000000
385.122131     65535.0000000000
385.485016     65535.0000000000
385.847900     65535.0000000000
386.210724     65535.0000000000
386.573486     65535.0000000000
386.936279     65535.0000000000
387.298981     65535.0000000000
387.661652     65535.0000000000
388.024323     65535.0000000000
388.386902     65535.0000000000
388.749481     65535.0000000000
389.112000     65535.0000000000
389.474487     65535.0000000000
389.836945     65535.0000000000
390.199371     65535.0000000000
390.561737     65535.0000000000
390.924103     65535.0000000000
391.286407     65535.0000000000
391.648682     65535.0000000000
392.010925     65535.0000000000
392.373108     65535.0000000000
392.735291     65535.0000000000
393.097382     65535.0000000000
393.459473     65535.0000000000
393.821533     65535.0000000000
394.183533     65535.0000000000
394.545532     65535.0000000000
394.907471     65535.0000000000
395.269379     65535.0000000000
395.631256     65535.0000000000
395.993042     65535.0000000000
396.354828     65535.0000000000
396.716583     65535.0000000000
397.078308     65535.0000000000
397.439972     65535.0000000000
397.801636     65535.0000000000
398.163239     65535.0000000000
398.524841     65535.0000000000
398.886383     65535.0000000000
399.247833     65535.0000000000
399.609283     65535.0000000000
399.970703     65535.0000000000
400.332062     65535.0000000000
400.693420     65535.0000000000
401.054718     65535.0000000000
401.416016     65535.0000000000
401.777252     65535.0000000000
402.138458     65535.0000000000
402.499603     65535.0000000000
402.860718     65535.0000000000
403.221832     65535.0000000000
403.582855     65535.0000000000
403.943848     65535.0000000000
404.304810     65535.0000000000
404.665771     65535.0000000000
405.026642     65535.0000000000
405.387543     65535.0000000000
405.748352     65535.0000000000
406.109161     65535.0000000000
406.469849     65535.0000000000
406.830597     65535.0000000000
407.191223     65535.0000000000
407.551880     65535.0000000000
407.912476     65535.0000000000
408.273041     65535.0000000000
408.633575     65535.0000000000
408.994049     65535.0000000000
409.354492     65535.0000000000
409.714935     65535.0000000000
410.075287     65535.0000000000
410.435608     65535.0000000000
410.795868     65535.0000000000
411.156158     65535.0000000000
411.516388     65535.0000000000
411.876587     65535.0000000000
412.236725     65535.0000000000
412.596832     65535.0000000000
412.956909     65535.0000000000
413.316925     65535.0000000000
413.676910     65535.0000000000
414.036896     65535.0000000000
414.396820     65535.0000000000
414.756683     65535.0000000000
415.116547     65535.0000000000
415.476379     65535.0000000000
415.836121     65535.0000000000
416.195862     65535.0000000000
416.555542     65535.0000000000
416.915192     65535.0000000000
417.274811     65535.0000000000
417.634399     65535.0000000000
417.993927     65535.0000000000
418.353455     65535.0000000000
418.712891     65535.0000000000
419.072357     65535.0000000000
419.431763     65535.0000000000
419.791107     65535.0000000000
420.150452     65535.0000000000
420.509674     65535.0000000000
420.868927     65535.0000000000
421.228119     65535.0000000000
421.587280     65535.0000000000
421.946411     65535.0000000000
422.305542     65535.0000000000
422.664581     65535.0000000000
423.023621     65535.0000000000
423.382568     65535.0000000000
423.741516     65535.0000000000
424.100403     65535.0000000000
424.459259     65535.0000000000
424.818054     65535.0000000000
425.176880     65535.0000000000
425.535614     65535.0000000000
425.894348     65535.0000000000
426.252991     65535.0000000000
426.611633     65535.0000000000
426.970245     65535.0000000000
427.328796     65535.0000000000
427.687317     65535.0000000000
428.045807     65535.0000000000
428.404205     65535.0000000000
428.762604     65535.0000000000
429.121002     65535.0000000000
429.479340     65535.0000000000
429.837616     65535.0000000000
430.195892     65535.0000000000
430.554138     65535.0000000000
430.912292     65535.0000000000
431.270416     65535.0000000000
431.628510     65535.0000000000
431.986542     65535.0000000000
432.344574     65535.0000000000
432.702576     65535.0000000000
433.060516     65535.0000000000
433.418427     65535.0000000000
433.776306     65535.0000000000
434.134155     65535.0000000000
434.491913     65535.0000000000
434.849701     65535.0000000000
435.207397     65535.0000000000
435.565063     65535.0000000000
435.922729     65535.0000000000
436.280334     65535.0000000000
436.637909     65535.0000000000
436.995453     65535.0000000000
437.352936     65535.0000000000
437.710388     65535.0000000000
438.067780     65535.0000000000
438.425171     65535.0000000000
438.782471     65535.0000000000
439.139771     65535.0000000000
439.497040     65535.0000000000
439.854279     65535.0000000000
440.211426     65535.0000000000
440.568604     65535.0000000000
440.925720     65535.0000000000
441.282776     65535.0000000000
441.639801     65535.0000000000
441.996735     65535.0000000000
442.353699     65535.0000000000
442.710602     65535.0000000000
443.067505     65535.0000000000
443.424347     65535.0000000000
443.781128     65535.0000000000
444.137878     65535.0000000000
444.494629     65535.0000000000
444.851288     65535.0000000000
445.207916     65535.0000000000
445.564514     65535.0000000000
445.921051     65535.0000000000
446.277618     65535.0000000000
446.634094     65535.0000000000
446.990540     65535.0000000000
447.346985     65535.0000000000
447.703339     65535.0000000000
448.059692     65535.0000000000
448.416016     65535.0000000000
448.772186     65535.0000000000
449.128418     65535.0000000000
449.484589     65535.0000000000
449.840729     65535.0000000000
450.196838     65535.0000000000
450.552917     65535.0000000000
450.908966     65535.0000000000
451.264954     65535.0000000000
451.620880     65535.0000000000
451.976807     65535.0000000000
452.332611     65535.0000000000
452.688446     65535.0000000000
453.044250     65535.0000000000
453.399994     65535.0000000000
453.755707     65535.0000000000
454.111389     65535.0000000000
454.467041     65535.0000000000
454.822632     65535.0000000000
455.178192     65535.0000000000
455.533722     65535.0000000000
455.889130     65535.0000000000
456.244598     65535.0000000000
456.600006     65535.0000000000
456.955353     65535.0000000000
457.310699     65535.0000000000
457.665985     65535.0000000000
458.021240     65535.0000000000
458.376434     65535.0000000000
458.731628     65535.0000000000
459.086700     65535.0000000000
459.441772     65535.0000000000
459.796844     65535.0000000000
460.151886     65535.0000000000
460.506836     65535.0000000000
460.861786     65535.0000000000
461.216675     65535.0000000000
461.571533     65535.0000000000
461.926361     65535.0000000000
462.281158     65535.0000000000
462.635803     65535.0000000000
462.990540     65535.0000000000
463.345184     65535.0000000000
463.699829     65535.0000000000
464.054413     65535.0000000000
464.408936     65535.0000000000
464.763458     65535.0000000000
465.117920     65535.0000000000
465.472351     65535.0000000000
465.826752     65535.0000000000
466.181030     65535.0000000000
466.535339     65535.0000000000
466.889618     65535.0000000000
467.243866     65535.0000000000
467.598053     65535.0000000000
467.952209     65535.0000000000
468.306305     65535.0000000000
468.660370     65535.0000000000
469.014435     65535.0000000000
469.368439     65535.0000000000
469.722321     65535.0000000000
470.076263     65535.0000000000
470.430115     65535.0000000000
470.783966     65535.0000000000
471.137756     65535.0000000000
471.491516     65535.0000000000
471.845245     65535.0000000000
472.198944     65535.0000000000
472.552582     65535.0000000000
472.906128     65535.0000000000
473.259705     65535.0000000000
473.613220     65535.0000000000
473.966675     65535.0000000000
474.320129     65535.0000000000
474.673553     65535.0000000000
475.026917     65535.0000000000
475.380249     65535.0000000000
475.733521     65535.0000000000
476.086761     65535.0000000000
476.439911     65535.0000000000
476.793091     65535.0000000000
477.146210     65535.0000000000
477.499298     65535.0000000000
477.852356     65535.0000000000
478.205353     65535.0000000000
478.558350     65535.0000000000
478.911285     65535.0000000000
479.264160     65535.0000000000
479.617035     65535.0000000000
479.969757     65535.0000000000
480.322540     65535.0000000000
480.675262     65535.0000000000
481.027985     65535.0000000000
481.380615     65535.0000000000
481.733246     65535.0000000000
482.085815     65535.0000000000
482.438324     65535.0000000000
482.790833     65535.0000000000
483.143280     65535.0000000000
483.495667     65535.0000000000
483.848022     65535.0000000000
484.200348     65535.0000000000
484.552673     65535.0000000000
484.904907     65535.0000000000
485.257111     65535.0000000000
485.609283     65535.0000000000
485.961456     65535.0000000000
486.313538     65535.0000000000
486.665588     65535.0000000000
487.017548     65535.0000000000
487.369507     65535.0000000000
487.721466     65535.0000000000
488.073334     65535.0000000000
488.425232     65535.0000000000
488.777039     65535.0000000000
489.128815     65535.0000000000
489.480560     65535.0000000000
489.832245     65535.0000000000
490.183868     65535.0000000000
490.535461     65535.0000000000
490.887054     65535.0000000000
491.238586     65535.0000000000
491.590057     65535.0000000000
491.941528     65535.0000000000
492.292938     65535.0000000000
492.644318     65535.0000000000
492.995667     65535.0000000000
493.346954     65535.0000000000
493.698181     65535.0000000000
494.049377     65535.0000000000
494.400543     65535.0000000000
494.751678     65535.0000000000
495.102783     65535.0000000000
495.453827     65535.0000000000
495.804871     65535.0000000000
496.155853     65535.0000000000
496.506775     65535.0000000000
496.857666     65535.0000000000
497.208466     65535.0000000000
497.559265     65535.0000000000
497.910065     65535.0000000000
498.260773     65535.0000000000
498.611481     65535.0000000000
498.962128     65535.0000000000
499.312744     65535.0000000000
499.663300     65535.0000000000
500.013855     65535.0000000000
500.364349     65535.0000000000
500.714752     65535.0000000000
501.065155     65535.0000000000
501.415527     65535.0000000000
501.765869     65535.0000000000
502.116150     65535.0000000000
502.466400     65535.0000000000
502.816620     65535.0000000000
503.166779     65535.0000000000
503.516907     65535.0000000000
503.866943     65535.0000000000
504.217010     65535.0000000000
504.567017     65535.0000000000
504.916962     65535.0000000000
505.266876     65535.0000000000
505.616791     65535.0000000000
505.966644     65535.0000000000
506.316437     65535.0000000000
506.666199     65535.0000000000
507.015930     65535.0000000000
507.365570     65535.0000000000
507.715210     65535.0000000000
508.064789     65535.0000000000
508.414368     65535.0000000000
508.763885     65535.0000000000
509.113373     65535.0000000000
509.462830     65535.0000000000
509.812225     65535.0000000000
510.161591     65535.0000000000
510.510895     65535.0000000000
510.860107     65535.0000000000
511.209381     65535.0000000000
511.558563     65535.0000000000
511.907715     65535.0000000000
512.256836     65535.0000000000
512.605896     65535.0000000000
512.954956     65535.0000000000
513.303955     65535.0000000000
513.652832     65535.0000000000
514.001831     65535.0000000000
514.350647     65535.0000000000
514.699463     65535.0000000000
515.048279     65535.0000000000
515.396973     65535.0000000000
515.745728     65535.0000000000
516.094360     65535.0000000000
516.442993     65535.0000000000
516.791565     65535.0000000000
517.140137     65535.0000000000
517.488586     65535.0000000000
517.837036     65535.0000000000
518.185425     65535.0000000000
518.533875     65535.0000000000
518.882202     65535.0000000000
519.230469     65535.0000000000
519.578735     65535.0000000000
519.927002     65535.0000000000
520.275146     65535.0000000000
520.623291     65535.0000000000
520.971313     65535.0000000000
521.319336     65535.0000000000
521.667419     65535.0000000000
522.015381     65535.0000000000
522.363281     65535.0000000000
522.711182     65535.0000000000
523.059021     65535.0000000000
523.406860     65535.0000000000
523.754639     65535.0000000000
524.102356     65535.0000000000
524.449951     65535.0000000000
524.797607     65535.0000000000
525.145203     65535.0000000000
525.492798     65535.0000000000
525.840332     65535.0000000000
526.187805     65535.0000000000
526.535217     65535.0000000000
526.882629     65535.0000000000
527.230042     65535.0000000000
527.577332     65535.0000000000
527.924500     65535.0000000000
528.271729     65535.0000000000
528.618896     65535.0000000000
528.966125     65535.0000000000
529.313232     65535.0000000000
529.660278     65535.0000000000
530.007324     65535.0000000000
530.354309     65535.0000000000
530.701233     65535.0000000000
531.048096     65535.0000000000
531.394958     65535.0000000000
531.741760     65535.0000000000
532.088562     65535.0000000000
532.435303     65535.0000000000
532.781982     65535.0000000000
533.128601     65535.0000000000
533.475281     65535.0000000000
533.821838     65535.0000000000
534.168335     65535.0000000000
534.514832     65535.0000000000
534.861206     65535.0000000000
535.207703     65535.0000000000
535.554016     65535.0000000000
535.900391     65535.0000000000
536.246643     65535.0000000000
536.592896     65535.0000000000
536.939087     65535.0000000000
537.285278     65535.0000000000
537.631348     65535.0000000000
537.977417     65535.0000000000
538.323425     65535.0000000000
538.669373     65535.0000000000
539.015381     65535.0000000000
539.361267     65535.0000000000
539.707153     65535.0000000000
540.052979     65535.0000000000
540.398804     65535.0000000000
540.744507     65535.0000000000
541.090210     65535.0000000000
541.435791     65535.0000000000
541.781433     65535.0000000000
542.127014     65535.0000000000
542.472595     65535.0000000000
542.818054     65535.0000000000
543.163513     65535.0000000000
543.508911     65535.0000000000
543.854309     65535.0000000000
544.199646     65535.0000000000
544.544800     65535.0000000000
544.890076     65535.0000000000
545.235291     65535.0000000000
545.580444     65535.0000000000
545.925537     65535.0000000000
546.270630     65535.0000000000
546.615723     65535.0000000000
546.960693     65535.0000000000
547.305603     65535.0000000000
547.650574     65535.0000000000
547.995361     65535.0000000000
548.340149     65535.0000000000
548.684998     65535.0000000000
549.029724     65535.0000000000
549.374390     65535.0000000000
549.719116     65535.0000000000
550.063660     65535.0000000000
550.408264     65535.0000000000
550.752869     65535.0000000000
551.097290     65535.0000000000
551.441711     65535.0000000000
551.786133     65535.0000000000
552.130493     65535.0000000000
552.474854     65535.0000000000
552.819092     65535.0000000000
553.163330     65535.0000000000
553.507507     65535.0000000000
553.851685     65535.0000000000
554.195801     65535.0000000000
554.539917     65535.0000000000
554.883850     65535.0000000000
555.227844     65535.0000000000
555.571777     65535.0000000000
555.915710     65535.0000000000
556.259583     65535.0000000000
556.603333     65535.0000000000
556.947205     65535.0000000000
557.290894     65535.0000000000
557.634583     65535.0000000000
557.978210     65535.0000000000
558.321777     65535.0000000000
558.665405     65535.0000000000
559.008911     65535.0000000000
559.352417     65535.0000000000
559.695862     65535.0000000000
560.039185     65535.0000000000
560.382568     65535.0000000000
560.725891     65535.0000000000
561.069153     65535.0000000000
561.412354     65535.0000000000
561.755554     65535.0000000000
562.098694     65535.0000000000
562.441772     65535.0000000000
562.784851     65535.0000000000
563.127930     65535.0000000000
563.470825     65535.0000000000
563.813782     65535.0000000000
564.156738     65535.0000000000
564.499573     65535.0000000000
564.842285     65535.0000000000
565.185059     65535.0000000000
565.527771     65535.0000000000
565.870422     65535.0000000000
566.213135     65535.0000000000
566.555725     65535.0000000000
566.898254     65535.0000000000
567.240784     65535.0000000000
567.583252     65535.0000000000
567.925659     65535.0000000000
568.268005     65535.0000000000
568.610291     65535.0000000000
568.952637     65535.0000000000
569.294922     65535.0000000000
569.637146     65535.0000000000
569.979309     65535.0000000000
570.321411     65535.0000000000
570.663513     65535.0000000000
571.005554     65535.0000000000
571.347473     65535.0000000000
571.689453     65535.0000000000
572.031372     65535.0000000000
572.373230     65535.0000000000
572.715088     65535.0000000000
573.056885     65535.0000000000
573.398621     65535.0000000000
573.740295     65535.0000000000
574.082031     65535.0000000000
574.423584     65535.0000000000
574.765137     65535.0000000000
575.106689     65535.0000000000
575.448120     65535.0000000000
575.789612     65535.0000000000
576.130981     65535.0000000000
576.472351     65535.0000000000
576.813721     65535.0000000000
577.154968     65535.0000000000
577.496216     65535.0000000000
577.837402     65535.0000000000
578.178467     65535.0000000000
578.519592     65535.0000000000
578.860657     65535.0000000000
579.201660     65535.0000000000
579.542664     65535.0000000000
579.883606     65535.0000000000
580.224487     65535.0000000000
580.565308     65535.0000000000
580.906189     65535.0000000000
581.246948     65535.0000000000
581.587585     65535.0000000000
581.928223     65535.0000000000
582.268921     65535.0000000000
582.609497     65535.0000000000
582.950012     65535.0000000000
583.290527     65535.0000000000
583.630981     65535.0000000000
583.971436     65535.0000000000
584.311829     65535.0000000000
584.652100     65535.0000000000
584.992371     65535.0000000000
585.332642     65535.0000000000
585.672852     65535.0000000000
586.013000     65535.0000000000
586.353088     65535.0000000000
586.693176     65535.0000000000
587.033264     65535.0000000000
587.373230     65535.0000000000
587.713196     65535.0000000000
588.053040     65535.0000000000
588.392883     65535.0000000000
588.732727     65535.0000000000
589.072510     65535.0000000000
589.412231     65535.0000000000
589.751892     65535.0000000000
590.091553     65535.0000000000
590.431152     65535.0000000000
590.770752     65535.0000000000
591.110229     65535.0000000000
591.449707     65535.0000000000
591.789124     65535.0000000000
592.128479     65535.0000000000
592.467834     65535.0000000000
592.807129     65535.0000000000
593.146423     65535.0000000000
593.485596     65535.0000000000
593.824768     65535.0000000000
594.163879     65535.0000000000
594.502991     65535.0000000000
594.841980     65535.0000000000
595.180969     65535.0000000000
595.519897     65535.0000000000
595.858887     65535.0000000000
596.197693     65535.0000000000
596.536499     65535.0000000000
596.875305     65535.0000000000
597.214050     65535.0000000000
597.552734     65535.0000000000
597.891296     65535.0000000000
598.229980     65535.0000000000
598.568542     65535.0000000000
598.907043     65535.0000000000
599.245483     65535.0000000000
599.583984     65535.0000000000
599.922363     65535.0000000000
600.260681     65535.0000000000
600.598999     65535.0000000000
600.937256     65535.0000000000
601.275452     65535.0000000000
601.613586     65535.0000000000
601.951721     65535.0000000000
602.289856     65535.0000000000
602.627869     65535.0000000000
602.965881     65535.0000000000
603.303833     65535.0000000000
603.641724     65535.0000000000
603.979614     65535.0000000000
604.317444     65535.0000000000
604.655151     65535.0000000000
604.992859     65535.0000000000
605.330566     65535.0000000000
605.668274     65535.0000000000
606.005859     65535.0000000000
606.343445     65535.0000000000
606.680908     65535.0000000000
607.018433     65535.0000000000
607.355835     65535.0000000000
607.693237     65535.0000000000
608.030579     65535.0000000000
608.367859     65535.0000000000
608.705078     65535.0000000000
609.042297     65535.0000000000
609.379456     65535.0000000000
609.716614     65535.0000000000
610.053650     65535.0000000000
610.390686     65535.0000000000
610.727722     65535.0000000000
611.064575     65535.0000000000
611.401550     65535.0000000000
611.738403     65535.0000000000
612.075256     65535.0000000000
612.411987     65535.0000000000
612.748779     65535.0000000000
613.085449     65535.0000000000
613.422058     65535.0000000000
613.758667     65535.0000000000
614.095215     65535.0000000000
614.431702     65535.0000000000
614.768127     65535.0000000000
615.104614     65535.0000000000
615.440979     65535.0000000000
615.777283     65535.0000000000
616.113586     65535.0000000000
616.449829     65535.0000000000
616.786011     65535.0000000000
617.122192     65535.0000000000
617.458374     65535.0000000000
617.794373     65535.0000000000
618.130371     65535.0000000000
618.466370     65535.0000000000
618.802246     65535.0000000000
619.138184     65535.0000000000
619.474060     65535.0000000000
619.809875     65535.0000000000
620.145630     65535.0000000000
620.481323     65535.0000000000
620.817017     65535.0000000000
621.152588     65535.0000000000
621.488220     65535.0000000000
621.823792     65535.0000000000
622.159241     65535.0000000000
622.494690     65535.0000000000
622.830078     65535.0000000000
623.165466     65535.0000000000
623.500793     65535.0000000000
623.836060     65535.0000000000
624.171265     65535.0000000000
624.506470     65535.0000000000
624.841553     65535.0000000000
625.176697     65535.0000000000
625.511719     65535.0000000000
625.846741     65535.0000000000
626.181702     65535.0000000000
626.516663     65535.0000000000
626.851563     65535.0000000000
627.186401     65535.0000000000
627.521118     65535.0000000000
627.855896     65535.0000000000
628.190552     65535.0000000000
628.525269     65535.0000000000
628.859863     65535.0000000000
629.194458     65535.0000000000
629.528992     65535.0000000000
629.863403     65535.0000000000
630.197815     65535.0000000000
630.532288     65535.0000000000
630.866516     65535.0000000000
631.200867     65535.0000000000
631.535156     65535.0000000000
631.869324     65535.0000000000
632.203491     65535.0000000000
632.537659     65535.0000000000
632.871704     65535.0000000000
633.205750     65535.0000000000
633.539795     65535.0000000000
633.873718     65535.0000000000
634.207520     65535.0000000000
634.541443     65535.0000000000
634.875244     65535.0000000000
635.208984     65535.0000000000
635.542725     65535.0000000000
635.876404     65535.0000000000
636.210022     65535.0000000000
636.543640     65535.0000000000
636.877197     65535.0000000000
637.210571     65535.0000000000
637.544067     65535.0000000000
637.877502     65535.0000000000
638.210815     65535.0000000000
638.544189     65535.0000000000
638.877441     65535.0000000000
639.210693     65535.0000000000
639.543884     65535.0000000000
639.877014     65535.0000000000
640.210144     65535.0000000000
640.543091     65535.0000000000
640.876099     65535.0000000000
641.209106     65535.0000000000
641.541992     65535.0000000000
641.874939     65535.0000000000
642.207703     65535.0000000000
642.540527     65535.0000000000
642.873230     65535.0000000000
643.205994     65535.0000000000
643.538574     65535.0000000000
643.871155     65535.0000000000
644.203674     65535.0000000000
644.536255     65535.0000000000
644.868713     65535.0000000000
645.201172     65535.0000000000
645.533508     65535.0000000000
645.865845     65535.0000000000
646.198120     65535.0000000000
646.530396     65535.0000000000
646.862610     65535.0000000000
647.194702     65535.0000000000
647.526855     65535.0000000000
647.858887     65535.0000000000
648.190857     65535.0000000000
648.522827     65535.0000000000
648.854797     65535.0000000000
649.186707     65535.0000000000
649.518555     65535.0000000000
649.850342     65535.0000000000
650.182007     65535.0000000000
650.513733     65535.0000000000
650.845398     65535.0000000000
651.177063     65535.0000000000
651.508606     65535.0000000000
651.840088     65535.0000000000
652.171631     65535.0000000000
652.503052     65535.0000000000
652.834412     65535.0000000000
653.165771     65535.0000000000
653.497070     65535.0000000000
653.828308     65535.0000000000
654.159485     65535.0000000000
654.490662     65535.0000000000
654.821838     65535.0000000000
655.152832     65535.0000000000
655.483887     65535.0000000000
655.814880     65535.0000000000
656.145813     65535.0000000000
656.476685     65535.0000000000
656.807495     65535.0000000000
657.138306     65535.0000000000
657.469116     65535.0000000000
657.799744     65535.0000000000
658.130493     65535.0000000000
658.461121     65535.0000000000
658.791687     65535.0000000000
659.122192     65535.0000000000
659.452698     65535.0000000000
659.783142     65535.0000000000
660.113464     65535.0000000000
660.443787     65535.0000000000
660.774109     65535.0000000000
661.104370     65535.0000000000
661.434570     65535.0000000000
661.764771     65535.0000000000
662.094849     65535.0000000000
662.424988     65535.0000000000
662.755005     65535.0000000000
663.084900     65535.0000000000
663.414856     65535.0000000000
663.744751     65535.0000000000
664.074585     65535.0000000000
664.404419     65535.0000000000
664.734131     65535.0000000000
665.063904     65535.0000000000
665.393555     65535.0000000000
665.723206     65535.0000000000
666.052734     65535.0000000000
666.382202     65535.0000000000
666.711670     65535.0000000000
667.041138     65535.0000000000
667.370544     65535.0000000000
667.699829     65535.0000000000
668.029175     65535.0000000000
668.358459     65535.0000000000
668.687622     65535.0000000000
669.016846     65535.0000000000
669.345947     65535.0000000000
669.674927     65535.0000000000
670.003967     65535.0000000000
670.332947     65535.0000000000
670.661865     65535.0000000000
670.990784     65535.0000000000
671.319641     65535.0000000000
671.648438     65535.0000000000
671.977112     65535.0000000000
672.305847     65535.0000000000
672.634521     65535.0000000000
672.963135     65535.0000000000
673.291687     65535.0000000000
673.620178     65535.0000000000
673.948669     65535.0000000000
674.277100     65535.0000000000
674.605469     65535.0000000000
674.933899     65535.0000000000
675.262085     65535.0000000000
675.590332     65535.0000000000
675.918579     65535.0000000000
676.246704     65535.0000000000
676.574829     65535.0000000000
676.902893     65535.0000000000
677.230896     65535.0000000000
677.558899     65535.0000000000
677.886841     65535.0000000000
678.214661     65535.0000000000
678.542480     65535.0000000000
678.870239     65535.0000000000
679.197998     65535.0000000000
679.525696     65535.0000000000
679.853394     65535.0000000000
680.180969     65535.0000000000
680.508484     65535.0000000000
680.836060     65535.0000000000
681.163452     65535.0000000000
681.490845     65535.0000000000
681.818237     65535.0000000000
682.145569     65535.0000000000
682.472839     65535.0000000000
682.800110     65535.0000000000
683.127319     65535.0000000000
683.454468     65535.0000000000
683.781494     65535.0000000000
684.108582     65535.0000000000
684.435608     65535.0000000000
684.762451     65535.0000000000
685.089355     65535.0000000000
685.416199     65535.0000000000
685.743103     65535.0000000000
686.069824     65535.0000000000
686.396606     65535.0000000000
686.723267     65535.0000000000
687.049927     65535.0000000000
687.376465     65535.0000000000
687.703003     65535.0000000000
688.029419     65535.0000000000
688.355957     65535.0000000000
688.682312     65535.0000000000
689.008667     65535.0000000000
689.334961     65535.0000000000
689.661316     65535.0000000000
689.987427     65535.0000000000
690.313660     65535.0000000000
690.639771     65535.0000000000
690.965881     65535.0000000000
691.291809     65535.0000000000
691.617798     65535.0000000000
691.943726     65535.0000000000
692.269714     65535.0000000000
692.595459     65535.0000000000
692.921326     65535.0000000000
693.247009     65535.0000000000
693.572754     65535.0000000000
693.898438     65535.0000000000
694.223999     65535.0000000000
694.549561     65535.0000000000
694.875061     65535.0000000000
695.200562     65535.0000000000
695.526001     65535.0000000000
695.851379     65535.0000000000
696.176697     65535.0000000000
696.502014     65535.0000000000
696.827271     65535.0000000000
697.152405     65535.0000000000
697.477539     65535.0000000000
697.802612     65535.0000000000
698.127625     65535.0000000000
698.452698     65535.0000000000
698.777649     65535.0000000000
699.102539     65535.0000000000
699.427429     65535.0000000000
699.752258     65535.0000000000
700.077026     65535.0000000000
700.401733     65535.0000000000
700.726379     65535.0000000000
701.051025     65535.0000000000
701.375610     65535.0000000000
701.700134     65535.0000000000
702.024658     65535.0000000000
702.349060     65535.0000000000
702.673462     65535.0000000000
702.997864     65535.0000000000
703.322144     65535.0000000000
703.646362     65535.0000000000
703.970520     65535.0000000000
704.294739     65535.0000000000
704.618896     65535.0000000000
704.942932     65535.0000000000
705.266968     65535.0000000000
705.590942     65535.0000000000
705.914917     65535.0000000000
706.238770     65535.0000000000
706.562622     65535.0000000000
706.886292     65535.0000000000
707.210083     65535.0000000000
707.533813     65535.0000000000
707.857422     65535.0000000000
708.181030     65535.0000000000
708.504578     65535.0000000000
708.828064     65535.0000000000
709.151550     65535.0000000000
709.474976     65535.0000000000
709.798340     65535.0000000000
710.121582     65535.0000000000
710.444885     65535.0000000000
710.768127     65535.0000000000
711.091248     65535.0000000000
711.414429     65535.0000000000
711.737488     65535.0000000000
712.060547     65535.0000000000
712.383484     65535.0000000000
712.706482     65535.0000000000
713.029358     65535.0000000000
713.352112     65535.0000000000
713.674927     65535.0000000000
713.997681     65535.0000000000
714.320435     65535.0000000000
714.643066     65535.0000000000
714.965698     65535.0000000000
715.288269     65535.0000000000
715.610779     65535.0000000000
715.933289     65535.0000000000
716.255737     65535.0000000000
716.578003     65535.0000000000
716.900330     65535.0000000000
717.222595     65535.0000000000
717.544861     65535.0000000000
717.867065     65535.0000000000
718.189209     65535.0000000000
718.511292     65535.0000000000
718.833313     65535.0000000000
719.155334     65535.0000000000
719.477234     65535.0000000000
719.799133     65535.0000000000
720.120972     65535.0000000000
720.442749     65535.0000000000
720.764587     65535.0000000000
721.086304     65535.0000000000
721.407898     65535.0000000000
721.729553     65535.0000000000
722.051147     65535.0000000000
722.372681     65535.0000000000
722.694092     65535.0000000000
723.015503     65535.0000000000
723.336914     65535.0000000000
723.658264     65535.0000000000
723.979492     65535.0000000000
724.300781     65535.0000000000
724.621948     65535.0000000000
724.943115     65535.0000000000
725.264160     65535.0000000000
725.585205     65535.0000000000
725.906189     65535.0000000000
726.227173     65535.0000000000
726.548035     65535.0000000000
726.868896     65535.0000000000
727.189697     65535.0000000000
727.510498     65535.0000000000
727.831177     65535.0000000000
728.151855     65535.0000000000
728.472473     65535.0000000000
728.793091     65535.0000000000
729.113525     65535.0000000000
729.434021     65535.0000000000
729.754456     65535.0000000000
730.074829     65535.0000000000
730.395142     65535.0000000000
730.715454     65535.0000000000
731.035706     65535.0000000000
731.355896     65535.0000000000
731.676025     65535.0000000000
731.996033     65535.0000000000
732.316101     65535.0000000000
732.636108     65535.0000000000
732.956055     65535.0000000000
733.275940     65535.0000000000
733.595825     65535.0000000000
733.915649     65535.0000000000
734.235413     65535.0000000000
734.555054     65535.0000000000
734.874817     65535.0000000000
735.194336     65535.0000000000
735.513855     65535.0000000000
735.833435     65535.0000000000
736.152893     65535.0000000000
736.472290     65535.0000000000
736.791687     65535.0000000000
737.111023     65535.0000000000
737.430298     65535.0000000000
737.749512     65535.0000000000
738.068665     65535.0000000000
738.387817     65535.0000000000
738.706909     65535.0000000000
739.025879     65535.0000000000
739.344910     65535.0000000000
739.663879     65535.0000000000
739.982788     65535.0000000000
740.301636     65535.0000000000
740.620422     65535.0000000000
740.939148     65535.0000000000
741.257874     65535.0000000000
741.576477     65535.0000000000
741.895020     65535.0000000000
742.213623     65535.0000000000
742.532166     65535.0000000000
742.850586     65535.0000000000
743.169006     65535.0000000000
743.487366     65535.0000000000
743.805725     65535.0000000000
744.123962     65535.0000000000
744.442200     65535.0000000000
744.760315     65535.0000000000
745.078430     65535.0000000000
745.396484     65535.0000000000
745.714539     65535.0000000000
746.032532     65535.0000000000
746.350464     65535.0000000000
746.668335     65535.0000000000
746.986206     65535.0000000000
747.303955     65535.0000000000
747.621643     65535.0000000000
747.939331     65535.0000000000
748.257019     65535.0000000000
748.574585     65535.0000000000
748.892151     65535.0000000000
749.209656     65535.0000000000
749.527100     65535.0000000000
749.844482     65535.0000000000
750.161804     65535.0000000000
750.479126     65535.0000000000
750.796326     65535.0000000000
751.113525     65535.0000000000
751.430725     65535.0000000000
751.747803     65535.0000000000
752.064880     65535.0000000000
752.381897     65535.0000000000
752.698853     65535.0000000000
753.015747     65535.0000000000
753.332703     65535.0000000000
753.649475     65535.0000000000
753.966187     65535.0000000000
754.282898     65535.0000000000
754.599609     65535.0000000000
754.916199     65535.0000000000
755.232788     65535.0000000000
755.549316     65535.0000000000
755.865784     65535.0000000000
756.182190     65535.0000000000
756.498596     65535.0000000000
756.814941     65535.0000000000
757.131165     65535.0000000000
757.447388     65535.0000000000
757.763611     65535.0000000000
758.079712     65535.0000000000
758.395813     65535.0000000000
758.711853     65535.0000000000
759.027832     65535.0000000000
759.343811     65535.0000000000
759.659668     65535.0000000000
759.975464     65535.0000000000
760.291260     65535.0000000000
760.606995     65535.0000000000
760.922668     65535.0000000000
761.238342     65535.0000000000
761.554016     65535.0000000000
761.869507     65535.0000000000
762.185059     65535.0000000000
762.500488     65535.0000000000
762.815918     65535.0000000000
763.131165     65535.0000000000
763.446533     65535.0000000000
763.761719     65535.0000000000
764.076965     65535.0000000000
764.392151     65535.0000000000
764.707214     65535.0000000000
765.022339     65535.0000000000
765.337341     65535.0000000000
765.652283     65535.0000000000
765.967224     65535.0000000000
766.282043     65535.0000000000
766.596863     65535.0000000000
766.911621     65535.0000000000
767.226379     65535.0000000000
767.541016     65535.0000000000
767.855591     65535.0000000000
768.170227     65535.0000000000
768.484741     65535.0000000000
768.799194     65535.0000000000
769.113647     65535.0000000000
769.427979     65535.0000000000
769.742310     65535.0000000000
770.056580     65535.0000000000
770.370850     65535.0000000000
770.684998     65535.0000000000
770.999084     65535.0000000000
771.313232     65535.0000000000
771.627258     65535.0000000000
771.941223     65535.0000000000
772.255066     65535.0000000000
772.569031     65535.0000000000
772.882813     65535.0000000000
773.196594     65535.0000000000
773.510376     65535.0000000000
773.824036     65535.0000000000
774.137695     65535.0000000000
774.451294     65535.0000000000
774.764832     65535.0000000000
775.078308     65535.0000000000
775.391724     65535.0000000000
775.705078     65535.0000000000
776.018433     65535.0000000000
776.331726     65535.0000000000
776.644958     65535.0000000000
776.958130     65535.0000000000
777.271301     65535.0000000000
777.584412     65535.0000000000
777.897461     65535.0000000000
778.210510     65535.0000000000
778.523315     65535.0000000000
778.836304     65535.0000000000
779.149109     65535.0000000000
779.461914     65535.0000000000
779.774658     65535.0000000000
780.087402     65535.0000000000
780.400024     65535.0000000000
780.712585     65535.0000000000
781.025146     65535.0000000000
781.337646     65535.0000000000
781.650085     65535.0000000000
781.962463     65535.0000000000
782.274841     65535.0000000000
782.587158     65535.0000000000
782.899414     65535.0000000000
783.211609     65535.0000000000
783.523743     65535.0000000000
783.835938     65535.0000000000
784.147949     65535.0000000000
784.459900     65535.0000000000
784.771851     65535.0000000000
785.083801     65535.0000000000
785.395630     65535.0000000000
785.707397     65535.0000000000
786.019226     65535.0000000000
786.330933     65535.0000000000
786.642578     65535.0000000000
786.954224     65535.0000000000
787.265747     65535.0000000000
787.577209     65535.0000000000
787.888672     65535.0000000000
788.200073     65535.0000000000
788.511414     65535.0000000000
788.822754     65535.0000000000
789.133972     65535.0000000000
789.445190     65535.0000000000
789.756409     65535.0000000000
790.067505     65535.0000000000
790.378540     65535.0000000000
790.689514     65535.0000000000
791.000488     65535.0000000000
791.311401     65535.0000000000
791.622314     65535.0000000000
791.933105     65535.0000000000
792.243896     65535.0000000000
792.554565     65535.0000000000
792.865234     65535.0000000000
793.175842     65535.0000000000
793.486389     65535.0000000000
793.796875     65535.0000000000
794.107300     65535.0000000000
794.417786     65535.0000000000
794.728088     65535.0000000000
795.038452     65535.0000000000
795.348694     65535.0000000000
795.658936     65535.0000000000
795.969055     65535.0000000000
796.279175     65535.0000000000
796.589172     65535.0000000000
796.899231     65535.0000000000
797.209167     65535.0000000000
797.519104     65535.0000000000
797.828979     65535.0000000000
798.138794     65535.0000000000
798.448547     65535.0000000000
798.758301     65535.0000000000
799.067932     65535.0000000000
799.377563     65535.0000000000
799.687073     65535.0000000000
799.996582     65535.0000000000
800.306030     65535.0000000000
800.615479     65535.0000000000
800.924805     65535.0000000000
801.234192     65535.0000000000
801.543457     65535.0000000000
801.852600     65535.0000000000
802.161743     65535.0000000000
802.470886     65535.0000000000
802.779907     65535.0000000000
803.088867     65535.0000000000
803.397827     65535.0000000000
803.706787     65535.0000000000
804.015686     65535.0000000000
804.324463     65535.0000000000
804.633179     65535.0000000000
804.941956     65535.0000000000
805.250610     65535.0000000000
805.559204     65535.0000000000
805.867676     65535.0000000000
806.176270     65535.0000000000
806.484680     65535.0000000000
806.793091     65535.0000000000
807.101440     65535.0000000000
807.409729     65535.0000000000
807.718018     65535.0000000000
808.026184     65535.0000000000
808.334351     65535.0000000000
808.642456     65535.0000000000
808.950439     65535.0000000000
809.258484     65535.0000000000
809.566467     65535.0000000000
809.874329     65535.0000000000
810.182190     65535.0000000000
810.489990     65535.0000000000
810.797791     65535.0000000000
811.105469     65535.0000000000
811.413147     65535.0000000000
811.720642     65535.0000000000
812.028198     65535.0000000000
812.335693     65535.0000000000
812.643188     65535.0000000000
812.950562     65535.0000000000
813.257935     65535.0000000000
813.565186     65535.0000000000
813.872498     65535.0000000000
814.179626     65535.0000000000
814.486816     65535.0000000000
814.793823     65535.0000000000
815.100830     65535.0000000000
815.407837     65535.0000000000
815.714783     65535.0000000000
816.021667     65535.0000000000
816.328552     65535.0000000000
816.635315     65535.0000000000
816.942078     65535.0000000000
817.248779     65535.0000000000
817.555359     65535.0000000000
817.861938     65535.0000000000
818.168457     65535.0000000000
818.474976     65535.0000000000
818.781372     65535.0000000000
819.087769     65535.0000000000
819.394104     65535.0000000000
819.700378     65535.0000000000
820.006592     65535.0000000000
820.312744     65535.0000000000
820.618896     65535.0000000000
820.924927     65535.0000000000
821.230957     65535.0000000000
821.536926     65535.0000000000
821.842896     65535.0000000000
822.148804     65535.0000000000
822.454590     65535.0000000000
822.760376     65535.0000000000
823.066040     65535.0000000000
823.371704     65535.0000000000
823.677307     65535.0000000000
823.982910     65535.0000000000
824.288391     65535.0000000000
824.593872     65535.0000000000
824.899292     65535.0000000000
825.204651     65535.0000000000
825.509949     65535.0000000000
825.815186     65535.0000000000
826.120422     65535.0000000000
826.425598     65535.0000000000
826.730652     65535.0000000000
827.035706     65535.0000000000
827.340759     65535.0000000000
827.645630     65535.0000000000
827.950623     65535.0000000000
828.255432     65535.0000000000
828.560242     65535.0000000000
828.864990     65535.0000000000
829.169739     65535.0000000000
829.474304     65535.0000000000
829.778870     65535.0000000000
830.083435     65535.0000000000
830.387878     65535.0000000000
830.692383     65535.0000000000
830.996765     65535.0000000000
831.301086     65535.0000000000
831.605408     65535.0000000000
831.909668     65535.0000000000
832.213867     65535.0000000000
832.517883     65535.0000000000
832.821960     65535.0000000000
833.126038     65535.0000000000
833.429993     65535.0000000000
833.733948     65535.0000000000
834.037842     65535.0000000000
834.341614     65535.0000000000
834.645386     65535.0000000000
834.949158     65535.0000000000
835.252808     65535.0000000000
835.556335     65535.0000000000
835.859924     65535.0000000000
836.163513     65535.0000000000
836.466980     65535.0000000000
836.770325     65535.0000000000
837.073730     65535.0000000000
837.377075     65535.0000000000
837.680298     65535.0000000000
837.983521     65535.0000000000
838.286682     65535.0000000000
838.589722     65535.0000000000
838.892761     65535.0000000000
839.195801     65535.0000000000
839.498779     65535.0000000000
839.801636     65535.0000000000
840.104492     65535.0000000000
840.407288     65535.0000000000
840.710022     65535.0000000000
841.012695     65535.0000000000
841.315369     65535.0000000000
841.617920     65535.0000000000
841.920410     65535.0000000000
842.222961     65535.0000000000
842.525391     65535.0000000000
842.827759     65535.0000000000
843.130127     65535.0000000000
843.432373     65535.0000000000
843.734619     65535.0000000000
844.036804     65535.0000000000
844.338867     65535.0000000000
844.640930     65535.0000000000
844.942993     65535.0000000000
845.244934     65535.0000000000
845.546814     65535.0000000000
845.848755     65535.0000000000
846.150513     65535.0000000000
846.452332     65535.0000000000
846.754028     65535.0000000000
847.055664     65535.0000000000
847.357239     65535.0000000000
847.658813     65535.0000000000
847.960327     65535.0000000000
848.261780     65535.0000000000
848.563110     65535.0000000000
848.864563     65535.0000000000
849.165771     65535.0000000000
849.467041     65535.0000000000
849.768250     65535.0000000000
850.069397     65535.0000000000
850.370422     65535.0000000000
850.671448     65535.0000000000
850.972473     65535.0000000000
851.273376     65535.0000000000
851.574280     65535.0000000000
851.875122     65535.0000000000
852.175842     65535.0000000000
852.476624     65535.0000000000
852.777222     65535.0000000000
853.077881     65535.0000000000
853.378418     65535.0000000000
853.678955     65535.0000000000
853.979370     65535.0000000000
854.279785     65535.0000000000
854.580200     65535.0000000000
854.880493     65535.0000000000
855.180725     65535.0000000000
855.480957     65535.0000000000
855.781067     65535.0000000000
856.081116     65535.0000000000
856.381165     65535.0000000000
856.681152     65535.0000000000
856.981140     65535.0000000000
857.281006     65535.0000000000
857.580872     65535.0000000000
857.880676     65535.0000000000
858.180420     65535.0000000000
858.480103     65535.0000000000
858.779724     65535.0000000000
859.079224     65535.0000000000
859.378723     65535.0000000000
859.678223     65535.0000000000
859.977661     65535.0000000000
860.277039     65535.0000000000
860.576355     65535.0000000000
860.875610     65535.0000000000
861.174805     65535.0000000000
861.473999     65535.0000000000
861.773071     65535.0000000000
862.072083     65535.0000000000
862.371094     65535.0000000000
862.670044     65535.0000000000
862.968933     65535.0000000000
863.267761     65535.0000000000
863.566589     65535.0000000000
863.865356     65535.0000000000
864.164001     65535.0000000000
864.462646     65535.0000000000
864.761230     65535.0000000000
865.059692     65535.0000000000
865.358154     65535.0000000000
865.656616     65535.0000000000
865.954956     65535.0000000000
866.253357     65535.0000000000
866.551575     65535.0000000000
866.849792     65535.0000000000
867.147949     65535.0000000000
867.446106     65535.0000000000
867.744080     65535.0000000000
868.042053     65535.0000000000
868.340027     65535.0000000000
868.637878     65535.0000000000
868.935791     65535.0000000000
869.233582     65535.0000000000
869.531311     65535.0000000000
869.828979     65535.0000000000
870.126648     65535.0000000000
870.424255     65535.0000000000
870.721741     65535.0000000000
871.019165     65535.0000000000
871.316589     65535.0000000000
871.613953     65535.0000000000
871.911316     65535.0000000000
872.208557     65535.0000000000
872.505798     65535.0000000000
872.802979     65535.0000000000
873.100037     65535.0000000000
873.397156     65251.9062500000
873.694092     64837.2968750000
873.991028     64364.7304687500
874.287964     63901.0820312500
874.584778     63794.0859375000
874.881592     63622.4492187500
875.178284     63517.6796875000
875.474976     63230.1289062500
875.771606     63169.9453125000
876.068237     62864.5585937500
876.364746     62817.7500000000
876.661194     62494.5312500000
876.957581     62400.9101562500
877.253967     62222.5859375000
877.550293     62238.1875000000
877.846497     61957.3242187500
878.142761     61774.5390625000
878.438904     61676.4609375000
878.734985     61464.6953125000
879.031067     61295.2851562500
879.326965     61174.9179687500
879.622925     61074.6093750000
879.918823     60775.9101562500
880.214661     60581.9804687500
880.510498     60466.0664062500
880.806213     60434.8593750000
881.101868     60169.6015625000
881.397522     59507.5625000000
881.693115     59246.7617187500
881.988586     59204.4062500000
882.283997     59070.6640625000
882.579407     59050.6015625000
882.874817     58916.8554687500
883.170105     58696.1757812500
883.465332     58479.9570312500
883.760559     58370.7304687500
884.055725     58170.1132812500
884.350769     57931.6015625000
884.645813     57639.5937500000
884.940857     57427.8281250000
885.235718     57715.3828125000
885.530579     57398.8515625000
885.825439     57325.2929687500
886.120239     57224.9843750000
886.414917     56569.6328125000
886.709595     56565.1757812500
887.004272     55938.8046875000
887.298767     56065.8593750000
887.593323     55528.6523437500
887.887756     55468.4687500000
888.182129     55274.5390625000
888.476440     54958.0078125000
888.770752     54741.7851562500
889.065002     54801.9726562500
