0.007440
191.033081         0.0000000000
191.409973         0.0000000000
191.786819      1022.5319213867
192.163651      1043.4473876953
192.540451      1089.9261474609
192.917221      1087.6021728516
193.293961      1164.2919921875
193.670670      1082.9542236328
194.047348      1141.0527343750
194.423981      1103.8697509766
194.800613      1108.5175781250
195.177200      1154.9963378906
195.553757      1036.4755859375
195.930283      1117.8133544922
196.306778      1069.0106201172
196.683258      1131.7569580078
197.059677      1094.5739746094
197.436081      1124.7851562500
197.812454      1154.9963378906
198.188812      1134.0809326172
198.565125      1208.4467773438
198.941406      1152.6723632813
199.317673      1117.8133544922
199.693893      1096.8979492188
200.070099      1108.5175781250
200.446259      1131.7569580078
200.822388      1134.0809326172
201.198486      1096.8979492188
201.574570      1124.7851562500
201.950607      1148.0245361328
202.326614      1048.0952148438
202.702606      1110.8415527344
203.078568      1161.9681396484
203.454483      1136.4047851563
203.830383      1080.6303710938
204.206253      1129.4329833984
204.582077      1143.3765869141
204.957870      1038.7994384766
205.333633      1110.8415527344
205.709396      1038.7994384766
206.085098      1045.7712402344
206.460785      1069.0106201172
206.836426      1108.5175781250
207.212051      1041.1234130859
207.587646      1022.5319213867
207.963196      1175.9117431641
208.338730      1117.8133544922
208.714218      1080.6303710938
209.089691      1127.1090087891
209.465134      1082.9542236328
209.840530      1043.4473876953
210.215897      1171.2639160156
210.591263      1122.4611816406
210.966583      1101.5457763672
211.341858      1124.7851562500
211.717102      1101.5457763672
212.092331      1110.8415527344
212.467529      1101.5457763672
212.842697      1131.7569580078
213.217819      1110.8415527344
213.592926      1120.1372070313
213.968002      1131.7569580078
214.343018      1134.0809326172
214.718033      1175.9117431641
215.093018      1131.7569580078
215.467972      1103.8697509766
215.842880      1055.0670166016
216.217773      1143.3765869141
216.592636      1071.3345947266
216.967453      1092.2500000000
217.342255      1069.0106201172
217.717026      1052.7431640625
218.091766      1089.9261474609
218.466446      1082.9542236328
218.841125      1108.5175781250
219.215759      1089.9261474609
219.590378      1092.2500000000
219.964966      1120.1372070313
220.339508      1129.4329833984
220.714020      1175.9117431641
221.088516      1122.4611816406
221.462967      1027.1798095703
221.837402      1059.7149658203
222.211792      1154.9963378906
222.586166      1094.5739746094
222.960510      1120.1372070313
223.334793      1059.7149658203
223.709061      1103.8697509766
224.083313      1071.3345947266
224.457520      1154.9963378906
224.831696      1075.9824218750
225.205856      1143.3765869141
225.579987      1069.0106201172
225.954056      1164.2919921875
226.328110      1131.7569580078
226.702148      1122.4611816406
227.076126      1145.7005615234
227.450104      1066.6867675781
227.824036      1099.2218017578
228.197937      1080.6303710938
228.571823      1101.5457763672
228.945648      1122.4611816406
229.319473      1159.6441650391
229.693237      1036.4755859375
230.066986      1108.5175781250
230.440704      1085.2781982422
230.814392      1166.6159667969
231.188034      1134.0809326172
231.561661      1122.4611816406
231.935257      1085.2781982422
232.308823      1171.2639160156
232.682343      1124.7851562500
233.055847      1101.5457763672
233.429321      1129.4329833984
233.802750      1138.7287597656
234.176147      1064.3627929688
234.549530      1103.8697509766
234.922882      1066.6867675781
235.296188      1052.7431640625
235.669464      1182.8835449219
236.042725      1085.2781982422
236.415924      1092.2500000000
236.789139      1141.0527343750
237.162292      1094.5739746094
237.535416      1064.3627929688
237.908508      1043.4473876953
238.281570      1036.4755859375
238.654617      1052.7431640625
239.027618      1106.1936035156
239.400574      1094.5739746094
239.773514      1085.2781982422
240.146423      1171.2639160156
240.519302      1099.2218017578
240.892136      1129.4329833984
241.264969      1178.2357177734
241.637726      1129.4329833984
242.010498      1145.7005615234
242.383209      1145.7005615234
242.755905      1150.3483886719
243.128555      1154.9963378906
243.501190      1187.5313720703
243.873779      1129.4329833984
244.246353      1127.1090087891
244.618866      1148.0245361328
244.991379      1099.2218017578
245.363861      1108.5175781250
245.736282      1099.2218017578
246.108688      1129.4329833984
246.481079      1078.3063964844
246.853409      1096.8979492188
247.225723      1089.9261474609
247.598007      1145.7005615234
247.970261      1117.8133544922
248.342468      1138.7287597656
248.714645      1048.0952148438
249.086823      1092.2500000000
249.458954      1078.3063964844
249.831024      1092.2500000000
250.203094      1117.8133544922
250.575134      1180.5595703125
250.947113      1143.3765869141
251.319092      1148.0245361328
251.691025      1094.5739746094
252.062912      1078.3063964844
252.434784      1096.8979492188
252.806641      1113.1654052734
253.178452      1134.0809326172
253.550232      1085.2781982422
253.921967      1134.0809326172
254.293686      1087.6021728516
254.665359      1075.9824218750
255.037003      1043.4473876953
255.408630      1082.9542236328
255.780228      1099.2218017578
256.151764      1050.4191894531
256.523285      1127.1090087891
256.894806      1124.7851562500
257.266235      1089.9261474609
257.637695      1129.4329833984
258.009064      1029.5037841797
258.380432      1092.2500000000
258.751770      1099.2218017578
259.123077      1113.1654052734
259.494385      1082.9542236328
259.865601      1078.3063964844
260.236816      1106.1936035156
260.607941      1141.0527343750
260.979126      1078.3063964844
261.350220      1152.6723632813
261.721344      1050.4191894531
262.092346      1145.7005615234
262.463379      1173.5877685547
262.834351      1043.4473876953
263.205292      1103.8697509766
263.576233      1166.6159667969
263.947144      1127.1090087891
264.317993      1008.5883178711
264.688812      1106.1936035156
265.059631      1161.9681396484
265.430359      1085.2781982422
265.801117      1017.8840942383
266.171783      1141.0527343750
266.542450      1094.5739746094
266.913086      1136.4047851563
267.283691      1129.4329833984
267.654266      1161.9681396484
268.024811      1138.7287597656
268.395325      1089.9261474609
268.765778      1055.0670166016
269.136230      1101.5457763672
269.506653      1069.0106201172
269.877045      1127.1090087891
270.247375      1096.8979492188
270.617676      1078.3063964844
270.987946      1101.5457763672
271.358246      1124.7851562500
271.728424      1120.1372070313
272.098633      1113.1654052734
272.468781      1164.2919921875
272.838867      1101.5457763672
273.209015      1120.1372070313
273.579041      1175.9117431641
273.949066      1064.3627929688
274.319061      1089.9261474609
274.689056      1110.8415527344
275.058960      1164.2919921875
275.428864      1117.8133544922
275.798737      1099.2218017578
276.168579      1075.9824218750
276.538361      1175.9117431641
276.908142      1113.1654052734
277.277832      1145.7005615234
277.647583      1152.6723632813
278.017242      1110.8415527344
278.386902      1103.8697509766
278.756500      1134.0809326172
279.126038      1150.3483886719
279.495636      1080.6303710938
279.865143      1092.2500000000
280.234619      1099.2218017578
280.604065      1082.9542236328
280.973450      1173.5877685547
281.342834      1129.4329833984
281.712189      1161.9681396484
282.081512      1152.6723632813
282.450836      1110.8415527344
282.820038      1134.0809326172
283.189270      1110.8415527344
283.558502      1127.1090087891
283.927612      1113.1654052734
284.296722      1110.8415527344
284.665863      1148.0245361328
285.034912      1122.4611816406
285.403931      1157.3201904297
285.772919      1099.2218017578
286.141876      1113.1654052734
286.510834      1101.5457763672
286.879730      1150.3483886719
287.248596      1075.9824218750
287.617401      1089.9261474609
287.986206      1101.5457763672
288.354950      1115.4893798828
288.723724      1075.9824218750
289.092407      1154.9963378906
289.461060      1110.8415527344
289.829742      1134.0809326172
290.198334      1171.2639160156
290.566925      1164.2919921875
290.935455      1168.9399414063
291.303925      1120.1372070313
291.672394      1168.9399414063
292.040894      1148.0245361328
292.409271      1089.9261474609
292.777679      1129.4329833984
293.145996      1092.2500000000
293.514313      1096.8979492188
293.882599      1106.1936035156
294.250824      1075.9824218750
294.619049      1089.9261474609
294.987244      1129.4329833984
295.355377      1113.1654052734
295.723480      1122.4611816406
296.091614      1050.4191894531
296.459625      1145.7005615234
296.827667      1136.4047851563
297.195648      1087.6021728516
297.563599      1136.4047851563
297.931488      1103.8697509766
298.299408      1106.1936035156
298.667267      1122.4611816406
299.035095      1159.6441650391
299.402893      1208.4467773438
299.770599      1178.2357177734
300.138367      1182.8835449219
300.506042      1089.9261474609
300.873718      1222.3905029297
301.241333      1189.8553466797
301.608917      1131.7569580078
301.976471      1127.1090087891
302.344025      1110.8415527344
302.711487      1166.6159667969
303.078979      1275.8409423828
303.446411      1217.7425537109
303.813782      1141.0527343750
304.181183      1215.4187011719
304.548492      1164.2919921875
304.915771      1229.3623046875
305.283051      1322.3197021484
305.650299      1203.7989501953
306.017456      1261.8973388672
306.384644      1208.4467773438
306.751770      1280.4888916016
307.118896      1278.1649169922
307.485962      1296.7564697266
307.852966      1338.5872802734
308.219971      1361.8266601563
308.586945      1371.1223144531
308.953888      1429.2208251953
309.320801      1357.1787109375
309.687653      1410.6292724609
310.054504      1403.6574707031
310.421326      1494.2910156250
310.788086      1568.6569824219
311.154846      1561.6851806641
311.521515      1573.3048095703
311.888184      1554.7133789063
312.254822      1729.0085449219
312.621429      1677.8819580078
312.988007      1687.1777343750
313.354553      1791.7548828125
313.721039      1833.5856933594
314.087494      1835.9096679688
314.453949      1898.6558837891
314.820343      1889.3601074219
315.186737      1896.3319091797
315.553101      1805.6984863281
315.919373      1917.2474365234
316.285645      2054.3596191406
316.651886      2024.1484375000
317.018066      2063.6552734375
317.384308      2179.8522949219
317.750427      2196.1196289063
318.116516      2277.4575195313
318.482574      2189.1479492188
318.848633      2300.6967773438
319.214661      2312.3166503906
319.580627      2409.9218750000
319.946564      2433.1611328125
320.312439      2528.4426269531
320.678314      2502.8793945313
321.044159      2626.0478515625
321.410004      2461.0483398438
321.775757      2579.5690917969
322.141510      2542.3862304688
322.507202      2535.4143066406
322.872894      2544.7102050781
323.238525      2507.5270996094
323.604156      2656.2590332031
323.969696      2746.8925781250
324.335266      2858.4416503906
324.700745      3035.0607910156
325.066223      2979.2861328125
325.431702      3141.9616699219
325.797089      3151.2575683594
326.162445      3441.7495117188
326.527802      3372.0314941406
326.893097      3474.2846679688
327.258362      3511.4675292969
327.623657      3506.8198242188
327.988861      3520.7634277344
328.353973      3471.9606933594
328.719116      3592.8054199219
329.084259      3650.9038085938
329.449341      3901.8889160156
329.814392      4034.3532714844
330.179352      4069.2124023438
330.544312      4204.0004882813
330.909241      4083.1560058594
331.274170      4224.9160156250
331.639069      4217.9443359375
332.003906      4243.5073242188
332.368713      4385.2675781250
332.733459      4475.9013671875
333.098206      4533.9995117188
333.462921      4408.5068359375
333.827606      4336.4648437500
334.192230      4213.2963867188
334.556824      4427.0986328125
334.921356      4334.1411132813
335.285919      4357.3803710938
335.650452      4373.6479492188
336.014893      4236.5356445313
336.379333      4192.3808593750
336.743744      4087.8037109375
337.108124      4018.0856933594
337.472443      4197.0288085938
337.836731      4094.7756347656
338.201019      4499.1406250000
338.565247      4450.3378906250
338.929413      4527.0278320313
339.293579      4503.7885742188
339.657776      4666.4638671875
340.021851      4724.5625000000
340.385895      4863.9985351563
340.749908      4989.4912109375
341.113922      4905.8295898438
341.477875      4912.8012695313
341.841827      4901.1816406250
342.205688      4970.8994140625
342.569580      5149.8427734375
342.933380      5138.2231445313
343.297211      5254.4199218750
343.660950      5084.7724609375
344.024658      4931.3925781250
344.388367      4761.7451171875
344.752014      4868.6464843750
345.115601      4956.9560546875
345.479218      5073.1528320313
345.842804      5291.6025390625
346.206299      5170.7583007813
346.569763      5321.8139648438
346.933228      5372.9404296875
347.296661      5347.3774414063
347.660034      5070.8286132813
348.023407      5328.7856445313
348.386719      5440.3344726563
348.750000      5352.0249023438
349.113220      5468.2221679688
349.476471      5424.0673828125
349.839661      5626.2495117188
350.202820      5874.9106445313
350.565887      6058.5019531250
350.928955      6163.0791015625
351.292023      6091.0366210938
351.655029      6279.2758789063
352.018036      6202.5859375000
352.380981      6021.3188476563
352.743866      6032.9384765625
353.106720      6181.6704101563
353.469574      6346.6699218750
353.832397      6720.8237304688
354.195160      6688.2885742188
354.557892      7076.3857421875
354.920593      7008.9916992188
355.283234      6918.3579101563
355.645905      7125.1884765625
356.008514      6678.9926757813
356.371094      6593.0068359375
356.733612      6497.7255859375
357.096100      6193.2900390625
357.458588      6086.3891601563
357.820984      6002.7270507813
358.183411      5919.0654296875
358.545746      5702.9394531250
358.908081      5728.5029296875
359.270355      6237.4448242188
359.632629      6676.6689453125
359.994873      7064.7661132813
360.357056      7264.6245117188
360.719208      7160.0473632813
361.081329      6995.0478515625
361.443420      6885.8232421875
361.805481      6837.0205078125
362.167511      6827.7246093750
362.529480      7204.2021484375
362.891418      7364.5537109375
363.253326      7638.7783203125
363.615234      7662.0175781250
363.977081      7866.5239257813
364.338867      8087.2978515625
364.700653      8098.9179687500
365.062378      8019.9038085938
365.424103      8519.5498046875
365.785767      8696.1689453125
366.147430      9312.0126953125
366.509033      9493.2792968750
366.870605      9325.9560546875
367.232117      9569.9697265625
367.593628      9639.6875000000
367.955109      9402.6455078125
368.316559      9312.0126953125
368.677917      9256.2382812500
369.039307      9258.5615234375
369.400635      9623.4199218750
369.761902      9807.0107421875
370.123199      9937.1513671875
370.484436      9918.5595703125
370.845581      9679.1943359375
371.206726      9674.5468750000
371.567871      9946.4472656250
371.928955      9549.0537109375
372.290039      9651.3076171875
372.651062      9123.7734375000
373.011993      9102.8583984375
373.372955      8998.2812500000
373.733887      8526.5224609375
374.094788      8328.9873046875
374.455627      8396.3818359375
374.816406      8665.9580078125
375.177185      8473.0712890625
375.537903      8982.0136718750
375.898651      9460.7441406250
376.259338      9716.3769531250
376.619965      9930.1796875000
376.980530     10104.4746093750
377.341095     10571.5859375000
377.701660     11236.2314453125
378.062134     11536.0195312500
378.422607     12026.3701171875
378.783020     11714.9628906250
379.143402     11438.4140625000
379.503784     11038.6972656250
379.864105     10813.2753906250
380.224396     10643.6279296875
380.584656     10871.3740234375
380.944855     11301.3017578125
381.305054     11117.7109375000
381.665192     10824.8945312500
382.025299     10034.7568359375
382.385406      9219.0546875000
382.745453      8635.7470703125
383.105438      8122.1572265625
383.465424      7810.7495117188
383.825348      7957.1577148438
384.185272      8005.9604492188
384.545135      8798.4228515625
384.904968      9721.0253906250
385.264771     10160.2490234375
385.624512     10085.8828125000
385.984253     10099.8271484375
386.343964     10067.2919921875
386.703613     10288.0654296875
387.063232     10334.5439453125
387.422821     10397.2910156250
387.782379     10176.5166015625
388.141907     10285.7421875000
388.501404     10283.4179687500
388.860840     10487.9238281250
389.220215     10792.3593750000
389.579620     11761.4414062500
389.938995     12212.2851562500
390.298279     12458.6220703125
390.657562     12890.8740234375
391.016785     12983.8320312500
391.376007     13186.0136718750
391.735168     13395.1679687500
392.094299     12918.7617187500
392.453430     12070.5244140625
392.812469     10955.0351562500
393.171478      9444.4765625000
393.530457      8456.8037109375
393.889435      8098.9179687500
394.248383      8749.6201171875
394.607269     10046.3759765625
394.966125     11461.6533203125
395.324921     12435.3828125000
395.683655     12811.8603515625
396.042419     12895.5224609375
396.401154     12051.9335937500
396.759827     10797.0078125000
397.118469      9560.6738281250
397.477051      9827.9267578125
397.835632     11215.3164062500
398.194153     12951.2968750000
398.552673     14661.7138671875
398.911163     15726.0761718750
399.269592     16960.0859375000
399.627960     17415.5781250000
399.986328     17787.4082031250
400.344666     18210.3632812500
400.702942     18496.2089843750
401.061188     18642.6171875000
401.419403     19207.3320312500
401.777588     19474.5859375000
402.135712     19720.9218750000
402.493835     19923.1054687500
402.851929     19832.4726562500
403.209961     19783.6699218750
403.567932     19586.1347656250
403.925903     19374.6562500000
404.283905     19516.4160156250
404.641754     19446.6992187500
404.999634     19518.7402343750
405.357452     19293.3183593750
405.715210     19244.5156250000
406.072998     19139.9394531250
406.430725     18768.1093750000
406.788422     19416.4863281250
407.146027     18914.5175781250
407.503662     19153.8828125000
407.861237     19607.0507812500
408.218781     20229.8652343750
408.576294     19890.5703125000
408.933777     20687.6796875000
409.291168     21212.8906250000
409.648590     20855.0039062500
410.005951     20048.5976562500
410.363312     19346.7695312500
410.720612     19683.7402343750
411.077820     20241.4843750000
411.435059     21194.2988281250
411.792267     21803.1699218750
412.149384     22149.4355468750
412.506531     21800.8457031250
412.863586     22093.6621093750
413.220642     21842.6757812500
413.577606     21624.2265625000
413.934601     21910.0703125000
414.291565     21924.0136718750
414.648468     22123.8730468750
415.005310     22270.2812500000
415.362122     22014.6484375000
415.718903     22014.6484375000
416.075684     22528.2382812500
416.432434     22549.1523437500
416.789093     23130.1367187500
417.145752     22869.8554687500
417.502350     22126.1972656250
417.858948     21970.4921875000
418.215485     21659.0859375000
418.571991     21865.9160156250
418.928467     22028.5917968750
419.284882     22430.6328125000
419.641266     21656.7617187500
419.997650     22095.9863281250
420.354004     21617.2539062500
420.710266     22374.8574218750
421.066528     22544.5058593750
421.422760     23239.3613281250
421.778931     23606.5449218750
422.135071     23141.7578125000
422.491211     22374.8574218750
422.847260     22019.2949218750
423.203308     22168.0273437500
423.559296     22144.7890625000
423.915283     22263.3085937500
424.271210     22216.8300781250
424.627136     22637.4628906250
424.982971     23067.3906250000
425.338776     22825.7011718750
425.694611     22537.5332031250
426.050323     22563.0976562500
426.406036     22577.0410156250
426.761749     22772.2519531250
427.117371     22828.0253906250
427.472961     22335.3515625000
427.828552     21642.8183593750
428.184113     22488.7304687500
428.539581     22149.4355468750
428.895050     21891.4785156250
429.250458     21556.8320312500
429.605865     20880.5664062500
429.961212     20160.1464843750
430.316559     19060.9257812500
430.671814     17924.5195312500
431.027069     17817.6191406250
431.382263     18449.7304687500
431.737457     20139.2304687500
432.092590     22114.5761718750
432.447723     23460.1367187500
432.802734     23485.6992187500
433.157776     23643.7265625000
433.512756     24694.1464843750
433.867706     24078.3027343750
434.222656     23462.4609375000
434.577545     23374.1503906250
434.932373     23557.7421875000
435.287201     24484.9921875000
435.641968     25084.5683593750
435.996704     25714.3535156250
436.351410     26067.5917968750
436.706085     26827.5195312500
437.060699     26437.0976562500
437.415283     26585.8300781250
437.769867     26162.8730468750
438.124420     25784.0722656250
438.478882     25096.1875000000
438.833313     24759.2167968750
439.187714     24668.5839843750
439.542084     25177.5253906250
439.896454     26100.1269531250
440.250732     26081.5371093750
440.605011     26785.6894531250
440.959229     26634.6328125000
441.313416     27617.6582031250
441.667572     28024.3476562500
442.021698     28682.0214843750
442.375793     28826.1054687500
442.729858     29256.0332031250
443.083832     29104.9765625000
443.437836     29070.1191406250
443.791748     29190.9628906250
444.145630     29328.0742187500
444.499542     29511.6660156250
444.853363     30088.0019531250
445.207123     29818.4257812500
445.560883     28895.8222656250
445.914612     29088.7089843750
446.268280     28672.7246093750
446.621918     28716.8808593750
446.975555     29376.8769531250
447.329132     29876.5234375000
447.682678     30380.8183593750
448.036133     31245.3222656250
448.389618     30843.2812500000
448.743042     30917.6484375000
449.096405     31737.9960937500
449.449799     31187.2246093750
449.803101     31417.2929687500
450.156372     31403.3496093750
450.509613     32356.1640625000
450.862823     33264.8242187500
451.216003     33083.5546875000
451.569122     32939.4726562500
451.922211     32751.2324218750
452.275269     31863.4902343750
452.628296     32539.7558593750
452.981293     31124.4785156250
453.334229     31133.7734375000
453.687134     30576.0292968750
454.040009     31224.4062500000
454.392853     31384.7578125000
454.745636     31786.7988281250
455.098419     31556.7304687500
455.451172     32072.6445312500
455.803864     31382.4355468750
456.156464     32309.6855468750
456.509125     32590.8808593750
456.861694     33334.5429687500
457.214264     33090.5273437500
457.566742     33411.2304687500
457.919220     33415.8789062500
458.271667     33102.1484375000
458.624023     32876.7265625000
458.976379     32404.9667968750
459.328705     32435.1777343750
459.681000     33243.9062500000
460.033234     32913.9101562500
460.385468     34089.8203125000
460.737610     33113.7656250000
461.089752     34129.3281250000
461.441864     33971.3007812500
461.793945     34524.3984375000
462.145996     34343.1289062500
462.497955     34838.1289062500
462.849884     34515.1015625000
463.201813     35275.0273437500
463.553680     35509.7460937500
463.905518     35440.0273437500
464.257355     35526.0117187500
464.609100     34533.6914062500
464.960815     34791.6484375000
465.312531     34705.6640625000
465.664185     34668.4804687500
466.015778     35340.0976562500
466.367371     35965.2382812500
466.718903     35904.8164062500
467.070435     35244.8164062500
467.421906     35419.1132812500
467.773346     36021.0117187500
468.124725     36095.3789062500
468.476074     36204.6015625000
468.827393     36859.9531250000
469.178680     36962.2070312500
469.529938     37859.2460937500
469.881134     38112.5546875000
470.232330     37364.2460937500
470.583435     38184.5976562500
470.934540     37968.4687500000
471.285614     38047.4843750000
471.636627     38598.2578125000
471.987610     39876.4218750000
472.338562     40380.7148437500
472.689453     41324.2343750000
473.040375     41535.7109375000
473.391205     40945.4335937500
473.741974     41719.3046875000
474.092773     41972.6132812500
474.443481     43415.7773437500
474.794159     42869.6523437500
475.144806     44594.0117187500
475.495422     43708.5937500000
475.846039     44442.9570312500
476.196533     44319.7890625000
476.547028     44900.7734375000
476.897522     45425.9804687500
477.247925     45237.7421875000
477.598328     46076.6835937500
477.948700     47380.4101562500
478.299011     47698.7890625000
478.649231     47928.8593750000
478.999481     48609.7734375000
479.349701     48849.1406250000
479.699829     49209.3476562500
480.049988     49446.3906250000
480.400055     50073.8554687500
480.750153     49992.5156250000
481.100128     50018.0781250000
481.450104     51105.6796875000
481.800049     50726.8789062500
482.149963     51461.2421875000
482.499786     51742.4414062500
482.849670     51363.6367187500
483.199432     52102.6484375000
483.549194     51510.0468750000
483.898926     51363.6367187500
484.248566     51679.6953125000
484.598206     51335.7500000000
484.947815     51809.8359375000
485.297394     51417.0898437500
485.646912     50524.6992187500
485.996399     49258.1523437500
486.345825     47638.3671875000
486.695282     46739.0039062500
487.044617     47006.2578125000
487.393951     48110.1289062500
487.743286     49369.6992187500
488.092529     50283.0078125000
488.441711     51214.9062500000
488.790955     51749.4101562500
489.140076     51798.2148437500
489.489197     52053.8476562500
489.838257     52565.1132812500
490.187286     53441.2382812500
490.536316     53766.5898437500
490.885254     54173.2773437500
491.234161     53803.7695312500
491.583069     53573.7031250000
491.931915     53069.4062500000
492.280731     52727.7890625000
492.629486     52676.6640625000
492.978210     53076.3789062500
493.326874     53622.5039062500
493.675568     53706.1679687500
494.024200     53775.8828125000
494.372742     54298.7695312500
494.721313     54712.4296875000
495.069824     55079.6132812500
495.418274     55312.0078125000
495.766724     55286.4414062500
496.115112     54865.8085937500
496.463470     55044.7539062500
496.811768     54982.0078125000
497.160034     55546.7226562500
497.508301     55586.2304687500
497.856506     55623.4140625000
498.204651     55353.8359375000
498.552765     55019.1914062500
498.900848     54628.7695312500
499.248901     54949.4726562500
499.596924     55514.1875000000
499.944885     55414.2578125000
500.292816     55077.2890625000
500.640778     55049.4023437500
500.988556     54665.9531250000
501.336426     54445.1796875000
501.684204     54340.6015625000
502.031952     54324.3320312500
502.379700     54126.7968750000
502.727295     54612.5000000000
503.074982     54814.6835937500
503.422546     55209.7539062500
503.770081     55270.1757812500
504.117615     55172.5703125000
504.465088     54921.5859375000
504.812561     55239.9648437500
505.159943     55119.1210937500
505.507294     55927.8476562500
505.854645     56434.4687500000
506.201904     56534.3984375000
506.549194     56622.7070312500
506.896332     56743.5507812500
507.243591     56648.2695312500
507.590698     56246.2265625000
507.937775     56332.2148437500
508.284912     55920.8789062500
508.631836     56311.2968750000
508.978851     56271.7929687500
509.325806     56641.2968750000
509.672699     56910.8750000000
510.019592     56755.1718750000
510.366364     56945.7343750000
510.713196     56680.8046875000
511.059937     56848.1289062500
511.406677     57092.1406250000
511.753326     57350.0976562500
512.099976     57252.4921875000
512.446594     57364.0429687500
512.793091     57289.6757812500
513.139648     57136.2968750000
513.486145     56866.7187500000
513.832520     56692.4257812500
514.179016     56541.3671875000
514.525269     56594.8203125000
514.871704     56594.8203125000
515.217957     56629.6796875000
515.564209     56587.8476562500
515.910522     56701.7187500000
516.256531     56529.7500000000
516.602783     55930.1718750000
516.948853     54889.0507812500
517.294922     53952.5039062500
517.640930     53555.1093750000
517.986877     53943.2070312500
518.332886     54229.0507812500
518.678711     54347.5742187500
519.024658     54456.7968750000
519.370422     54930.8789062500
519.716248     55830.2421875000
520.062073     55972.0039062500
520.407715     56322.9179687500
520.753418     56546.0156250000
521.099060     56673.8320312500
521.444580     56724.9609375000
521.790222     57296.6484375000
522.135681     57533.6875000000
522.481201     57175.8046875000
522.826660     57154.8867187500
523.172058     56683.1289062500
523.517395     56855.1015625000
523.862671     57187.4218750000
524.208069     57515.0976562500
524.553284     57470.9414062500
524.898438     58010.0976562500
525.243591     57724.2500000000
525.588745     57719.6054687500
525.933899     57803.2656250000
526.278931     57457.0000000000
526.623962     56680.8046875000
526.968872     55709.3984375000
527.313904     55391.0195312500
527.658813     55544.3984375000
528.003601     55911.5820312500
528.348450     56594.8203125000
528.693237     56910.8750000000
529.037964     57394.2539062500
529.382751     57566.2226562500
529.727356     57891.5742187500
530.072021     57826.5039062500
530.416626     57354.7460937500
530.761169     57842.7734375000
531.105652     58017.0664062500
531.450134     58163.4765625000
531.794617     58026.3632812500
532.138916     58116.9960937500
532.483337     57447.7031250000
532.827637     57061.9296875000
533.171936     56987.5625000000
533.516174     56699.3945312500
533.860352     56864.3945312500
534.204529     57124.6757812500
534.548645     57226.9296875000
534.892700     57038.6914062500
535.236816     57089.8164062500
535.580750     57596.4335937500
535.924744     57793.9687500000
536.268738     58044.9531250000
536.612549     57615.0273437500
536.956421     57310.5898437500
537.300232     57324.5351562500
537.644043     57173.4804687500
537.987671     57315.2382812500
538.331421     57377.9843750000
538.675049     57447.7031250000
539.018677     57605.7304687500
539.362305     57043.3398437500
539.705750     56836.5078125000
540.049316     56706.3671875000
540.392822     56439.1132812500
540.736145     56302.0039062500
541.079590     56039.3984375000
541.422913     56002.2148437500
541.766235     56657.5664062500
542.109436     56829.5351562500
542.452698     56917.8476562500
542.795898     56931.7890625000
543.138977     56855.1015625000
543.482178     56801.6484375000
543.825195     56685.4531250000
544.168213     57150.2382812500
544.511230     57359.3945312500
544.854187     57296.6484375000
545.197083     57224.6054687500
545.539917     57459.3242187500
545.882813     57382.6328125000
546.225586     57540.6601562500
546.568359     57531.3632812500
546.911133     57398.9023437500
547.253662     57340.8007812500
547.596436     57173.4804687500
547.938965     57440.7304687500
548.281494     56908.5507812500
548.624084     57045.6640625000
548.966492     57536.0117187500
549.308960     57380.3085937500
549.651367     57266.4375000000
549.993713     57501.1523437500
550.336060     57510.4492187500
550.678345     57398.9023437500
551.020630     57371.0117187500
551.362732     57145.5898437500
551.704956     57157.2109375000
552.047058     57343.1250000000
552.389160     57705.6601562500
552.731262     57280.3789062500
553.073181     57426.7890625000
553.415161     57138.6210937500
553.757080     57340.8007812500
554.098999     57366.3671875000
554.440857     57338.4765625000
554.782593     57473.2656250000
555.124390     57454.6757812500
555.466125     57608.0546875000
555.807800     57480.2382812500
556.149414     57415.1679687500
556.491089     57229.2539062500
556.832642     56871.3671875000
557.174133     56620.3828125000
557.515686     56525.1015625000
557.857117     56346.1562500000
558.198486     56564.6093750000
558.539917     56229.9609375000
558.881165     55918.5546875000
559.222534     55704.7500000000
559.563782     55576.9335937500
559.904968     55614.1171875000
560.246216     55635.0312500000
560.587280     55825.5976562500
560.928406     55858.1328125000
561.269470     56192.7773437500
561.610474     55972.0039062500
561.951477     55816.3007812500
562.292297     55560.6679687500
562.633301     55614.1171875000
562.974121     55683.8359375000
563.315002     55697.7812500000
563.655762     56062.6367187500
563.996460     55583.9062500000
564.337158     55716.3710937500
564.677795     55490.9492187500
565.018433     55414.2578125000
565.359009     55140.0351562500
565.699524     55144.6835937500
566.040100     54633.4179687500
566.380493     54484.6835937500
566.720947     54210.4609375000
567.061340     54328.9804687500
567.401611     54449.8242187500
567.742004     54389.4023437500
568.082153     54770.5273437500
568.422424     54191.8671875000
568.762634     53720.1093750000
569.102722     53492.3632812500
569.442810     53490.0390625000
569.782898     53852.5742187500
570.122986     53415.6757812500
570.462830     53190.2539062500
570.802856     53246.0273437500
571.142761     52576.7343750000
571.482605     52509.3398437500
571.822449     52606.9453125000
572.162170     52762.6484375000
572.501953     52899.7617187500
572.841675     52909.0546875000
573.181274     53057.7890625000
573.520996     52999.6914062500
573.860474     52929.9726562500
574.200073     53194.8984375000
574.539551     52588.3515625000
574.878967     52818.4218750000
575.218384     52537.2265625000
575.557739     52311.8046875000
575.897156     51972.5078125000
576.236450     51949.2695312500
576.575684     51926.0312500000
576.914856     51774.9765625000
577.254089     51814.4804687500
577.593262     52084.0585937500
577.932251     51526.3125000000
578.271362     51268.3554687500
578.610352     51268.3554687500
578.949341     51358.9921875000
579.288330     51503.0742187500
579.627197     51282.3007812500
579.966064     51233.4960937500
580.304871     51159.1328125000
580.643677     51640.1875000000
580.982483     51068.5000000000
581.321045     51212.5820312500
581.659790     51328.7812500000
581.998413     51535.6093750000
582.336914     51702.9335937500
582.675476     51463.5664062500
583.013916     51902.7929687500
583.352478     51779.6210937500
583.690796     51654.1289062500
584.029175     51142.8632812500
584.367493     51521.6679687500
584.705811     51823.7773437500
585.044128     51549.5546875000
585.382202     50868.6406250000
585.720459     50954.6250000000
586.058594     50659.4843750000
586.396667     50210.9648437500
586.734802     50324.8398437500
587.072693     50522.3750000000
587.410767     50345.7539062500
587.748657     50482.8671875000
588.086487     50155.1914062500
588.424316     49799.6289062500
588.762146     48725.9726562500
589.099976     47631.3984375000
589.437622     46745.9765625000
589.775391     45781.5429687500
590.113037     45744.3593750000
590.450623     46529.8515625000
590.788208     46764.5703125000
591.125671     47473.3710937500
591.463196     47826.6093750000
591.800659     47840.5507812500
592.138062     47756.8906250000
592.475464     47935.8320312500
592.812683     48298.3671875000
593.150024     48219.3515625000
593.487244     48165.9023437500
593.824402     48447.0976562500
594.161621     48481.9570312500
594.498657     48505.1953125000
594.835815     47875.4101562500
595.172852     47591.8906250000
595.509827     47789.4257812500
595.846741     48293.7187500000
596.183655     48321.6054687500
596.520630     48307.6640625000
596.857422     48428.5078125000
597.194214     48142.6640625000
597.530945     48384.3515625000
597.867615     47645.3398437500
598.204346     48372.7343750000
598.540955     47959.0703125000
598.877563     48519.1406250000
599.214111     47986.9609375000
599.550598     48024.1406250000
599.887085     48221.6757812500
600.223450     48291.3945312500
600.559937     47817.3125000000
600.896240     47601.1875000000
601.232544     47696.4687500000
601.568787     47401.3281250000
601.905029     47178.2304687500
602.241272     47171.2578125000
602.577271     46955.1328125000
602.913452     47229.3554687500
603.249512     47196.8203125000
603.585510     46608.8632812500
603.921509     47594.2148437500
604.257385     47935.8320312500
604.593323     47475.6914062500
604.929199     47840.5507812500
605.264954     47031.8203125000
605.600830     46871.4687500000
605.936462     46934.2148437500
606.272217     47254.9179687500
606.607849     46694.8515625000
606.943420     46678.5820312500
607.278992     46562.3867187500
607.614502     46676.2578125000
607.950012     46334.6406250000
608.285461     46102.2460937500
608.620850     46346.2617187500
608.956177     45658.3750000000
609.291504     45423.6562500000
609.626831     45676.9648437500
609.962036     45147.1093750000
610.297302     45405.0664062500
610.632446     44903.0976562500
610.967529     44933.3085937500
611.302673     44930.9843750000
611.637634     44965.8437500000
611.972656     44635.8437500000
612.307617     44875.2070312500
612.642517     44264.0117187500
612.977356     44359.2929687500
613.312195     44324.4375000000
613.646973     44047.8867187500
613.981750     44080.4218750000
614.316406     43713.2421875000
614.651062     43961.9023437500
614.985657     43769.0156250000
615.320313     43831.7617187500
615.654846     43325.1445312500
615.989319     43422.7500000000
616.323792     42758.1015625000
616.658203     42732.5390625000
616.992615     42537.3281250000
617.326904     42625.6367187500
617.661194     42509.4414062500
617.995483     43018.3828125000
618.329712     43071.8320312500
618.663940     43169.4375000000
618.997925     43018.3828125000
619.332092     42816.1992187500
619.666077     42813.8789062500
620.000061     42946.3398437500
620.334045     43185.7070312500
620.667969     42920.7773437500
621.001892     42797.6093750000
621.335632     42876.6250000000
621.669495     42235.2187500000
622.003296     42337.4687500000
622.336914     42318.8789062500
622.670654     41923.8085937500
623.004272     41786.6953125000
623.337891     41579.8671875000
623.671387     41233.6015625000
624.004883     41063.9531250000
624.338440     40736.2773437500
624.671753     40938.4609375000
625.005249     40041.4218750000
625.338562     40457.4062500000
625.671814     40101.8437500000
626.005066     39574.3085937500
626.338257     39627.7617187500
626.671509     40053.0390625000
627.004578     39932.1953125000
627.337708     39757.9023437500
627.670776     39056.0703125000
628.003723     38616.8476562500
628.336731     38398.3984375000
628.669556     38607.5507812500
629.002502     38563.3984375000
629.335327     38447.1992187500
629.668152     38251.9921875000
630.000916     37891.7812500000
630.333618     37533.8945312500
630.666321     37996.3554687500
630.998962     37631.5000000000
631.331482     37403.7539062500
631.664063     37289.8789062500
631.996521     37275.9375000000
632.329102     36945.9375000000
632.661499     36931.9960937500
632.993835     37187.6289062500
633.326172     36762.3476562500
633.658447     36890.1640625000
633.990784     37341.0078125000
634.322937     37341.0078125000
634.655212     36708.8984375000
634.987244     36983.1210937500
635.319397     36748.4023437500
635.651489     36583.4023437500
635.983398     36471.8554687500
636.315430     36866.9257812500
636.647278     36416.0820312500
636.979187     36485.7968750000
637.311035     36244.1093750000
637.642761     36392.8398437500
637.974609     36799.5312500000
638.306335     36618.2617187500
638.637939     36713.5429687500
638.969604     36153.4765625000
639.301147     36225.5195312500
639.632751     36271.9960937500
639.964233     35681.7148437500
640.295715     35746.7851562500
640.627075     35546.9296875000
640.958496     35263.4101562500
641.289917     35660.8007812500
641.621094     34958.9726562500
641.952393     35172.7734375000
642.283569     34870.6640625000
642.614746     34696.3671875000
642.945923     35077.4921875000
643.276917     35121.6484375000
643.608093     34891.5781250000
643.939026     34526.7187500000
644.269958     34652.2148437500
644.600891     34591.7890625000
644.931763     34775.3828125000
645.262634     34610.3828125000
645.593384     34440.7343750000
645.924133     34061.9335937500
646.254822     33945.7382812500
646.585510     33497.2148437500
646.916199     33374.0468750000
647.246704     33190.4570312500
647.577271     33283.4140625000
647.907715     32725.6699218750
648.238220     32602.5019531250
648.568665     32200.4609375000
648.898987     32648.9804687500
649.229309     32228.3476562500
649.559570     32172.5722656250
649.889832     31907.6445312500
650.220093     31814.6875000000
650.550171     32270.1777343750
650.880310     32360.8125000000
651.210388     32579.2617187500
651.540405     32630.3886718750
651.870422     31949.4746093750
652.200317     31828.6308593750
652.530273     32119.1230468750
652.860046     32128.4179687500
653.189941     32160.9531250000
653.519775     31979.6855468750
653.849426     32360.8125000000
654.179199     32272.5019531250
654.508789     31919.2636718750
654.838440     31784.4765625000
655.168030     31161.6601562500
655.497498     31259.2656250000
655.827026     30118.2128906250
656.156372     29065.4707031250
656.485840     28440.3320312500
656.815247     27836.1074218750
657.144470     27303.9257812500
657.473755     28001.1074218750
657.802979     28491.4589843750
658.132202     29472.1601562500
658.461243     29667.3691406250
658.790466     29955.5371093750
659.119507     30299.4804687500
659.448486     30192.5800781250
659.777527     30160.0449218750
660.106384     30273.9179687500
660.435242     30652.7187500000
660.764160     30485.3945312500
661.092896     30501.6621093750
661.421692     30627.1562500000
661.750427     30854.9003906250
662.079102     30692.2265625000
662.407715     30585.3242187500
662.736328     30806.0976562500
663.064880     30596.9433593750
663.393311     30304.1289062500
663.721802     30192.5800781250
664.050232     29899.7636718750
664.378601     29857.9316406250
664.706970     29711.5253906250
665.035217     29764.9746093750
665.363525     29541.8769531250
665.691650     29613.9199218750
666.019897     29555.8203125000
666.347961     29709.2011718750
666.676086     28949.2734375000
667.004150     29342.0195312500
667.332092     28840.0488281250
667.660095     29353.6386718750
667.987915     28998.0761718750
668.315796     28733.1484375000
668.643677     28893.5000000000
668.971436     28805.1894531250
669.299133     28496.1054687500
669.626892     28754.0625000000
669.954468     28500.7539062500
670.282104     28149.8398437500
670.609619     28131.2480468750
670.937256     28019.6992187500
671.264587     27538.6445312500
671.592163     27671.1093750000
671.919495     27624.6308593750
672.246887     27308.5742187500
672.574097     27443.3632812500
672.901489     27106.3925781250
673.228699     26883.2949218750
673.555847     26778.7167968750
673.882996     26818.2246093750
674.210022     26567.2382812500
674.537109     26286.0429687500
674.864136     26395.2675781250
675.191101     26128.0156250000
675.518005     26095.4804687500
675.844849     25951.3964843750
676.171692     25877.0292968750
676.498535     25579.5664062500
676.825256     25672.5234375000
677.151978     25865.4101562500
677.478577     25435.4824218750
677.805237     25658.5800781250
678.131836     25337.8769531250
678.458435     25430.8339843750
678.784851     25017.1738281250
679.111328     25170.5527343750
679.437744     24854.4980468750
679.764099     24842.8789062500
680.090454     24979.9902343750
680.416687     24510.5546875000
680.742920     24519.8515625000
681.069153     24254.9218750000
681.395203     24131.7539062500
681.721313     24257.2460937500
682.047485     24048.0917968750
682.373474     24020.2050781250
682.699402     23829.6425781250
683.025391     23873.7968750000
683.351196     23481.0507812500
683.677063     23339.2910156250
684.002930     23316.0527343750
684.328674     23085.9824218750
684.654358     22997.6738281250
684.980042     22841.9687500000
685.305603     22637.4628906250
685.631287     22888.4472656250
685.956787     22530.5625000000
686.282288     22398.0976562500
686.607788     21696.2695312500
686.933167     20708.5957031250
687.258545     19583.8105468750
687.583923     18807.6152343750
687.909180     17998.8867187500
688.234375     18400.9277343750
688.559631     18382.3359375000
688.884766     18545.0117187500
689.209839     18756.4902343750
689.534973     18812.2636718750
689.859924     18240.5761718750
690.184937     18586.8417968750
690.509827     18170.8574218750
690.834717     19079.5156250000
691.159668     19007.4746093750
691.484436     19074.8691406250
691.809204     19246.8398437500
692.133911     19167.8261718750
692.458557     19539.6562500000
692.783142     18998.1777343750
693.107849     18991.2070312500
693.432312     19002.8261718750
693.756836     19021.4179687500
694.081238     18579.8691406250
694.405701     18589.1660156250
694.730164     18577.5468750000
695.054443     18312.6171875000
695.378723     18194.0976562500
695.702942     18256.8437500000
696.027100     18282.4062500000
696.351257     18396.2792968750
696.675476     18563.6035156250
696.999512     18605.4335937500
697.323486     18984.2343750000
697.647461     18656.5605468750
697.971375     19079.5156250000
698.295349     18656.5605468750
698.619202     18414.8710937500
698.942993     18512.4765625000
699.266724     18449.7304687500
699.590393     18156.9140625000
699.914124     18115.0820312500
700.237793     17996.5625000000
700.561340     17887.3378906250
700.884949     17615.4375000000
701.208374     17715.3652343750
701.531860     17564.3105468750
701.855286     17617.7597656250
702.178650     17355.1562500000
702.501953     17278.4667968750
702.825195     17578.2539062500
703.148499     17380.7187500000
703.471680     17515.5078125000
703.794861     17564.3105468750
704.117981     17638.6757812500
704.440979     17566.6347656250
704.764038     17647.9726562500
705.086975     17757.1972656250
705.409851     17682.8300781250
705.732849     17603.8164062500
706.055664     17629.3808593750
706.378479     17578.2539062500
706.701233     17406.2832031250
707.023926     17578.2539062500
707.346619     17399.3105468750
707.669250     17529.4511718750
707.991821     17396.9863281250
708.314392     17729.3085937500
708.636841     17413.2539062500
708.959290     17234.3105468750
709.281738     17550.3671875000
709.604065     17336.5644531250
709.926392     17308.6777343750
710.248657     17664.2382812500
710.570862     17125.0859375000
710.893066     17508.5351562500
711.215210     17452.7617187500
711.537292     17489.9433593750
711.859314     17394.6621093750
712.181335     17320.2968750000
712.503357     17001.9179687500
712.825256     16906.6367187500
713.147156     16925.2265625000
713.468994     16853.1855468750
713.790771     16820.6503906250
714.112488     16757.9042968750
714.434143     16743.9609375000
714.755859     16969.3828125000
715.077515     16618.4687500000
715.399109     16460.4394531250
715.720581     16509.2421875000
716.042053     16209.4550781250
716.363525     16028.1884765625
716.684875     15837.6250000000
717.006287     15193.8955078125
717.327576     14673.3330078125
717.648804     14117.9121093750
717.969971     13478.8300781250
718.291260     13188.3378906250
718.612366     12602.7060546875
718.933411     12444.6787109375
719.254395     12193.6933593750
719.575439     12144.8906250000
719.896362     11919.4687500000
720.217285     11422.1464843750
720.538147     11631.3007812500
720.859009     12003.1308593750
721.179749     12144.8906250000
721.500488     12835.0996093750
721.821228     13192.9863281250
722.141785     13455.5908203125
722.462402     13748.4062500000
722.782959     13650.8017578125
723.103455     13694.9560546875
723.423950     13720.5195312500
723.744385     13374.2529296875
724.064758     12990.8037109375
724.385071     12774.6777343750
724.705322     12495.8046875000
725.025574     12477.2138671875
725.345825     12453.9746093750
725.665955     12516.7207031250
725.986023     12379.6083984375
726.306091     12395.8759765625
726.626099     12498.1289062500
726.946045     12574.8193359375
727.266052     12270.3828125000
727.585938     12293.6230468750
727.905762     12284.3271484375
728.225525     12037.9892578125
728.545288     12084.4687500000
728.864990     12395.8759765625
729.184692     12358.6923828125
729.504333     12110.0312500000
729.823853     12154.1865234375
730.143372     12272.7070312500
730.462891     12244.8203125000
730.782410     12130.9472656250
731.101746     12277.3554687500
731.421143     12165.8056640625
731.740417     12349.3974609375
732.059631     12219.2568359375
732.378845     12625.9453125000
732.698059     12828.1279296875
733.017212     12779.3251953125
733.336304     12777.0009765625
733.655273     13269.6757812500
733.974304     13441.6474609375
734.293335     13497.4218750000
734.612183     13397.4921875000
734.931030     13295.2392578125
735.249878     13374.2529296875
735.568665     13295.2392578125
735.887329     13341.7177734375
736.206055     13299.8867187500
736.524658     13388.1962890625
736.843262     13241.7890625000
737.161804     13083.7607421875
737.480286     13190.6621093750
737.798828     13432.3515625000
738.117249     13190.6621093750
738.435608     13448.6191406250
738.753906     13060.5214843750
739.072205     13090.7324218750
739.390442     13158.1269531250
739.708618     13083.7607421875
740.026733     13032.6347656250
740.344849     13107.0000000000
740.662903     13079.1132812500
740.980957     12914.1132812500
741.298889     13109.3242187500
741.616821     12839.7480468750
741.934692     12995.4511718750
742.252502     12821.1562500000
742.570313     12904.8173828125
742.888062     12804.8886718750
743.205750     12788.6210937500
743.523438     13148.8310546875
743.841003     12767.7060546875
744.158569     12779.3251953125
744.476074     12946.6484375000
744.793518     12684.0439453125
745.111023     12628.2695312500
745.428345     12693.3398437500
745.745728     12893.1982421875
746.062988     12658.4804687500
746.380249     12544.6074218750
746.697449     12370.3125000000
747.014648     12509.7490234375
747.331726     12586.4384765625
747.648804     12200.6650390625
747.965759     12440.0302734375
748.282776     12386.5800781250
748.599731     12323.8339843750
748.916626     12142.5664062500
749.233459     12026.3701171875
749.550232     11924.1171875000
749.867004     12007.7783203125
750.183655     12014.7500000000
750.500366     11812.5673828125
750.816956     11689.3994140625
751.133545     11647.5683593750
751.450073     11638.2724609375
751.766479     11566.2304687500
752.083008     11477.9208984375
752.399414     11208.3447265625
752.715698     11403.5546875000
753.032043     11185.1054687500
753.348328     11054.9648437500
753.664429     11247.8515625000
753.980713     11122.3583984375
754.296814     11096.7958984375
754.612854     11036.3730468750
754.928833     11201.3730468750
755.244873     10966.6552734375
755.560852     10994.5419921875
755.876709     10989.8945312500
756.192505     10743.5576171875
756.508362     10790.0361328125
756.824097     10792.3593750000
757.139771     10736.5849609375
757.455505     10648.2753906250
757.771118     10738.9091796875
758.086670     10629.6845703125
758.402222     10448.4169921875
758.717712     10483.2763671875
759.033081     10269.4746093750
759.348511      9804.6865234375
759.663879      9232.9990234375
759.979187      8177.9316406250
760.294434      7004.3437500000
760.609619      5837.7280273438
760.924805      4922.0966796875
761.239929      4606.0415039063
761.554993      4371.3242187500
761.869995      4645.5483398438
762.184998      5033.6459960938
762.499939      5328.7856445313
762.814880      5393.8559570313
763.129700      5242.8002929688
763.444519      5372.9404296875
763.759277      5168.4340820313
764.073975      5352.0249023438
764.388672      5575.1230468750
764.703308      5716.8833007813
765.017883      6000.4033203125
765.332397      6230.4731445313
765.646851      6481.4580078125
765.961304      6746.3867187500
766.275696      6995.0478515625
766.590088      7336.6665039063
766.904358      7738.7075195313
767.218628      7736.3837890625
767.532776      8240.6777343750
767.846924      8545.1132812500
768.161072      8863.4931640625
768.475159      8768.2109375000
768.789185      8896.0283203125
769.103149      8814.6904296875
769.417114      9298.0683593750
769.731079      9479.3359375000
770.044861      9323.6318359375
770.358643      9414.2656250000
770.672363      9316.6601562500
770.986084      9574.6171875000
771.299683      9588.5605468750
771.613403      9356.1669921875
771.927002      9172.5761718750
772.240479      9246.9423828125
772.553955      9061.0273437500
772.867371      9253.9140625000
773.180847      9391.0263671875
773.494141      9195.8154296875
773.807434      9156.3085937500
774.120667      9251.5898437500
774.433899      9228.3505859375
774.747009      9202.7871093750
775.060181      9242.2939453125
775.373230      9186.5195312500
775.686218      9079.6191406250
775.999207      9123.7734375000
776.312073      9091.2382812500
776.624939      9005.2529296875
776.937866      9186.5195312500
777.250671      8947.1542968750
777.563416      8986.6611328125
777.876099      8963.4218750000
778.188721      8833.2812500000
778.501343      8865.8164062500
778.813904      8812.3662109375
779.126404      8640.3945312500
779.438904      8617.1552734375
779.751282      8559.0566406250
780.063660      8740.3242187500
780.376038      8596.2402343750
780.688293      8686.8740234375
781.000549      8577.6484375000
781.312683      8559.0566406250
781.624817      8466.0996093750
781.937012      8535.8173828125
782.249023      8459.1279296875
782.561035      8463.7753906250
782.872986      8394.0576171875
783.184937      8163.9877929688
783.496765      8380.1142578125
783.808655      8245.3261718750
784.120422      8078.0024414063
784.432129      8170.9599609375
784.743774      7903.7070312500
785.055420      7882.7915039063
785.367004      7945.5380859375
785.678589      7882.7915039063
785.990051      7859.5522460938
786.301514      7675.9614257813
786.612976      7734.0595703125
786.924316      7648.0742187500
787.235657      7571.3842773438
787.546936      7675.9614257813
787.858154      7543.4970703125
788.169312      7529.5532226563
788.480408      7422.6523437500
788.791504      7376.1733398438
789.102600      7338.9907226563
789.413513      7246.0332031250
789.724487      7125.1884765625
790.035400      7120.5405273438
790.346191      6992.7241210938
790.657043      6869.5556640625
790.967834      7164.6953125000
791.278564      7013.6396484375
791.589172      6825.4008789063
791.899780      6711.5278320313
792.210327      6855.6118164063
792.520935      6809.1333007813
792.831421      6809.1333007813
793.141846      6674.3447265625
793.452209      6555.8242187500
793.762573      6725.4711914063
794.072815      6755.6826171875
794.383118      6748.7109375000
794.693359      6774.2739257813
795.003479      6604.6269531250
795.313538      6369.9091796875
795.623596      6493.0776367188
795.933716      6483.7822265625
796.243652      6490.7539062500
796.553589      6353.6416015625
796.863464      6314.1347656250
797.173218      6295.5434570313
797.483032      6309.4868164063
797.792786      6316.4584960938
798.102478      6288.5712890625
798.412109      6455.8950195313
798.721741      6100.3325195313
799.031250      6223.5009765625
799.340820      6269.9799804688
799.650269      6104.9804687500
799.959656      6388.5004882813
800.269043      6044.5581054688
800.578369      6028.2905273438
800.887573      5858.6430664063
801.196899      5998.0795898438
801.505981      5995.7553710938
801.815186      5788.9252929688
802.124207      5807.5166015625
802.433289      5751.7421875000
802.742188      5870.2626953125
803.051270      5770.3334960938
803.360168      5865.6152343750
803.668945      5737.7983398438
803.977783      5698.2915039063
804.286499      5609.9819335938
804.595276      5758.7138671875
804.903931      5735.4746093750
805.212524      5677.3759765625
805.521057      5735.4746093750
805.829590      5626.2495117188
806.138062      5579.7709960938
806.446533      5709.9111328125
806.754944      5728.5029296875
807.063293      5563.5034179688
807.371521      5623.9257812500
807.679749      5649.4887695313
807.987976      5596.0385742188
808.296143      5533.2919921875
808.604248      5542.5878906250
808.912292      5505.4047851563
809.220276      5273.0112304688
809.528198      5370.6166992188
809.836182      5298.5747070313
810.144043      5396.1796875000
810.451843      5170.7583007813
810.759644      5035.9697265625
811.067322      5159.1381835938
811.375061      5189.3496093750
811.682678      5089.4204101563
811.990295      5003.4345703125
812.297791      4947.6601562500
812.605286      5040.6176757813
812.912720      4843.0830078125
813.220154      4717.5903320313
813.527527      4673.4355468750
813.834839      4652.5205078125
814.142029      4485.1967773438
814.449219      4438.7182617188
814.756409      4266.7470703125
815.063538      4296.9580078125
815.370605      4120.3388671875
815.677612      4118.0151367188
815.984619      4008.7900390625
816.291504      4048.2968750000
816.598389      3994.8464355469
816.905273      3969.2829589844
817.212036      3846.1145019531
817.518738      3927.4521484375
817.825439      3871.6777343750
818.132080      4020.4096679688
818.438721      3808.9313964844
818.745239      3855.4101562500
819.051758      3829.8469238281
819.358215      3980.9028320313
819.664612      3815.9033203125
819.971008      3899.5649414063
820.277344      3869.3537597656
820.583557      3825.1989746094
820.889771      4020.4096679688
821.195923      4155.1977539063
821.502075      4162.1699218750
821.808167      4241.1835937500
822.114197      4148.2260742188
822.420166      4192.3808593750
822.726074      3990.1984863281
823.031921      3776.3964843750
823.337769      3476.6086425781
823.643677      3397.5947265625
823.949402      3571.8898925781
824.255066      3713.6501464844
824.560730      3690.4106445313
824.866272      3778.7202148438
825.171936      3904.2128906250
825.477356      4080.8320312500
825.782837      3992.5224609375
826.088257      4043.6489257813
826.393616      3904.2128906250
826.698914      3915.8325195313
827.004272      3878.6496582031
827.309448      4178.4375000000
827.614624      4029.7053222656
827.919739      3825.1989746094
828.224854      3848.4384765625
828.529907      3799.6357421875
828.834839      3653.2277832031
829.139832      3790.3400878906
829.444702      3699.7065429688
829.749512      3660.1994628906
830.054260      3829.8469238281
830.359131      3757.8049316406
830.663818      3762.4526367188
830.968506      3713.6501464844
831.273071      3762.4526367188
831.577576      3674.1430664063
831.882080      3732.2414550781
832.186646      3764.7766113281
832.491028      3613.7209472656
832.795410      3625.3405761719
833.099731      3674.1430664063
833.403931      3669.4953613281
833.708191      3592.8054199219
834.012390      3683.4389648438
834.316467      3669.4953613281
834.620605      3650.9038085938
834.924622      3683.4389648438
835.228577      3660.1994628906
835.532593      3709.0021972656
835.836426      3797.3117675781
836.140320      3774.0725097656
836.444031      3746.1853027344
836.747803      3702.0305175781
837.051514      3657.8757324219
837.355225      3636.9602050781
837.658752      3755.4809570313
837.962341      3732.2414550781
838.265808      3625.3405761719
838.569336      3743.8613281250
838.872742      3699.7065429688
839.176147      3620.6926269531
839.479370      3643.9318847656
839.782715      3718.2978515625
840.085876      3571.8898925781
840.389038      3653.2277832031
840.692261      3681.1149902344
840.995300      3599.7770996094
841.298340      3743.8613281250
841.601257      3520.7634277344
841.904236      3569.5659179688
842.207153      3588.1574707031
842.509949      3499.8479003906
842.812805      3616.0446777344
843.115540      3667.1713867188
843.418152      3541.6787109375
843.720825      3467.3127441406
844.023438      3404.5666503906
844.325989      3469.6367187500
844.628540      3518.4394531250
844.930969      3497.5239257813
845.233337      3539.3549804688
845.535767      3385.9750976563
845.838013      3330.2006835938
846.140259      3460.3410644531
846.442505      3488.2282714844
846.744690      3485.9042968750
847.046753      3458.0170898438
847.348877      3351.1159667969
847.650879      3262.8063964844
847.952881      3365.0595703125
848.254761      3372.0314941406
848.556641      3288.3698730469
848.858459      3311.6091308594
849.160278      3244.2150878906
849.462036      3316.2570800781
849.763733      3267.4543457031
850.065308      3139.6379394531
850.366882      3072.2436523438
850.668518      3025.7648925781
850.969971      3137.3139648438
851.271423      3025.7648925781
851.572815      3121.0463867188
851.874084      3195.4123535156
852.175476      3062.9479980469
852.476685      3130.3420410156
852.777893      3151.2575683594
853.079041      3093.1591796875
853.380127      3097.8068847656
853.681213      3183.7927246094
853.982239      3046.6804199219
854.283203      2937.4553222656
854.584106      2849.1457519531
854.885010      2709.7097167969
855.185791      2807.3149414063
855.486572      2837.5261230469
855.787292      2818.9345703125
856.088013      2860.7653808594
856.388611      2904.9201660156
856.689148      2946.7512207031
856.989685      2886.3288574219
857.290161      2946.7512207031
857.590637      3083.8632812500
857.890991      3018.7932128906
858.191284      3076.8916015625
858.491577      3042.0324707031
858.791809      2946.7512207031
859.092041      2937.4553222656
859.392212      2946.7512207031
859.692261      2897.9484863281
859.992310      2904.9201660156
860.292297      2884.0048828125
860.592224      2925.8356933594
860.892151      2800.3432617188
861.191956      2904.9201660156
861.491760      2886.3288574219
861.791565      2874.7092285156
862.091248      2870.0612792969
862.390930      2860.7653808594
862.690552      2716.6813964844
862.990051      2830.5541992188
863.289551      2714.3574218750
863.589050      2721.3293457031
863.888428      2807.3149414063
864.187805      2730.6250000000
864.487122      2739.9208984375
864.786377      2674.8505859375
865.085632      2705.0617675781
865.384705      2700.4138183594
865.683838      2700.4138183594
865.982971      2630.6958007813
866.281982      2570.2734375000
866.580933      2542.3862304688
866.879883      2484.2878417969
867.178711      2435.4851074219
867.477600      2507.5270996094
867.776367      2495.9074707031
868.075134      2409.9218750000
868.373718      2523.7946777344
868.672424      2407.5979003906
868.970947      2579.5690917969
869.269531      2542.3862304688
869.568054      2465.6962890625
869.866455      2405.2739257813
870.164856      2565.6254882813
870.463196      2461.0483398438
870.761536      2470.3442382813
871.059753      2491.2595214844
871.357971      2530.7666015625
871.656067      2430.8374023438
871.954102      2400.6262207031
872.252197      2384.3586425781
872.550232      2409.9218750000
872.848206      2386.6826171875
873.146057      2435.4851074219
873.443848      2356.4714355469
873.741638      2375.0627441406
874.039429      2375.0627441406
874.337158      2398.3022460938
874.634827      2347.1755371094
874.932373      2444.7810058594
875.229980      2328.5839843750
875.527466      2298.3730468750
875.825012      2258.8659667969
876.122375      2284.4291992188
876.419739      2342.5278320313
876.717041      2300.6967773438
877.014282      2361.1191406250
877.311462      2251.8942871094
877.608704      2298.3730468750
877.905762      2235.6267089844
878.202881      2277.4575195313
878.499817      2309.9926757813
878.796814      2256.5419921875
879.093811      2228.6547851563
879.390625      2284.4291992188
879.687439      2205.4155273438
879.984253      2144.9931640625
880.280884      2184.5000000000
880.577637      2184.5000000000
880.874268      2168.2324218750
881.170837      2237.9506835938
881.467346      2117.1059570313
881.763855      2091.5424804688
882.060242      2179.8522949219
882.356567      2084.5708007813
882.652954      2117.1059570313
882.949280      2126.4016113281
883.245483      2038.0920410156
883.541626      2144.9931640625
883.837830      2086.8947753906
884.133911      2119.4299316406
884.429932      2086.8947753906
884.725952      2135.6975097656
885.021851      2121.7536621094
885.317688      2086.8947753906
885.613525      2065.9792480469
885.909363      2068.3032226563
886.205078      2114.7819824219
