0.056100
190.260635         0.0000000000
190.642441         0.0000000000
191.024216       706.9700317383
191.405975       794.4996337891
191.787704       765.3231201172
192.169403       839.3865966797
192.551071       832.6535644531
192.932724       823.6761474609
193.314331       828.1648559570
193.695923       783.2778930664
194.077499       825.9205322266
194.459030       917.9388427734
194.840546       839.3865966797
195.222031       857.3414306641
195.603485       850.6083374023
195.984909       931.4049072266
196.366302       904.4727172852
196.747681       837.1422729492
197.129028       816.9431152344
197.510345       814.6987915039
197.891647       879.7849121094
198.272919       861.8300781250
198.654175       830.4092407227
199.035355       893.2509765625
199.416550       888.7623291016
199.797714       870.8074951172
200.178848       855.0970458984
200.559937       861.8300781250
200.941025       879.7849121094
201.322083       859.5857543945
201.703079       839.3865966797
202.084091       834.8978881836
202.465057       861.8300781250
202.845993       832.6535644531
203.226898       828.1648559570
203.607788       875.2962036133
203.988647       868.5631713867
204.369461       828.1648559570
204.750275       816.9431152344
205.131042       792.2553100586
205.511795       796.7439575195
205.892517       848.3640136719
206.273209       915.6945190430
206.653870       785.5222167969
207.034515       798.9883422852
207.415115       834.8978881836
207.795700       848.3640136719
208.176254       812.4544067383
208.556778       841.6309814453
208.937271       783.2778930664
209.317749       933.6492919922
209.698196       895.4953613281
210.078613       866.3187866211
210.459000       839.3865966797
210.839371       832.6535644531
211.219696       891.0066528320
211.600006       832.6535644531
211.980286       810.2100830078
212.360535       834.8978881836
212.740768       888.7623291016
213.120956       832.6535644531
213.501129       785.5222167969
213.881256       877.5405273438
214.261383       855.0970458984
214.641464       841.6309814453
215.021530       857.3414306641
215.401550       870.8074951172
215.781570       787.7666015625
216.161530       801.2326660156
216.541504       834.8978881836
216.921402       790.0109252930
217.301315       837.1422729492
217.681152       861.8300781250
218.061005       884.2736206055
218.440811       852.8527221680
218.820587       915.6945190430
219.200348       864.0744628906
219.580078       830.4092407227
219.959763       778.7891845703
220.339432       852.8527221680
220.719070       839.3865966797
221.098694       828.1648559570
221.478271       886.5179443359
221.857819       812.4544067383
222.237366       837.1422729492
222.616867       834.8978881836
222.996338       825.9205322266
223.375778       790.0109252930
223.755188       834.8978881836
224.134583       760.8344116211
224.513947       807.9656982422
224.893265       821.4318237305
225.272583       888.7623291016
225.651855       886.5179443359
226.031097       855.0970458984
226.410339       852.8527221680
226.789520       760.8344116211
227.168686       807.9656982422
227.547806       832.6535644531
227.926926       875.2962036133
228.306015       861.8300781250
228.685059       967.3145141602
229.064087       832.6535644531
229.443069       899.9840698242
229.822037       846.1196899414
230.200989       830.4092407227
230.579895       852.8527221680
230.958786       868.5631713867
231.337631       796.7439575195
231.716461       821.4318237305
232.095261       879.7849121094
232.474030       823.6761474609
232.852783       798.9883422852
233.231476       895.4953613281
233.610184       810.2100830078
233.988831       843.8753051758
234.367462       857.3414306641
234.746048       828.1648559570
235.124649       828.1648559570
235.503159       911.2058105469
235.881683       841.6309814453
236.260162       879.7849121094
236.638641       790.0109252930
237.017075       884.2736206055
237.395477       812.4544067383
237.773834       879.7849121094
238.152176       828.1648559570
238.530502       796.7439575195
238.908783       861.8300781250
239.287048       803.4770507813
239.665268       785.5222167969
240.043472       792.2553100586
240.421661       798.9883422852
240.799805       852.8527221680
241.177902       837.1422729492
241.556000       893.2509765625
241.934052       846.1196899414
242.312088       781.0335083008
242.690094       882.0292358398
243.068054       861.8300781250
243.446014       837.1422729492
243.823929       913.4501342773
244.201813       850.6083374023
244.579666       848.3640136719
244.957504       778.7891845703
245.335297       884.2736206055
245.713074       879.7849121094
246.090820       821.4318237305
246.468536       839.3865966797
246.846207       877.5405273438
247.223862       823.6761474609
247.601501       868.5631713867
247.979095       897.7396850586
248.356674       873.0518798828
248.734222       807.9656982422
249.111725       857.3414306641
249.489212       848.3640136719
249.866669       819.1875000000
250.244095       933.6492919922
250.621506       843.8753051758
250.998871       837.1422729492
251.376221       859.5857543945
251.753510       902.2283935547
252.130814       850.6083374023
252.508057       875.2962036133
252.885284       832.6535644531
253.262466       861.8300781250
253.639648       846.1196899414
254.016769       819.1875000000
254.393906       828.1648559570
254.770966       884.2736206055
255.148026       830.4092407227
255.525040       805.7213745117
255.902054       877.5405273438
256.278992       857.3414306641
256.655945       837.1422729492
257.032837       884.2736206055
257.409729       823.6761474609
257.786591       828.1648559570
258.163391       911.2058105469
258.540161       904.4727172852
258.916962       882.0292358398
259.293701       798.9883422852
259.670380       843.8753051758
260.047058       859.5857543945
260.423706       891.0066528320
260.800323       852.8527221680
261.176880       920.1831665039
261.553436       787.7666015625
261.929962       895.4953613281
262.306488       893.2509765625
262.682953       825.9205322266
263.059387       868.5631713867
263.435791       790.0109252930
263.812195       832.6535644531
264.188507       866.3187866211
264.564850       877.5405273438
264.941132       828.1648559570
265.317413       855.0970458984
265.693634       823.6761474609
266.069885       866.3187866211
266.446045       846.1196899414
266.822174       852.8527221680
267.198273       884.2736206055
267.574371       911.2058105469
267.950439       868.5631713867
268.326447       850.6083374023
268.702454       868.5631713867
269.078430       830.4092407227
269.454376       882.0292358398
269.830292       843.8753051758
270.206146       807.9656982422
270.582001       859.5857543945
270.957825       794.4996337891
271.333618       855.0970458984
271.709381       904.4727172852
272.085144       816.9431152344
272.460815       859.5857543945
272.836487       823.6761474609
273.212128       803.4770507813
273.587769       915.6945190430
273.963348       893.2509765625
274.338898       857.3414306641
274.714447       960.5814819336
275.089935       850.6083374023
275.465393       868.5631713867
275.840820       868.5631713867
276.216278       857.3414306641
276.591644       888.7623291016
276.966949       816.9431152344
277.342285       823.6761474609
277.717590       846.1196899414
278.092834       857.3414306641
278.468048       828.1648559570
278.843262       783.2778930664
279.218445       857.3414306641
279.593567       785.5222167969
279.968658       870.8074951172
280.343781       848.3640136719
280.718811       899.9840698242
281.093842       839.3865966797
281.468811       891.0066528320
281.843781       859.5857543945
282.218719       832.6535644531
282.593628       859.5857543945
282.968506       828.1648559570
283.343353       857.3414306641
283.718170       850.6083374023
284.092896       848.3640136719
284.467682       803.4770507813
284.842407       819.1875000000
285.217102       812.4544067383
285.591766       899.9840698242
285.966400       810.2100830078
286.340973       801.2326660156
286.715576       897.7396850586
287.090118       843.8753051758
287.464630       908.9614257813
287.839081       888.7623291016
288.213562       877.5405273438
288.587982       906.7171020508
288.962372       810.2100830078
289.336731       870.8074951172
289.711060       940.3823242188
290.085327       837.1422729492
290.459625       816.9431152344
290.833862       830.4092407227
291.208069       893.2509765625
291.582275       897.7396850586
291.956421       834.8978881836
292.330505       886.5179443359
292.704620       828.1648559570
293.078705       895.4953613281
293.452698       850.6083374023
293.826691       790.0109252930
294.200684       870.8074951172
294.574615       888.7623291016
294.948517       864.0744628906
295.322388       875.2962036133
295.696259       812.4544067383
296.070068       850.6083374023
296.443848       978.5362548828
296.817596       830.4092407227
297.191345       931.4049072266
297.565063       834.8978881836
297.938690       879.7849121094
298.312317       908.9614257813
298.685913       913.4501342773
299.059540       920.1831665039
299.433044       843.8753051758
299.806549       873.0518798828
300.180054       855.0970458984
300.553528       875.2962036133
300.926910      1009.9571533203
301.300323       904.4727172852
301.673676       897.7396850586
302.046997       870.8074951172
302.420319       931.4049072266
302.793579       956.0927734375
303.166809       933.6492919922
303.540039      1039.1336669922
303.913208       911.2058105469
304.286377      1057.0885009766
304.659454       971.8032226563
305.032593      1059.3328857422
305.405609      1007.7128295898
305.778656      1018.9345703125
306.151611      1039.1336669922
306.524597      1090.7537841797
306.897522      1119.9302978516
307.270416      1054.8441162109
307.643280      1202.9711914063
308.016144      1205.2155761719
308.388916      1178.2833251953
308.761749      1232.1477050781
309.134460      1209.7042236328
309.507202      1241.1251220703
309.879913      1254.5911865234
310.252563      1353.3426513672
310.625153      1353.3426513672
310.997742      1382.5191650391
311.370361      1355.5869140625
311.742859      1470.0487060547
312.115356      1481.2705078125
312.487823      1429.6505126953
312.860291      1519.4244384766
313.232697      1508.2026367188
313.605042      1595.7322998047
313.977386      1660.8184814453
314.349731      1698.9724121094
314.721985      1750.5924072266
315.094269      1714.6828613281
315.466492      1764.0584716797
315.838684      1885.2534179688
316.210846      1941.3620605469
316.582977      1984.0047607422
316.955048      2105.1997070313
317.327148      2181.5075683594
317.699158      2150.0866699219
318.071167      2150.0866699219
318.443176      2159.0639648438
318.815125      2129.8874511719
319.187012      2293.7248535156
319.558868      2271.2814941406
319.930756      2349.8337402344
320.302582      2484.4946289063
320.674347      2313.9240722656
321.046112      2421.6528320313
321.417847      2304.9467773438
321.789581      2408.1867675781
322.161224      2504.6938476563
322.532867      2363.2998046875
322.904419      2410.4311523438
323.276031      2441.8520507813
323.647583      2572.0241699219
324.019073      2699.9521484375
324.390533      2875.0114746094
324.762024      3054.5593261719
325.133423      3092.7131347656
325.504791      3229.6186523438
325.876129      3489.9631347656
326.247467      3557.2934570313
326.618774      3703.1762695313
326.990021      3595.4475097656
327.361237      3586.4699707031
327.732452      3611.1579589844
328.103607      3626.8684082031
328.474731      3792.9501953125
328.845825      3819.8823242188
329.216919      4089.2043457031
329.587952      4194.6889648438
329.958954      4208.1547851563
330.329926      4026.3625488281
330.700867      3900.6789550781
331.071808      3936.5886230469
331.442688      4019.6293945313
331.813507      3954.5434570313
332.184357      4030.8513183594
332.555115      4012.8964843750
332.925873      4174.4897460938
333.296570      4163.2680664063
333.667267      4035.3398437500
334.037994      3981.4755859375
334.408600      4214.8876953125
334.779144      4100.4262695313
335.149750      4322.6166992188
335.520294      4158.7792968750
335.890778      3943.3215332031
336.261230      3779.4841308594
336.631683      3900.6789550781
337.002106      3925.3669433594
337.372498      4060.0278320313
337.742798      4107.1591796875
338.113129      4293.4399414063
338.483429      4535.8295898438
338.853668      4412.3906250000
339.223907      4623.3593750000
339.594086      4625.6040039063
339.964233      4787.1967773438
340.334381      4818.6176757813
340.704437      4827.5952148438
341.074493      4576.2280273438
341.444519      4674.9794921875
341.814545      4805.1518554688
342.184509      4778.2197265625
342.554413      4955.5229492188
342.924347      5058.7631835938
343.294220      4771.4863281250
343.664032      4796.1743164063
344.033813      4407.9018554688
344.403595      4329.3496093750
344.773346      4670.4907226563
345.143036      4798.4184570313
345.512695      5087.9399414063
345.882385      5031.8310546875
346.251984      4879.2153320313
346.621552      4944.3012695313
346.991089      4953.2788085938
347.360626      5085.6953125000
347.730103      4944.3012695313
348.099548      5135.0712890625
348.468964      5197.9130859375
348.838379      5162.0034179688
349.207764      5240.5556640625
349.577057      5399.9042968750
349.946320      5581.6967773438
350.315582      5716.3574218750
350.684845      5945.2812500000
351.054047      5709.6245117188
351.423157      5725.3349609375
351.792328      5521.0991210938
352.161438      5770.2216796875
352.530487      5541.2983398438
352.899506      5736.5566406250
353.268524      5922.8378906250
353.637512      6304.3769531250
354.006409      6658.9843750000
354.375336      6596.1425781250
354.744232      6654.4956054688
355.113068      6463.7255859375
355.481873      6219.0917968750
355.850616      6093.4082031250
356.219391      6001.3896484375
356.588135      5752.2670898438
356.956818      5153.0258789063
357.325470      5135.0712890625
357.694031      5256.2661132813
358.062653      5022.8535156250
358.431213      5018.3647460938
358.799713      5188.9355468750
359.168182      5763.4887695313
359.536652      6382.9291992188
359.905090      6614.0971679688
360.273438      6371.7075195313
360.641785      6221.3359375000
361.010132      5969.9687500000
361.378448      6066.4760742188
361.746704      6230.3134765625
362.114899      6416.5942382813
362.483124      6562.4770507813
362.851288      7015.8359375000
363.219421      7116.8315429688
363.587463      6975.4375000000
363.955566      7213.3383789063
364.323608      7509.5927734375
364.691589      7509.5927734375
365.059540      7538.7690429688
365.427490      8079.6572265625
365.795410      8737.2519531250
366.163269      8757.4511718750
366.531067      8589.1250000000
366.898895      8775.4052734375
367.266693      8553.2148437500
367.634430      8573.4140625000
368.002106      8281.6484375000
368.369812      8301.8476562500
368.737457      8335.5126953125
369.105042      8416.3095703125
369.472595      8905.5781250000
369.840149      9197.3427734375
370.207672      8687.8759765625
370.575134      8607.0791015625
370.942566      8454.4638671875
371.309998      8584.6357421875
371.677399      8732.7626953125
372.044708      8236.7617187500
372.411987      7902.3535156250
372.779297      7947.2407226563
373.146576      7684.6518554688
373.513794      7264.9584960938
373.880951      7154.9853515625
374.248077      7345.7548828125
374.615204      7626.2988281250
374.982300      7671.1855468750
375.349365      7980.9057617188
375.716339      8604.8349609375
376.083374      8833.7587890625
376.450317      8896.6005859375
376.817230      9071.6591796875
377.184082      9545.2177734375
377.550964     10092.8388671875
377.917786     10575.3740234375
378.284576     11037.7099609375
378.651306     10339.7167968750
379.018036      9576.6386718750
379.384735      9213.0537109375
379.751373      8948.2207031250
380.117981      9298.3388671875
380.484589      9747.2089843750
380.851166      9991.8427734375
381.217651      9599.0820312500
381.584137      8901.0888671875
381.950623      8216.5625000000
382.317017      7657.7197265625
382.683411      6881.1748046875
383.049774      6746.5136718750
383.416107      6697.1381835938
383.782410      7020.3242187500
384.148651      7561.2124023438
384.514832      8575.6582031250
384.881042      9103.0800781250
385.247223      9165.9218750000
385.613342      9118.7910156250
385.979401      8968.4199218750
386.345459      8954.9531250000
386.711517      9031.2617187500
387.077484      9300.5830078125
387.443420      9343.2255859375
387.809357      9280.3837890625
388.175262      9172.6552734375
388.541107      9358.9365234375
388.906891      9742.7197265625
389.272705     10200.5673828125
389.638489     10983.8447265625
390.004211     11360.8955078125
390.369873     11767.1230468750
390.735535     11625.7294921875
391.101196     11935.4492187500
391.466766     12043.1777343750
391.832336     11486.5791015625
392.197815     10546.1972656250
392.563324      9329.7597656250
392.928802      7897.8647460938
393.294189      6903.6181640625
393.659607      6825.0659179688
394.024963      7763.2041015625
394.390289      9255.6962890625
394.755554     10701.0576171875
395.120789     11702.0371093750
395.486023     11603.2851562500
395.851227     11381.0947265625
396.216370     10191.5898437500
396.581482      8856.2021484375
396.946564      8003.3496093750
397.311646      8595.8574218750
397.676636     10472.1337890625
398.041626     12655.8857421875
398.406586     14042.8935546875
398.771515     14864.3251953125
399.136383     15551.0957031250
399.501221     16228.8896484375
399.866058     16074.0292968750
400.230865     16605.9394531250
400.595581     16774.2656250000
400.960297     16991.9687500000
401.324982     17059.2988281250
401.689636     17647.3183593750
402.054230     17750.5585937500
402.418793     17905.4179687500
402.783356     17849.3085937500
403.147919     17945.8164062500
403.512360     17611.4082031250
403.876770     17472.2597656250
404.241211     17360.0410156250
404.605621     17470.0136718750
404.969910     17404.9277343750
405.334229     17793.2011718750
405.698517     17416.1503906250
406.062775     17317.3984375000
406.426971     17270.2675781250
406.791107     17164.7832031250
407.155273     17461.0371093750
407.519379     17566.5214843750
407.883484     17977.2382812500
408.247498     18093.9433593750
408.611481     18587.7011718750
408.975464     19209.3847656250
409.339417     19092.6796875000
409.703308     18284.7128906250
410.067169     17555.2988281250
410.431030     17725.8710937500
410.794800     18100.6757812500
411.158569     19002.9042968750
411.522278     19501.1503906250
411.885986     19963.4863281250
412.249664     20178.9433593750
412.613312     19905.1328125000
412.976868     19694.1640625000
413.340454     19887.1777343750
413.703979     20091.4140625000
414.067474     19855.7578125000
414.430908     19947.7753906250
414.794342     20120.5917968750
415.157745     20239.5410156250
415.521088     20145.2792968750
415.884369     20208.1210937500
416.247711     20845.5156250000
416.610931     20302.3828125000
416.974152     20614.3476562500
417.337341     19584.1914062500
417.700500     19631.3222656250
418.063629     19718.8515625000
418.426697     19983.6855468750
418.789703     19730.0742187500
419.152740     20059.9941406250
419.515717     19920.8437500000
419.878662     19768.2285156250
420.241577     19765.9843750000
420.604431     20244.0292968750
420.967285     20502.1308593750
421.330109     21072.1953125000
421.692841     20560.4843750000
422.055603     20562.7285156250
422.418335     19748.0292968750
422.780975     19557.2597656250
423.143585     19602.1464843750
423.506226     19974.7089843750
423.868774     19970.2187500000
424.231293     20861.2265625000
424.593811     20403.3789062500
424.956238     19774.9609375000
425.318665     19810.8710937500
425.681091     20304.6269531250
426.043427     20279.9394531250
426.405731     20122.8359375000
426.768036     20107.1250000000
427.130310     19521.3496093750
427.492493     19552.7714843750
427.854675     19521.3496093750
428.216858     19512.3730468750
428.578979     19579.7031250000
428.941040     19108.3886718750
429.303040     18201.6718750000
429.665070     17461.0371093750
430.027069     16269.2880859375
430.389008     15930.3906250000
430.750885     15508.4531250000
431.112762     16231.1337890625
431.474640     18282.4687500000
431.836395     19927.5761718750
432.198181     20461.7324218750
432.559937     20677.1894531250
432.921600     20692.9003906250
433.283264     21206.8554687500
433.644867     20549.2617187500
434.006500     19923.0878906250
434.368073     20226.0761718750
434.729553     21135.0371093750
435.091034     21375.1816406250
435.452515     21642.2597656250
435.813934     22398.6054687500
436.175293     22952.9589843750
436.536621     23336.7441406250
436.897949     23289.6113281250
437.259277     22791.3671875000
437.620483     22542.2441406250
437.981659     21776.9199218750
438.342865     20852.2480468750
438.704010     20699.6328125000
439.065125     21610.8378906250
439.426178     22106.8398437500
439.787201     22694.8593750000
440.148224     22726.2812500000
440.509186     22591.6191406250
440.870087     23136.9960937500
441.230988     23621.7753906250
441.591858     24335.4785156250
441.952667     24256.9257812500
442.313416     24586.8457031250
442.674194     24672.1308593750
443.034912     25219.7519531250
443.395630     24645.1992187500
443.756226     25432.9648437500
444.116852     25269.1289062500
444.477417     24988.5839843750
444.837982     24896.5664062500
445.198456     25239.9511718750
445.558960     24734.9726562500
445.919403     24319.7675781250
446.279816     24245.7050781250
446.640106     24795.5703125000
447.000458     25089.5800781250
447.360779     25951.4101562500
447.721039     26146.6679687500
448.081207     26505.7636718750
448.441406     25866.1250000000
448.801575     26822.2187500000
449.161713     26748.1542968750
449.521759     26377.8359375000
449.881805     27134.1816406250
450.241852     27365.3496093750
450.601837     27755.8671875000
450.961792     28283.2890625000
451.321655     27993.7675781250
451.681549     27100.5175781250
452.041382     26860.3710937500
452.401184     26561.8730468750
452.760895     25592.3144531250
453.120636     25011.0273437500
453.480347     25363.3906250000
453.840027     26034.4511718750
454.199585     25652.9121093750
454.559174     26348.6601562500
454.918762     26321.7285156250
455.278290     26144.4238281250
455.637726     26314.9941406250
455.997162     26420.4785156250
456.356598     27111.7382812500
456.715973     26981.5664062500
457.075287     26979.3222656250
457.434570     27039.9199218750
457.793854     27053.3867187500
458.153107     26575.3398437500
458.512268     25971.6093750000
458.871429     26465.3671875000
459.230560     26974.8339843750
459.589661     26467.6113281250
459.948639     26205.0214843750
460.307678     26557.3847656250
460.666687     26999.5214843750
461.025635     27531.4316406250
461.384491     28034.1660156250
461.743378     27679.5585937500
462.102264     28581.7871093750
462.461060     28350.6191406250
462.819794     28036.4101562500
463.178497     28265.3339843750
463.537231     28460.5917968750
463.895905     28334.9082031250
464.254456     27636.9160156250
464.613068     27553.8750000000
464.971649     27592.0292968750
465.330170     27764.8437500000
465.688568     28548.1230468750
466.047028     29331.4003906250
466.405457     28330.4199218750
466.763855     28007.2343750000
467.122192     28245.1347656250
467.480438     29510.9472656250
467.838715     29194.4941406250
468.196960     29849.8457031250
468.555176     29748.8496093750
468.913269     30617.4121093750
469.271393     30316.6699218750
469.629486     30523.1503906250
469.987549     30271.7832031250
470.345520     30155.0761718750
470.703491     30653.3222656250
471.061462     30976.5078125000
471.419342     31946.0664062500
471.777191     32648.5488281250
472.135040     33184.9492187500
472.492828     34192.6601562500
472.850586     33986.1796875000
473.208282     33972.7148437500
473.565979     34262.2343750000
473.923615     35339.5234375000
474.281281     35146.5078125000
474.638794     35997.1171875000
474.996338     36190.1328125000
475.353851     36641.2460937500
475.711334     37503.0742187500
476.068726     36989.1210937500
476.426117     36791.6171875000
476.783478     37135.0039062500
477.140808     38917.0156250000
477.498077     39338.9531250000
477.855316     40252.4023437500
478.212555     40200.7851562500
478.569763     40261.3828125000
478.926819     41008.7500000000
479.283936     41630.4335937500
479.641022     41886.2890625000
479.998077     42303.7382812500
480.355011     43167.8125000000
480.711975     43163.3242187500
481.068939     43302.4726562500
481.425842     44034.1328125000
481.782623     44438.1132812500
482.139435     44709.6796875000
482.496216     45266.2812500000
482.852966     45178.7500000000
483.209717     45584.9765625000
483.566315     45320.1445312500
483.922943     45365.0312500000
484.279572     45562.5351562500
484.636139     45396.4531250000
484.992615     45165.2851562500
485.349121     43724.4101562500
485.705566     42231.9179687500
486.062012     40315.2460937500
486.418304     40214.2500000000
486.774689     41336.4257812500
487.130981     42467.5781250000
487.487274     43948.8476562500
487.843445     44981.2460937500
488.199615     46024.8710937500
488.555786     46231.3515625000
488.911957     46289.7031250000
489.267975     46839.5703125000
489.624023     47557.7617187500
489.980042     48367.9687500000
490.336029     48520.5859375000
490.691925     48374.7031250000
491.047821     48367.9687500000
491.403687     48215.3554687500
491.759521     47703.6445312500
492.115265     46886.6992187500
492.471008     47279.4609375000
492.826752     47878.7031250000
493.182434     48863.9726562500
493.538025     48850.5039062500
493.893646     48875.1953125000
494.249207     49225.3125000000
494.604736     49934.5273437500
494.960205     50295.8671875000
495.315674     49898.6171875000
495.671082     49965.9453125000
496.026489     50136.5195312500
496.381775     49887.3945312500
496.737091     50520.3007812500
497.092377     50621.2968750000
497.447632     50657.2070312500
497.802795     50360.9531250000
498.157959     49252.2421875000
498.513062     49469.9453125000
498.868195     49570.9414062500
499.223175     50062.4531250000
499.578217     49855.9726562500
499.933167     49766.1992187500
500.288116     49490.1445312500
500.643036     49124.3164062500
500.997833     48718.0898437500
501.352692     48103.1367187500
501.707489     48439.7890625000
502.062225     48682.1796875000
502.416901     48601.3828125000
502.771606     49339.7734375000
503.126221     49781.9101562500
503.480865     49422.8164062500
503.835358     48601.3828125000
504.189941     48603.6289062500
504.544434     48908.8593750000
504.898865     50093.8750000000
505.253265     50111.8281250000
505.607635     50769.4257812500
505.961975     51083.6328125000
506.316315     50993.8593750000
506.670532     50587.6328125000
507.024750     50612.3203125000
507.378967     50648.2304687500
507.733154     50286.8906250000
508.087189     50125.2968750000
508.441315     49723.5585937500
508.795349     50585.3867187500
509.149353     50948.9726562500
509.503265     50933.2617187500
509.857208     50506.8359375000
510.211121     50868.1757812500
510.565002     50688.6289062500
510.918762     51094.8554687500
511.272583     51070.1679687500
511.626312     51079.1445312500
511.980042     51467.4179687500
512.333618     51388.8632812500
512.687256     50614.5625000000
513.040894     50289.1328125000
513.394470     50408.0820312500
513.747925     50172.4257812500
514.101440     49817.8203125000
514.454895     49705.6015625000
514.808289     49952.4804687500
515.161621     50450.7265625000
515.514893     50316.0664062500
515.868225     50488.8789062500
516.221497     49438.5234375000
516.574707     47838.3046875000
516.927856     46217.8828125000
517.281006     46226.8593750000
517.634155     46691.4414062500
517.987183     47227.8398437500
518.340210     46904.6562500000
518.693237     47407.3906250000
519.046204     48309.6171875000
519.399048     49173.6914062500
519.751892     49797.6210937500
520.104736     50280.1562500000
520.457520     50031.0351562500
520.810364     50114.0742187500
521.163025     50464.1914062500
521.515686     50915.3085937500
521.868408     51150.9648437500
522.221008     51189.1171875000
522.573547     50522.5468750000
522.926086     50464.1914062500
523.278625     50295.8671875000
523.631042     51061.1914062500
523.983459     51263.1796875000
524.335815     52017.2812500000
524.688171     51891.5976562500
525.040527     51608.8125000000
525.392761     51835.4882812500
525.744934     51550.4570312500
526.097168     50892.8632812500
526.449341     49606.8515625000
526.801453     48518.3437500000
527.153503     48688.9140625000
527.505554     49465.4570312500
527.857544     50614.5625000000
528.209534     50690.8710937500
528.561462     51364.1757812500
528.913330     51691.8515625000
529.265198     51985.8632812500
529.617004     51891.5976562500
529.968750     51770.4023437500
530.320496     51945.4648437500
530.672180     52125.0117187500
531.023804     52645.6992187500
531.375488     52383.1093750000
531.727051     52219.2734375000
532.078613     51815.2890625000
532.430115     50993.8593750000
532.781555     50711.0703125000
533.132996     50118.5625000000
533.484375     50877.1523437500
533.835815     50830.0234375000
534.187073     50987.1250000000
534.538330     51045.4804687500
534.889587     51559.4335937500
535.240784     51386.6210937500
535.591919     52111.5468750000
535.942993     52021.7695312500
536.294128     51642.4765625000
536.645203     50989.3710937500
536.996155     50630.2734375000
537.347107     50381.1523437500
537.698120     50969.1718750000
538.049011     51256.4492187500
538.399841     51034.2578125000
538.750610     50910.8164062500
539.101440     50738.0039062500
539.452209     50060.2109375000
539.802856     50190.3828125000
540.153503     49921.0585937500
540.504150     49200.6250000000
540.854736     49263.4648437500
541.205261     49288.1523437500
541.555786     49386.9062500000
541.906250     49395.8828125000
542.256714     49961.4570312500
542.607056     49499.1210937500
542.957458     49916.5703125000
543.307739     49683.1601562500
543.658020     49820.0664062500
544.008240     50345.2421875000
544.358398     50277.9101562500
544.708618     50538.2578125000
545.058777     50071.4296875000
545.408813     50338.5078125000
545.758850     50473.1718750000
546.108887     50040.0117187500
546.458862     50143.2500000000
546.808716     50435.0156250000
547.158691     50206.0937500000
547.508545     49759.4687500000
547.858337     49685.4023437500
548.208069     49474.4335937500
548.557800     50322.7968750000
548.907532     50369.9296875000
549.257202     50441.7500000000
549.606812     50118.5625000000
549.956360     50134.2734375000
550.305908     50055.7226562500
550.655457     50145.4960937500
551.004883     50351.9765625000
551.354309     50210.5820312500
551.703674     50158.9609375000
552.053040     50170.1835937500
552.402405     49723.5585937500
552.751587     50031.0351562500
553.100830     49781.9101562500
553.450012     50096.1210937500
553.799255     49882.9062500000
554.148254     50008.5898437500
554.497375     50055.7226562500
554.846436     50075.9218750000
555.195435     50161.2070312500
555.544373     49804.3554687500
555.893250     49927.7929687500
556.242188     49250.0000000000
556.591003     49119.8281250000
556.939758     48664.2226562500
557.288574     48410.6132812500
557.637268     48581.1835937500
557.985962     48139.0468750000
558.334595     48233.3085937500
558.683228     47681.1992187500
559.031799     47748.5312500000
559.380310     47526.3398437500
559.728760     47470.2304687500
560.077209     47654.2656250000
560.425659     47815.8593750000
560.774048     47818.1054687500
561.122314     48419.5898437500
561.470581     48145.7812500000
561.818909     47654.2656250000
562.167114     47232.3281250000
562.515259     47804.6406250000
562.863342     48008.8750000000
563.211487     48114.3593750000
563.559570     47373.7226562500
563.907532     47589.1796875000
564.255554     47420.8554687500
564.603455     47667.7343750000
564.951355     47353.5234375000
565.299255     47023.6054687500
565.647095     46707.1523437500
565.994812     46213.3945312500
566.342590     46386.2109375000
566.690308     46561.2695312500
567.037903     46462.5195312500
567.385620     46906.8984375000
567.733154     46594.9335937500
568.080750     45948.5625000000
568.428162     45694.9492187500
568.775696     45315.6562500000
569.123108     44819.6562500000
569.470520     45138.3515625000
569.817810     45032.8671875000
570.165161     44624.3945312500
570.512451     44027.3984375000
570.859680     43526.9101562500
571.206787     43645.8593750000
571.554016     44058.8203125000
571.901062     44323.6523437500
572.248169     44738.8593750000
572.595154     44931.8710937500
572.942200     44855.5625000000
573.289124     44577.2656250000
573.636047     44895.9609375000
573.982849     44610.9296875000
574.329712     44830.8750000000
574.676514     44007.1992187500
575.023315     43836.6289062500
575.369995     43324.9179687500
575.716675     43374.2929687500
576.063293     43082.5273437500
576.409912     43253.0976562500
576.756409     43666.0585937500
577.102966     43437.1367187500
577.449402     43120.6835937500
577.795898     42721.1875000000
578.142273     42750.3632812500
578.488647     42447.3789062500
578.834961     42411.4687500000
579.181213     42265.5859375000
579.527405     42653.8554687500
579.873596     43021.9296875000
580.219788     42743.6328125000
580.565918     42896.2460937500
580.911926     42516.9531250000
581.258057     42932.1562500000
581.604065     43039.8867187500
581.949951     43210.4570312500
582.295898     43571.7968750000
582.641724     43212.6992187500
582.987610     43302.4726562500
583.333435     42902.9804687500
583.679199     43075.7968750000
584.024902     43134.1484375000
584.370544     42768.3203125000
584.716187     43024.1757812500
585.061829     42314.9609375000
585.407349     41866.0898437500
585.752869     41673.0781250000
586.098328     41486.7968750000
586.443787     41311.7382812500
586.789124     41423.9531250000
587.134521     41156.8750000000
587.479858     40858.3789062500
587.825134     40476.8398437500
588.170288     39641.9414062500
588.515564     38333.4843750000
588.860657     37159.6914062500
589.205872     35519.0703125000
589.550842     35076.9335937500
589.895935     35750.2382812500
590.240906     35970.1835937500
590.585876     36445.9882812500
590.930786     37018.2968750000
591.275635     37072.1601562500
591.620483     36778.1523437500
591.965271     37240.4882812500
592.310059     37233.7539062500
592.654724     37523.2734375000
592.999451     37743.2226562500
593.344055     37702.8242187500
593.688660     37478.3867187500
594.033203     37462.6757812500
594.377686     37083.3828125000
594.722229     36582.8945312500
595.066528     36701.8437500000
595.411011     36793.8632812500
595.755371     37009.3203125000
596.099670     37229.2656250000
596.443848     37734.2421875000
596.788147     37310.0625000000
597.132324     37332.5039062500
597.476501     37426.7695312500
597.820618     37372.9023437500
598.164612     37292.1054687500
598.508667     37256.1992187500
598.852661     37543.4726562500
599.196655     37424.5234375000
599.540466     37446.9687500000
599.884338     37570.4062500000
600.228210     37251.7070312500
600.571960     37258.4414062500
600.915710     37074.4062500000
601.259460     37042.9843750000
601.603088     37045.2304687500
601.946716     37278.6406250000
602.290283     36809.5703125000
602.633850     36555.9609375000
602.977295     37150.7148437500
603.320801     37597.3398437500
603.664124     37491.8554687500
604.007568     37341.4843750000
604.350952     37747.7109375000
604.694214     38039.4765625000
605.037415     37482.8750000000
605.380676     37846.4609375000
605.723816     37366.1718750000
606.066956     37305.5742187500
606.410034     37233.7539062500
606.753052     37042.9843750000
607.096130     37137.2460937500
607.439087     37285.3750000000
607.781921     36883.6367187500
608.124878     36695.1093750000
608.467712     36344.9921875000
608.810547     36472.9179687500
609.153259     36630.0234375000
609.495972     36068.9375000000
609.838684     35949.9843750000
610.181335     35875.9218750000
610.523865     35581.9140625000
610.866516     35682.9101562500
611.209045     35958.9648437500
611.551453     35563.9570312500
611.893921     35615.5781250000
612.236267     35144.2656250000
612.578674     35507.8476562500
612.920959     35225.0625000000
613.263306     35029.8046875000
613.605469     34374.4531250000
613.947632     34013.1132812500
614.289795     34464.2265625000
614.631958     34560.7343750000
614.973938     34318.3437500000
615.315979     34502.3828125000
615.657959     34040.0468750000
615.999939     33440.8046875000
616.341858     33119.8632812500
616.683716     32956.0234375000
617.025513     33052.5312500000
617.367310     33072.7304687500
617.708984     33321.8515625000
618.050720     33220.8593750000
618.392395     33310.6328125000
618.734070     33496.9140625000
619.075500     33402.6484375000
619.417114     33131.0820312500
619.758606     32953.7812500000
620.100098     33440.8046875000
620.441467     33034.5781250000
620.782776     32902.1601562500
621.124146     33247.7890625000
621.465393     32834.8281250000
621.806641     32244.5664062500
622.147888     32682.2128906250
622.489014     32069.5058593750
622.830139     32044.8183593750
623.171204     31712.6542968750
623.512207     31600.4375000000
623.853271     31775.4960937500
624.194214     31270.5175781250
624.535095     30996.7070312500
624.875916     31070.7714843750
625.216797     30511.9277343750
625.557617     30426.6425781250
625.898315     30291.9824218750
626.239075     30449.0859375000
626.579712     30554.5703125000
626.920349     30233.6289062500
627.260864     29937.3750000000
627.601440     29457.0839843750
627.941895     29205.7167968750
628.282410     29140.6308593750
628.622803     29097.9882812500
628.963135     29174.2949218750
629.303528     29021.6796875000
629.643799     28808.4667968750
629.984070     28211.4707031250
630.324219     28678.2949218750
630.664429     28920.6835937500
631.004517     28541.3886718750
631.344604     28732.1582031250
631.684631     28575.0546875000
632.024597     28422.4394531250
632.364624     28532.4121093750
632.704529     28660.3398437500
633.044373     28662.5839843750
633.384155     28664.8281250000
633.723999     28260.8457031250
634.063782     28514.4570312500
634.403442     28561.5878906250
634.743042     28548.1230468750
635.082764     28294.5117187500
635.422302     27921.9492187500
635.761841     28222.6914062500
636.101318     27861.3515625000
636.440796     28406.7285156250
636.780212     28094.7636718750
637.119507     27847.8847656250
637.458862     28103.7402343750
637.798157     28435.9042968750
638.137451     28090.2753906250
638.476563     28227.1796875000
638.815735     27917.4609375000
639.154907     28007.2343750000
639.494019     27531.4316406250
639.833008     27443.9023437500
640.171997     27354.1289062500
640.510925     27324.9511718750
640.849854     27228.4453125000
641.188660     26970.3457031250
641.527527     26689.8007812500
641.866333     26891.7929687500
642.205078     26705.5117187500
642.543762     26835.6835937500
642.882446     26945.6562500000
643.221008     26721.2226562500
643.559570     26770.5976562500
643.898071     26584.3164062500
644.236572     26431.7011718750
644.575073     27064.6074218750
644.913452     26312.7500000000
645.251831     26061.3828125000
645.590149     25648.4238281250
645.928406     25769.6171875000
646.266602     25334.2148437500
646.604858     24835.9687500000
646.942932     24993.0722656250
647.281128     24465.6503906250
647.619141     24483.6054687500
647.957214     24324.2578125000
648.295166     23897.8300781250
648.633057     24162.6640625000
648.970947     23635.2421875000
649.308838     23931.4960937500
649.646606     23830.5000000000
649.984436     23877.6308593750
650.322144     24384.8554687500
650.659851     24153.6875000000
650.997498     24398.3203125000
651.335022     23897.8300781250
651.672607     24059.4238281250
652.010132     23965.1621093750
652.347595     23617.2871093750
652.684998     23978.6269531250
653.022461     23709.3046875000
653.359802     24310.7910156250
653.697021     24128.9980468750
654.034302     23882.1210937500
654.371521     23751.9472656250
654.708740     23316.5449218750
655.045837     23399.5859375000
655.382935     22400.8496093750
655.719971     21830.7851562500
656.057007     21074.4394531250
656.393921     20300.1386718750
656.730835     20084.6816406250
657.067749     20567.2167968750
657.404602     21144.0136718750
657.741333     21552.4863281250
658.078064     21929.5371093750
658.414795     22308.8320312500
658.751465     22658.9492187500
659.088074     22672.4160156250
659.424683     22663.4394531250
659.761230     22620.7968750000
660.097717     22735.2578125000
660.434143     23296.3457031250
660.770569     22813.8105468750
661.106934     22795.8554687500
661.443298     22968.6699218750
661.779541     23042.7343750000
662.115784     23076.3984375000
662.451965     23121.2851562500
662.788086     23177.3945312500
663.124268     22741.9902343750
663.460266     22443.4921875000
663.796265     22625.2851562500
664.132324     22564.6875000000
664.468201     22279.6542968750
664.804077     22569.1757812500
665.139954     22620.7968750000
665.475769     22338.0078125000
665.811523     22263.9453125000
666.147278     22398.6054687500
666.482971     22140.5058593750
666.818542     22138.2617187500
667.154236     21763.4550781250
667.489685     21855.4726562500
667.825195     21943.0019531250
668.160706     21925.0468750000
668.496094     21714.0781250000
668.831421     21779.1640625000
669.166809     21536.7753906250
669.502136     21880.1601562500
669.837402     21209.0996093750
670.172546     21285.4082031250
670.507751     21092.3945312500
670.842834     21094.6386718750
671.177917     21173.1914062500
671.512878     20609.8593750000
671.847961     20731.0546875000
672.182861     20791.6523437500
672.517761     20450.5097656250
672.852600     20567.2167968750
673.187439     20506.6191406250
673.522217     20459.4882812500
673.856934     20407.8671875000
674.191650     20457.2441406250
674.526306     20345.0253906250
674.860901     20291.1621093750
675.195435     19956.7539062500
675.529968     19855.7578125000
675.864441     19918.5996093750
676.198853     20064.4824218750
676.533264     19952.2656250000
676.867554     19590.9238281250
677.201843     19831.0703125000
677.536133     19440.5527343750
677.870361     19539.3046875000
678.204529     19447.2871093750
678.538635     19162.2539062500
678.872742     19465.2402343750
679.206787     19440.5527343750
679.540710     19211.6289062500
679.874695     19238.5625000000
680.208618     18866.0000000000
680.542480     18513.6367187500
680.876282     18711.1386718750
681.210083     18585.4570312500
681.543823     18823.3574218750
681.877502     18740.3164062500
682.211121     18760.5156250000
682.544739     18742.5605468750
682.878357     18549.5468750000
683.211853     18666.2519531250
683.545227     18500.1699218750
683.878723     17963.7714843750
684.212097     17739.3359375000
684.545471     18037.8339843750
684.878723     17865.0195312500
685.212036     17847.0644531250
685.545227     17645.0742187500
685.878418     17449.8144531250
686.211487     16897.7050781250
686.544556     16080.7626953125
686.877625     14958.5878906250
687.210632     13892.5214843750
687.543518     13753.3720703125
687.876465     13800.5039062500
688.209290     13879.0556640625
688.542114     14177.5537109375
688.874878     14323.4365234375
689.207642     14303.2373046875
689.540344     14368.3242187500
689.872986     14105.7353515625
690.205566     14660.0888671875
690.538147     14498.4960937500
690.870667     14810.4609375000
691.203125     14792.5058593750
691.535461     14738.6416015625
691.867920     14994.4970703125
692.200256     15050.6064453125
692.532593     14648.8671875000
692.864807     14882.2802734375
693.196960     14559.0937500000
693.529114     14523.1835937500
693.861267     14213.4638671875
694.193420     14143.8886718750
694.525391     14067.5810546875
694.857361     13937.4091796875
695.189270     14051.8701171875
695.521240     14090.0244140625
695.853027     14233.6630859375
696.184814     14422.1884765625
696.516663     14547.8720703125
696.848389     14985.5195312500
697.179993     15198.7333984375
697.511658     15037.1396484375
697.843262     14909.2119140625
698.174805     14740.8857421875
698.506287     14568.0712890625
698.837708     14635.4013671875
699.169189     14182.0429687500
699.500549     14130.4228515625
699.831787     14314.4589843750
700.163147     13883.5439453125
700.494385     13739.9062500000
700.825562     13670.3310546875
701.156677     13398.7646484375
701.487793     13401.0097656250
701.818848     13320.2128906250
702.149902     13322.4570312500
702.480774     13445.8964843750
702.811768     13551.3808593750
703.142639     13432.4306640625
703.473511     13804.9921875000
703.804199     13591.7792968750
704.135010     13668.0869140625
704.465759     13793.7705078125
704.796387     13760.1054687500
705.126953     13800.5039062500
705.457520     13712.9736328125
705.788086     13739.9062500000
706.118591     13917.2099609375
706.448975     13481.8056640625
706.779419     13919.4541015625
707.109741     13677.0644531250
707.440063     13782.5488281250
707.770325     13973.3183593750
708.100525     13932.9199218750
708.430725     13611.9785156250
708.760864     13739.9062500000
709.090942     13807.2363281250
709.420959     13605.2451171875
709.750916     13567.0908203125
710.080933     13362.8554687500
710.410828     13822.9472656250
710.740662     13665.8427734375
711.070496     13838.6572265625
711.400269     13596.2675781250
711.729980     13672.5751953125
712.059631     13598.5117187500
712.389282     13286.5478515625
712.718872     13230.4384765625
713.048462     13488.5390625000
713.377930     13315.7236328125
713.707397     13358.3662109375
714.036865     13326.9453125000
714.366211     13268.5927734375
714.695435     12961.1171875000
715.024780     12660.3740234375
715.354004     12518.9804687500
715.683228     12451.6494140625
716.012329     12382.0751953125
716.341431     12072.3544921875
716.670532     11360.8955078125
716.999573     10748.1884765625
717.328430     10157.9248046875
717.657349      9785.3623046875
717.986267      9329.7597656250
718.315125      9055.9492187500
718.643860      8636.2558593750
718.972656      8530.7714843750
719.301331      8472.4179687500
719.630005      8259.2050781250
719.958557      8250.2275390625
720.287170      8126.7885742188
720.615662      8418.5537109375
720.944214      8892.1113281250
721.272583      9305.0722656250
721.600952      9859.4257812500
721.929321     10332.9843750000
722.257629     10503.5546875000
722.585876     10216.2773437500
722.914063      9994.0869140625
723.242188     10119.7705078125
723.570313      9406.0673828125
723.898376      9152.4560546875
724.226440      9116.5468750000
724.554382      8800.0937500000
724.882324      8761.9394531250
725.210266      8703.5859375000
725.538025      8923.5322265625
725.865784      8836.0029296875
726.193604      8865.1796875000
726.521301      8885.3789062500
726.848938      8905.5781250000
727.176514      8930.2656250000
727.504150      8732.7626953125
727.831726      8647.4775390625
728.159119      8851.7138671875
728.486572      8883.1347656250
728.813965      8737.2519531250
729.141357      8777.6494140625
729.468567      8847.2246093750
729.795837      8822.5371093750
730.123108      8802.3378906250
730.450317      8562.1923828125
730.777344      8865.1796875000
731.104431      8766.4277343750
731.431519      8829.2695312500
731.758484      8977.3964843750
732.085388      9271.4062500000
732.412292      9558.6835937500
732.739136      9612.5478515625
733.065979      9841.4716796875
733.392639     10086.1054687500
733.719421     10016.5302734375
734.046082     10350.9384765625
734.372681     10425.0019531250
734.699219     10315.0292968750
735.025757     10182.6123046875
735.352234     10209.5449218750
735.678711     10240.9658203125
736.005127     10160.1689453125
736.331482     10297.0742187500
736.657715     10059.1728515625
736.984009     10110.7929687500
737.310181     10267.8974609375
737.636353     10346.4501953125
737.962524     10234.2324218750
738.288574     10308.2958984375
738.614624     10339.7167968750
738.940613     10270.1425781250
739.266541     10117.5263671875
739.592407      9875.1367187500
739.918274     10146.7031250000
740.244080     10442.9570312500
740.569824     10328.4951171875
740.895569     10146.7031250000
741.221191     10220.7666015625
741.546753     10124.2597656250
741.872375     10130.9921875000
742.197937     10290.3408203125
742.523376     10297.0742187500
742.848816     10146.7031250000
743.174194     10391.3369140625
743.499573     10409.2919921875
743.824890     10178.1240234375
744.150085     10184.8564453125
744.475342     10321.7617187500
744.800476     10169.1464843750
745.125610     10059.1728515625
745.450623     10427.2460937500
745.775696     10303.8076171875
746.100708     10279.1191406250
746.425598     10092.8388671875
746.750427     10182.6123046875
747.075256     10169.1464843750
747.400085     10308.2958984375
747.724915     10279.1191406250
748.049561      9989.5986328125
748.374207     10086.1054687500
748.698853     10018.7753906250
749.023438      9994.0869140625
749.347900      9920.0234375000
749.672363      9682.1230468750
749.996765      9776.3857421875
750.321167      9814.5390625000
750.645508      9769.6523437500
750.969788      9706.8105468750
751.294067      9558.6835937500
751.618286      9639.4804687500
751.942383      9608.0595703125
752.266479      9489.1083984375
752.590576      9554.1943359375
752.914551      9361.1806640625
753.238525      9410.5566406250
753.562439      9444.2216796875
753.886292      9291.6054687500
754.210144      9269.1621093750
754.533936      9477.8867187500
754.857666      9172.6552734375
755.181335      9293.8505859375
755.505005      9125.5244140625
755.828613      9055.9492187500
756.152100      9251.2080078125
756.475586      9049.2158203125
756.799133      9082.8818359375
757.122498      9085.1259765625
757.445862      9015.5507812500
757.769165      8865.1796875000
758.092468      8948.2207031250
758.415710      8669.9208984375
758.738831      8665.4326171875
759.061951      8182.8974609375
759.385071      7170.6958007813
759.708130      6225.8247070313
760.031067      5141.8041992188
760.354004      4199.1772460938
760.676941      3698.6875000000
760.999817      3263.2836914063
761.322632      3247.5732421875
761.645386      3573.0039062500
761.968079      3712.1535644531
762.290771      3889.4572753906
762.613342      3721.1311035156
762.935974      3734.5971679688
763.258484      3887.2128906250
763.580994      3853.5476074219
763.903381      4001.6748046875
764.225830      4060.0278320313
764.548157      4268.7524414063
764.870422      4439.3227539063
765.192688      4618.8706054688
765.514832      4888.1928710938
765.837036      5202.4013671875
766.159119      5507.6328125000
766.481140      5851.0185546875
766.803223      6156.2500000000
767.125183      6302.1328125000
767.447144      6515.3457031250
767.768982      6670.2060546875
768.090820      6798.1337890625
768.412659      7139.2749023438
768.734314      7208.8496093750
769.056091      7258.2255859375
769.377686      7321.0673828125
769.699280      7249.2480468750
770.020813      7166.2070312500
770.342346      7339.0219726563
770.663757      7334.5332031250
770.985229      7379.4204101563
771.306580      7437.7734375000
771.627869      7399.6196289063
771.949158      7377.1757812500
772.270386      7399.6196289063
772.591553      7471.4384765625
772.912659      7309.8457031250
773.233765      7318.8227539063
773.554810      7323.3115234375
773.875793      7334.5332031250
774.196716      7242.5151367188
774.517578      7424.3071289063
774.838440      7193.1391601563
775.159302      7179.6733398438
775.480042      7188.6503906250
775.800659      7121.3203125000
776.121399      7240.2705078125
776.441956      7249.2480468750
776.762573      7202.1166992188
777.083008      7146.0078125000
777.403503      7047.2568359375
777.723999      7080.9218750000
778.044373      7080.9218750000
778.364624      7110.0986328125
778.684937      6988.9033203125
779.005188      7006.8583984375
779.325378      7002.3696289063
779.645447      6950.7495117188
779.965637      7060.7226562500
780.285706      7058.4785156250
780.605652      7060.7226562500
780.925598      7107.8540039063
781.245483      7002.3696289063
781.565369      7094.3881835938
781.885193      7184.1621093750
782.204895      6932.7949218750
782.524658      7244.7592773438
782.844299      7094.3881835938
783.163940      7116.8315429688
783.483582      6843.0209960938
783.803040      6816.0888671875
784.122559      6782.4233398438
784.442017      7038.2792968750
784.761414      6865.4643554688
785.080688      6798.1337890625
785.400024      6784.6679687500
785.719238      6881.1748046875
786.038452      6876.6860351563
786.357544      6874.4418945313
786.676697      6827.3105468750
786.995789      6735.2919921875
787.314758      6562.4770507813
787.633728      6670.2060546875
787.952637      6376.1962890625
788.271484      6322.3320312500
788.590271      6562.4770507813
788.908997      6223.5805664063
789.227783      6284.1777343750
789.546448      6147.2724609375
789.865112      6149.5170898438
790.183655      6223.5805664063
790.502197      6183.1821289063
790.820679      6223.5805664063
791.139099      6055.2543945313
791.457520      6149.5170898438
791.775879      6077.6977539063
792.094116      6008.1230468750
792.412415      6059.7431640625
792.730530      6091.1640625000
793.048767      6066.4760742188
793.366821      6055.2543945313
793.684937      6145.0283203125
794.002869      5806.1313476563
794.320862      6008.1230468750
794.638733      6203.3813476563
794.956665      6120.3403320313
795.274414      5976.7021484375
795.592224      6028.3222656250
795.909912      5920.5932617188
796.227661      5833.0634765625
796.545227      5752.2670898438
796.862854      5718.6020507813
797.180359      5718.6020507813
797.497864      5882.4394531250
797.815308      5689.4252929688
798.132629      5745.5341796875
798.450012      5759.0000000000
798.767273      5824.0864257813
799.084595      5682.6923828125
799.401733      5707.3798828125
799.718933      5651.2714843750
800.036011      5698.4028320313
800.353027      5408.8818359375
800.670044      5355.0170898438
800.987000      5478.4565429688
801.303894      5399.9042968750
801.620850      5377.4609375000
801.937561      5350.5288085938
802.254333      5274.2207031250
802.571106      5339.3066406250
802.887817      5200.1572265625
803.204346      5204.6459960938
803.520935      5179.9580078125
803.837463      5076.7177734375
804.153992      5155.2700195313
804.470337      5337.0625000000
804.786743      5283.1982421875
805.103027      5213.6230468750
805.419434      5209.1347656250
805.735535      5271.9765625000
806.051758      5254.0214843750
806.367920      5229.3334960938
806.684021      5200.1572265625
807.000000      5101.4057617188
807.316040      5204.6459960938
807.632019      5137.3154296875
807.947876      5233.8222656250
808.263672      5146.2929687500
808.579529      5186.6909179688
808.895325      4964.5004882813
809.211060      4984.6997070313
809.526611      4760.2646484375
809.842224      4867.9936523438
810.157837      4713.1333007813
810.473389      4818.6176757813
810.788757      4773.7309570313
811.104187      4769.2421875000
811.419617      4576.2280273438
811.734924      4551.5400390625
812.050171      4556.0288085938
812.365417      4596.4272460938
812.680542      4423.6123046875
812.995728      4336.0825195313
813.310852      4075.7382812500
813.625854      3943.3215332031
813.940796      3907.4121093750
814.255798      3837.8371582031
814.570679      3678.4885253906
814.885498      3622.3796386719
815.200256      3463.0307617188
815.515015      3339.5915527344
815.829651      3397.9448242188
816.144287      3413.6552734375
816.458923      3222.8854980469
816.773438      3281.2385253906
817.087952      3231.8627929688
817.402344      3294.7045898438
817.716797      3169.0212402344
818.031189      3148.8220214844
818.345520      3301.4377441406
818.659668      3234.1071777344
818.973877      3254.3063964844
819.288086      3312.6594238281
819.602173      3160.0437011719
819.916199      3314.9038085938
820.230225      3395.7004394531
820.544189      3689.7102050781
820.858154      3651.5561523438
821.171997      3700.9318847656
821.485779      3629.1127929688
821.799561      3671.7553710938
822.113281      3647.0676269531
822.426880      3469.7639160156
822.740540      3090.4689941406
823.054138      2910.9208984375
823.367676      2848.0791015625
823.681152      3112.9123535156
823.994568      3164.5324707031
824.307922      3220.6411132813
824.621277      3160.0437011719
824.934509      3514.6508789063
825.247742      3427.1213378906
825.560913      3460.7866210938
825.874146      3431.6101074219
826.187134      3521.3840332031
826.500183      3629.1127929688
826.813171      3570.7595214844
827.126160      3498.9404296875
827.439026      3330.6142578125
827.751831      3166.7768554688
828.064636      3229.6186523438
828.377380      3218.3967285156
828.690063      3166.7768554688
829.002686      3261.0395507813
829.315308      3391.2116699219
829.627869      3195.9533691406
829.940308      3310.4150390625
830.252808      3278.9941406250
830.565125      3137.6003417969
830.877563      3164.5324707031
831.189880      3281.2385253906
831.502075      3209.4194335938
831.814270      3236.3515625000
832.126465      3207.1750488281
832.438599      3180.2429199219
832.750549      3231.8627929688
833.062622      3312.6594238281
833.374512      3110.6679687500
833.686462      3160.0437011719
833.998291      3164.5324707031
834.310120      3191.4645996094
834.621887      3234.1071777344
834.933594      3204.9306640625
835.245239      3238.5959472656
835.556885      3218.3967285156
835.868408      3207.1750488281
836.179932      3270.0168457031
836.491333      3438.3430175781
836.802795      3312.6594238281
837.114197      3153.3107910156
837.425537      3317.1481933594
837.736694      3254.3063964844
838.047913      3350.8134765625
838.359131      3195.9533691406
838.670227      3418.1437988281
838.981262      3292.4604492188
839.292358      3384.4787597656
839.603333      3308.1708984375
839.914246      3236.3515625000
840.225037      3272.2612304688
840.535889      3267.7724609375
840.846680      3200.4421386719
841.157410      3162.2880859375
841.468079      3258.7951660156
841.778687      3222.8854980469
842.089233      3216.1523437500
842.399780      3160.0437011719
842.710266      3274.5056152344
843.020691      3189.2202148438
843.331055      3128.6228027344
843.641418      3220.6411132813
843.951721      3128.6228027344
844.261841      3108.4235839844
844.572083      3130.8671875000
844.882202      3200.4421386719
845.192261      3254.3063964844
845.502258      3186.9758300781
845.812256      3139.8444824219
846.122192      3209.4194335938
846.432068      3070.2697753906
846.741882      3182.4873046875
847.051636      3099.4462890625
847.361389      3191.4645996094
847.671143      3124.1340332031
847.980713      3052.3149414063
848.290283      3081.4914550781
848.599792      3032.1157226563
848.909302      3014.1611328125
849.218689      2958.0522460938
849.528076      2915.4096679688
849.837463      2953.5637207031
850.146790      2807.6809082031
850.455933      2843.5905761719
850.765137      2800.9477539063
851.074280      2877.2556152344
851.383362      2866.0339355469
851.692383      2823.3913574219
852.001343      2913.1652832031
852.310303      2861.5451660156
852.619202      2848.0791015625
852.927979      2791.9704589844
853.236816      2875.0114746094
853.545532      2791.9704589844
853.854248      2695.4633789063
854.162842      2661.7980957031
854.471436      2531.6259765625
854.779968      2444.0964355469
855.088440      2524.8928222656
855.396851      2538.3588867188
855.705200      2558.5581054688
856.013611      2733.6174316406
856.321899      2601.2006835938
856.630127      2601.2006835938
856.938293      2616.9111328125
857.246399      2693.2189941406
857.554504      2724.6398925781
857.862549      2791.9704589844
858.170471      2630.3771972656
858.478394      2738.1059570313
858.786316      2722.3955078125
859.094177      2576.5129394531
859.401917      2563.0468750000
859.709656      2594.4677734375
860.017334      2668.5312500000
860.324951      2646.0876464844
860.632507      2612.4226074219
860.940063      2616.9111328125
861.247559      2628.1330566406
861.555054      2614.6667480469
861.862366      2578.7573242188
862.169739      2614.6667480469
862.476990      2690.9748535156
862.784241      2560.8024902344
863.091370      2565.2912597656
863.398499      2506.9379882813
863.705627      2509.1823730469
864.012634      2464.2954101563
864.319519      2545.0920410156
864.626526      2477.7614746094
864.933350      2446.3405761719
865.240234      2320.6572265625
865.546936      2450.8293457031
865.853699      2347.5893554688
866.160400      2201.7065429688
866.466980      2215.1726074219
866.773560      2168.0412597656
867.080078      2280.2587890625
867.386536      2239.8605957031
867.692993      2293.7248535156
867.999329      2313.9240722656
868.305664      2271.2814941406
868.611938      2253.3266601563
868.918152      2244.3491210938
869.224304      2354.3222656250
869.530457      2374.5214843750
869.836487      2255.5710449219
870.142517      2219.6613769531
870.448547      2280.2587890625
870.754395      2262.3039550781
871.060242      2192.7292480469
871.366089      2318.4128417969
871.671814      2269.0371093750
871.977539      2183.7517089844
872.283203      2356.5666503906
872.588806      2253.3266601563
872.894409      2235.3718261719
873.199890      2125.3986816406
873.505371      2174.7744140625
873.810730      2127.6430664063
874.116150      2215.1726074219
874.421387      2192.7292480469
874.726685      2192.7292480469
875.031860      2244.3491210938
875.337097      2168.0412597656
875.642090      2141.1091308594
875.947205      2069.2900390625
876.252197      2073.7788085938
876.557129      2172.5300292969
876.862000      2037.8691406250
877.166870      2156.8195800781
877.471680      2102.9553222656
877.776428      2055.8239746094
878.081116      2199.4621582031
878.385742      2145.5979003906
878.690369      1970.5385742188
878.994873      2069.2900390625
879.299316      2096.2221679688
879.603821      1999.7152099609
879.908203      2129.8874511719
880.212585      1934.6290283203
880.516846      2024.4030761719
880.821106      2069.2900390625
881.125244      2001.9594726563
881.429382      1975.0273437500
881.733459      1968.2943115234
882.037537      2024.4030761719
882.341492      1986.2490234375
882.645447      1921.1629638672
882.949280      1927.8959960938
883.253113      1963.8055419922
883.556885      1932.3846435547
883.860657      1903.2081298828
884.164307      2017.6699218750
884.467896      1977.2717285156
884.771484      1903.2081298828
885.075073      1943.6064453125
885.378540      1891.9864501953
885.681885      1981.7603759766
885.985291      1909.9411621094
886.288635      1885.2534179688
886.591858      1853.8325195313
886.895020      1804.4567871094
887.198242      1858.3211669922
887.501343      1851.5881347656
887.804443      1858.3211669922
888.107422      1824.6558837891
888.410400      1824.6558837891
888.713257      1732.6375732422
889.016174      1849.3437500000
889.318909      1878.5202636719
889.621643      1793.2349853516
889.924377      1883.0090332031
890.227051      1844.8551025391
890.529602      1784.2576904297
890.832153      1808.9454345703
891.134705      1847.0993652344
891.437134      1831.3890380859
891.739441      1835.8776855469
892.041870      1723.6601562500
892.344116      1799.9681396484
892.646362      1793.2349853516
892.948486      1714.6828613281
893.250671      1638.3750000000
893.552734      1725.9045410156
893.854797      1714.6828613281
894.156738      1723.6601562500
894.458618      1597.9766845703
894.760559      1629.3975830078
895.062378      1615.9313964844
895.364136      1566.5557861328
895.665894      1539.6235351563
895.967590      1548.6009521484
896.269165      1483.5148925781
896.570679      1470.0487060547
896.872192      1402.7182617188
897.173706      1348.8538818359
897.475159      1360.0756835938
897.776428      1382.5191650391
898.077759      1431.8947753906
