0.119000
190.489868         0.0000000000
190.870819         0.0000000000
191.251740       786.4199829102
191.632629       770.8693237305
192.013474       877.5025634766
192.394302       779.7554321289
192.775101       877.5025634766
193.155838       875.2810058594
193.536575       859.7303466797
193.917267       826.4074707031
194.297943       864.1734008789
194.678574       930.8191528320
195.059174       915.2684936523
195.439743       888.6101684570
195.820282       857.5087890625
196.200790       897.4962768555
196.581268       895.2747192383
196.961700       855.2872924805
197.342117       850.8442382813
197.722488       870.8379516602
198.102829       857.5087890625
198.483154       910.8254394531
198.863434       877.5025634766
199.243698       826.4074707031
199.623901       910.8254394531
200.004089       819.7428588867
200.384247       864.1734008789
200.764389       837.5150756836
201.144485       873.0595092773
201.524536       833.0720214844
201.904572       848.6227416992
202.284561       897.4962768555
202.664520       824.1859130859
203.044449       853.0657958984
203.424362       906.3823852539
203.804214       853.0657958984
204.184067       859.7303466797
204.563858       844.1796875000
204.943649       861.9518432617
205.323380       808.6352539063
205.703094       866.3948974609
206.082764       813.0783081055
206.462418       759.7617187500
206.842026       786.4199829102
207.221588       821.9644165039
207.601166       844.1796875000
207.980667       839.7366333008
208.360153       857.5087890625
208.739609       817.5213623047
209.119034       881.9456176758
209.498428       857.5087890625
209.877777       824.1859130859
210.257111       904.1608276367
210.636398       835.2935791016
211.015656       848.6227416992
211.394882       930.8191528320
211.774094       844.1796875000
212.153244       855.2872924805
212.532394       904.1608276367
212.911484       848.6227416992
213.290543       804.1921997070
213.669571       810.8568115234
214.048584       861.9518432617
214.427567       873.0595092773
214.806488       850.8442382813
215.185410       795.3060913086
215.564270       799.7491455078
215.943115       910.8254394531
216.321930       813.0783081055
216.700714       804.1921997070
217.079437       813.0783081055
217.458176       844.1796875000
217.836838       888.6101684570
218.215485       864.1734008789
218.594101       828.6289672852
218.972687       830.8505249023
219.351227       799.7491455078
219.729752       870.8379516602
220.108246       839.7366333008
220.486694       895.2747192383
220.865128       799.7491455078
221.243515       853.0657958984
221.621872       846.4011840820
222.000183       830.8505249023
222.378494       768.6478271484
222.756744       841.9581298828
223.134964       801.9707031250
223.513153       828.6289672852
223.891327       901.9393310547
224.269455       868.6164550781
224.647552       839.7366333008
225.025620       873.0595092773
225.403656       844.1796875000
225.781647       864.1734008789
226.159622       830.8505249023
226.537552       855.2872924805
226.915436       855.2872924805
227.293335       828.6289672852
227.671158       859.7303466797
228.048950       835.2935791016
228.426727       844.1796875000
228.804459       810.8568115234
229.182175       844.1796875000
229.559845       839.7366333008
229.937500       850.8442382813
230.315094       875.2810058594
230.692673       881.9456176758
231.070221       848.6227416992
231.447723       793.0845947266
231.825180       884.1671142578
232.202652       826.4074707031
232.580048       857.5087890625
232.957428       821.9644165039
233.334778       877.5025634766
233.712097       788.6415405273
234.089386       839.7366333008
234.466614       853.0657958984
234.843842       868.6164550781
235.221024       908.6038818359
235.598175       833.0720214844
235.975281       797.5276489258
236.352386       813.0783081055
236.729431       826.4074707031
237.106445       875.2810058594
237.483414       773.0908203125
237.860382       835.2935791016
238.237305       817.5213623047
238.614182       866.3948974609
238.991043       821.9644165039
239.367859       833.0720214844
239.744644       886.3886718750
240.121414       833.0720214844
240.498138       839.7366333008
240.874817       824.1859130859
241.251480       821.9644165039
241.628098       853.0657958984
242.004700       819.7428588867
242.381241       844.1796875000
242.757782       873.0595092773
243.134262       850.8442382813
243.510727       824.1859130859
243.887146       879.7240600586
244.263535       826.4074707031
244.639893       895.2747192383
245.016220       799.7491455078
245.392517       850.8442382813
245.768768       879.7240600586
246.145020       768.6478271484
246.521194       886.3886718750
246.897354       853.0657958984
247.273483       824.1859130859
247.649567       897.4962768555
248.025650       841.9581298828
248.401672       806.4137573242
248.777664       810.8568115234
249.153641       861.9518432617
249.529556       817.5213623047
249.905457       786.4199829102
250.281326       835.2935791016
250.657135       799.7491455078
251.032959       821.9644165039
251.408707       826.4074707031
251.784424       879.7240600586
252.160126       833.0720214844
252.535797       808.6352539063
252.911423       848.6227416992
253.287018       830.8505249023
253.662582       886.3886718750
254.038116       877.5025634766
254.413605       884.1671142578
254.789063       786.4199829102
255.164505       848.6227416992
255.539886       844.1796875000
255.915268       890.8317260742
256.290588       870.8379516602
256.665894       855.2872924805
257.041168       895.2747192383
257.416351       846.4011840820
257.791565       848.6227416992
258.166779       837.5150756836
258.541870       828.6289672852
258.916962       899.7177734375
259.292023       817.5213623047
259.667023       810.8568115234
260.042053       824.1859130859
260.416992       870.8379516602
260.791931       899.7177734375
261.166809       846.4011840820
261.541687       813.0783081055
261.916504       839.7366333008
262.291321       817.5213623047
262.666077       835.2935791016
263.040802       855.2872924805
263.415497       826.4074707031
263.790161       888.6101684570
264.164795       857.5087890625
264.539368       824.1859130859
264.913910       801.9707031250
265.288452       848.6227416992
265.662964       844.1796875000
266.037384       906.3823852539
266.411865       877.5025634766
266.786224       864.1734008789
267.160583       881.9456176758
267.534912       861.9518432617
267.909210       837.5150756836
268.283447       837.5150756836
268.657654       826.4074707031
269.031860       826.4074707031
269.406006       808.6352539063
269.780151       841.9581298828
270.154236       841.9581298828
270.528290       841.9581298828
270.902283       866.3948974609
271.276306       895.2747192383
271.650238       870.8379516602
272.024170       817.5213623047
272.398041       901.9393310547
272.771881       835.2935791016
273.145721       837.5150756836
273.519531       837.5150756836
273.893219       813.0783081055
274.266937       846.4011840820
274.640656       799.7491455078
275.014282       764.2047729492
275.387909       806.4137573242
275.761475       857.5087890625
276.135040       835.2935791016
276.508514       924.1546020508
276.882019       788.6415405273
277.255463       819.7428588867
277.628906       804.1921997070
278.002258       806.4137573242
278.375549       808.6352539063
278.748901       857.5087890625
279.122162       801.9707031250
279.495392       846.4011840820
279.868622       830.8505249023
280.241791       821.9644165039
280.614929       866.3948974609
280.988007       850.8442382813
281.361084       806.4137573242
281.734131       877.5025634766
282.107117       793.0845947266
282.480072       879.7240600586
282.853027       857.5087890625
283.225952       806.4137573242
283.598785       888.6101684570
283.971619       833.0720214844
284.344452       850.8442382813
284.717194       908.6038818359
285.089905       850.8442382813
285.462616       881.9456176758
285.835297       826.4074707031
286.207886       799.7491455078
286.580475       853.0657958984
286.953064       777.5338745117
287.325592       850.8442382813
287.698059       828.6289672852
288.070496       884.1671142578
288.442963       857.5087890625
288.815308       806.4137573242
289.187683       837.5150756836
289.559998       853.0657958984
289.932281       855.2872924805
290.304504       879.7240600586
290.676727       893.0532226563
291.048920       844.1796875000
291.421082       839.7366333008
291.793182       779.7554321289
292.165222       866.3948974609
292.537292       857.5087890625
292.909332       799.7491455078
293.281281       855.2872924805
293.653198       828.6289672852
294.025116       806.4137573242
294.397003       841.9581298828
294.768860       806.4137573242
295.140656       850.8442382813
295.512390       877.5025634766
295.884125       893.0532226563
296.255829       817.5213623047
296.627502       899.7177734375
296.999146       950.8128662109
297.370728       857.5087890625
297.742249       877.5025634766
298.113831       799.7491455078
298.485291       824.1859130859
298.856781       870.8379516602
299.228149       906.3823852539
299.599579       857.5087890625
299.970917       821.9644165039
300.342224       815.2998046875
300.713531       848.6227416992
301.084778       866.3948974609
301.455994       855.2872924805
301.827148       893.0532226563
302.198334       859.7303466797
302.569427       868.6164550781
302.940521       859.7303466797
303.311554       808.6352539063
303.682556       848.6227416992
304.053528       828.6289672852
304.424469       770.8693237305
304.795380       835.2935791016
305.166260       821.9644165039
305.537048       810.8568115234
305.907837       877.5025634766
306.278625       824.1859130859
306.649384       833.0720214844
307.020050       810.8568115234
307.390686       841.9581298828
307.761353       924.1546020508
308.131897       868.6164550781
308.502502       861.9518432617
308.872986       861.9518432617
309.243500       866.3948974609
309.613922       824.1859130859
309.984344       839.7366333008
310.354736       795.3060913086
310.725098       848.6227416992
311.095398       781.9769287109
311.465637       790.8630371094
311.835907       833.0720214844
312.206116       806.4137573242
312.576294       804.1921997070
312.946411       846.4011840820
313.316528       824.1859130859
313.686584       815.2998046875
314.056610       853.0657958984
314.426605       795.3060913086
314.796570       784.1984863281
315.166504       826.4074707031
315.536377       873.0595092773
315.906250       859.7303466797
316.276093       824.1859130859
316.645844       746.4325561523
317.015594       828.6289672852
317.385315       810.8568115234
317.755035       857.5087890625
318.124603       848.6227416992
318.494263       848.6227416992
318.863831       835.2935791016
319.233368       844.1796875000
319.602875       837.5150756836
319.972351       915.2684936523
320.341797       821.9644165039
320.711182       893.0532226563
321.080536       859.7303466797
321.449890       797.5276489258
321.819183       808.6352539063
322.188446       835.2935791016
322.557648       864.1734008789
322.926880       846.4011840820
323.295990       784.1984863281
323.665100       837.5150756836
324.034210       821.9644165039
324.403259       861.9518432617
324.772247       839.7366333008
325.141205       839.7366333008
325.510193       835.2935791016
325.879120       868.6164550781
326.247955       844.1796875000
326.616791       864.1734008789
326.985596       899.7177734375
327.354340       804.1921997070
327.723053       799.7491455078
328.091797       810.8568115234
328.460449       879.7240600586
328.829071       930.8191528320
329.197632       888.6101684570
329.566193       835.2935791016
329.934753       873.0595092773
330.303192       819.7428588867
330.671631       833.0720214844
331.040070       819.7428588867
331.408478       839.7366333008
331.776794       784.1984863281
332.145081       884.1671142578
332.513367       821.9644165039
332.881592       808.6352539063
333.249756       817.5213623047
333.617920       790.8630371094
333.986084       844.1796875000
334.354156       808.6352539063
334.722229       873.0595092773
335.090240       833.0720214844
335.458252       904.1608276367
335.826202       788.6415405273
336.194092       870.8379516602
336.561951       848.6227416992
336.929779       781.9769287109
337.297577       850.8442382813
337.665375       879.7240600586
338.033142       913.0469360352
338.400787       813.0783081055
338.768463       819.7428588867
339.136108       895.2747192383
339.503693       810.8568115234
339.871246       848.6227416992
340.238770       886.3886718750
340.606262       839.7366333008
340.973755       848.6227416992
341.341125       935.2622070313
341.708527       850.8442382813
342.075867       846.4011840820
342.443146       808.6352539063
342.810425       784.1984863281
343.177673       873.0595092773
343.544861       801.9707031250
343.912018       873.0595092773
344.279114       921.9330444336
344.646271       846.4011840820
345.013336       815.2998046875
345.380341       799.7491455078
345.747314       801.9707031250
346.114258       877.5025634766
346.481171       844.1796875000
346.848022       773.0908203125
347.214905       846.4011840820
347.581726       859.7303466797
347.948456       804.1921997070
348.315186       844.1796875000
348.681885       806.4137573242
349.048584       826.4074707031
349.415161       861.9518432617
349.781738       901.9393310547
350.148346       910.8254394531
350.514862       904.1608276367
350.881287       846.4011840820
351.247742       873.0595092773
351.614197       901.9393310547
351.980530       855.2872924805
352.346863       857.5087890625
352.713165       846.4011840820
353.079437       881.9456176758
353.445679       850.8442382813
353.811859       884.1671142578
354.178009       815.2998046875
354.544159       890.8317260742
354.910217       813.0783081055
355.276276       884.1671142578
355.642303       815.2998046875
356.008270       870.8379516602
356.374176       841.9581298828
356.740112       908.6038818359
357.105988       808.6352539063
357.471802       844.1796875000
357.837585       873.0595092773
358.203339       877.5025634766
358.569092       793.0845947266
358.934753       855.2872924805
359.300415       824.1859130859
359.666016       850.8442382813
360.031616       848.6227416992
360.397125       837.5150756836
360.762634       815.2998046875
361.128143       839.7366333008
361.493530       806.4137573242
361.858917       859.7303466797
362.224274       875.2810058594
362.589630       819.7428588867
362.954895       866.3948974609
363.320160       864.1734008789
363.685394       897.4962768555
364.050568       853.0657958984
364.415680       828.6289672852
364.780792       841.9581298828
365.145874       879.7240600586
365.510895       824.1859130859
365.875854       806.4137573242
366.240845       855.2872924805
366.605774       755.3186645508
366.970642       795.3060913086
367.335480       844.1796875000
367.700317       817.5213623047
368.065125       848.6227416992
368.429840       879.7240600586
368.794525       906.3823852539
369.159241       924.1546020508
369.523834       859.7303466797
369.888397       799.7491455078
370.252991       810.8568115234
370.617554       864.1734008789
370.981995       844.1796875000
371.346436       728.6603393555
371.710846       813.0783081055
372.075256       813.0783081055
372.439545       868.6164550781
372.803864       881.9456176758
373.168121       830.8505249023
373.532379       895.2747192383
373.896545       886.3886718750
374.260681       786.4199829102
374.624847       844.1796875000
374.988892       848.6227416992
375.352936       835.2935791016
375.716949       910.8254394531
376.080933       808.6352539063
376.444855       853.0657958984
376.808716       819.7428588867
377.172638       801.9707031250
377.536469       815.2998046875
377.900208       884.1671142578
378.263947       913.0469360352
378.627686       859.7303466797
378.991364       850.8442382813
379.354980       779.7554321289
379.718628       857.5087890625
380.082214       870.8379516602
380.445709       868.6164550781
380.809174       857.5087890625
381.172668       868.6164550781
381.536072       833.0720214844
381.899475       850.8442382813
382.262787       821.9644165039
382.626129       857.5087890625
382.989380       857.5087890625
383.352631       875.2810058594
383.715790       875.2810058594
384.078979       826.4074707031
384.442078       817.5213623047
384.805145       875.2810058594
385.168243       861.9518432617
385.531250       815.2998046875
385.894226       848.6227416992
386.257141       819.7428588867
386.620056       846.4011840820
386.982941       870.8379516602
387.345734       839.7366333008
387.708527       806.4137573242
388.071289       864.1734008789
388.433990       826.4074707031
388.796661       841.9581298828
389.159332       799.7491455078
389.521942       788.6415405273
389.884491       913.0469360352
390.247040       919.7115478516
390.609528       797.5276489258
390.971985       877.5025634766
391.334412       861.9518432617
391.696747       868.6164550781
392.059143       841.9581298828
392.421478       837.5150756836
392.783691       817.5213623047
393.145935       826.4074707031
393.508148       870.8379516602
393.870270       870.8379516602
394.232391       908.6038818359
394.594482       893.0532226563
394.956573       875.2810058594
395.318542       841.9581298828
395.680511       806.4137573242
396.042450       808.6352539063
396.404388       784.1984863281
396.766235       837.5150756836
397.128021       904.1608276367
397.489838       826.4074707031
397.851563       859.7303466797
398.213257       857.5087890625
398.574951       806.4137573242
398.936615       797.5276489258
399.298187       795.3060913086
399.659729       848.6227416992
400.021271       866.3948974609
400.382751       837.5150756836
400.744202       839.7366333008
401.105621       861.9518432617
401.466980       846.4011840820
401.828339       826.4074707031
402.189606       790.8630371094
402.550873       797.5276489258
402.912140       877.5025634766
403.273285       857.5087890625
403.634430       861.9518432617
403.995544       893.0532226563
404.356659       790.8630371094
404.717651       861.9518432617
405.078674       846.4011840820
405.439636       748.6540527344
405.800568       837.5150756836
406.161438       868.6164550781
406.522278       846.4011840820
406.883118       955.2559204102
407.243866       806.4137573242
407.604584       801.9707031250
407.965302       815.2998046875
408.325989       881.9456176758
408.686584       881.9456176758
409.047150       828.6289672852
409.407715       870.8379516602
409.768250       841.9581298828
410.128723       875.2810058594
410.489136       890.8317260742
410.849518       904.1608276367
411.209900       846.4011840820
411.570190       850.8442382813
411.930511       833.0720214844
412.290741       857.5087890625
412.650940       921.9330444336
413.011078       828.6289672852
413.371246       841.9581298828
413.731354       864.1734008789
414.091400       855.2872924805
414.451385       828.6289672852
414.811401       888.6101684570
415.171356       888.6101684570
415.531281       846.4011840820
415.891113       855.2872924805
416.250946       775.3123779297
416.610718       788.6415405273
416.970490       790.8630371094
417.330200       786.4199829102
417.689911       808.6352539063
418.049530       875.2810058594
418.409119       804.1921997070
418.768707       828.6289672852
419.128235       904.1608276367
419.487701       879.7240600586
419.847137       859.7303466797
420.206573       855.2872924805
420.565948       859.7303466797
420.925232       866.3948974609
421.284576       833.0720214844
421.643860       777.5338745117
422.003052       868.6164550781
422.362213       806.4137573242
422.721375       886.3886718750
423.080536       881.9456176758
423.439575       866.3948974609
423.798584       826.4074707031
424.157593       819.7428588867
424.516571       777.5338745117
424.875458       864.1734008789
425.234314       855.2872924805
425.593201       855.2872924805
425.951965       841.9581298828
426.310699       850.8442382813
426.669495       810.8568115234
427.028168       777.5338745117
427.386810       790.8630371094
427.745392       870.8379516602
428.103973       844.1796875000
428.462524       795.3060913086
428.821045       866.3948974609
429.179504       897.4962768555
429.537903       924.1546020508
429.896271       808.6352539063
430.254608       824.1859130859
430.612915       846.4011840820
430.971222       846.4011840820
431.329437       850.8442382813
431.687622       881.9456176758
432.045776       828.6289672852
432.403900       773.0908203125
432.761993       899.7177734375
433.119995       866.3948974609
433.477997       859.7303466797
433.835968       793.0845947266
434.193909       828.6289672852
434.551758       870.8379516602
434.909637       897.4962768555
435.267395       844.1796875000
435.625183       850.8442382813
435.982910       890.8317260742
436.340607       848.6227416992
436.698273       801.9707031250
437.055878       784.1984863281
437.413452       828.6289672852
437.770996       801.9707031250
438.128479       841.9581298828
438.485962       846.4011840820
438.843384       846.4011840820
439.200775       841.9581298828
439.558136       870.8379516602
439.915405       828.6289672852
440.272705       844.1796875000
440.629883       777.5338745117
440.987091       826.4074707031
441.344238       857.5087890625
441.701355       786.4199829102
442.058441       810.8568115234
442.415436       813.0783081055
442.772461       859.7303466797
443.129425       815.2998046875
443.486359       857.5087890625
443.843231       833.0720214844
444.200104       879.7240600586
444.556885       824.1859130859
444.913635       806.4137573242
445.270355       826.4074707031
445.627075       844.1796875000
445.983704       821.9644165039
446.340302       850.8442382813
446.696869       893.0532226563
447.053436       850.8442382813
447.409912       850.8442382813
447.766357       837.5150756836
448.122803       866.3948974609
448.479156       848.6227416992
448.835510       897.4962768555
449.191772       857.5087890625
449.548096       819.7428588867
449.904297       837.5150756836
450.260437       833.0720214844
450.616608       857.5087890625
450.972687       833.0720214844
451.328796       806.4137573242
451.684814       817.5213623047
452.040833       879.7240600586
452.396729       808.6352539063
452.752655       835.2935791016
453.108551       821.9644165039
453.464355       815.2998046875
453.820160       873.0595092773
454.175934       853.0657958984
454.531616       804.1921997070
454.887299       893.0532226563
455.242950       828.6289672852
455.598541       795.3060913086
455.954102       875.2810058594
456.309601       877.5025634766
456.665131       875.2810058594
457.020538       848.6227416992
457.375977       884.1671142578
457.731323       741.9895019531
458.086670       830.8505249023
458.441956       855.2872924805
458.797211       848.6227416992
459.152405       697.5589599609
459.507538       819.7428588867
459.862701       846.4011840820
460.217773       835.2935791016
460.572845       786.4199829102
460.927856       870.8379516602
461.282837       826.4074707031
461.637756       846.4011840820
461.992645       839.7366333008
462.347504       857.5087890625
462.702332       790.8630371094
463.057129       893.0532226563
463.411835       779.7554321289
463.766541       806.4137573242
464.121185       917.4899902344
464.475830       773.0908203125
464.830383       826.4074707031
465.184937       886.3886718750
465.539429       821.9644165039
465.893921       884.1671142578
466.248322       815.2998046875
466.602753       839.7366333008
466.957062       861.9518432617
467.311371       835.2935791016
467.665619       828.6289672852
468.019897       877.5025634766
468.374054       797.5276489258
468.728180       777.5338745117
469.082306       806.4137573242
469.436371       830.8505249023
469.790405       848.6227416992
470.144379       879.7240600586
470.498352       779.7554321289
470.852264       841.9581298828
471.206146       835.2935791016
471.559967       837.5150756836
471.913788       833.0720214844
472.267487       830.8505249023
472.621246       888.6101684570
472.974915       875.2810058594
473.328522       888.6101684570
473.682129       821.9644165039
474.035675       919.7115478516
474.389191       861.9518432617
474.742676       881.9456176758
475.096130       835.2935791016
475.449493       895.2747192383
475.802856       846.4011840820
476.156189       888.6101684570
476.509460       868.6164550781
476.862732       835.2935791016
477.215912       824.1859130859
477.569061       795.3060913086
477.922150       837.5150756836
478.275299       855.2872924805
478.628296       821.9644165039
478.981323       826.4074707031
479.334259       817.5213623047
479.687195       810.8568115234
480.040070       859.7303466797
480.392914       877.5025634766
480.745728       897.4962768555
481.098511       855.2872924805
481.451202       837.5150756836
481.803925       868.6164550781
482.156525       844.1796875000
482.509125       888.6101684570
482.861694       788.6415405273
483.214233       841.9581298828
483.566711       817.5213623047
483.919128       926.3760986328
484.271576       855.2872924805
484.623901       813.0783081055
484.976257       861.9518432617
485.328522       824.1859130859
485.680786       859.7303466797
486.032959       888.6101684570
486.385132       875.2810058594
486.737274       826.4074707031
487.089325       830.8505249023
487.441376       837.5150756836
487.793396       837.5150756836
488.145386       821.9644165039
488.497284       890.8317260742
488.849182       801.9707031250
489.201019       859.7303466797
489.552826       828.6289672852
489.904572       848.6227416992
490.256317       861.9518432617
490.608002       839.7366333008
490.959656       826.4074707031
491.311249       828.6289672852
491.662811       797.5276489258
492.014343       848.6227416992
492.365814       868.6164550781
492.717285       850.8442382813
493.068665       848.6227416992
493.420044       850.8442382813
493.771362       828.6289672852
494.122650       846.4011840820
494.473877       828.6289672852
494.825104       844.1796875000
495.176270       784.1984863281
495.527374       890.8317260742
495.878479       910.8254394531
496.229492       810.8568115234
496.580536       775.3123779297
496.931458       801.9707031250
497.282379       804.1921997070
497.633270       835.2935791016
497.984131       781.9769287109
498.334900       884.1671142578
498.685669       788.6415405273
499.036377       853.0657958984
499.387115       870.8379516602
499.737701       913.0469360352
500.088318       870.8379516602
500.438904       835.2935791016
500.789429       839.7366333008
501.139893       879.7240600586
501.490295       806.4137573242
501.840729       828.6289672852
502.191040       833.0720214844
502.541382       824.1859130859
502.891663       833.0720214844
503.241913       848.6227416992
503.592133       899.7177734375
503.942322       913.0469360352
504.292358       859.7303466797
504.642395       904.1608276367
504.992432       801.9707031250
505.342468       813.0783081055
505.692413       826.4074707031
506.042358       841.9581298828
506.392242       824.1859130859
506.742035       873.0595092773
507.091858       853.0657958984
507.441528       884.1671142578
507.791290       884.1671142578
508.140961       879.7240600586
508.490601       866.3948974609
508.840210       901.9393310547
509.189697       928.5976562500
509.539215       808.6352539063
509.888641       826.4074707031
510.238098       797.5276489258
510.587494       826.4074707031
510.936859       839.7366333008
511.286194       821.9644165039
511.635498       788.6415405273
511.984650       859.7303466797
512.333862       857.5087890625
512.682922       790.8630371094
513.032043       884.1671142578
513.381104       837.5150756836
513.730164       824.1859130859
514.079163       839.7366333008
514.428040       893.0532226563
514.776978       826.4074707031
515.125793       875.2810058594
515.474609       873.0595092773
515.823425       844.1796875000
516.172180       795.3060913086
516.520813       833.0720214844
516.869568       828.6289672852
517.218079       895.2747192383
517.566650       899.7177734375
517.915161       824.1859130859
518.263672       828.6289672852
518.612183       806.4137573242
518.960571       879.7240600586
519.308899       850.8442382813
519.657227       844.1796875000
520.005554       864.1734008789
520.353699       846.4011840820
520.701904       859.7303466797
521.050110       877.5025634766
521.398254       824.1859130859
521.746338       873.0595092773
522.094421       841.9581298828
522.442383       913.0469360352
522.790222       799.7491455078
523.138184       846.4011840820
523.486145       833.0720214844
523.833984       848.6227416992
524.181763       846.4011840820
524.529541       881.9456176758
524.877197       908.6038818359
525.224915       773.0908203125
525.572449       801.9707031250
525.920105       746.4325561523
526.267639       870.8379516602
526.615173       808.6352539063
526.962646       830.8505249023
527.309998       855.2872924805
527.657410       773.0908203125
528.004700       799.7491455078
528.351990       766.4262695313
528.699280       828.6289672852
529.046509       857.5087890625
529.393677       815.2998046875
529.740845       828.6289672852
530.087891       868.6164550781
530.434998       815.2998046875
530.781921       806.4137573242
531.128906       895.2747192383
531.475891       830.8505249023
531.822815       908.6038818359
532.169617       917.4899902344
532.516418       837.5150756836
532.863159       877.5025634766
533.209839       837.5150756836
533.556580       817.5213623047
533.903198       781.9769287109
534.249817       828.6289672852
534.596436       739.7679443359
534.942932       810.8568115234
535.289368       844.1796875000
535.635803       801.9707031250
535.982178       841.9581298828
536.328552       897.4962768555
536.674805       839.7366333008
537.021118       810.8568115234
537.367371       813.0783081055
537.713501       835.2935791016
538.059692       833.0720214844
538.405701       828.6289672852
538.751831       857.5087890625
539.097839       864.1734008789
539.443787       748.6540527344
539.789734       781.9769287109
540.135620       826.4074707031
540.481506       899.7177734375
540.827209       844.1796875000
541.173035       846.4011840820
541.518799       815.2998046875
541.864502       817.5213623047
542.210144       873.0595092773
542.555786       886.3886718750
542.901245       808.6352539063
543.246826       835.2935791016
543.592285       850.8442382813
543.937683       773.0908203125
544.283142       813.0783081055
544.628479       741.9895019531
544.973816       870.8379516602
545.319031       830.8505249023
545.664307       861.9518432617
546.009399       859.7303466797
546.354614       868.6164550781
546.699707       890.8317260742
547.044739       835.2935791016
547.389832       841.9581298828
547.734802       853.0657958984
548.079712       839.7366333008
548.424622       801.9707031250
548.769409       895.2747192383
549.114258       824.1859130859
549.459045       873.0595092773
549.803772       795.3060913086
550.148499       806.4137573242
550.493103       846.4011840820
550.837708       855.2872924805
551.182190       868.6164550781
551.526733       853.0657958984
551.871216       859.7303466797
552.215698       799.7491455078
552.560120       897.4962768555
552.904480       906.3823852539
553.248718       797.5276489258
553.592957       824.1859130859
553.937195       861.9518432617
554.281372       853.0657958984
554.625549       861.9518432617
554.969666       797.5276489258
555.313721       870.8379516602
555.657654       824.1859130859
556.001709       846.4011840820
556.345581       830.8505249023
556.689514       830.8505249023
557.033325       875.2810058594
557.377197       826.4074707031
557.720947       797.5276489258
558.064575       837.5150756836
558.408264       857.5087890625
558.751892       890.8317260742
559.095520       786.4199829102
559.439087       864.1734008789
559.782654       817.5213623047
560.126099       826.4074707031
560.469543       841.9581298828
560.812927       899.7177734375
561.156250       839.7366333008
561.499512       870.8379516602
561.842773       830.8505249023
562.185974       870.8379516602
562.529175       808.6352539063
562.872314       857.5087890625
563.215332       841.9581298828
563.558472       875.2810058594
563.901367       873.0595092773
564.244385       835.2935791016
564.587341       813.0783081055
564.930237       859.7303466797
565.273071       781.9769287109
565.615845       846.4011840820
565.958557       770.8693237305
566.301331       835.2935791016
566.643860       868.6164550781
566.986511       824.1859130859
567.329163       839.7366333008
567.671692       839.7366333008
568.014221       808.6352539063
568.356628       799.7491455078
568.699036       759.7617187500
569.041321       877.5025634766
569.383728       924.1546020508
569.726013       795.3060913086
570.068298       813.0783081055
570.410461       777.5338745117
570.752686       766.4262695313
571.094727       770.8693237305
571.436768       821.9644165039
571.778809       844.1796875000
572.120850       853.0657958984
572.462769       846.4011840820
572.804688       821.9644165039
573.146606       921.9330444336
573.488342       821.9644165039
573.830139       835.2935791016
574.171814       797.5276489258
574.513550       815.2998046875
574.855164       868.6164550781
575.196838       853.0657958984
575.538391       841.9581298828
575.879883       893.0532226563
576.221375       875.2810058594
576.562744       861.9518432617
576.904175       864.1734008789
577.245483       857.5087890625
577.586792       908.6038818359
577.928101       873.0595092773
578.269348       821.9644165039
578.610535       821.9644165039
578.951660       861.9518432617
579.292664       826.4074707031
579.633728       810.8568115234
579.974792       879.7240600586
580.315796       846.4011840820
580.656677       908.6038818359
580.997498       879.7240600586
581.338379       908.6038818359
581.679138       875.2810058594
582.019897       833.0720214844
582.360657       853.0657958984
582.701294       826.4074707031
583.041931       804.1921997070
583.382507       828.6289672852
583.723022       893.0532226563
584.063538       870.8379516602
584.403931       841.9581298828
584.744385       819.7428588867
585.084778       859.7303466797
585.425110       921.9330444336
585.765381       837.5150756836
586.105591       808.6352539063
586.445801       801.9707031250
586.785889       813.0783081055
587.125977       861.9518432617
587.466064       810.8568115234
587.806152       846.4011840820
588.146118       861.9518432617
588.486023       833.0720214844
588.825928       855.2872924805
589.165710       906.3823852539
589.505554       857.5087890625
589.845337       919.7115478516
590.185120       810.8568115234
590.524780       924.1546020508
590.864441       946.3698120117
591.203918       884.1671142578
591.543518       753.0971069336
591.882996       893.0532226563
592.222473       861.9518432617
592.561890       819.7428588867
592.901306       861.9518432617
593.240662       879.7240600586
593.579895       873.0595092773
593.919128       804.1921997070
594.258301       875.2810058594
594.597473       841.9581298828
594.936646       830.8505249023
595.275696       841.9581298828
595.614807       826.4074707031
595.953796       810.8568115234
596.292725       870.8379516602
596.631592       821.9644165039
596.970398       821.9644165039
597.309204       830.8505249023
597.648010       866.3948974609
597.986755       846.4011840820
598.325500       850.8442382813
598.664124       864.1734008789
599.002686       861.9518432617
599.341187       813.0783081055
599.679749       884.1671142578
600.018250       839.7366333008
600.356628       884.1671142578
600.695068       888.6101684570
601.033386       835.2935791016
601.371643       824.1859130859
601.709900       868.6164550781
602.048035       844.1796875000
602.386292       815.2998046875
602.724426       795.3060913086
603.062500       861.9518432617
603.400574       886.3886718750
603.738525       913.0469360352
604.076477       813.0783081055
604.414307       815.2998046875
604.752197       853.0657958984
605.090027       841.9581298828
605.427795       830.8505249023
605.765564       830.8505249023
606.103210       824.1859130859
606.440857       844.1796875000
606.778442       819.7428588867
607.115967       915.2684936523
607.453552       910.8254394531
607.791016       844.1796875000
608.128418       906.3823852539
608.465820       806.4137573242
608.803162       837.5150756836
609.140442       848.6227416992
609.477661       797.5276489258
609.814880       844.1796875000
610.152100       813.0783081055
610.489258       806.4137573242
610.826294       801.9707031250
611.163269       839.7366333008
611.500305       824.1859130859
611.837219       761.9832153320
612.174072       855.2872924805
612.510986       846.4011840820
612.847839       859.7303466797
613.184570       868.6164550781
613.521362       806.4137573242
613.857971       861.9518432617
614.194641       819.7428588867
614.531189       790.8630371094
614.867737       748.6540527344
615.204285       848.6227416992
615.540771       868.6164550781
615.877197       875.2810058594
616.213562       857.5087890625
616.549927       853.0657958984
616.886169       844.1796875000
617.222351       826.4074707031
617.558594       879.7240600586
617.894775       886.3886718750
618.230896       877.5025634766
618.566956       853.0657958984
618.902954       810.8568115234
619.238953       813.0783081055
619.574890       839.7366333008
619.910767       899.7177734375
620.246643       870.8379516602
620.582458       770.8693237305
620.918213       806.4137573242
621.253967       850.8442382813
621.589661       830.8505249023
621.925232       793.0845947266
622.260803       835.2935791016
622.596375       870.8379516602
622.931885       835.2935791016
623.267334       884.1671142578
623.602722       806.4137573242
623.938110       886.3886718750
624.273376       864.1734008789
624.608643       848.6227416992
624.943848       853.0657958984
625.279114       830.8505249023
625.614258       841.9581298828
625.949341       817.5213623047
626.284424       853.0657958984
626.619446       848.6227416992
626.954407       859.7303466797
627.289307       837.5150756836
627.624207       841.9581298828
627.959045       877.5025634766
628.293884       777.5338745117
628.628601       824.1859130859
628.963257       828.6289672852
629.297913       857.5087890625
629.632507       895.2747192383
629.967102       806.4137573242
630.301697       859.7303466797
630.636169       844.1796875000
630.970581       875.2810058594
631.304993       868.6164550781
631.639282       857.5087890625
631.973572       830.8505249023
632.307861       795.3060913086
632.642090       857.5087890625
632.976257       766.4262695313
633.310425       868.6164550781
633.644470       828.6289672852
633.978516       786.4199829102
634.312439       837.5150756836
634.646423       826.4074707031
634.980347       855.2872924805
635.314209       866.3948974609
635.648071       893.0532226563
635.981812       808.6352539063
636.315552       833.0720214844
636.649170       813.0783081055
636.982849       837.5150756836
637.316406       837.5150756836
637.649963       815.2998046875
637.983521       779.7554321289
638.317017       844.1796875000
638.650391       870.8379516602
638.983765       779.7554321289
639.317078       873.0595092773
639.650391       895.2747192383
639.983643       835.2935791016
640.316833       833.0720214844
640.649963       801.9707031250
640.983032       841.9581298828
641.316101       835.2935791016
641.649109       875.2810058594
641.982056       877.5025634766
642.315002       797.5276489258
642.647888       821.9644165039
642.980774       830.8505249023
643.313538       895.2747192383
643.646301       817.5213623047
643.979004       873.0595092773
644.311646       853.0657958984
644.644226       824.1859130859
644.976868       833.0720214844
645.309387       877.5025634766
645.641846       835.2935791016
645.974243       850.8442382813
646.306702       859.7303466797
646.638977       824.1859130859
646.971252       841.9581298828
647.303528       797.5276489258
647.635803       910.8254394531
647.967957       879.7240600586
648.300110       830.8505249023
648.632141       841.9581298828
648.964111       855.2872924805
649.296082       808.6352539063
649.628113       821.9644165039
649.960022       848.6227416992
650.291870       815.2998046875
650.623718       777.5338745117
650.955383       910.8254394531
651.287109       915.2684936523
651.618774       835.2935791016
651.950378       813.0783081055
652.281982       877.5025634766
652.613586       841.9581298828
652.945068       806.4137573242
653.276489       855.2872924805
653.607910       850.8442382813
653.939209       888.6101684570
654.270569       848.6227416992
654.601807       899.7177734375
654.933105       864.1734008789
655.264221       857.5087890625
655.595398       828.6289672852
655.926453       888.6101684570
656.257507       835.2935791016
656.588440       850.8442382813
656.919434       921.9330444336
657.250366       864.1734008789
657.581238       866.3948974609
657.912048       826.4074707031
658.242798       833.0720214844
658.573486       886.3886718750
658.904114       928.5976562500
659.234802       830.8505249023
659.565430       810.8568115234
659.895996       848.6227416992
660.226501       779.7554321289
660.556946       859.7303466797
660.887329       830.8505249023
661.217712       897.4962768555
661.547974       821.9644165039
661.878296       857.5087890625
662.208557       855.2872924805
662.538757       915.2684936523
662.868896       841.9581298828
663.198975       855.2872924805
663.528992       888.6101684570
663.859009       857.5087890625
664.188904       799.7491455078
664.518860       848.6227416992
664.848755       833.0720214844
665.178589       788.6415405273
665.508362       797.5276489258
665.838013       826.4074707031
666.167725       821.9644165039
666.497375       877.5025634766
666.826965       839.7366333008
667.156494       821.9644165039
667.486084       857.5087890625
667.815552       933.0407104492
668.144897       826.4074707031
668.474304       873.0595092773
668.803528       870.8379516602
669.132813       917.4899902344
669.462036       888.6101684570
669.791260       859.7303466797
670.120422       886.3886718750
670.449463       846.4011840820
670.778564       819.7428588867
671.107544       830.8505249023
671.436523       815.2998046875
671.765381       866.3948974609
672.094299       866.3948974609
672.423157       824.1859130859
672.751831       839.7366333008
673.080627       833.0720214844
673.409302       853.0657958984
673.737976       790.8630371094
674.066528       837.5150756836
674.395081       855.2872924805
674.723572       799.7491455078
675.052002       873.0595092773
675.380432       853.0657958984
675.708801       895.2747192383
676.037170       824.1859130859
676.365417       761.9832153320
676.693665       819.7428588867
677.021851       877.5025634766
677.349976       821.9644165039
677.678040       777.5338745117
678.006042       797.5276489258
678.334106       819.7428588867
678.662048       773.0908203125
678.989929       886.3886718750
679.317810       786.4199829102
679.645630       899.7177734375
679.973389       841.9581298828
680.301086       906.3823852539
680.628845       881.9456176758
680.956482       788.6415405273
681.283997       824.1859130859
681.611572       821.9644165039
681.939087       866.3948974609
682.266541       935.2622070313
682.593872       833.0720214844
682.921265       919.7115478516
683.248596       875.2810058594
683.575806       875.2810058594
683.903076       813.0783081055
684.230286       833.0720214844
684.557373       833.0720214844
684.884399       828.6289672852
685.211487       875.2810058594
685.538513       784.1984863281
685.865417       864.1734008789
686.192261       828.6289672852
686.519165       886.3886718750
686.845947       833.0720214844
687.172729       837.5150756836
687.499451       824.1859130859
687.826111       815.2998046875
688.152771       839.7366333008
688.479248       817.5213623047
688.805847       790.8630371094
689.132324       888.6101684570
689.458801       815.2998046875
689.785095       841.9581298828
690.111511       817.5213623047
690.437805       828.6289672852
690.764038       841.9581298828
691.090210       813.0783081055
691.416443       821.9644165039
691.742554       837.5150756836
692.068604       853.0657958984
692.394592       797.5276489258
692.720581       826.4074707031
693.046509       919.7115478516
693.372375       768.6478271484
693.698242       777.5338745117
694.023987       804.1921997070
694.349792       861.9518432617
694.675476       853.0657958984
695.001099       824.1859130859
695.326721       897.4962768555
695.652222       901.9393310547
695.977783       841.9581298828
696.303284       821.9644165039
696.628723       801.9707031250
696.954041       821.9644165039
697.279358       810.8568115234
697.604675       857.5087890625
697.929871       801.9707031250
698.255066       815.2998046875
698.580200       888.6101684570
698.905334       853.0657958984
699.230286       870.8379516602
699.555359       859.7303466797
699.880310       833.0720214844
700.205261       815.2998046875
700.530029       784.1984863281
700.854919       835.2935791016
701.179688       895.2747192383
701.504456       766.4262695313
701.829102       828.6289672852
702.153687       770.8693237305
702.478271       797.5276489258
702.802856       821.9644165039
703.127319       799.7491455078
703.451721       857.5087890625
703.776123       864.1734008789
704.100464       824.1859130859
704.424805       806.4137573242
704.749084       875.2810058594
705.073303       866.3948974609
705.397461       815.2998046875
705.721558       830.8505249023
706.045654       895.2747192383
706.369690       864.1734008789
706.693604       855.2872924805
707.017578       881.9456176758
707.341431       888.6101684570
707.665283       910.8254394531
707.989075       819.7428588867
708.312805       797.5276489258
708.636536       826.4074707031
708.960144       813.0783081055
709.283752       870.8379516602
709.607361       826.4074707031
709.930847       819.7428588867
710.254333       833.0720214844
710.577759       881.9456176758
710.901062       837.5150756836
711.224426       859.7303466797
711.547668       810.8568115234
711.870911       773.0908203125
712.194153       810.8568115234
712.517212       830.8505249023
712.840332       875.2810058594
713.163391       853.0657958984
713.486389       821.9644165039
713.809326       844.1796875000
714.132202       848.6227416992
714.455078       886.3886718750
714.777893       897.4962768555
715.100586       824.1859130859
715.423401       855.2872924805
715.746094       817.5213623047
716.068604       859.7303466797
716.391235       797.5276489258
716.713745       793.0845947266
717.036255       846.4011840820
717.358643       835.2935791016
717.681030       813.0783081055
718.003418       893.0532226563
718.325745       888.6101684570
718.647888       839.7366333008
718.970154       895.2747192383
719.292297       864.1734008789
719.614380       826.4074707031
719.936401       781.9769287109
720.258423       884.1671142578
720.580383       835.2935791016
720.902283       859.7303466797
721.224182       846.4011840820
721.545959       881.9456176758
721.867737       855.2872924805
722.189453       868.6164550781
722.511169       850.8442382813
722.832764       839.7366333008
723.154419       848.6227416992
723.475952       890.8317260742
723.797424       875.2810058594
724.118896       817.5213623047
724.440247       833.0720214844
724.761597       821.9644165039
725.082886       766.4262695313
725.404175       815.2998046875
725.725342       824.1859130859
726.046509       857.5087890625
726.367615       895.2747192383
726.688721       808.6352539063
727.009644       853.0657958984
727.330688       866.3948974609
727.651611       837.5150756836
727.972473       826.4074707031
728.293274       786.4199829102
728.614075       890.8317260742
728.934814       839.7366333008
729.255493       788.6415405273
729.576172       866.3948974609
729.896729       866.3948974609
730.217285       833.0720214844
730.537720       850.8442382813
730.858215       790.8630371094
731.178650       841.9581298828
731.498962       841.9581298828
731.819214       866.3948974609
732.139526       797.5276489258
732.459778       828.6289672852
732.779846       824.1859130859
733.100037       866.3948974609
733.420105       861.9518432617
733.740112       897.4962768555
734.060059       841.9581298828
734.380066       808.6352539063
734.699890       830.8505249023
735.019775       857.5087890625
735.339478       868.6164550781
735.659241       835.2935791016
735.978943       808.6352539063
736.298584       773.0908203125
736.618164       857.5087890625
736.937744       833.0720214844
737.257263       790.8630371094
737.576599       870.8379516602
737.896057       841.9581298828
738.215393       879.7240600586
738.534729       848.6227416992
738.853943       826.4074707031
739.173157       799.7491455078
739.492371       813.0783081055
739.811523       897.4962768555
740.130493       786.4199829102
740.449524       804.1921997070
740.768555       790.8630371094
741.087463       846.4011840820
741.406311       886.3886718750
741.725159       906.3823852539
742.043945       906.3823852539
742.362610       879.7240600586
742.681396       837.5150756836
743.000061       768.6478271484
743.318604       855.2872924805
743.637146       906.3823852539
743.955627       899.7177734375
744.274109       835.2935791016
744.592407       846.4011840820
744.910828       897.4962768555
745.229126       844.1796875000
745.547424       879.7240600586
745.865540       846.4011840820
746.183777       879.7240600586
746.501892       793.0845947266
746.819946       910.8254394531
747.137939       855.2872924805
747.455872       777.5338745117
747.773865       855.2872924805
748.091736       875.2810058594
748.409485       815.2998046875
748.727295       835.2935791016
749.045044       848.6227416992
749.362671       926.3760986328
749.680298       868.6164550781
749.997925       875.2810058594
750.315491       741.9895019531
750.632874       788.6415405273
750.950378       875.2810058594
751.267822       848.6227416992
751.585083       859.7303466797
751.902405       928.5976562500
752.219666       779.7554321289
752.536865       861.9518432617
752.854004       895.2747192383
753.171082       790.8630371094
753.488159       828.6289672852
753.805176       861.9518432617
754.122070       877.5025634766
754.439026       877.5025634766
754.755920       844.1796875000
755.072693       819.7428588867
755.389465       988.5787963867
755.706177       824.1859130859
756.022888       815.2998046875
756.339478       828.6289672852
756.656006       815.2998046875
756.972595       886.3886718750
757.289063       833.0720214844
757.605408       857.5087890625
757.921814       833.0720214844
758.238159       864.1734008789
758.554443       808.6352539063
758.870667       959.6989746094
759.186890       848.6227416992
759.503052       799.7491455078
759.819092       901.9393310547
760.135132       893.0532226563
760.451172       841.9581298828
760.767029       875.2810058594
761.082947       833.0720214844
761.398804       826.4074707031
761.714600       879.7240600586
762.030396       813.0783081055
762.346008       770.8693237305
762.661682       810.8568115234
762.977295       835.2935791016
763.292908       824.1859130859
763.608337       777.5338745117
763.923828       841.9581298828
764.239258       828.6289672852
764.554626       870.8379516602
764.869873       795.3060913086
765.185181       850.8442382813
765.500427       821.9644165039
765.815491       899.7177734375
766.130615       813.0783081055
766.445740       826.4074707031
766.760803       868.6164550781
767.075745       924.1546020508
767.390686       910.8254394531
767.705566       877.5025634766
768.020386       853.0657958984
768.335144       795.3060913086
768.649902       857.5087890625
768.964539       853.0657958984
769.279175       799.7491455078
769.593750       861.9518432617
769.908264       884.1671142578
770.222839       835.2935791016
770.537170       833.0720214844
770.851624       801.9707031250
771.165955       828.6289672852
771.480286       770.8693237305
771.794495       857.5087890625
772.108704       910.8254394531
772.422852       888.6101684570
772.736938       839.7366333008
773.050964       833.0720214844
773.364990       815.2998046875
773.678894       781.9769287109
773.992798       808.6352539063
774.306641       877.5025634766
774.620422       875.2810058594
774.934204       888.6101684570
775.247864       848.6227416992
775.561584       853.0657958984
775.875183       804.1921997070
776.188721       837.5150756836
776.502197       779.7554321289
776.815735       739.7679443359
777.129150       861.9518432617
777.442444       788.6415405273
777.755737       870.8379516602
778.069092       824.1859130859
778.382324       908.6038818359
778.695435       815.2998046875
779.008545       833.0720214844
779.321594       868.6164550781
779.634644       770.8693237305
779.947571       801.9707031250
780.260498       815.2998046875
780.573364       828.6289672852
780.886169       828.6289672852
781.198975       895.2747192383
781.511719       888.6101684570
781.824402       873.0595092773
782.136963       784.1984863281
782.449585       839.7366333008
782.762146       837.5150756836
783.074646       799.7491455078
783.387024       844.1796875000
783.699402       906.3823852539
784.011719       839.7366333008
784.324097       815.2998046875
784.636230       821.9644165039
784.948425       868.6164550781
785.260620       839.7366333008
785.572632       788.6415405273
785.884644       861.9518432617
786.196655       784.1984863281
786.508667       830.8505249023
786.820496       806.4137573242
787.132324       830.8505249023
787.444153       795.3060913086
787.755859       913.0469360352
788.067566       817.5213623047
788.379211       835.2935791016
788.690796       790.8630371094
789.002319       750.8756103516
789.313782       815.2998046875
789.625305       830.8505249023
789.936707       826.4074707031
790.247986       839.7366333008
790.559326       768.6478271484
790.870605       890.8317260742
791.181763       815.2998046875
791.492920       828.6289672852
791.803955       893.0532226563
792.115051       846.4011840820
792.426086       846.4011840820
792.737000       841.9581298828
793.047913       819.7428588867
793.358765       828.6289672852
793.669495       868.6164550781
793.980347       855.2872924805
794.291016       861.9518432617
794.601685       801.9707031250
794.912292       910.8254394531
795.222778       826.4074707031
795.533325       830.8505249023
795.843811       884.1671142578
796.154175       873.0595092773
796.464539       841.9581298828
796.774902       768.6478271484
797.085022       826.4074707031
797.395325       788.6415405273
797.705505       821.9644165039
798.015625       908.6038818359
798.325623       841.9581298828
798.635620       848.6227416992
798.945618       815.2998046875
799.255554       777.5338745117
799.565369       877.5025634766
799.875183       855.2872924805
800.184998       888.6101684570
800.494690       841.9581298828
800.804321       837.5150756836
801.113953       893.0532226563
801.423462       868.6164550781
801.732910       813.0783081055
802.042419       888.6101684570
802.351868       899.7177734375
802.661255       861.9518432617
802.970520       837.5150756836
803.279785       870.8379516602
803.588989       797.5276489258
803.898193       815.2998046875
804.207275       813.0783081055
804.516357       873.0595092773
804.825378       866.3948974609
805.134277       844.1796875000
805.443176       864.1734008789
805.752136       848.6227416992
806.060974       770.8693237305
806.369629       815.2998046875
806.678406       837.5150756836
806.987061       839.7366333008
807.295715       826.4074707031
807.604187       839.7366333008
807.912720       853.0657958984
808.221191       839.7366333008
808.529663       939.7052612305
808.837952       797.5276489258
809.146301       833.0720214844
809.454590       833.0720214844
809.762756       868.6164550781
810.070923       830.8505249023
810.379028       859.7303466797
810.687073       801.9707031250
810.995117       750.8756103516
811.303040       875.2810058594
811.611023       848.6227416992
811.918884       857.5087890625
812.226624       826.4074707031
812.534424       853.0657958984
812.842163       828.6289672852
813.149719       899.7177734375
813.457397       786.4199829102
813.764954       813.0783081055
814.072510       868.6164550781
814.379883       841.9581298828
814.687378       824.1859130859
814.994690       837.5150756836
815.302063       868.6164550781
815.609314       806.4137573242
815.916504       890.8317260742
816.223694       841.9581298828
816.530762       801.9707031250
816.837830       797.5276489258
817.144836       815.2998046875
817.451843       835.2935791016
817.758667       833.0720214844
818.065552       877.5025634766
818.372375       861.9518432617
818.679138       819.7428588867
818.985779       821.9644165039
819.292480       846.4011840820
819.599121       821.9644165039
819.905701       813.0783081055
820.212158       835.2935791016
820.518616       795.3060913086
820.825012       844.1796875000
821.131348       777.5338745117
821.437683       846.4011840820
821.743896       759.7617187500
822.050110       826.4074707031
822.356262       837.5150756836
822.662415       839.7366333008
822.968445       879.7240600586
823.274475       853.0657958984
823.580322       826.4074707031
823.886292       813.0783081055
824.192200       810.8568115234
824.497864       919.7115478516
824.803711       848.6227416992
825.109375       779.7554321289
825.415039       810.8568115234
825.720581       817.5213623047
826.026184       813.0783081055
826.331665       881.9456176758
826.637146       837.5150756836
826.942444       881.9456176758
827.247803       855.2872924805
827.553162       810.8568115234
827.858398       824.1859130859
828.163574       899.7177734375
828.468750       879.7240600586
828.773804       806.4137573242
829.078796       797.5276489258
829.383850       819.7428588867
829.688782       861.9518432617
829.993713       859.7303466797
830.298462       804.1921997070
830.603271       810.8568115234
830.908020       868.6164550781
831.212708       881.9456176758
831.517273       804.1921997070
831.821960       866.3948974609
832.126465       828.6289672852
832.430908       895.2747192383
832.735352       801.9707031250
833.039734       855.2872924805
833.344116       828.6289672852
833.648315       841.9581298828
833.952576       853.0657958984
834.256714       875.2810058594
834.560913       855.2872924805
834.864929       857.5087890625
835.169006       821.9644165039
835.472961       819.7428588867
835.776917       879.7240600586
836.080750       833.0720214844
836.384583       806.4137573242
836.688354       879.7240600586
836.992004       844.1796875000
837.295654       788.6415405273
837.599365       879.7240600586
837.902893       828.6289672852
838.206360       950.8128662109
838.509827       868.6164550781
838.813293       868.6164550781
839.116699       835.2935791016
839.419922       873.0595092773
839.723206       877.5025634766
840.026428       824.1859130859
840.329590       877.5025634766
840.632690       850.8442382813
840.935730       910.8254394531
841.238708       859.7303466797
841.541626       870.8379516602
841.844543       910.8254394531
842.147461       828.6289672852
842.450256       926.3760986328
842.752930       844.1796875000
843.055664       853.0657958984
843.358337       759.7617187500
843.660889       804.1921997070
843.963440       877.5025634766
844.265930       884.1671142578
844.568420       833.0720214844
844.870728       879.7240600586
845.173096       810.8568115234
845.475403       770.8693237305
845.777649       844.1796875000
846.079834       846.4011840820
846.381958       793.0845947266
846.684021       864.1734008789
846.986145       764.2047729492
847.288025       888.6101684570
847.589966       881.9456176758
847.891846       877.5025634766
848.193665       801.9707031250
848.495483       806.4137573242
848.797180       864.1734008789
849.098877       835.2935791016
849.400452       828.6289672852
849.702026       837.5150756836
850.003540       833.0720214844
850.304993       841.9581298828
850.606445       797.5276489258
850.907776       853.0657958984
851.209106       873.0595092773
851.510315       804.1921997070
851.811584       846.4011840820
852.112671       855.2872924805
852.413879       813.0783081055
852.714844       744.2109985352
853.015869       839.7366333008
853.316833       755.3186645508
853.617737       853.0657958984
853.918579       750.8756103516
854.219360       875.2810058594
854.520142       833.0720214844
854.820862       828.6289672852
855.121399       799.7491455078
855.421997       837.5150756836
855.722595       844.1796875000
856.023071       810.8568115234
856.323486       810.8568115234
856.623901       801.9707031250
856.924255       859.7303466797
857.224487       813.0783081055
857.524719       841.9581298828
857.824890       857.5087890625
858.125000       890.8317260742
858.425049       899.7177734375
858.725098       833.0720214844
859.025085       881.9456176758
859.325012       793.0845947266
859.624817       779.7554321289
859.924683       841.9581298828
860.224487       839.7366333008
860.524170       837.5150756836
860.823792       797.5276489258
861.123474       868.6164550781
861.422974       881.9456176758
861.722412       841.9581298828
862.021912       941.9267578125
862.321350       810.8568115234
862.620728       784.1984863281
862.919983       841.9581298828
863.219238       813.0783081055
863.518433       844.1796875000
863.817505       833.0720214844
864.116638       813.0783081055
864.415710       875.2810058594
864.714722       881.9456176758
865.013550       873.0595092773
865.312439       859.7303466797
865.611328       853.0657958984
865.910156       884.1671142578
866.208801       806.4137573242
866.507507       890.8317260742
866.806091       879.7240600586
867.104614       906.3823852539
867.403137       795.3060913086
867.701660       775.3123779297
868.000061       855.2872924805
868.298401       861.9518432617
868.596741       868.6164550781
868.894958       837.5150756836
869.193237       777.5338745117
869.491333       810.8568115234
869.789429       886.3886718750
870.087524       841.9581298828
870.385498       850.8442382813
870.683411       848.6227416992
870.981323       846.4011840820
871.279236       759.7617187500
871.576965       886.3886718750
871.874695       841.9581298828
872.172363       899.7177734375
872.470032       846.4011840820
872.767578       821.9644165039
873.065125       868.6164550781
873.362549       866.3948974609
873.660034       864.1734008789
873.957397       821.9644165039
874.254700       819.7428588867
874.552002       855.2872924805
874.849182       859.7303466797
875.146362       899.7177734375
875.443481       848.6227416992
875.740540       817.5213623047
876.037476       893.0532226563
876.334473       886.3886718750
876.631348       797.5276489258
876.928223       857.5087890625
877.224976       861.9518432617
877.521729       826.4074707031
877.818420       821.9644165039
878.115112       817.5213623047
878.411621       766.4262695313
878.708191       853.0657958984
879.004700       766.4262695313
879.301086       839.7366333008
879.597473       815.2998046875
879.893799       901.9393310547
880.190063       804.1921997070
880.486267       824.1859130859
880.782471       848.6227416992
881.078613       813.0783081055
881.374695       806.4137573242
881.670654       850.8442382813
881.966614       821.9644165039
882.262573       875.2810058594
882.558350       866.3948974609
882.854126       826.4074707031
883.149902       859.7303466797
883.445618       804.1921997070
883.741211       879.7240600586
884.036865       839.7366333008
884.332336       853.0657958984
884.627869       841.9581298828
884.923218       870.8379516602
885.218689       839.7366333008
885.513977       877.5025634766
885.809265       815.2998046875
886.104492       864.1734008789
886.399658       881.9456176758
886.694763       830.8505249023
886.989807       837.5150756836
887.284790       890.8317260742
887.579773       817.5213623047
887.874695       806.4137573242
888.169495       819.7428588867
888.464355       777.5338745117
888.759094       835.2935791016
889.053772       790.8630371094
889.348389       864.1734008789
