1.000000
190.260635         0.0000000000
190.642441         0.0000000000
191.024216     65535.0000000000
191.405975     65535.0000000000
191.787704     65535.0000000000
192.169403     65535.0000000000
192.551071       455.6029052734
192.932724       219.9462280273
193.314331       386.0280761719
193.695923       415.2046203613
194.077499       276.0549621582
194.459030       159.3488006592
194.840546       377.0506591797
195.222031       406.2272033691
195.603485       181.7922821045
195.984909       282.7879943848
196.366302       177.3035888672
196.747681       329.9193420410
197.129028       271.5662536621
197.510345       109.9731140137
197.891647       280.5436401367
198.272919       204.2357788086
198.654175       287.2767028809
199.035355      1084.0206298828
199.416550       428.6707153320
199.797714       318.6976013184
200.178848       410.7159118652
200.559937       680.0378417969
200.941025       518.4447021484
201.322083       646.3725585938
201.703079       531.9107666016
202.084091       623.9290771484
202.465057       680.0378417969
202.845993       904.4727172852
203.226898      1272.5460205078
203.607788      1135.6407470703
203.988647       873.0518798828
204.369461       511.7116394043
204.750275       861.8300781250
205.131042       648.6169433594
205.511795       684.5264892578
205.892517       628.4177856445
206.273209       534.1550903320
206.653870       545.3768920898
207.034515       588.0195312500
207.415115       594.7525634766
207.795700       558.8429565430
208.176254      1328.6547851563
208.556778       861.8300781250
208.937271       673.3047485352
209.317749       666.5717163086
209.698196       834.8978881836
210.078613       855.0970458984
210.459000       599.2412719727
210.839371       493.7568359375
211.219696       664.3273925781
211.600006       466.8246459961
211.980286       635.1508178711
212.360535       581.2864379883
212.740768       619.4403686523
213.120956       554.3542480469
213.501129       462.3359375000
213.881256       500.4898681641
214.261383       527.4220581055
214.641464       902.2283935547
215.021530       769.8117675781
215.401550       774.3004760742
215.781570       747.3682861328
216.161530       543.1325073242
216.541504       529.6664428711
216.921402      1232.1477050781
217.301315       680.0378417969
217.681152       949.3597412109
218.061005       682.2821655273
218.440811       610.4630126953
218.820587       682.2821655273
219.200348       783.2778930664
219.580078       632.9064941406
219.959763       509.4672851563
220.339432       529.6664428711
220.719070       554.3542480469
221.098694       760.8344116211
221.478271       816.9431152344
221.857819       516.2003173828
222.237366       691.2595825195
222.616867       736.1465454102
222.996338       742.8795776367
223.375778       632.9064941406
223.755188       859.5857543945
224.134583       664.3273925781
224.513947       469.0690002441
224.893265       509.4672851563
225.272583       536.3994750977
225.651855      1849.3437500000
226.031097       516.2003173828
226.410339       617.1960449219
226.789520       592.5081787109
227.168686       581.2864379883
227.547806       823.6761474609
227.926926       718.1917724609
228.306015       682.2821655273
228.685059      1238.8807373047
229.064087       866.3187866211
229.443069       585.7751464844
229.822037       491.5124816895
230.200989      1023.4232788086
230.579895      1000.9797363281
230.958786      1101.9754638672
231.337631       891.0066528320
231.716461       529.6664428711
232.095261      1072.7989501953
232.474030       803.4770507813
232.852783       680.0378417969
233.231476       778.7891845703
233.610184       980.7806396484
233.988831       749.6126708984
234.367462       738.3909301758
234.746048       590.2638549805
235.124649       516.2003173828
235.503159       776.5448608398
235.881683       899.9840698242
236.260162       967.3145141602
236.638641       552.1099243164
237.017075       715.9473876953
237.395477       626.1734619141
237.773834       765.3231201172
238.152176       561.0872802734
238.530502       635.1508178711
238.908783       572.3090820313
239.287048       834.8978881836
239.665268       664.3273925781
240.043472       803.4770507813
240.421661       617.1960449219
240.799805      1124.4189453125
241.177902       769.8117675781
241.556000       684.5264892578
241.934052       572.3090820313
242.312088       747.3682861328
242.690094       742.8795776367
243.068054       895.4953613281
243.446014       691.2595825195
243.823929       709.2143554688
244.201813       662.0830078125
244.579666       700.2369384766
244.957504       893.2509765625
245.335297      1045.8666992188
245.713074       783.2778930664
246.090820       781.0335083008
246.468536       801.2326660156
246.846207       823.6761474609
247.223862      1146.8624267578
247.601501      1012.2015380859
247.979095       897.7396850586
248.356674       718.1917724609
248.734222       812.4544067383
249.111725       825.9205322266
249.489212       969.5588989258
249.866669       917.9388427734
250.244095       971.8032226563
250.621506       850.6083374023
250.998871       839.3865966797
251.376221      1101.9754638672
251.753510      1003.2241210938
252.130814       706.9700317383
252.508057       572.3090820313
252.885284       931.4049072266
253.262466       882.0292358398
253.639648      1277.0346679688
254.016769       644.1282348633
254.393906       655.3499755859
254.770966       695.7482910156
255.148026       583.5308227539
255.525040       794.4996337891
255.902054       680.0378417969
256.278992      1140.1293945313
256.655945       931.4049072266
257.032837       850.6083374023
257.409729       812.4544067383
257.786591       870.8074951172
258.163391       875.2962036133
258.540161       834.8978881836
258.916962       857.3414306641
259.293701      1290.5008544922
259.670380       933.6492919922
260.047058      1122.1745605469
260.423706       767.5674438477
260.800323      1077.2875976563
261.176880       868.5631713867
261.553436       944.8710327148
261.929962       819.1875000000
262.306488       653.1056518555
262.682953      1032.4006347656
263.059387      1144.6181640625
263.435791       978.5362548828
263.812195       812.4544067383
264.188507       610.4630126953
264.564850       913.4501342773
264.941132       895.4953613281
265.317413      1077.2875976563
265.693634      1110.9528808594
266.069885       886.5179443359
266.446045      1025.6676025391
266.822174       864.0744628906
267.198273       711.4586791992
267.574371       841.6309814453
267.950439       960.5814819336
268.326447      1196.2381591797
268.702454      1030.1562500000
269.078430       998.7354125977
269.454376      1342.1208496094
269.830292      1113.1972656250
270.206146       671.0604248047
270.582001       601.4855957031
270.957825      1124.4189453125
271.333618       882.0292358398
271.709381      1207.4598388672
272.085144      1079.5319824219
272.460815       987.5136718750
272.836487      1101.9754638672
273.212128       873.0518798828
273.587769      1009.9571533203
273.963348       704.7256469727
274.338898       882.0292358398
274.714447       843.8753051758
275.089935       857.3414306641
275.465393       807.9656982422
275.840820      1048.1110839844
276.216278       778.7891845703
276.591644       816.9431152344
276.966949       938.1380004883
277.342285      1113.1972656250
277.717590      1151.3511962891
278.092834      1101.9754638672
278.468048       713.7030639648
278.843262      1117.6859130859
279.218445       855.0970458984
279.593567      1005.4684448242
279.968658       689.0151977539
280.343781       868.5631713867
280.718811      1137.8850097656
281.093842      1261.3242187500
281.468811       899.9840698242
281.843781      1000.9797363281
282.218719       841.6309814453
282.593628       886.5179443359
282.968506      1481.2705078125
283.343353      1081.7763671875
283.718170      1052.5998535156
284.092896       807.9656982422
284.467682       765.3231201172
284.842407      1007.7128295898
285.217102       917.9388427734
285.591766      1277.0346679688
285.966400       931.4049072266
286.340973      1101.9754638672
286.715576       888.7623291016
287.090118      1048.1110839844
287.464630       747.3682861328
287.839081      1220.9260253906
288.213562       855.0970458984
288.587982       899.9840698242
288.962372      1167.0616455078
289.336731      1023.4232788086
289.711060      1101.9754638672
290.085327       841.6309814453
290.459625       866.3187866211
290.833862       992.0023803711
291.208069      1209.7042236328
291.582275       888.7623291016
291.956421      1088.5093994141
292.330505      1185.0163574219
292.704620      1131.1519775391
293.078705      1158.0842285156
293.452698      1330.8990478516
293.826691      1077.2875976563
294.200684       958.3370971680
294.574615      1474.5374755859
294.948517       825.9205322266
295.322388       983.0249633789
295.696259      1229.9034423828
296.070068       940.3823242188
296.443848      1225.4146728516
296.817596      1571.0444335938
297.191345      1039.1336669922
297.565063      1443.1165771484
297.938690      1286.0120849609
298.312317      1310.6999511719
298.685913      1149.1068115234
299.059540      1211.9486083984
299.433044      1272.5460205078
299.806549      1539.6235351563
300.180054      1268.0573730469
300.553528      1665.3071289063
300.926910      1521.6688232422
301.300323      1613.6871337891
301.673676      1750.5924072266
302.046997      2821.1469726563
302.420319      1896.4750976563
302.793579      2138.8647460938
303.166809      2318.4128417969
303.540039      2379.0102539063
303.913208      3054.5593261719
304.286377      3368.7683105469
304.659454      3656.0449218750
305.032593      3828.8598632813
305.405609      4075.7382812500
305.778656      3849.0588378906
306.151611      4329.3496093750
306.524597      4639.0698242188
306.897522      5213.6230468750
307.270416      5426.8364257813
307.643280      6093.4082031250
308.016144      6605.1196289063
308.388916      6272.9560546875
308.761749      7150.4965820313
309.134460      6746.5136718750
309.507202      7655.4750976563
309.879913      8169.4311523438
310.252563      9608.0595703125
310.625153     10640.4599609375
310.997742     11540.4433593750
311.370361     11542.6884765625
311.742859     11598.7968750000
312.115356     11495.5566406250
312.487823     12350.6542968750
312.860291     12709.7500000000
313.232697     13461.6064453125
313.605042     14471.5634765625
313.977386     15400.7246093750
314.349731     16098.7167968750
314.721985     16758.5566406250
315.094269     16794.4648437500
315.466492     17925.6171875000
315.838684     18381.2207031250
316.210846     19471.9746093750
316.582977     21749.9882812500
316.955048     24515.0273437500
317.327148     25924.4785156250
317.699158     26341.9277343750
318.071167     25547.4277343750
318.443176     24981.8515625000
318.815125     25843.6816406250
319.187012     26833.4394531250
319.558868     27847.8847656250
319.930756     29506.4589843750
320.302582     30440.1093750000
320.674347     30300.9589843750
321.046112     29899.2207031250
321.417847     29607.4550781250
321.789581     29984.5058593750
322.161224     30370.5332031250
322.532867     29544.6132812500
322.904419     30256.0722656250
323.276031     32659.7695312500
323.647583     35568.4453125000
324.019073     37395.3476562500
324.390533     39496.0585937500
324.762024     40766.3593750000
325.133423     42831.1601562500
325.504791     45948.5625000000
325.876129     48778.6875000000
326.247467     49705.6015625000
326.618774     50502.3476562500
326.990021     50327.2890625000
327.361237     50313.8203125000
327.732452     50298.1093750000
328.103607     50259.9570312500
328.474731     51364.1757812500
328.845825     52977.8632812500
329.216919     54566.8632812500
329.587952     55473.5820312500
329.958954     55159.3710937500
330.329926     54596.0390625000
330.700867     53815.0078125000
331.071808     53839.6953125000
331.442688     53687.0781250000
331.813507     53646.6796875000
332.184357     54436.6914062500
332.555115     54916.9804687500
332.925873     54513.0000000000
333.296570     54712.7460937500
333.667267     54690.3007812500
334.037994     55150.3945312500
334.408600     55621.7070312500
334.779144     56158.1054687500
335.149750     56297.2578125000
335.520294     55345.6523437500
335.890778     54378.3359375000
336.261230     53262.8945312500
336.631683     53442.4453125000
337.002106     53902.5351562500
337.372498     54730.6992187500
337.742798     55837.1640625000
338.113129     57062.5781250000
338.483429     57646.1093750000
338.853668     57738.1289062500
339.223907     58431.6328125000
339.594086     58911.9218750000
339.964233     59820.8828125000
340.334381     59957.7890625000
340.704437     59147.5781250000
341.074493     58887.2343750000
341.444519     59434.8554687500
341.814545     59455.0546875000
342.184509     60220.3789062500
342.554413     60561.5195312500
342.924347     60296.6875000000
343.294220     59915.1484375000
343.664032     58925.3906250000
344.033813     57684.2656250000
344.403595     57309.4570312500
344.773346     59075.7617187500
345.143036     60512.1445312500
345.512695     61304.3984375000
345.882385     61174.2265625000
346.251984     61158.5156250000
346.621552     61627.5859375000
346.991089     61928.3281250000
347.360626     61362.7539062500
347.730103     61483.9492187500
348.099548     61239.3125000000
348.468964     61928.3281250000
348.838379     61809.3789062500
349.207764     61939.5507812500
349.577057     62722.8281250000
349.946320     63862.9570312500
350.315582     64677.6562500000
350.684845     64852.7148437500
351.054047     64383.6484375000
351.423157     64123.3007812500
351.792328     64053.7265625000
352.161438     64060.4609375000
352.530487     63869.6914062500
352.899506     64408.3359375000
353.268524     65312.8085937500
353.637512     65535.0000000000
354.006409     65535.0000000000
354.375336     65535.0000000000
354.744232     65535.0000000000
355.113068     65535.0000000000
355.481873     65535.0000000000
355.850616     65499.0898437500
356.219391     65359.9375000000
356.588135     64289.3828125000
356.956818     62116.8554687500
357.325470     62238.0468750000
357.694031     61896.9062500000
358.062653     61180.9609375000
358.431213     60947.5468750000
358.799713     62498.3945312500
359.168182     64897.6015625000
359.536652     65535.0000000000
359.905090     65535.0000000000
360.273438     65535.0000000000
360.641785     65535.0000000000
361.010132     65434.0039062500
361.378448     65472.1562500000
361.746704     65535.0000000000
362.114899     65535.0000000000
362.483124     65535.0000000000
362.851288     65535.0000000000
363.219421     65535.0000000000
363.587463     65535.0000000000
363.955566     65535.0000000000
364.323608     65535.0000000000
364.691589     65535.0000000000
365.059540     65535.0000000000
365.427490     65535.0000000000
365.795410     65535.0000000000
366.163269     65535.0000000000
366.531067     65535.0000000000
366.898895     65535.0000000000
367.266693     65535.0000000000
367.634430     65535.0000000000
368.002106     65535.0000000000
368.369812     65535.0000000000
368.737457     65535.0000000000
369.105042     65535.0000000000
369.472595     65535.0000000000
369.840149     65535.0000000000
370.207672     65535.0000000000
370.575134     65535.0000000000
370.942566     65535.0000000000
371.309998     65535.0000000000
371.677399     65535.0000000000
372.044708     65535.0000000000
372.411987     65535.0000000000
372.779297     65535.0000000000
373.146576     65535.0000000000
373.513794     65535.0000000000
373.880951     65535.0000000000
374.248077     65535.0000000000
374.615204     65535.0000000000
374.982300     65535.0000000000
375.349365     65535.0000000000
375.716339     65535.0000000000
376.083374     65535.0000000000
376.450317     65535.0000000000
376.817230     65535.0000000000
377.184082     65535.0000000000
377.550964     65535.0000000000
377.917786     65535.0000000000
378.284576     65535.0000000000
378.651306     65535.0000000000
379.018036     65535.0000000000
379.384735     65535.0000000000
379.751373     65535.0000000000
380.117981     65535.0000000000
380.484589     65535.0000000000
380.851166     65535.0000000000
381.217651     65535.0000000000
381.584137     65535.0000000000
381.950623     65535.0000000000
382.317017     65535.0000000000
382.683411     65535.0000000000
383.049774     65535.0000000000
383.416107     65535.0000000000
383.782410     65535.0000000000
384.148651     65535.0000000000
384.514832     65535.0000000000
384.881042     65535.0000000000
385.247223     65535.0000000000
385.613342     65535.0000000000
385.979401     65535.0000000000
386.345459     65535.0000000000
386.711517     65535.0000000000
387.077484     65535.0000000000
387.443420     65535.0000000000
387.809357     65535.0000000000
388.175262     65535.0000000000
388.541107     65535.0000000000
388.906891     65535.0000000000
389.272705     65535.0000000000
389.638489     65535.0000000000
390.004211     65535.0000000000
390.369873     65535.0000000000
390.735535     65535.0000000000
391.101196     65535.0000000000
391.466766     65535.0000000000
391.832336     65535.0000000000
392.197815     65535.0000000000
392.563324     65535.0000000000
392.928802     65535.0000000000
393.294189     65535.0000000000
393.659607     65535.0000000000
394.024963     65535.0000000000
394.390289     65535.0000000000
394.755554     65535.0000000000
395.120789     65535.0000000000
395.486023     65535.0000000000
395.851227     65535.0000000000
396.216370     65535.0000000000
396.581482     65535.0000000000
396.946564     65535.0000000000
397.311646     65535.0000000000
397.676636     65535.0000000000
398.041626     65535.0000000000
398.406586     65535.0000000000
398.771515     65535.0000000000
399.136383     65535.0000000000
399.501221     65535.0000000000
399.866058     65535.0000000000
400.230865     65535.0000000000
400.595581     65535.0000000000
400.960297     65535.0000000000
401.324982     65535.0000000000
401.689636     65535.0000000000
402.054230     65535.0000000000
402.418793     65535.0000000000
402.783356     65535.0000000000
403.147919     65535.0000000000
403.512360     65535.0000000000
403.876770     65535.0000000000
404.241211     65535.0000000000
404.605621     65535.0000000000
404.969910     65535.0000000000
405.334229     65535.0000000000
405.698517     65535.0000000000
406.062775     65535.0000000000
406.426971     65535.0000000000
406.791107     65535.0000000000
407.155273     65535.0000000000
407.519379     65535.0000000000
407.883484     65535.0000000000
408.247498     65535.0000000000
408.611481     65535.0000000000
408.975464     65535.0000000000
409.339417     65535.0000000000
409.703308     65535.0000000000
410.067169     65535.0000000000
410.431030     65535.0000000000
410.794800     65535.0000000000
411.158569     65535.0000000000
411.522278     65535.0000000000
411.885986     65535.0000000000
412.249664     65535.0000000000
412.613312     65535.0000000000
412.976868     65535.0000000000
413.340454     65535.0000000000
413.703979     65535.0000000000
414.067474     65535.0000000000
414.430908     65535.0000000000
414.794342     65535.0000000000
415.157745     65535.0000000000
415.521088     65535.0000000000
415.884369     65535.0000000000
416.247711     65535.0000000000
416.610931     65535.0000000000
416.974152     65535.0000000000
417.337341     65535.0000000000
417.700500     65535.0000000000
418.063629     65535.0000000000
418.426697     65535.0000000000
418.789703     65535.0000000000
419.152740     65535.0000000000
419.515717     65535.0000000000
419.878662     65535.0000000000
420.241577     65535.0000000000
420.604431     65535.0000000000
420.967285     65535.0000000000
421.330109     65535.0000000000
421.692841     65535.0000000000
422.055603     65535.0000000000
422.418335     65535.0000000000
422.780975     65535.0000000000
423.143585     65535.0000000000
423.506226     65535.0000000000
423.868774     65535.0000000000
424.231293     65535.0000000000
424.593811     65535.0000000000
424.956238     65535.0000000000
425.318665     65535.0000000000
425.681091     65535.0000000000
426.043427     65535.0000000000
426.405731     65535.0000000000
426.768036     65535.0000000000
427.130310     65535.0000000000
427.492493     65535.0000000000
427.854675     65535.0000000000
428.216858     65535.0000000000
428.578979     65535.0000000000
428.941040     65535.0000000000
429.303040     65535.0000000000
429.665070     65535.0000000000
430.027069     65535.0000000000
430.389008     65535.0000000000
430.750885     65535.0000000000
431.112762     65535.0000000000
431.474640     65535.0000000000
431.836395     65535.0000000000
432.198181     65535.0000000000
432.559937     65535.0000000000
432.921600     65535.0000000000
433.283264     65535.0000000000
433.644867     65535.0000000000
434.006500     65535.0000000000
434.368073     65535.0000000000
434.729553     65535.0000000000
435.091034     65535.0000000000
435.452515     65535.0000000000
435.813934     65535.0000000000
436.175293     65535.0000000000
436.536621     65535.0000000000
436.897949     65535.0000000000
437.259277     65535.0000000000
437.620483     65535.0000000000
437.981659     65535.0000000000
438.342865     65535.0000000000
438.704010     65535.0000000000
439.065125     65535.0000000000
439.426178     65535.0000000000
439.787201     65535.0000000000
440.148224     65535.0000000000
440.509186     65535.0000000000
440.870087     65535.0000000000
441.230988     65535.0000000000
441.591858     65535.0000000000
441.952667     65535.0000000000
442.313416     65535.0000000000
442.674194     65535.0000000000
443.034912     65535.0000000000
443.395630     65535.0000000000
443.756226     65535.0000000000
444.116852     65535.0000000000
444.477417     65535.0000000000
444.837982     65535.0000000000
445.198456     65535.0000000000
445.558960     65535.0000000000
445.919403     65535.0000000000
446.279816     65535.0000000000
446.640106     65535.0000000000
447.000458     65535.0000000000
447.360779     65535.0000000000
447.721039     65535.0000000000
448.081207     65535.0000000000
448.441406     65535.0000000000
448.801575     65535.0000000000
449.161713     65535.0000000000
449.521759     65535.0000000000
449.881805     65535.0000000000
450.241852     65535.0000000000
450.601837     65535.0000000000
450.961792     65535.0000000000
451.321655     65535.0000000000
451.681549     65535.0000000000
452.041382     65535.0000000000
452.401184     65535.0000000000
452.760895     65535.0000000000
453.120636     65535.0000000000
453.480347     65535.0000000000
453.840027     65535.0000000000
454.199585     65535.0000000000
454.559174     65535.0000000000
454.918762     65535.0000000000
455.278290     65535.0000000000
455.637726     65535.0000000000
455.997162     65535.0000000000
456.356598     65535.0000000000
456.715973     65535.0000000000
457.075287     65535.0000000000
457.434570     65535.0000000000
457.793854     65535.0000000000
458.153107     65535.0000000000
458.512268     65535.0000000000
458.871429     65535.0000000000
459.230560     65535.0000000000
459.589661     65535.0000000000
459.948639     65535.0000000000
460.307678     65535.0000000000
460.666687     65535.0000000000
461.025635     65535.0000000000
461.384491     65535.0000000000
461.743378     65535.0000000000
462.102264     65535.0000000000
462.461060     65535.0000000000
462.819794     65535.0000000000
463.178497     65535.0000000000
463.537231     65535.0000000000
463.895905     65535.0000000000
464.254456     65535.0000000000
464.613068     65535.0000000000
464.971649     65535.0000000000
465.330170     65535.0000000000
465.688568     65535.0000000000
466.047028     65535.0000000000
466.405457     65535.0000000000
466.763855     65535.0000000000
467.122192     65535.0000000000
467.480438     65535.0000000000
467.838715     65535.0000000000
468.196960     65535.0000000000
468.555176     65535.0000000000
468.913269     65535.0000000000
469.271393     65535.0000000000
469.629486     65535.0000000000
469.987549     65535.0000000000
470.345520     65535.0000000000
470.703491     65535.0000000000
471.061462     65535.0000000000
471.419342     65535.0000000000
471.777191     65535.0000000000
472.135040     65535.0000000000
472.492828     65535.0000000000
472.850586     65535.0000000000
473.208282     65535.0000000000
473.565979     65535.0000000000
473.923615     65535.0000000000
474.281281     65535.0000000000
474.638794     65535.0000000000
474.996338     65535.0000000000
475.353851     65535.0000000000
475.711334     65535.0000000000
476.068726     65535.0000000000
476.426117     65535.0000000000
476.783478     65535.0000000000
477.140808     65535.0000000000
477.498077     65535.0000000000
477.855316     65535.0000000000
478.212555     65535.0000000000
478.569763     65535.0000000000
478.926819     65535.0000000000
479.283936     65535.0000000000
479.641022     65535.0000000000
479.998077     65535.0000000000
480.355011     65535.0000000000
480.711975     65535.0000000000
481.068939     65535.0000000000
481.425842     65535.0000000000
481.782623     65535.0000000000
482.139435     65535.0000000000
482.496216     65535.0000000000
482.852966     65535.0000000000
483.209717     65535.0000000000
483.566315     65535.0000000000
483.922943     65535.0000000000
484.279572     65535.0000000000
484.636139     65535.0000000000
484.992615     65535.0000000000
485.349121     65535.0000000000
485.705566     65535.0000000000
486.062012     65535.0000000000
486.418304     65535.0000000000
486.774689     65535.0000000000
487.130981     65535.0000000000
487.487274     65535.0000000000
487.843445     65535.0000000000
488.199615     65535.0000000000
488.555786     65535.0000000000
488.911957     65535.0000000000
489.267975     65535.0000000000
489.624023     65535.0000000000
489.980042     65535.0000000000
490.336029     65535.0000000000
490.691925     65535.0000000000
491.047821     65535.0000000000
491.403687     65535.0000000000
491.759521     65535.0000000000
492.115265     65535.0000000000
492.471008     65535.0000000000
492.826752     65535.0000000000
493.182434     65535.0000000000
493.538025     65535.0000000000
493.893646     65535.0000000000
494.249207     65535.0000000000
494.604736     65535.0000000000
494.960205     65535.0000000000
495.315674     65535.0000000000
495.671082     65535.0000000000
496.026489     65535.0000000000
496.381775     65535.0000000000
496.737091     65535.0000000000
497.092377     65535.0000000000
497.447632     65535.0000000000
497.802795     65535.0000000000
498.157959     65535.0000000000
498.513062     65535.0000000000
498.868195     65535.0000000000
499.223175     65535.0000000000
499.578217     65535.0000000000
499.933167     65535.0000000000
500.288116     65535.0000000000
500.643036     65535.0000000000
500.997833     65535.0000000000
501.352692     65535.0000000000
501.707489     65535.0000000000
502.062225     65535.0000000000
502.416901     65535.0000000000
502.771606     65535.0000000000
503.126221     65535.0000000000
503.480865     65535.0000000000
503.835358     65535.0000000000
504.189941     65535.0000000000
504.544434     65535.0000000000
504.898865     65535.0000000000
505.253265     65535.0000000000
505.607635     65535.0000000000
505.961975     65535.0000000000
506.316315     65535.0000000000
506.670532     65535.0000000000
507.024750     65535.0000000000
507.378967     65535.0000000000
507.733154     65535.0000000000
508.087189     65535.0000000000
508.441315     65535.0000000000
508.795349     65535.0000000000
509.149353     65535.0000000000
509.503265     65535.0000000000
509.857208     65535.0000000000
510.211121     65535.0000000000
510.565002     65535.0000000000
510.918762     65535.0000000000
511.272583     65535.0000000000
511.626312     65535.0000000000
511.980042     65535.0000000000
512.333618     65535.0000000000
512.687256     65535.0000000000
513.040894     65535.0000000000
513.394470     65535.0000000000
513.747925     65535.0000000000
514.101440     65535.0000000000
514.454895     65535.0000000000
514.808289     65535.0000000000
515.161621     65535.0000000000
515.514893     65535.0000000000
515.868225     65535.0000000000
516.221497     65535.0000000000
516.574707     65535.0000000000
516.927856     65535.0000000000
517.281006     65535.0000000000
517.634155     65535.0000000000
517.987183     65535.0000000000
518.340210     65535.0000000000
518.693237     65535.0000000000
519.046204     65535.0000000000
519.399048     65535.0000000000
519.751892     65535.0000000000
520.104736     65535.0000000000
520.457520     65535.0000000000
520.810364     65535.0000000000
521.163025     65535.0000000000
521.515686     65535.0000000000
521.868408     65535.0000000000
522.221008     65535.0000000000
522.573547     65535.0000000000
522.926086     65535.0000000000
523.278625     65535.0000000000
523.631042     65535.0000000000
523.983459     65535.0000000000
524.335815     65535.0000000000
524.688171     65535.0000000000
525.040527     65535.0000000000
525.392761     65535.0000000000
525.744934     65535.0000000000
526.097168     65535.0000000000
526.449341     65535.0000000000
526.801453     65535.0000000000
527.153503     65535.0000000000
527.505554     65535.0000000000
527.857544     65535.0000000000
528.209534     65535.0000000000
528.561462     65535.0000000000
528.913330     65535.0000000000
529.265198     65535.0000000000
529.617004     65535.0000000000
529.968750     65535.0000000000
530.320496     65535.0000000000
530.672180     65535.0000000000
531.023804     65535.0000000000
531.375488     65535.0000000000
531.727051     65535.0000000000
532.078613     65535.0000000000
532.430115     65535.0000000000
532.781555     65535.0000000000
533.132996     65535.0000000000
533.484375     65535.0000000000
533.835815     65535.0000000000
534.187073     65535.0000000000
534.538330     65535.0000000000
534.889587     65535.0000000000
535.240784     65535.0000000000
535.591919     65535.0000000000
535.942993     65535.0000000000
536.294128     65535.0000000000
536.645203     65535.0000000000
536.996155     65535.0000000000
537.347107     65535.0000000000
537.698120     65535.0000000000
538.049011     65535.0000000000
538.399841     65535.0000000000
538.750610     65535.0000000000
539.101440     65535.0000000000
539.452209     65535.0000000000
539.802856     65535.0000000000
540.153503     65535.0000000000
540.504150     65535.0000000000
540.854736     65535.0000000000
541.205261     65535.0000000000
541.555786     65535.0000000000
541.906250     65535.0000000000
542.256714     65535.0000000000
542.607056     65535.0000000000
542.957458     65535.0000000000
543.307739     65535.0000000000
543.658020     65535.0000000000
544.008240     65535.0000000000
544.358398     65535.0000000000
544.708618     65535.0000000000
545.058777     65535.0000000000
545.408813     65535.0000000000
545.758850     65535.0000000000
546.108887     65535.0000000000
546.458862     65535.0000000000
546.808716     65535.0000000000
547.158691     65535.0000000000
547.508545     65535.0000000000
547.858337     65535.0000000000
548.208069     65535.0000000000
548.557800     65535.0000000000
548.907532     65535.0000000000
549.257202     65535.0000000000
549.606812     65535.0000000000
549.956360     65535.0000000000
550.305908     65535.0000000000
550.655457     65535.0000000000
551.004883     65535.0000000000
551.354309     65535.0000000000
551.703674     65535.0000000000
552.053040     65535.0000000000
552.402405     65535.0000000000
552.751587     65535.0000000000
553.100830     65535.0000000000
553.450012     65535.0000000000
553.799255     65535.0000000000
554.148254     65535.0000000000
554.497375     65535.0000000000
554.846436     65535.0000000000
555.195435     65535.0000000000
555.544373     65535.0000000000
555.893250     65535.0000000000
556.242188     65535.0000000000
556.591003     65535.0000000000
556.939758     65535.0000000000
557.288574     65535.0000000000
557.637268     65535.0000000000
557.985962     65535.0000000000
558.334595     65535.0000000000
558.683228     65535.0000000000
559.031799     65535.0000000000
559.380310     65535.0000000000
559.728760     65535.0000000000
560.077209     65535.0000000000
560.425659     65535.0000000000
560.774048     65535.0000000000
561.122314     65535.0000000000
561.470581     65535.0000000000
561.818909     65535.0000000000
562.167114     65535.0000000000
562.515259     65535.0000000000
562.863342     65535.0000000000
563.211487     65535.0000000000
563.559570     65535.0000000000
563.907532     65535.0000000000
564.255554     65535.0000000000
564.603455     65535.0000000000
564.951355     65535.0000000000
565.299255     65535.0000000000
565.647095     65535.0000000000
565.994812     65535.0000000000
566.342590     65535.0000000000
566.690308     65535.0000000000
567.037903     65535.0000000000
567.385620     65535.0000000000
567.733154     65535.0000000000
568.080750     65535.0000000000
568.428162     65535.0000000000
568.775696     65535.0000000000
569.123108     65535.0000000000
569.470520     65535.0000000000
569.817810     65535.0000000000
570.165161     65535.0000000000
570.512451     65535.0000000000
570.859680     65535.0000000000
571.206787     65535.0000000000
571.554016     65535.0000000000
571.901062     65535.0000000000
572.248169     65535.0000000000
572.595154     65535.0000000000
572.942200     65535.0000000000
573.289124     65535.0000000000
573.636047     65535.0000000000
573.982849     65535.0000000000
574.329712     65535.0000000000
574.676514     65535.0000000000
575.023315     65535.0000000000
575.369995     65535.0000000000
575.716675     65535.0000000000
576.063293     65535.0000000000
576.409912     65535.0000000000
576.756409     65535.0000000000
577.102966     65535.0000000000
577.449402     65535.0000000000
577.795898     65535.0000000000
578.142273     65535.0000000000
578.488647     65535.0000000000
578.834961     65535.0000000000
579.181213     65535.0000000000
579.527405     65535.0000000000
579.873596     65535.0000000000
580.219788     65535.0000000000
580.565918     65535.0000000000
580.911926     65535.0000000000
581.258057     65535.0000000000
581.604065     65535.0000000000
581.949951     65535.0000000000
582.295898     65535.0000000000
582.641724     65535.0000000000
582.987610     65535.0000000000
583.333435     65535.0000000000
583.679199     65535.0000000000
584.024902     65535.0000000000
584.370544     65535.0000000000
584.716187     65535.0000000000
585.061829     65535.0000000000
585.407349     65535.0000000000
585.752869     65535.0000000000
586.098328     65535.0000000000
586.443787     65535.0000000000
586.789124     65535.0000000000
587.134521     65535.0000000000
587.479858     65535.0000000000
587.825134     65535.0000000000
588.170288     65535.0000000000
588.515564     65535.0000000000
588.860657     65535.0000000000
589.205872     65535.0000000000
589.550842     65535.0000000000
589.895935     65535.0000000000
590.240906     65535.0000000000
590.585876     65535.0000000000
590.930786     65535.0000000000
591.275635     65535.0000000000
591.620483     65535.0000000000
591.965271     65535.0000000000
592.310059     65535.0000000000
592.654724     65535.0000000000
592.999451     65535.0000000000
593.344055     65535.0000000000
593.688660     65535.0000000000
594.033203     65535.0000000000
594.377686     65535.0000000000
594.722229     65535.0000000000
595.066528     65535.0000000000
595.411011     65535.0000000000
595.755371     65535.0000000000
596.099670     65535.0000000000
596.443848     65535.0000000000
596.788147     65535.0000000000
597.132324     65535.0000000000
597.476501     65535.0000000000
597.820618     65535.0000000000
598.164612     65535.0000000000
598.508667     65535.0000000000
598.852661     65535.0000000000
599.196655     65535.0000000000
599.540466     65535.0000000000
599.884338     65535.0000000000
600.228210     65535.0000000000
600.571960     65535.0000000000
600.915710     65535.0000000000
601.259460     65535.0000000000
601.603088     65535.0000000000
601.946716     65535.0000000000
602.290283     65535.0000000000
602.633850     65535.0000000000
602.977295     65535.0000000000
603.320801     65535.0000000000
603.664124     65535.0000000000
604.007568     65535.0000000000
604.350952     65535.0000000000
604.694214     65535.0000000000
605.037415     65535.0000000000
605.380676     65535.0000000000
605.723816     65535.0000000000
606.066956     65535.0000000000
606.410034     65535.0000000000
606.753052     65535.0000000000
607.096130     65535.0000000000
607.439087     65535.0000000000
607.781921     65535.0000000000
608.124878     65535.0000000000
608.467712     65535.0000000000
608.810547     65535.0000000000
609.153259     65535.0000000000
609.495972     65535.0000000000
609.838684     65535.0000000000
610.181335     65535.0000000000
610.523865     65535.0000000000
610.866516     65535.0000000000
611.209045     65535.0000000000
611.551453     65535.0000000000
611.893921     65535.0000000000
612.236267     65535.0000000000
612.578674     65535.0000000000
612.920959     65535.0000000000
613.263306     65535.0000000000
613.605469     65535.0000000000
613.947632     65535.0000000000
614.289795     65535.0000000000
614.631958     65535.0000000000
614.973938     65535.0000000000
615.315979     65535.0000000000
615.657959     65535.0000000000
615.999939     65535.0000000000
616.341858     65535.0000000000
616.683716     65535.0000000000
617.025513     65535.0000000000
617.367310     65535.0000000000
617.708984     65535.0000000000
618.050720     65535.0000000000
618.392395     65535.0000000000
618.734070     65535.0000000000
619.075500     65535.0000000000
619.417114     65535.0000000000
619.758606     65535.0000000000
620.100098     65535.0000000000
620.441467     65535.0000000000
620.782776     65535.0000000000
621.124146     65535.0000000000
621.465393     65535.0000000000
621.806641     65535.0000000000
622.147888     65535.0000000000
622.489014     65535.0000000000
622.830139     65535.0000000000
623.171204     65535.0000000000
623.512207     65535.0000000000
623.853271     65535.0000000000
624.194214     65535.0000000000
624.535095     65535.0000000000
624.875916     65535.0000000000
625.216797     65535.0000000000
625.557617     65535.0000000000
625.898315     65535.0000000000
626.239075     65535.0000000000
626.579712     65535.0000000000
626.920349     65535.0000000000
627.260864     65535.0000000000
627.601440     65535.0000000000
627.941895     65535.0000000000
628.282410     65535.0000000000
628.622803     65535.0000000000
628.963135     65535.0000000000
629.303528     65535.0000000000
629.643799     65535.0000000000
629.984070     65535.0000000000
630.324219     65535.0000000000
630.664429     65535.0000000000
631.004517     65535.0000000000
631.344604     65535.0000000000
631.684631     65535.0000000000
632.024597     65535.0000000000
632.364624     65535.0000000000
632.704529     65535.0000000000
633.044373     65535.0000000000
633.384155     65535.0000000000
633.723999     65535.0000000000
634.063782     65535.0000000000
634.403442     65535.0000000000
634.743042     65535.0000000000
635.082764     65535.0000000000
635.422302     65535.0000000000
635.761841     65535.0000000000
636.101318     65535.0000000000
636.440796     65535.0000000000
636.780212     65535.0000000000
637.119507     65535.0000000000
637.458862     65535.0000000000
637.798157     65535.0000000000
638.137451     65535.0000000000
638.476563     65535.0000000000
638.815735     65535.0000000000
639.154907     65535.0000000000
639.494019     65535.0000000000
639.833008     65535.0000000000
640.171997     65535.0000000000
640.510925     65535.0000000000
640.849854     65535.0000000000
641.188660     65535.0000000000
641.527527     65535.0000000000
641.866333     65535.0000000000
642.205078     65535.0000000000
642.543762     65535.0000000000
642.882446     65535.0000000000
643.221008     65535.0000000000
643.559570     65535.0000000000
643.898071     65535.0000000000
644.236572     65535.0000000000
644.575073     65535.0000000000
644.913452     65535.0000000000
645.251831     65535.0000000000
645.590149     65535.0000000000
645.928406     65535.0000000000
646.266602     65535.0000000000
646.604858     65535.0000000000
646.942932     65535.0000000000
647.281128     65535.0000000000
647.619141     65535.0000000000
647.957214     65535.0000000000
648.295166     65535.0000000000
648.633057     65535.0000000000
648.970947     65535.0000000000
649.308838     65535.0000000000
649.646606     65535.0000000000
649.984436     65535.0000000000
650.322144     65535.0000000000
650.659851     65535.0000000000
650.997498     65535.0000000000
651.335022     65535.0000000000
651.672607     65535.0000000000
652.010132     65535.0000000000
652.347595     65535.0000000000
652.684998     65535.0000000000
653.022461     65535.0000000000
653.359802     65535.0000000000
653.697021     65535.0000000000
654.034302     65535.0000000000
654.371521     65535.0000000000
654.708740     65535.0000000000
655.045837     65535.0000000000
655.382935     65535.0000000000
655.719971     65535.0000000000
656.057007     65535.0000000000
656.393921     65535.0000000000
656.730835     65535.0000000000
657.067749     65535.0000000000
657.404602     65535.0000000000
657.741333     65535.0000000000
658.078064     65535.0000000000
658.414795     65535.0000000000
658.751465     65535.0000000000
659.088074     65535.0000000000
659.424683     65535.0000000000
659.761230     65535.0000000000
660.097717     65535.0000000000
660.434143     65535.0000000000
660.770569     65535.0000000000
661.106934     65535.0000000000
661.443298     65535.0000000000
661.779541     65535.0000000000
662.115784     65535.0000000000
662.451965     65535.0000000000
662.788086     65535.0000000000
663.124268     65535.0000000000
663.460266     65535.0000000000
663.796265     65535.0000000000
664.132324     65535.0000000000
664.468201     65535.0000000000
664.804077     65535.0000000000
665.139954     65535.0000000000
665.475769     65535.0000000000
665.811523     65535.0000000000
666.147278     65535.0000000000
666.482971     65535.0000000000
666.818542     65535.0000000000
667.154236     65535.0000000000
667.489685     65535.0000000000
667.825195     65535.0000000000
668.160706     65535.0000000000
668.496094     65535.0000000000
668.831421     65535.0000000000
669.166809     65535.0000000000
669.502136     65535.0000000000
669.837402     65535.0000000000
670.172546     65535.0000000000
670.507751     65535.0000000000
670.842834     65535.0000000000
671.177917     65535.0000000000
671.512878     65535.0000000000
671.847961     65535.0000000000
672.182861     65535.0000000000
672.517761     65535.0000000000
672.852600     65535.0000000000
673.187439     65535.0000000000
673.522217     65535.0000000000
673.856934     65535.0000000000
674.191650     65535.0000000000
674.526306     65535.0000000000
674.860901     65535.0000000000
675.195435     65535.0000000000
675.529968     65535.0000000000
675.864441     65535.0000000000
676.198853     65535.0000000000
676.533264     65535.0000000000
676.867554     65535.0000000000
677.201843     65535.0000000000
677.536133     65535.0000000000
677.870361     65535.0000000000
678.204529     65535.0000000000
678.538635     65535.0000000000
678.872742     65535.0000000000
679.206787     65535.0000000000
679.540710     65535.0000000000
679.874695     65535.0000000000
680.208618     65535.0000000000
680.542480     65535.0000000000
680.876282     65535.0000000000
681.210083     65535.0000000000
681.543823     65535.0000000000
681.877502     65535.0000000000
682.211121     65535.0000000000
682.544739     65535.0000000000
682.878357     65535.0000000000
683.211853     65535.0000000000
683.545227     65535.0000000000
683.878723     65535.0000000000
684.212097     65535.0000000000
684.545471     65535.0000000000
684.878723     65535.0000000000
685.212036     65535.0000000000
685.545227     65535.0000000000
685.878418     65535.0000000000
686.211487     65535.0000000000
686.544556     65535.0000000000
686.877625     65535.0000000000
687.210632     65535.0000000000
687.543518     65535.0000000000
687.876465     65535.0000000000
688.209290     65535.0000000000
688.542114     65535.0000000000
688.874878     65535.0000000000
689.207642     65535.0000000000
689.540344     65535.0000000000
689.872986     65535.0000000000
690.205566     65535.0000000000
690.538147     65535.0000000000
690.870667     65535.0000000000
691.203125     65535.0000000000
691.535461     65535.0000000000
691.867920     65535.0000000000
692.200256     65535.0000000000
692.532593     65535.0000000000
692.864807     65535.0000000000
693.196960     65535.0000000000
693.529114     65535.0000000000
693.861267     65535.0000000000
694.193420     65535.0000000000
694.525391     65535.0000000000
694.857361     65535.0000000000
695.189270     65535.0000000000
695.521240     65535.0000000000
695.853027     65535.0000000000
696.184814     65535.0000000000
696.516663     65535.0000000000
696.848389     65535.0000000000
697.179993     65535.0000000000
697.511658     65535.0000000000
697.843262     65535.0000000000
698.174805     65535.0000000000
698.506287     65535.0000000000
698.837708     65535.0000000000
699.169189     65535.0000000000
699.500549     65535.0000000000
699.831787     65535.0000000000
700.163147     65535.0000000000
700.494385     65535.0000000000
700.825562     65535.0000000000
701.156677     65535.0000000000
701.487793     65535.0000000000
701.818848     65535.0000000000
702.149902     65535.0000000000
702.480774     65535.0000000000
702.811768     65535.0000000000
703.142639     65535.0000000000
703.473511     65535.0000000000
703.804199     65535.0000000000
704.135010     65535.0000000000
704.465759     65535.0000000000
704.796387     65535.0000000000
705.126953     65535.0000000000
705.457520     65535.0000000000
705.788086     65535.0000000000
706.118591     65535.0000000000
706.448975     65535.0000000000
706.779419     65535.0000000000
707.109741     65535.0000000000
707.440063     65535.0000000000
707.770325     65535.0000000000
708.100525     65535.0000000000
708.430725     65535.0000000000
708.760864     65535.0000000000
709.090942     65535.0000000000
709.420959     65535.0000000000
709.750916     65535.0000000000
710.080933     65535.0000000000
710.410828     65535.0000000000
710.740662     65535.0000000000
711.070496     65535.0000000000
711.400269     65535.0000000000
711.729980     65535.0000000000
712.059631     65535.0000000000
712.389282     65535.0000000000
712.718872     65535.0000000000
713.048462     65535.0000000000
713.377930     65535.0000000000
713.707397     65535.0000000000
714.036865     65535.0000000000
714.366211     65535.0000000000
714.695435     65535.0000000000
715.024780     65535.0000000000
715.354004     65535.0000000000
715.683228     65535.0000000000
716.012329     65535.0000000000
716.341431     65535.0000000000
716.670532     65535.0000000000
716.999573     65535.0000000000
717.328430     65535.0000000000
717.657349     65535.0000000000
717.986267     65535.0000000000
718.315125     65535.0000000000
718.643860     65535.0000000000
718.972656     65535.0000000000
719.301331     65535.0000000000
719.630005     65535.0000000000
719.958557     65535.0000000000
720.287170     65535.0000000000
720.615662     65535.0000000000
720.944214     65535.0000000000
721.272583     65535.0000000000
721.600952     65535.0000000000
721.929321     65535.0000000000
722.257629     65535.0000000000
722.585876     65535.0000000000
722.914063     65535.0000000000
723.242188     65535.0000000000
723.570313     65535.0000000000
723.898376     65535.0000000000
724.226440     65535.0000000000
724.554382     65535.0000000000
724.882324     65535.0000000000
725.210266     65535.0000000000
725.538025     65535.0000000000
725.865784     65535.0000000000
726.193604     65535.0000000000
726.521301     65535.0000000000
726.848938     65535.0000000000
727.176514     65535.0000000000
727.504150     65535.0000000000
727.831726     65535.0000000000
728.159119     65535.0000000000
728.486572     65535.0000000000
728.813965     65535.0000000000
729.141357     65535.0000000000
729.468567     65535.0000000000
729.795837     65535.0000000000
730.123108     65535.0000000000
730.450317     65535.0000000000
730.777344     65535.0000000000
731.104431     65535.0000000000
731.431519     65535.0000000000
731.758484     65535.0000000000
732.085388     65535.0000000000
732.412292     65535.0000000000
732.739136     65535.0000000000
733.065979     65535.0000000000
733.392639     65535.0000000000
733.719421     65535.0000000000
734.046082     65535.0000000000
734.372681     65535.0000000000
734.699219     65535.0000000000
735.025757     65535.0000000000
735.352234     65535.0000000000
735.678711     65535.0000000000
736.005127     65535.0000000000
736.331482     65535.0000000000
736.657715     65535.0000000000
736.984009     65535.0000000000
737.310181     65535.0000000000
737.636353     65535.0000000000
737.962524     65535.0000000000
738.288574     65535.0000000000
738.614624     65535.0000000000
738.940613     65535.0000000000
739.266541     65535.0000000000
739.592407     65535.0000000000
739.918274     65535.0000000000
740.244080     65535.0000000000
740.569824     65535.0000000000
740.895569     65535.0000000000
741.221191     65535.0000000000
741.546753     65535.0000000000
741.872375     65535.0000000000
742.197937     65535.0000000000
742.523376     65535.0000000000
742.848816     65535.0000000000
743.174194     65535.0000000000
743.499573     65535.0000000000
743.824890     65535.0000000000
744.150085     65535.0000000000
744.475342     65535.0000000000
744.800476     65535.0000000000
745.125610     65535.0000000000
745.450623     65535.0000000000
745.775696     65535.0000000000
746.100708     65535.0000000000
746.425598     65535.0000000000
746.750427     65535.0000000000
747.075256     65535.0000000000
747.400085     65535.0000000000
747.724915     65535.0000000000
748.049561     65535.0000000000
748.374207     65535.0000000000
748.698853     65535.0000000000
749.023438     65535.0000000000
749.347900     65535.0000000000
749.672363     65535.0000000000
749.996765     65535.0000000000
750.321167     65535.0000000000
750.645508     65535.0000000000
750.969788     65535.0000000000
751.294067     65535.0000000000
751.618286     65535.0000000000
751.942383     65535.0000000000
752.266479     65535.0000000000
752.590576     65535.0000000000
752.914551     65535.0000000000
753.238525     65535.0000000000
753.562439     65535.0000000000
753.886292     65535.0000000000
754.210144     65535.0000000000
754.533936     65535.0000000000
754.857666     65535.0000000000
755.181335     65535.0000000000
755.505005     65535.0000000000
755.828613     65535.0000000000
756.152100     65535.0000000000
756.475586     65535.0000000000
756.799133     65535.0000000000
757.122498     65535.0000000000
757.445862     65535.0000000000
757.769165     65535.0000000000
758.092468     65535.0000000000
758.415710     65535.0000000000
758.738831     65535.0000000000
759.061951     65535.0000000000
759.385071     65535.0000000000
759.708130     65535.0000000000
760.031067     62844.0234375000
760.354004     56095.2656250000
760.676941     50405.8398437500
760.999817     45681.4843750000
761.322632     46015.8906250000
761.645386     49283.6640625000
761.968079     52320.2695312500
762.290771     53808.2734375000
762.613342     54037.1953125000
762.935974     53929.4687500000
763.258484     53911.5117187500
763.580994     53880.0937500000
763.903381     54306.5195312500
764.225830     55092.0390625000
764.548157     56272.5703125000
764.870422     57540.6250000000
765.192688     58822.1484375000
765.514832     60153.0468750000
765.837036     61452.5273437500
766.159119     62666.7187500000
766.481140     63705.8515625000
766.803223     64888.6250000000
767.125183     65382.3828125000
767.447144     65530.5078125000
767.768982     65535.0000000000
768.090820     65535.0000000000
768.412659     65535.0000000000
768.734314     65535.0000000000
769.056091     65535.0000000000
769.377686     65535.0000000000
769.699280     65535.0000000000
770.020813     65535.0000000000
770.342346     65535.0000000000
770.663757     65535.0000000000
770.985229     65535.0000000000
771.306580     65535.0000000000
771.627869     65535.0000000000
771.949158     65535.0000000000
772.270386     65535.0000000000
772.591553     65535.0000000000
772.912659     65535.0000000000
773.233765     65535.0000000000
773.554810     65535.0000000000
773.875793     65535.0000000000
774.196716     65535.0000000000
774.517578     65535.0000000000
774.838440     65535.0000000000
775.159302     65535.0000000000
775.480042     65535.0000000000
775.800659     65535.0000000000
776.121399     65535.0000000000
776.441956     65535.0000000000
776.762573     65535.0000000000
777.083008     65535.0000000000
777.403503     65535.0000000000
777.723999     65535.0000000000
778.044373     65535.0000000000
778.364624     65535.0000000000
778.684937     65535.0000000000
779.005188     65535.0000000000
779.325378     65535.0000000000
779.645447     65535.0000000000
779.965637     65535.0000000000
780.285706     65535.0000000000
780.605652     65535.0000000000
780.925598     65535.0000000000
781.245483     65535.0000000000
781.565369     65535.0000000000
781.885193     65535.0000000000
782.204895     65535.0000000000
782.524658     65535.0000000000
782.844299     65535.0000000000
783.163940     65535.0000000000
783.483582     65535.0000000000
783.803040     65535.0000000000
784.122559     65535.0000000000
784.442017     65535.0000000000
784.761414     65535.0000000000
785.080688     65535.0000000000
785.400024     65535.0000000000
785.719238     65535.0000000000
786.038452     65535.0000000000
786.357544     65535.0000000000
786.676697     65535.0000000000
786.995789     65535.0000000000
787.314758     65535.0000000000
787.633728     65535.0000000000
787.952637     65535.0000000000
788.271484     65535.0000000000
788.590271     65535.0000000000
788.908997     65535.0000000000
789.227783     65530.5078125000
789.546448     65503.5781250000
789.865112     65485.6210937500
790.183655     65465.4218750000
790.502197     65420.5351562500
790.820679     65434.0039062500
791.139099     65386.8710937500
791.457520     65333.0078125000
791.775879     65312.8085937500
792.094116     65238.7421875000
792.412415     65135.5039062500
792.730530     65021.0429687500
793.048767     64996.3554687500
793.366821     64794.3632812500
793.684937     64922.2890625000
794.002869     64843.7382812500
794.320862     64949.2226562500
794.638733     64787.6289062500
794.956665     64648.4804687500
795.274414     64729.2773437500
795.592224     64619.3046875000
795.909912     64228.7851562500
796.227661     63858.4687500000
796.545227     63710.3437500000
796.862854     63678.9218750000
797.180359     63517.3281250000
797.497864     63692.3867187500
797.815308     63757.4726562500
798.132629     63710.3437500000
798.450012     63568.9492187500
798.767273     63761.9609375000
799.084595     63434.2851562500
799.401733     63539.7695312500
799.718933     63310.8476562500
800.036011     62983.1718750000
800.353027     62698.1406250000
800.670044     62570.2109375000
800.987000     62381.6875000000
801.303894     62132.5625000000
801.620850     62105.6328125000
801.937561     62060.7460937500
802.254333     61818.3554687500
802.571106     61643.2968750000
802.887817     61699.4062500000
803.204346     61519.8554687500
803.520935     61501.9023437500
803.837463     61225.8476562500
804.153992     61185.4492187500
804.470337     61311.1328125000
804.786743     61295.4218750000
805.103027     61057.5195312500
805.419434     61479.4570312500
805.735535     61436.8164062500
806.051758     61602.8984375000
806.367920     61322.3554687500
806.684021     61733.0703125000
807.000000     61360.5078125000
807.316040     61113.6289062500
807.632019     61102.4062500000
807.947876     60974.4804687500
808.263672     60700.6679687500
808.579529     60581.7187500000
808.895325     59980.2343750000
809.211060     59986.9648437500
809.526611     59773.7539062500
809.842224     59297.9531250000
810.157837     59266.5312500000
810.473389     58905.1914062500
810.788757     58550.5820312500
811.104187     58292.4843750000
811.419617     58117.4218750000
811.734924     57787.5039062500
812.050171     57388.0117187500
812.365417     57073.8007812500
812.680542     56476.8046875000
812.995728     55475.8242187500
813.310852     54753.1445312500
813.625854     53880.0937500000
813.940796     53150.6796875000
814.255798     52441.4648437500
814.570679     51669.4101562500
814.885498     50347.4882812500
815.200256     49207.3554687500
815.515015     48623.8281250000
815.829651     48536.2968750000
816.144287     47436.5664062500
816.458923     45979.9843750000
816.773438     45378.4960937500
817.087952     45838.5898437500
817.402344     45928.3632812500
817.716797     46121.3750000000
818.031189     45279.7460937500
818.345520     45551.3125000000
818.659668     45690.4609375000
818.973877     46642.0664062500
819.288086     46673.4882812500
819.602173     46303.1679687500
819.916199     46743.0625000000
820.230225     47503.8945312500
820.544189     49142.2695312500
820.858154     50574.1640625000
821.171997     51040.9921875000
821.485779     51411.3085937500
821.799561     51290.1132812500
822.113281     50176.9140625000
822.426880     48249.0195312500
822.740540     45080.0000000000
823.054138     42153.3671875000
823.367676     40113.2539062500
823.681152     41275.8281250000
823.994568     42406.9804687500
824.307922     44779.2578125000
824.621277     47048.2929687500
824.934509     48228.8203125000
825.247742     49256.7343750000
825.560913     49306.1093750000
825.874146     49860.4609375000
826.187134     49027.8085937500
826.500183     49609.0937500000
826.813171     49541.7656250000
827.126160     49550.7421875000
827.439026     48762.9765625000
827.751831     46904.6562500000
828.064636     46006.9140625000
828.377380     45576.0000000000
828.690063     45533.3554687500
829.002686     45609.6640625000
829.315308     45398.6953125000
829.627869     45342.5859375000
829.940308     44518.9101562500
830.252808     45412.1640625000
830.565125     45607.4218750000
830.877563     45717.3945312500
831.189880     46152.7968750000
831.502075     45659.0390625000
831.814270     44970.0273437500
832.126465     44752.3242187500
832.438599     44893.7187500000
832.750549     45281.9921875000
833.062622     44812.9218750000
833.374512     44451.5820312500
833.686462     44572.7773437500
833.998291     44662.5507812500
834.310120     45293.2109375000
834.621887     45641.0859375000
834.933594     45688.2187500000
835.245239     46166.2656250000
835.556885     46054.0468750000
835.868408     46188.7070312500
836.179932     46177.4843750000
836.491333     46307.6562500000
836.802795     46298.6796875000
837.114197     46637.5781250000
837.425537     46294.1914062500
837.736694     46220.1289062500
838.047913     46543.3164062500
838.359131     46487.2070312500
838.670227     46298.6796875000
838.981262     46188.7070312500
839.292358     46058.5351562500
839.603333     46554.5351562500
839.914246     46906.8984375000
840.225037     46278.4804687500
840.535889     46565.7578125000
840.846680     46103.4218750000
841.157410     46101.1796875000
841.468079     45342.5859375000
841.778687     45315.6562500000
842.089233     45609.6640625000
842.399780     45706.1718750000
842.710266     45755.5468750000
843.020691     45522.1367187500
843.331055     45304.4335937500
843.641418     44974.5156250000
843.951721     45010.4257812500
844.261841     44168.7929687500
844.572083     44711.9257812500
844.882202     44238.3671875000
845.192261     44635.6171875000
845.502258     44682.7500000000
845.812256     44552.5781250000
846.122192     44283.2539062500
846.432068     43827.6523437500
846.741882     43944.3593750000
847.051636     43834.3867187500
847.361389     43466.3125000000
847.671143     43634.6367187500
847.980713     42770.5625000000
848.290283     43764.8085937500
848.599792     42649.3671875000
848.909302     42326.1835937500
849.218689     42148.8789062500
849.528076     41046.9023437500
849.837463     39810.2656250000
850.146790     38975.3671875000
850.455933     39009.0351562500
850.765137     39341.1992187500
851.074280     39181.8476562500
851.383362     38831.7304687500
851.692383     39359.1523437500
852.001343     38771.1328125000
852.310303     38975.3671875000
852.619202     38959.6601562500
852.927979     38851.9296875000
853.236816     38236.9765625000
853.545532     37830.7500000000
853.854248     35833.2812500000
854.162842     34215.1054687500
854.471436     32419.6250000000
854.779968     32554.2851562500
855.088440     33636.0625000000
855.396851     33647.2851562500
855.705200     34899.6289062500
856.013611     35321.5664062500
856.321899     35471.9414062500
856.630127     36084.6484375000
856.938293     35988.1406250000
857.246399     35162.2187500000
857.554504     36187.8867187500
857.862549     35817.5703125000
858.170471     35487.6484375000
858.478394     36048.7382812500
858.786316     35238.5273437500
859.094177     35831.0351562500
859.401917     34913.0976562500
859.709656     34731.3046875000
860.017334     34446.2734375000
860.324951     34688.6601562500
860.632507     34448.5156250000
860.940063     34026.5781250000
861.247559     33591.1757812500
861.555054     33636.0625000000
861.862366     33485.6914062500
862.169739     32985.1992187500
862.476990     33171.4804687500
862.784241     33676.4609375000
863.091370     32933.5820312500
863.398499     32776.4765625000
863.705627     32718.1230468750
864.012634     32464.5117187500
864.319519     31910.1582031250
864.626526     32136.8359375000
864.933350     31759.7851562500
865.240234     31030.3730468750
865.546936     30550.0820312500
865.853699     29203.4726562500
866.160400     28260.8457031250
866.466980     27331.6855468750
866.773560     26368.8593750000
867.080078     27378.8164062500
867.386536     27504.5000000000
867.692993     27450.6347656250
867.999329     28070.0761718750
868.305664     27919.7050781250
868.611938     27874.8183593750
868.918152     28070.0761718750
869.224304     28029.6777343750
869.530457     27715.4687500000
869.836487     27632.4277343750
870.142517     27823.1972656250
870.448547     28081.2968750000
870.754395     27863.5957031250
871.060242     27562.8535156250
871.366089     27452.8808593750
871.671814     26701.0234375000
871.977539     26873.8378906250
872.283203     27284.5546875000
872.588806     27342.9062500000
872.894409     26997.2773437500
873.199890     26692.0449218750
873.505371     26671.8457031250
873.810730     25724.7304687500
874.116150     25911.0117187500
874.421387     25401.5449218750
874.726685     25610.2695312500
875.031860     25381.3457031250
875.337097     25201.7968750000
875.642090     25060.4042968750
875.947205     24324.2578125000
876.252197     24705.7968750000
876.557129     24539.7148437500
876.862000     24106.5546875000
877.166870     24191.8398437500
877.471680     24467.8945312500
877.776428     23850.6992187500
878.081116     24187.3515625000
878.385742     23711.5488281250
878.690369     23473.6484375000
878.994873     23211.0605468750
879.299316     23404.0742187500
879.603821     23004.5800781250
879.908203     22782.3886718750
880.212585     22447.9804687500
880.516846     22252.7226562500
880.821106     22035.0214843750
881.125244     21774.6757812500
881.429382     22376.1621093750
881.733459     21303.3632812500
882.037537     21354.9824218750
882.341492     21451.4902343750
882.645447     21359.4726562500
882.949280     21047.5078125000
883.253113     21018.3300781250
883.556885     21399.8691406250
883.860657     20809.6054687500
884.164307     20246.2753906250
884.467896     21112.5937500000
884.771484     20239.5410156250
885.075073     20340.5371093750
885.378540     19891.6679687500
885.681885     20113.8574218750
885.985291     19124.0996093750
886.288635     19579.7031250000
886.591858     19065.7460937500
886.895020     18091.6992187500
887.198242     18816.6250000000
887.501343     18457.5273437500
887.804443     18612.3886718750
888.107422     18345.3105468750
888.410400     18082.7226562500
888.713257     18266.7578125000
889.016174     18251.0488281250
889.318909     18711.1386718750
889.621643     17719.1367187500
889.924377     17624.8750000000
890.227051     17595.6972656250
890.529602     17853.7988281250
890.832153     17312.9101562500
891.134705     17521.6347656250
891.437134     17241.0917968750
891.739441     17187.2265625000
892.041870     16442.1035156250
892.344116     16139.1152343750
892.646362     15925.9023437500
892.948486     15517.4306640625
893.250671     14868.8134765625
893.552734     14969.8095703125
893.854797     14951.8544921875
894.156738     14370.5683593750
894.458618     14247.1289062500
894.760559     13847.6347656250
895.062378     13053.1347656250
895.364136     12597.5322265625
895.665894     12097.0419921875
895.967590     12476.3378906250
896.269165     11877.0957031250
896.570679     11192.5693359375
896.872192     10750.4326171875
897.173706     10088.3496093750
897.475159     10436.2236328125
897.776428      9796.5839843750
898.077759     10398.0703125000
