1.000000
190.489868         0.0000000000
190.870819         0.0000000000
191.251740     65535.0000000000
191.632629     65535.0000000000
192.013474     65535.0000000000
192.394302     65535.0000000000
192.775101       453.1911926270
193.155838       284.3552551270
193.536575       288.7983093262
193.917267       186.6081390381
194.297943       344.3364562988
194.678574       322.1211853027
195.059174       162.1713562012
195.439743       442.0835571289
195.820282       215.4879608154
196.200790       373.2162780762
196.581268       408.7606811523
196.961700       199.9372863770
197.342117       282.1337280273
197.722488       388.7669372559
198.102829       157.7283020020
198.483154       322.1211853027
198.863434        64.4242401123
199.243698       355.4440612793
199.623901       910.8254394531
200.004089       124.4054260254
200.384247       151.0637359619
200.764389       126.6269531250
201.144485       137.7345733643
201.524536       208.8233947754
201.904572     65535.0000000000
202.284561       357.6655883789
202.664520       199.9372863770
203.044449       617.5840454102
203.424362       204.3803405762
203.804214       231.0386505127
204.184067       148.8422088623
204.563858       470.9633789063
204.943649       257.6969604492
205.323380       384.3239135742
205.703094       242.1462707520
206.082764       253.2539062500
206.462418       157.7283020020
206.842026       104.4116973877
207.221588       279.9122009277
207.601166       664.2360839844
207.980667       279.9122009277
208.360153       524.2800292969
208.739609       115.5193252563
209.119034       242.1462707520
209.498428       211.0449218750
209.877777       222.1525421143
210.257111       366.5516967773
210.636398       224.3740692139
211.015656       111.0762710571
211.394882       268.8045654297
211.774094       151.0637359619
212.153244        97.7471160889
212.532394        88.8610153198
212.911484        44.4305076599
213.290543       355.4440612793
213.669571       288.7983093262
214.048584       151.0637359619
214.427567       242.1462707520
214.806488       404.3176269531
215.185410       364.3301696777
215.564270       222.1525421143
215.943115       553.1598510742
216.321930       386.5454101563
216.700714       297.6844177246
217.079437       426.5328979492
217.458176       357.6655883789
217.836838       177.7220306396
218.215485       251.0323791504
218.594101       139.9561004639
218.972687        55.5381355286
219.351227       279.9122009277
219.729752       664.2360839844
220.108246       215.4879608154
220.486694       313.2350769043
220.865128       248.8108520508
221.243515       255.4754180908
221.621872       486.5140686035
222.000183       315.4566040039
222.378494       184.3866119385
222.756744       311.0135498047
223.134964       337.6718750000
223.513153       364.3301696777
223.891327       886.3886718750
224.269455       277.6906738281
224.647552       195.4942321777
225.025620       273.2476196289
225.403656       337.6718750000
225.781647       253.2539062500
226.159622       288.7983093262
226.537552       533.1660766602
226.915436       231.0386505127
227.293335       388.7669372559
227.671158       253.2539062500
228.048950        97.7471160889
228.426727       131.0700073242
228.804459       146.6206817627
229.182175       146.6206817627
229.559845       430.9759216309
229.937500       171.0574645996
230.315094       375.4378051758
230.692673       175.5005035400
231.070221       506.5078125000
231.447723       142.1776275635
231.825180       126.6269531250
232.202652       202.1588134766
232.580048       164.3928833008
232.957428       259.9184875488
233.334778       546.4952392578
233.712097       282.1337280273
234.089386       266.5830383301
234.466614       208.8233947754
234.843842       326.5642395020
235.221024       184.3866119385
235.598175       279.9122009277
235.975281        66.6457595825
236.352386       273.2476196289
236.729431       164.3928833008
237.106445       331.0072937012
237.483414       348.7794799805
237.860382       295.4628906250
238.237305       279.9122009277
238.614182       624.2486572266
238.991043       139.9561004639
239.367859       251.0323791504
239.744644       139.9561004639
240.121414       111.0762710571
240.498138        86.6394882202
240.874817       135.5130462646
241.251480       444.3050842285
241.628098        62.2027130127
242.004700       271.0260925293
242.381241       231.0386505127
242.757782       277.6906738281
243.134262       373.2162780762
243.510727       506.5078125000
243.887146       508.7293090820
244.263535       237.7032165527
244.639893       404.3176269531
245.016220        88.8610153198
245.392517       208.8233947754
245.768768       226.5955963135
246.145020       164.3928833008
246.521194       133.2915191650
246.897354       153.2852478027
247.273483        64.4242401123
247.649567        19.9937286377
248.025650       395.4315185547
248.401672       193.2727050781
248.777664        99.9686431885
249.153641       275.4691467285
249.529556       377.6593322754
249.905457       339.8934020996
250.281326     65535.0000000000
250.657135       288.7983093262
251.032959       339.8934020996
251.408707       395.4315185547
251.784424       313.2350769043
252.160126       335.4503479004
252.535797        82.1964416504
252.911423       228.8171234131
253.287018       359.8871154785
253.662582       206.6018676758
254.038116       390.9884643555
254.413605       486.5140686035
254.789063       104.4116973877
255.164505       117.7408447266
255.539886       553.1598510742
255.915268        51.0950851440
256.290588       219.9310150146
256.665894       251.0323791504
257.041168       117.7408447266
257.416351       228.8171234131
257.791565       137.7345733643
258.166779        39.9874572754
258.541870        62.2027130127
258.916962       193.2727050781
259.292023        59.9811859131
259.667023       142.1776275635
260.042053       231.0386505127
260.416992       262.1400146484
260.791931        51.0950851440
261.166809       111.0762710571
261.541687       106.6332244873
261.916504         2.2215254307
262.291321       299.9059448242
262.666077        44.4305076599
263.040802       233.2601776123
263.415497       186.6081390381
263.790161       239.9247436523
264.164795       415.4252624512
264.539368       135.5130462646
264.913910       126.6269531250
265.288452       404.3176269531
265.662964       235.4816894531
266.037384       217.7094879150
266.411865       615.3625488281
266.786224       517.6154174805
267.160583       151.0637359619
267.534912       277.6906738281
267.909210       404.3176269531
268.283447       179.9435577393
268.657654       224.3740692139
269.031860        11.1076269150
269.406006       419.8683166504
269.780151       397.6530456543
270.154236       113.2977981567
270.528290       193.2727050781
270.902283       115.5193252563
271.276306       322.1211853027
271.650238       508.7293090820
272.024170       106.6332244873
272.398041       399.8745727539
272.771881       362.1086425781
273.145721       586.4827270508
273.519531        46.6520347595
273.893219     65535.0000000000
274.266937       257.6969604492
274.640656        75.5318679810
275.014282       208.8233947754
275.387909        31.1013565063
275.761475        15.5506782532
276.135040       102.1901702881
276.508514       159.9498291016
276.882019       155.5067749023
277.255463       477.6279602051
277.628906       353.2225341797
278.002258       108.8547439575
278.375549       286.5767822266
278.748901       142.1776275635
279.122162       293.2413635254
279.495392      1164.0793457031
279.868622       479.8494873047
280.241791       302.1274719238
280.614929       213.2664489746
280.988007       297.6844177246
281.361084       322.1211853027
281.734131       455.4127197266
282.107117       191.0511932373
282.480072       286.5767822266
282.853027       468.7418518066
283.225952       677.5652465820
283.598785       562.0459594727
283.971619       211.0449218750
284.344452       237.7032165527
284.717194       166.6144104004
285.089905       102.1901702881
285.462616       457.6342468262
285.835297       175.5005035400
286.207886       148.8422088623
286.580475        64.4242401123
286.953064       435.4189758301
287.325592       206.6018676758
287.698059        37.7659339905
288.070496        51.0950851440
288.442963       362.1086425781
288.815308       237.7032165527
289.187683       159.9498291016
289.559998        39.9874572754
289.932281       415.4252624512
290.304504       444.3050842285
290.676727       282.1337280273
291.048920       124.4054260254
291.421082       297.6844177246
291.793182       139.9561004639
292.165222        99.9686431885
292.537292       117.7408447266
292.909332       313.2350769043
293.281281       308.7920227051
293.653198       304.3489990234
294.025116        64.4242401123
294.397003       159.9498291016
294.768860       311.0135498047
295.140656       457.6342468262
295.512390       202.1588134766
295.884125       455.4127197266
296.255829       335.4503479004
296.627502       384.3239135742
296.999146       646.4639282227
297.370728     65535.0000000000
297.742249       357.6655883789
298.113831       264.3615112305
298.485291       446.5266113281
298.856781       364.3301696777
299.228149       199.9372863770
299.599579       317.6781311035
299.970917       106.6332244873
300.342224        99.9686431885
300.713531       126.6269531250
301.084778       237.7032165527
301.455994       213.2664489746
301.827148       257.6969604492
302.198334       206.6018676758
302.569427       344.3364562988
302.940521       126.6269531250
303.311554        66.6457595825
303.682556       666.4576416016
304.053528        39.9874572754
304.424469       199.9372863770
304.795380        62.2027130127
305.166260       204.3803405762
305.537048       173.2789764404
305.907837       188.8296661377
306.278625       419.8683166504
306.649384       279.9122009277
307.020050       215.4879608154
307.390686       386.5454101563
307.761353       459.8557739258
308.131897       162.1713562012
308.502502       115.5193252563
308.872986       135.5130462646
309.243500       395.4315185547
309.613922       277.6906738281
309.984344       231.0386505127
310.354736       122.1838989258
310.725098        31.1013565063
311.095398        44.4305076599
311.465637       126.6269531250
311.835907       295.4628906250
312.206116       186.6081390381
312.576294       182.1650848389
312.946411       202.1588134766
313.316528       302.1274719238
313.686584       135.5130462646
314.056610       239.9247436523
314.426605       251.0323791504
314.796570       153.2852478027
315.166504       775.3123779297
315.536377       117.7408447266
315.906250       177.7220306396
316.276093       337.6718750000
316.645844       331.0072937012
317.015594       248.8108520508
317.385315       173.2789764404
317.755035       266.5830383301
318.124603       231.0386505127
318.494263       331.0072937012
318.863831       353.2225341797
319.233368       619.8056030273
319.602875       439.8620300293
319.972351       499.8432312012
320.341797       111.0762710571
320.711182       404.3176269531
321.080536       342.1149291992
321.449890         8.8861017227
321.819183       828.6289672852
322.188446         8.8861017227
322.557648        66.6457595825
322.926880       255.4754180908
323.295990       368.7732238770
323.665100       244.3677978516
324.034210       237.7032165527
324.403259       382.1023864746
324.772247        44.4305076599
325.141205        97.7471160889
325.510193       375.4378051758
325.879120       351.0010070801
326.247955       197.7157592773
326.616791       355.4440612793
326.985596       111.0762710571
327.354340        51.0950851440
327.723053       271.0260925293
328.091797       146.6206817627
328.460449       306.5704956055
328.829071       206.6018676758
329.197632       128.8484802246
329.566193       193.2727050781
329.934753        73.3103408813
330.303192       142.1776275635
330.671631       306.5704956055
331.040070       204.3803405762
331.408478        73.3103408813
331.776794        84.4179687500
332.145081        93.3040695190
332.513367       128.8484802246
332.881592       335.4503479004
333.249756       544.2737426758
333.617920       542.0521850586
333.986084       197.7157592773
334.354156       428.7543945313
334.722229       186.6081390381
335.090240       199.9372863770
335.458252       602.0333862305
335.826202        71.0888137817
336.194092        73.3103408813
336.561951       308.7920227051
336.929779       171.0574645996
337.297577        93.3040695190
337.665375       395.4315185547
338.033142       155.5067749023
338.400787       235.4816894531
338.768463       139.9561004639
339.136108       308.7920227051
339.503693       115.5193252563
339.871246        86.6394882202
340.238770       179.9435577393
340.606262       239.9247436523
340.973755       208.8233947754
341.341125      1033.0092773438
341.708527       562.0459594727
342.075867       128.8484802246
342.443146     65535.0000000000
342.810425        73.3103408813
343.177673       422.0898437500
343.544861       215.4879608154
343.912018        77.7533874512
344.279114      1923.8410644531
344.646271       317.6781311035
345.013336       179.9435577393
345.380341       259.9184875488
345.747314       204.3803405762
346.114258       344.3364562988
346.481171       173.2789764404
346.848022       315.4566040039
347.214905       168.8359375000
347.581726       211.0449218750
347.948456       179.9435577393
348.315186       173.2789764404
348.681885       217.7094879150
349.048584       648.6854248047
349.415161        86.6394882202
349.781738       215.4879608154
350.148346       266.5830383301
350.514862       188.8296661377
350.881287       373.2162780762
351.247742       455.4127197266
351.614197       704.2235717773
351.980530       288.7983093262
352.346863       308.7920227051
352.713165       313.2350769043
353.079437       435.4189758301
353.445679       373.2162780762
353.811859       366.5516967773
354.178009        97.7471160889
354.544159       306.5704956055
354.910217       239.9247436523
355.276276       293.2413635254
355.642303       244.3677978516
356.008270       193.2727050781
356.374176       450.9696655273
356.740112       166.6144104004
357.105988       126.6269531250
357.471802       206.6018676758
357.837585       168.8359375000
358.203339       148.8422088623
358.569092        64.4242401123
358.934753       177.7220306396
359.300415       830.8505249023
359.666016       297.6844177246
360.031616       384.3239135742
360.397125       462.0773010254
360.762634       113.2977981567
361.128143        95.5255966187
361.493530       666.4576416016
361.858917       437.6405029297
362.224274       182.1650848389
362.589630       422.0898437500
362.954895       299.9059448242
363.320160       139.9561004639
363.685394       739.7679443359
364.050568       133.2915191650
364.415680       131.0700073242
364.780792       148.8422088623
365.145874        71.0888137817
365.510895       333.2288208008
365.875854       191.0511932373
366.240845       430.9759216309
366.605774       168.8359375000
366.970642       111.0762710571
367.335480       151.0637359619
367.700317       386.5454101563
368.065125       202.1588134766
368.429840       228.8171234131
368.794525       642.0208740234
369.159241       126.6269531250
369.523834     65535.0000000000
369.888397       191.0511932373
370.252991     65535.0000000000
370.617554       302.1274719238
370.981995        22.2152538300
371.346436       253.2539062500
371.710846       102.1901702881
372.075256       142.1776275635
372.439545       284.3552551270
372.803864       179.9435577393
373.168121       124.4054260254
373.532379       695.3374633789
373.896545       275.4691467285
374.260681       144.3991546631
374.624847     65535.0000000000
374.988892        31.1013565063
375.352936        51.0950851440
375.716949       306.5704956055
376.080933       264.3615112305
376.444855       275.4691467285
376.808716       284.3552551270
377.172638        75.5318679810
377.536469        88.8610153198
377.900208       133.2915191650
378.263947       395.4315185547
378.627686       539.8306884766
378.991364       175.5005035400
379.354980       113.2977981567
379.718628       199.9372863770
380.082214       570.9320068359
380.445709       217.7094879150
380.809174       117.7408447266
381.172668       295.4628906250
381.536072       373.2162780762
381.899475       204.3803405762
382.262787        93.3040695190
382.626129       115.5193252563
382.989380       608.6979980469
383.352631       833.0720214844
383.715790       151.0637359619
384.078979       315.4566040039
384.442078       211.0449218750
384.805145       246.5893249512
385.168243       217.7094879150
385.531250       328.7857666016
385.894226       386.5454101563
386.257141       168.8359375000
386.620056       179.9435577393
386.982941       202.1588134766
387.345734       222.1525421143
387.708527       506.5078125000
388.071289       475.4064331055
388.433990       335.4503479004
388.796661        95.5255966187
389.159332       106.6332244873
389.521942       142.1776275635
389.884491       162.1713562012
390.247040       237.7032165527
390.609528       217.7094879150
390.971985       599.8118896484
391.334412       293.2413635254
391.696747       244.3677978516
392.059143       251.0323791504
392.421478       257.6969604492
392.783691       197.7157592773
393.145935        82.1964416504
393.508148       482.0710144043
393.870270       251.0323791504
394.232391       275.4691467285
394.594482       137.7345733643
394.956573       377.6593322754
395.318542       322.1211853027
395.680511       577.5966186523
396.042450        31.1013565063
396.404388       257.6969604492
396.766235       413.2037353516
397.128021       366.5516967773
397.489838       233.2601776123
397.851563       311.0135498047
398.213257       159.9498291016
398.574951       208.8233947754
398.936615       199.9372863770
399.298187       226.5955963135
399.659729        24.4367790222
400.021271       810.8568115234
400.382751       513.1723632813
400.744202       235.4816894531
401.105621       222.1525421143
401.466980        93.3040695190
401.828339       133.2915191650
402.189606       195.4942321777
402.550873     65535.0000000000
402.912140       277.6906738281
403.273285       153.2852478027
403.634430       237.7032165527
403.995544       286.5767822266
404.356659       297.6844177246
404.717651       162.1713562012
405.078674       419.8683166504
405.439636       115.5193252563
405.800568       204.3803405762
406.161438       168.8359375000
406.522278       122.1838989258
406.883118       335.4503479004
407.243866        62.2027130127
407.604584       264.3615112305
407.965302       257.6969604492
408.325989       206.6018676758
408.686584       153.2852478027
409.047150       275.4691467285
409.407715        71.0888137817
409.768250        66.6457595825
410.128723        84.4179687500
410.489136       133.2915191650
410.849518       177.7220306396
411.209900       333.2288208008
411.570190       277.6906738281
411.930511       388.7669372559
412.290741       108.8547439575
412.650940       690.8944091797
413.011078        77.7533874512
413.371246       326.5642395020
413.731354       370.9947509766
414.091400       402.0960998535
414.451385       126.6269531250
414.811401       566.4890136719
415.171356       235.4816894531
415.531281       273.2476196289
415.891113       191.0511932373
416.250946       248.8108520508
416.610718       335.4503479004
416.970490       131.0700073242
417.330200       268.8045654297
417.689911       177.7220306396
418.049530       522.0584716797
418.409119       217.7094879150
418.768707       111.0762710571
419.128235       179.9435577393
419.487701        79.9749145508
419.847137       577.5966186523
420.206573       222.1525421143
420.565948        68.8672866821
420.925232       239.9247436523
421.284576       239.9247436523
421.643860        26.6583061218
422.003052       133.2915191650
422.362213       122.1838989258
422.721375       237.7032165527
423.080536       319.8996582031
423.439575       331.0072937012
423.798584       224.3740692139
424.157593       195.4942321777
424.516571       262.1400146484
424.875458       328.7857666016
425.234314       326.5642395020
425.593201       186.6081390381
425.951965       259.9184875488
426.310699       128.8484802246
426.669495       253.2539062500
427.028168        99.9686431885
427.386810       124.4054260254
427.745392     65535.0000000000
428.103973       257.6969604492
428.462524       346.5579528809
428.821045       628.6917114258
429.179504       219.9310150146
429.537903       353.2225341797
429.896271       122.1838989258
430.254608       282.1337280273
430.612915        46.6520347595
430.971222       186.6081390381
431.329437       479.8494873047
431.687622       322.1211853027
432.045776       184.3866119385
432.403900        64.4242401123
432.761993       217.7094879150
433.119995       268.8045654297
433.477997       373.2162780762
433.835968       166.6144104004
434.193909       253.2539062500
434.551758       188.8296661377
434.909637       139.9561004639
435.267395       439.8620300293
435.625183       299.9059448242
435.982910       204.3803405762
436.340607       333.2288208008
436.698273       186.6081390381
437.055878       142.1776275635
437.413452       313.2350769043
437.770996       266.5830383301
438.128479       313.2350769043
438.485962       235.4816894531
438.843384       144.3991546631
439.200775       131.0700073242
439.558136       151.0637359619
439.915405       342.1149291992
440.272705       479.8494873047
440.629883       162.1713562012
440.987091       255.4754180908
441.344238       490.9571228027
441.701355        97.7471160889
442.058441       257.6969604492
442.415436        99.9686431885
442.772461       202.1588134766
443.129425       362.1086425781
443.486359       286.5767822266
443.843231        57.7596626282
444.200104         6.6645765305
444.556885       151.0637359619
444.913635       484.2925415039
445.270355       119.9623718262
445.627075       135.5130462646
445.983704        75.5318679810
446.340302        79.9749145508
446.696869         8.8861017227
447.053436       186.6081390381
447.409912       133.2915191650
447.766357       182.1650848389
448.122803       197.7157592773
448.479156        75.5318679810
448.835510       266.5830383301
449.191772       308.7920227051
449.548096       135.5130462646
449.904297        62.2027130127
450.260437       148.8422088623
450.616608       108.8547439575
450.972687     65535.0000000000
451.328796       122.1838989258
451.684814        99.9686431885
452.040833       362.1086425781
452.396729      1308.4785156250
452.752655       573.1535644531
453.108551        93.3040695190
453.464355       162.1713562012
453.820160        22.2152538300
454.175934     65535.0000000000
454.531616       224.3740692139
454.887299       275.4691467285
455.242950       268.8045654297
455.598541       217.7094879150
455.954102       324.3427124023
456.309601       550.9382934570
456.665131       311.0135498047
457.020538       235.4816894531
457.375977       308.7920227051
457.731323       182.1650848389
458.086670       339.8934020996
458.441956       211.0449218750
458.797211        13.3291530609
459.152405       295.4628906250
459.507538       264.3615112305
459.862701       208.8233947754
460.217773       251.0323791504
460.572845       271.0260925293
460.927856       246.5893249512
461.282837       173.2789764404
461.637756       202.1588134766
461.992645        73.3103408813
462.347504       468.7418518066
462.702332       470.9633789063
463.057129       208.8233947754
463.411835       430.9759216309
463.766541       228.8171234131
464.121185       224.3740692139
464.475830       284.3552551270
464.830383       331.0072937012
465.184937       217.7094879150
465.539429       266.5830383301
465.893921       455.4127197266
466.248322       522.0584716797
466.602753       368.7732238770
466.957062       366.5516967773
467.311371       206.6018676758
467.665619       177.7220306396
468.019897        68.8672866821
468.374054       224.3740692139
468.728180       168.8359375000
469.082306        91.0825424194
469.436371       293.2413635254
469.790405        48.8735580444
470.144379       166.6144104004
470.498352       199.9372863770
470.852264       297.6844177246
471.206146       164.3928833008
471.559967       188.8296661377
471.913788       246.5893249512
472.267487       222.1525421143
472.621246       186.6081390381
472.974915       333.2288208008
473.328522       259.9184875488
473.682129       215.4879608154
474.035675       102.1901702881
474.389191       244.3677978516
474.742676       317.6781311035
475.096130       257.6969604492
475.449493       248.8108520508
475.802856       273.2476196289
476.156189       473.1849060059
476.509460       413.2037353516
476.862732        79.9749145508
477.215912       193.2727050781
477.569061        99.9686431885
477.922150       179.9435577393
478.275299       317.6781311035
478.628296        28.8798313141
478.981323       251.0323791504
479.334259       219.9310150146
479.687195        79.9749145508
480.040070        53.3166122437
480.392914       306.5704956055
480.745728       157.7283020020
481.098511       388.7669372559
481.451202       335.4503479004
481.803925        99.9686431885
482.156525       331.0072937012
482.509125       204.3803405762
482.861694       228.8171234131
483.214233       584.2611694336
483.566711        66.6457595825
483.919128       293.2413635254
484.271576       277.6906738281
484.623901       233.2601776123
484.976257        77.7533874512
485.328522       148.8422088623
485.680786       226.5955963135
486.032959       106.6332244873
486.385132       139.9561004639
486.737274       204.3803405762
487.089325       113.2977981567
487.441376       184.3866119385
487.793396        39.9874572754
488.145386        44.4305076599
488.497284       202.1588134766
488.849182       111.0762710571
489.201019       131.0700073242
489.552826       146.6206817627
489.904572        86.6394882202
490.256317       299.9059448242
490.608002       442.0835571289
490.959656        71.0888137817
491.311249       171.0574645996
491.662811       184.3866119385
492.014343       195.4942321777
492.365814       239.9247436523
492.717285       177.7220306396
493.068665        73.3103408813
493.420044       226.5955963135
493.771362       137.7345733643
494.122650       368.7732238770
494.473877       224.3740692139
494.825104       108.8547439575
495.176270       155.5067749023
495.527374       242.1462707520
495.878479        68.8672866821
496.229492       186.6081390381
496.580536     65535.0000000000
496.931458       124.4054260254
497.282379        37.7659339905
497.633270       246.5893249512
497.984131       257.6969604492
498.334900       408.7606811523
498.685669       393.2099914551
499.036377       131.0700073242
499.387115       253.2539062500
499.737701       162.1713562012
500.088318     65535.0000000000
500.438904       397.6530456543
500.789429        59.9811859131
501.139893       179.9435577393
501.490295       142.1776275635
501.840729       282.1337280273
502.191040        88.8610153198
502.541382        53.3166122437
502.891663       222.1525421143
503.241913       337.6718750000
503.592133       426.5328979492
503.942322       206.6018676758
504.292358       244.3677978516
504.642395       182.1650848389
504.992432       106.6332244873
505.342468        91.0825424194
505.692413       153.2852478027
506.042358       271.0260925293
506.392242       157.7283020020
506.742035       386.5454101563
507.091858       199.9372863770
507.441528        73.3103408813
507.791290       399.8745727539
508.140961        95.5255966187
508.490601       188.8296661377
508.840210        37.7659339905
509.189697       268.8045654297
509.539215       264.3615112305
509.888641        35.5444068909
510.238098       151.0637359619
510.587494       164.3928833008
510.936859       177.7220306396
511.286194       168.8359375000
511.635498       237.7032165527
511.984650        91.0825424194
512.333862       275.4691467285
512.682922        75.5318679810
513.032043        68.8672866821
513.381104       266.5830383301
513.730164       506.5078125000
514.079163       217.7094879150
514.428040        77.7533874512
514.776978        48.8735580444
515.125793       364.3301696777
515.474609       164.3928833008
515.823425         0.0000000000
516.172180        37.7659339905
516.520813       417.6467895508
516.869568       211.0449218750
517.218079       253.2539062500
517.566650       584.2611694336
517.915161       108.8547439575
518.263672       113.2977981567
518.612183        51.0950851440
518.960571       346.5579528809
519.308899       135.5130462646
519.657227       248.8108520508
520.005554       302.1274719238
520.353699       384.3239135742
520.701904       730.8818969727
521.050110        53.3166122437
521.398254       304.3489990234
521.746338       253.2539062500
522.094421        68.8672866821
522.442383       359.8871154785
522.790222       319.8996582031
523.138184       306.5704956055
523.486145       337.6718750000
523.833984       211.0449218750
524.181763         6.6645765305
524.529541       131.0700073242
524.877197       682.0083007813
525.224915       257.6969604492
525.572449       137.7345733643
525.920105       288.7983093262
526.267639       208.8233947754
526.615173       224.3740692139
526.962646        73.3103408813
527.309998       239.9247436523
527.657410       302.1274719238
528.004700       382.1023864746
528.351990       244.3677978516
528.699280       106.6332244873
529.046509       251.0323791504
529.393677       184.3866119385
529.740845       126.6269531250
530.087891       264.3615112305
530.434998       379.8808593750
530.781921       291.0198364258
531.128906       439.8620300293
531.475891       122.1838989258
531.822815       244.3677978516
532.169617       186.6081390381
532.516418        53.3166122437
532.863159       199.9372863770
533.209839        75.5318679810
533.556580       362.1086425781
533.903198        53.3166122437
534.249817       175.5005035400
534.596436       219.9310150146
534.942932       235.4816894531
535.289368       244.3677978516
535.635803       428.7543945313
535.982178       179.9435577393
536.328552        37.7659339905
536.674805        62.2027130127
537.021118        46.6520347595
537.367371       202.1588134766
537.713501       202.1588134766
538.059692       195.4942321777
538.405701       206.6018676758
538.751831       275.4691467285
539.097839       104.4116973877
539.443787       262.1400146484
539.789734       144.3991546631
540.135620       155.5067749023
540.481506       430.9759216309
540.827209       166.6144104004
541.173035       215.4879608154
541.518799       259.9184875488
541.864502       113.2977981567
542.210144       322.1211853027
542.555786       131.0700073242
542.901245       106.6332244873
543.246826       248.8108520508
543.592285       246.5893249512
543.937683       168.8359375000
544.283142       473.1849060059
544.628479       255.4754180908
544.973816       184.3866119385
545.319031       348.7794799805
545.664307       335.4503479004
546.009399        97.7471160889
546.354614       473.1849060059
546.699707       397.6530456543
547.044739       395.4315185547
547.389832       293.2413635254
547.734802       193.2727050781
548.079712       393.2099914551
548.424622       148.8422088623
548.769409       335.4503479004
549.114258       139.9561004639
549.459045       151.0637359619
549.803772        62.2027130127
550.148499       162.1713562012
550.493103       348.7794799805
550.837708        68.8672866821
551.182190       222.1525421143
551.526733       217.7094879150
551.871216       497.6217041016
552.215698        86.6394882202
552.560120       119.9623718262
552.904480       133.2915191650
553.248718       284.3552551270
553.592957       284.3552551270
553.937195       370.9947509766
554.281372       295.4628906250
554.625549       293.2413635254
554.969666       166.6144104004
555.313721       477.6279602051
555.657654       377.6593322754
556.001709       179.9435577393
556.345581       199.9372863770
556.689514       222.1525421143
557.033325       142.1776275635
557.377197       206.6018676758
557.720947       266.5830383301
558.064575       146.6206817627
558.408264       584.2611694336
558.751892       242.1462707520
559.095520       193.2727050781
559.439087       299.9059448242
559.782654       435.4189758301
560.126099       142.1776275635
560.469543       279.9122009277
560.812927       368.7732238770
561.156250       217.7094879150
561.499512       482.0710144043
561.842773       306.5704956055
562.185974       346.5579528809
562.529175        84.4179687500
562.872314       293.2413635254
563.215332       186.6081390381
563.558472        46.6520347595
563.901367       175.5005035400
564.244385        53.3166122437
564.587341       126.6269531250
564.930237       242.1462707520
565.273071       357.6655883789
565.615845       157.7283020020
565.958557       266.5830383301
566.301331       428.7543945313
566.643860        68.8672866821
566.986511       299.9059448242
567.329163       157.7283020020
567.671692       559.8244018555
568.014221       231.0386505127
568.356628       279.9122009277
568.699036       102.1901702881
569.041321       457.6342468262
569.383728       482.0710144043
569.726013        66.6457595825
570.068298       444.3050842285
570.410461       217.7094879150
570.752686       111.0762710571
571.094727       153.2852478027
571.436768       297.6844177246
571.778809       195.4942321777
572.120850       231.0386505127
572.462769       122.1838989258
572.804688       131.0700073242
573.146606       331.0072937012
573.488342       266.5830383301
573.830139        79.9749145508
574.171814       259.9184875488
574.513550       182.1650848389
574.855164       219.9310150146
575.196838       331.0072937012
575.538391       233.2601776123
575.879883       148.8422088623
576.221375       171.0574645996
576.562744       328.7857666016
576.904175       253.2539062500
577.245483        48.8735580444
577.586792       131.0700073242
577.928101       246.5893249512
578.269348       375.4378051758
578.610535       346.5579528809
578.951660       439.8620300293
579.292664       435.4189758301
579.633728       208.8233947754
579.974792       126.6269531250
580.315796       142.1776275635
580.656677       397.6530456543
580.997498       410.9822082520
581.338379       222.1525421143
581.679138       175.5005035400
582.019897       171.0574645996
582.360657       397.6530456543
582.701294       504.2862854004
583.041931       331.0072937012
583.382507       297.6844177246
583.723022       384.3239135742
584.063538       168.8359375000
584.403931       508.7293090820
584.744385       228.8171234131
585.084778       470.9633789063
585.425110       302.1274719238
585.765381       233.2601776123
586.105591       413.2037353516
586.445801       202.1588134766
586.785889       206.6018676758
587.125977       302.1274719238
587.466064       357.6655883789
587.806152       242.1462707520
588.146118       422.0898437500
588.486023       208.8233947754
588.825928       155.5067749023
589.165710       202.1588134766
589.505554       242.1462707520
589.845337       311.0135498047
590.185120       208.8233947754
590.524780       550.9382934570
590.864441       271.0260925293
591.203918        48.8735580444
591.543518         6.6645765305
591.882996       446.5266113281
592.222473       637.5778198242
592.561890       297.6844177246
592.901306       151.0637359619
593.240662       306.5704956055
593.579895       186.6081390381
593.919128       217.7094879150
594.258301       155.5067749023
594.597473       335.4503479004
594.936646       333.2288208008
595.275696        64.4242401123
595.614807       322.1211853027
595.953796        91.0825424194
596.292725       635.3562622070
596.631592       208.8233947754
596.970398       115.5193252563
597.309204       219.9310150146
597.648010       139.9561004639
597.986755       306.5704956055
598.325500       171.0574645996
598.664124       528.7230224609
599.002686       457.6342468262
599.341187       166.6144104004
599.679749       213.2664489746
600.018250       242.1462707520
600.356628       135.5130462646
600.695068       368.7732238770
601.033386       251.0323791504
601.371643        55.5381355286
601.709900       304.3489990234
602.048035       317.6781311035
602.386292       228.8171234131
602.724426       519.8369750977
603.062500       137.7345733643
603.400574       244.3677978516
603.738525       448.7481384277
604.076477       151.0637359619
604.414307       262.1400146484
604.752197       231.0386505127
605.090027       146.6206817627
605.427795       111.0762710571
605.765564       111.0762710571
606.103210       119.9623718262
606.440857       479.8494873047
606.778442       417.6467895508
607.115967       404.3176269531
607.453552       199.9372863770
607.791016       211.0449218750
608.128418       524.2800292969
608.465820        68.8672866821
608.803162       255.4754180908
609.140442       377.6593322754
609.477661       175.5005035400
609.814880       124.4054260254
610.152100        88.8610153198
610.489258       410.9822082520
610.826294       155.5067749023
611.163269       524.2800292969
611.500305        35.5444068909
611.837219       248.8108520508
612.174072       366.5516967773
612.510986       364.3301696777
612.847839        71.0888137817
613.184570       122.1838989258
613.521362        24.4367790222
613.857971        64.4242401123
614.194641       266.5830383301
614.531189       257.6969604492
614.867737       202.1588134766
615.204285       239.9247436523
615.540771       255.4754180908
615.877197       255.4754180908
616.213562       259.9184875488
616.549927       179.9435577393
616.886169       351.0010070801
617.222351       151.0637359619
617.558594       151.0637359619
617.894775       251.0323791504
618.230896       475.4064331055
618.566956       446.5266113281
618.902954       151.0637359619
619.238953       368.7732238770
619.574890       151.0637359619
619.910767       633.1347656250
620.246643       368.7732238770
620.582458       219.9310150146
620.918213       224.3740692139
621.253967       131.0700073242
621.589661       195.4942321777
621.925232        28.8798313141
622.260803       439.8620300293
622.596375       264.3615112305
622.931885       175.5005035400
623.267334       279.9122009277
623.602722       706.4450683594
623.938110       326.5642395020
624.273376       355.4440612793
624.608643        88.8610153198
624.943848       606.4764404297
625.279114       164.3928833008
625.614258       184.3866119385
625.949341        13.3291530609
626.284424       537.6091308594
626.619446       353.2225341797
626.954407       373.2162780762
627.289307       355.4440612793
627.624207       117.7408447266
627.959045       397.6530456543
628.293884        35.5444068909
628.628601       188.8296661377
628.963257        95.5255966187
629.297913       282.1337280273
629.632507       524.2800292969
629.967102       295.4628906250
630.301697       171.0574645996
630.636169       142.1776275635
630.970581        82.1964416504
631.304993       475.4064331055
631.639282        84.4179687500
631.973572       275.4691467285
632.307861       164.3928833008
632.642090       159.9498291016
632.976257       206.6018676758
633.310425        79.9749145508
633.644470       146.6206817627
633.978516       455.4127197266
634.312439       470.9633789063
634.646423       162.1713562012
634.980347        86.6394882202
635.314209       604.2549438477
635.648071       153.2852478027
635.981812       364.3301696777
636.315552       155.5067749023
636.649170        13.3291530609
636.982849       119.9623718262
637.316406       231.0386505127
637.649963       279.9122009277
637.983521        97.7471160889
638.317017       239.9247436523
638.650391       342.1149291992
638.983765       395.4315185547
639.317078       173.2789764404
639.650391       395.4315185547
639.983643       111.0762710571
640.316833       211.0449218750
640.649963       153.2852478027
640.983032       128.8484802246
641.316101       266.5830383301
641.649109       386.5454101563
641.982056       624.2486572266
642.315002       248.8108520508
642.647888       146.6206817627
642.980774       224.3740692139
643.313538       539.8306884766
643.646301       117.7408447266
643.979004       224.3740692139
644.311646       424.3113708496
644.644226       137.7345733643
644.976868       271.0260925293
645.309387        95.5255966187
645.641846       639.7993164063
645.974243       377.6593322754
646.306702       144.3991546631
646.638977       173.2789764404
646.971252        75.5318679810
647.303528        75.5318679810
647.635803       248.8108520508
647.967957       482.0710144043
648.300110       246.5893249512
648.632141       137.7345733643
648.964111        75.5318679810
649.296082       137.7345733643
649.628113     65535.0000000000
649.960022       126.6269531250
650.291870       353.2225341797
650.623718       166.6144104004
650.955383       366.5516967773
651.287109       197.7157592773
651.618774       208.8233947754
651.950378       199.9372863770
652.281982       184.3866119385
652.613586        51.0950851440
652.945068        24.4367790222
653.276489       115.5193252563
653.607910       131.0700073242
653.939209       710.8881225586
654.270569       119.9623718262
654.601807       293.2413635254
654.933105       339.8934020996
655.264221       131.0700073242
655.595398       244.3677978516
655.926453       226.5955963135
656.257507       191.0511932373
656.588440       159.9498291016
656.919434       346.5579528809
657.250366       435.4189758301
657.581238       537.6091308594
657.912048       146.6206817627
658.242798       259.9184875488
658.573486       208.8233947754
658.904114       151.0637359619
659.234802       119.9623718262
659.565430       155.5067749023
659.895996       217.7094879150
660.226501        97.7471160889
660.556946       424.3113708496
660.887329       179.9435577393
661.217712       162.1713562012
661.547974        88.8610153198
661.878296       293.2413635254
662.208557       333.2288208008
662.538757       377.6593322754
662.868896       368.7732238770
663.198975       224.3740692139
663.528992       239.9247436523
663.859009       299.9059448242
664.188904       233.2601776123
664.518860       151.0637359619
664.848755       322.1211853027
665.178589       206.6018676758
665.508362        57.7596626282
665.838013       233.2601776123
666.167725       199.9372863770
666.497375       226.5955963135
666.826965       435.4189758301
667.156494       148.8422088623
667.486084       128.8484802246
667.815552       617.5840454102
668.144897       575.3750610352
668.474304       397.6530456543
668.803528       117.7408447266
669.132813       222.1525421143
669.462036       204.3803405762
669.791260       244.3677978516
670.120422       584.2611694336
670.449463       208.8233947754
670.778564       253.2539062500
671.107544       362.1086425781
671.436523       408.7606811523
671.765381       193.2727050781
672.094299       311.0135498047
672.423157       344.3364562988
672.751831       126.6269531250
673.080627       186.6081390381
673.409302       233.2601776123
673.737976        37.7659339905
674.066528       162.1713562012
674.395081       222.1525421143
674.723572       570.9320068359
675.052002       168.8359375000
675.380432       419.8683166504
675.708801       342.1149291992
676.037170       173.2789764404
676.365417       302.1274719238
676.693665       515.3939208984
677.021851       166.6144104004
677.349976       188.8296661377
677.678040       422.0898437500
678.006042       462.0773010254
678.334106       424.3113708496
678.662048        66.6457595825
678.989929       353.2225341797
679.317810        84.4179687500
679.645630       513.1723632813
679.973389        55.5381355286
680.301086       164.3928833008
680.628845       464.2988281250
680.956482       157.7283020020
681.283997       153.2852478027
681.611572       237.7032165527
681.939087       199.9372863770
682.266541       546.4952392578
682.593872       506.5078125000
682.921265       204.3803405762
683.248596       195.4942321777
683.575806       319.8996582031
683.903076       184.3866119385
684.230286       186.6081390381
684.557373       273.2476196289
684.884399        99.9686431885
685.211487       128.8484802246
685.538513       242.1462707520
685.865417       519.8369750977
686.192261       224.3740692139
686.519165       311.0135498047
686.845947       442.0835571289
687.172729       124.4054260254
687.499451       151.0637359619
687.826111       213.2664489746
688.152771        86.6394882202
688.479248        48.8735580444
688.805847       308.7920227051
689.132324       208.8233947754
689.458801        77.7533874512
689.785095       177.7220306396
690.111511        86.6394882202
690.437805       342.1149291992
690.764038       237.7032165527
691.090210       139.9561004639
691.416443       384.3239135742
691.742554       297.6844177246
692.068604       271.0260925293
692.394592       182.1650848389
692.720581       382.1023864746
693.046509       106.6332244873
693.372375        71.0888137817
693.698242        64.4242401123
694.023987       206.6018676758
694.349792       519.8369750977
694.675476       126.6269531250
695.001099        37.7659339905
695.326721       293.2413635254
695.652222       559.8244018555
695.977783       319.8996582031
696.303284       179.9435577393
696.628723       575.3750610352
696.954041       475.4064331055
697.279358        13.3291530609
697.604675       284.3552551270
697.929871       126.6269531250
698.255066        75.5318679810
698.580200       268.8045654297
698.905334       328.7857666016
699.230286        73.3103408813
699.555359       275.4691467285
699.880310       213.2664489746
700.205261       137.7345733643
700.530029       304.3489990234
700.854919       102.1901702881
701.179688       253.2539062500
701.504456        93.3040695190
701.829102       124.4054260254
702.153687       135.5130462646
702.478271        84.4179687500
702.802856       264.3615112305
703.127319       257.6969604492
703.451721       179.9435577393
703.776123       399.8745727539
704.100464       175.5005035400
704.424805        62.2027130127
704.749084       142.1776275635
705.073303       197.7157592773
705.397461       322.1211853027
705.721558        99.9686431885
706.045654        84.4179687500
706.369690       311.0135498047
706.693604         8.8861017227
707.017578       482.0710144043
707.341431       279.9122009277
707.665283       357.6655883789
707.989075       188.8296661377
708.312805       297.6844177246
708.636536       299.9059448242
708.960144        71.0888137817
709.283752       262.1400146484
709.607361       348.7794799805
709.930847       337.6718750000
710.254333       273.2476196289
710.577759       319.8996582031
710.901062        51.0950851440
711.224426        91.0825424194
711.547668       275.4691467285
711.870911       153.2852478027
712.194153        82.1964416504
712.517212       284.3552551270
712.840332        91.0825424194
713.163391       199.9372863770
713.486389       466.5203552246
713.809326       182.1650848389
714.132202       446.5266113281
714.455078       259.9184875488
714.777893        59.9811859131
715.100586       184.3866119385
715.423401        73.3103408813
715.746094       108.8547439575
716.068604       502.0647583008
716.391235        44.4305076599
716.713745        79.9749145508
717.036255        55.5381355286
717.358643       275.4691467285
717.681030       202.1588134766
718.003418       359.8871154785
718.325745       188.8296661377
718.647888        77.7533874512
718.970154       293.2413635254
719.292297       311.0135498047
719.614380       224.3740692139
719.936401       388.7669372559
720.258423       211.0449218750
720.580383       459.8557739258
720.902283       302.1274719238
721.224182       102.1901702881
721.545959       222.1525421143
721.867737       111.0762710571
722.189453       291.0198364258
722.511169       211.0449218750
722.832764       337.6718750000
723.154419       570.9320068359
723.475952       326.5642395020
723.797424       568.7105102539
724.118896       282.1337280273
724.440247       284.3552551270
724.761597        73.3103408813
725.082886       166.6144104004
725.404175       153.2852478027
725.725342       153.2852478027
726.046509       195.4942321777
726.367615       231.0386505127
726.688721       379.8808593750
727.009644       355.4440612793
727.330688       155.5067749023
727.651611        86.6394882202
727.972473        88.8610153198
728.293274       108.8547439575
728.614075       148.8422088623
728.934814       377.6593322754
729.255493       488.7355957031
729.576172       319.8996582031
729.896729       264.3615112305
730.217285       368.7732238770
730.537720       355.4440612793
730.858215       448.7481384277
731.178650        88.8610153198
731.498962       255.4754180908
731.819214        91.0825424194
732.139526       104.4116973877
732.459778       226.5955963135
732.779846       177.7220306396
733.100037       308.7920227051
733.420105       162.1713562012
733.740112       399.8745727539
734.060059       228.8171234131
734.380066       131.0700073242
734.699890       199.9372863770
735.019775       137.7345733643
735.339478       311.0135498047
735.659241       295.4628906250
735.978943       146.6206817627
736.298584       175.5005035400
736.618164       506.5078125000
736.937744       257.6969604492
737.257263       117.7408447266
737.576599       193.2727050781
737.896057       437.6405029297
738.215393       346.5579528809
738.534729       335.4503479004
738.853943       695.3374633789
739.173157       106.6332244873
739.492371       197.7157592773
739.811523       339.8934020996
740.130493       197.7157592773
740.449524       204.3803405762
740.768555       128.8484802246
741.087463       308.7920227051
741.406311       204.3803405762
741.725159        91.0825424194
742.043945       328.7857666016
742.362610       277.6906738281
742.681396       446.5266113281
743.000061        64.4242401123
743.318604       390.9884643555
743.637146       257.6969604492
743.955627       688.6729125977
744.274109       377.6593322754
744.592407       215.4879608154
744.910828       399.8745727539
745.229126       115.5193252563
745.547424       255.4754180908
745.865540       259.9184875488
746.183777       182.1650848389
746.501892       237.7032165527
746.819946       477.6279602051
747.137939       175.5005035400
747.455872        75.5318679810
747.773865       397.6530456543
748.091736       426.5328979492
748.409485       199.9372863770
748.727295       255.4754180908
749.045044       126.6269531250
749.362671       333.2288208008
749.680298       388.7669372559
749.997925       119.9623718262
750.315491       139.9561004639
750.632874       151.0637359619
750.950378       333.2288208008
751.267822       257.6969604492
751.585083       146.6206817627
751.902405       297.6844177246
752.219666        71.0888137817
752.536865        22.2152538300
752.854004       368.7732238770
753.171082       222.1525421143
753.488159       317.6781311035
753.805176        86.6394882202
754.122070       102.1901702881
754.439026       237.7032165527
754.755920       284.3552551270
755.072693       359.8871154785
755.389465       197.7157592773
755.706177       155.5067749023
756.022888     65535.0000000000
756.339478       535.3876342773
756.656006       111.0762710571
756.972595       453.1911926270
757.289063       271.0260925293
757.605408       193.2727050781
757.921814       179.9435577393
758.238159       288.7983093262
758.554443       293.2413635254
758.870667       226.5955963135
759.186890       348.7794799805
759.503052       373.2162780762
759.819092       319.8996582031
760.135132       362.1086425781
760.451172       510.9508361816
760.767029       315.4566040039
761.082947       108.8547439575
761.398804       246.5893249512
761.714600       297.6844177246
762.030396       239.9247436523
762.346008       475.4064331055
762.661682       206.6018676758
762.977295       195.4942321777
763.292908       433.1974487305
763.608337       115.5193252563
763.923828       233.2601776123
764.239258       122.1838989258
764.554626        95.5255966187
764.869873       215.4879608154
765.185181       410.9822082520
765.500427       213.2664489746
765.815491       253.2539062500
766.130615       417.6467895508
766.445740       159.9498291016
766.760803       151.0637359619
767.075745       384.3239135742
767.390686       415.4252624512
767.705566       288.7983093262
768.020386        75.5318679810
768.335144       133.2915191650
768.649902       477.6279602051
768.964539       399.8745727539
769.279175        62.2027130127
769.593750       375.4378051758
769.908264       108.8547439575
770.222839        86.6394882202
770.537170       224.3740692139
770.851624        82.1964416504
771.165955       533.1660766602
771.480286       426.5328979492
771.794495        46.6520347595
772.108704       313.2350769043
772.422852       211.0449218750
772.736938       139.9561004639
773.050964       275.4691467285
773.364990       184.3866119385
773.678894       179.9435577393
773.992798       242.1462707520
774.306641       164.3928833008
774.620422        48.8735580444
774.934204       211.0449218750
775.247864        35.5444068909
775.561584       115.5193252563
775.875183       437.6405029297
776.188721        33.3228797913
776.502197       304.3489990234
776.815735       426.5328979492
777.129150        86.6394882202
777.442444       119.9623718262
777.755737       302.1274719238
778.069092     65535.0000000000
778.382324       379.8808593750
778.695435       157.7283020020
779.008545        75.5318679810
779.321594       395.4315185547
779.634644        73.3103408813
779.947571        17.7722034454
780.260498       211.0449218750
780.573364       157.7283020020
780.886169       199.9372863770
781.198975         4.4430508614
781.511719       588.7042236328
781.824402       291.0198364258
782.136963       113.2977981567
782.449585       344.3364562988
782.762146        99.9686431885
783.074646        19.9937286377
783.387024       213.2664489746
783.699402      1204.0667724609
784.011719       224.3740692139
784.324097       231.0386505127
784.636230       111.0762710571
784.948425       184.3866119385
785.260620       131.0700073242
785.572632       155.5067749023
785.884644       213.2664489746
786.196655        97.7471160889
786.508667       177.7220306396
786.820496       322.1211853027
787.132324       168.8359375000
787.444153        71.0888137817
787.755859       213.2664489746
788.067566        99.9686431885
788.379211       102.1901702881
788.690796       253.2539062500
789.002319       111.0762710571
789.313782       157.7283020020
789.625305        62.2027130127
789.936707       173.2789764404
790.247986       488.7355957031
790.559326       550.9382934570
790.870605       155.5067749023
791.181763       739.7679443359
791.492920       255.4754180908
791.803955       284.3552551270
792.115051       413.2037353516
792.426086       424.3113708496
792.737000       151.0637359619
793.047913       262.1400146484
793.358765       197.7157592773
793.669495       757.5401611328
793.980347       444.3050842285
794.291016       322.1211853027
794.601685       524.2800292969
794.912292       395.4315185547
795.222778        37.7659339905
795.533325       159.9498291016
795.843811       142.1776275635
796.154175        84.4179687500
796.464539       208.8233947754
796.774902       304.3489990234
797.085022        75.5318679810
797.395325       224.3740692139
797.705505       442.0835571289
798.015625       202.1588134766
798.325623        51.0950851440
798.635620        53.3166122437
798.945618       615.3625488281
799.255554       550.9382934570
799.565369        48.8735580444
799.875183        62.2027130127
800.184998       102.1901702881
800.494690       373.2162780762
800.804321       184.3866119385
801.113953       351.0010070801
801.423462       186.6081390381
801.732910       146.6206817627
802.042419       262.1400146484
802.351868       530.9445800781
802.661255       253.2539062500
802.970520       177.7220306396
803.279785       266.5830383301
803.588989       208.8233947754
803.898193       211.0449218750
804.207275       284.3552551270
804.516357       337.6718750000
804.825378       477.6279602051
805.134277       370.9947509766
805.443176       117.7408447266
805.752136       199.9372863770
806.060974        73.3103408813
806.369629       119.9623718262
806.678406        57.7596626282
806.987061       404.3176269531
807.295715       215.4879608154
807.604187       617.5840454102
807.912720       366.5516967773
808.221191       530.9445800781
808.529663       257.6969604492
808.837952       202.1588134766
809.146301       177.7220306396
809.454590       284.3552551270
809.762756       293.2413635254
810.070923       137.7345733643
810.379028       355.4440612793
810.687073       122.1838989258
810.995117       175.5005035400
811.303040       430.9759216309
811.611023       248.8108520508
811.918884       257.6969604492
812.226624        79.9749145508
812.534424       166.6144104004
812.842163        13.3291530609
813.149719       324.3427124023
813.457397       177.7220306396
813.764954        97.7471160889
814.072510       313.2350769043
814.379883       513.1723632813
814.687378       217.7094879150
814.994690       319.8996582031
815.302063       293.2413635254
815.609314       131.0700073242
815.916504       159.9498291016
816.223694       430.9759216309
816.530762        77.7533874512
816.837830       222.1525421143
817.144836        79.9749145508
817.451843       470.9633789063
817.758667        73.3103408813
818.065552       206.6018676758
818.372375     65535.0000000000
818.679138       319.8996582031
818.985779       171.0574645996
819.292480       177.7220306396
819.599121       577.5966186523
819.905701       222.1525421143
820.212158       177.7220306396
820.518616        84.4179687500
820.825012       175.5005035400
821.131348       142.1776275635
821.437683       148.8422088623
821.743896       355.4440612793
822.050110       142.1776275635
822.356262       137.7345733643
822.662415       184.3866119385
822.968445       171.0574645996
823.274475       195.4942321777
823.580322        86.6394882202
823.886292       117.7408447266
824.192200       202.1588134766
824.497864       211.0449218750
824.803711       322.1211853027
825.109375       286.5767822266
825.415039       171.0574645996
825.720581       119.9623718262
826.026184       622.0270996094
826.331665       242.1462707520
826.637146       386.5454101563
826.942444       299.9059448242
827.247803        66.6457595825
827.553162       239.9247436523
827.858398       399.8745727539
828.163574       653.1284790039
828.468750       151.0637359619
828.773804       579.8181152344
829.078796       368.7732238770
829.383850        28.8798313141
829.688782       306.5704956055
829.993713       528.7230224609
830.298462       128.8484802246
830.603271       164.3928833008
830.908020       235.4816894531
831.212708       339.8934020996
831.517273       406.5391540527
831.821960       388.7669372559
832.126465        53.3166122437
832.430908       608.6979980469
832.735352       346.5579528809
833.039734       213.2664489746
833.344116       479.8494873047
833.648315       284.3552551270
833.952576       153.2852478027
834.256714        24.4367790222
834.560913       157.7283020020
834.864929       188.8296661377
835.169006       111.0762710571
835.472961       128.8484802246
835.776917       428.7543945313
836.080750       102.1901702881
836.384583       133.2915191650
836.688354       157.7283020020
836.992004       153.2852478027
837.295654       166.6144104004
837.599365       362.1086425781
837.902893       106.6332244873
838.206360       808.6352539063
838.509827       182.1650848389
838.813293       306.5704956055
839.116699       522.0584716797
839.419922       151.0637359619
839.723206        42.2089843750
840.026428       195.4942321777
840.329590        77.7533874512
840.632690       151.0637359619
840.935730        66.6457595825
841.238708       202.1588134766
841.541626       375.4378051758
841.844543       253.2539062500
842.147461       202.1588134766
842.450256       182.1650848389
842.752930       179.9435577393
843.055664       115.5193252563
843.358337       393.2099914551
843.660889       279.9122009277
843.963440       446.5266113281
844.265930       248.8108520508
844.568420        31.1013565063
844.870728       239.9247436523
845.173096         4.4430508614
845.475403        99.9686431885
845.777649       151.0637359619
846.079834       366.5516967773
846.381958       106.6332244873
846.684021       808.6352539063
846.986145       153.2852478027
847.288025       428.7543945313
847.589966       508.7293090820
847.891846       168.8359375000
848.193665       204.3803405762
848.495483       399.8745727539
848.797180       368.7732238770
849.098877       133.2915191650
849.400452       364.3301696777
849.702026       293.2413635254
850.003540       231.0386505127
850.304993       175.5005035400
850.606445       593.1472778320
850.907776       182.1650848389
851.209106        95.5255966187
851.510315       208.8233947754
851.811584       108.8547439575
852.112671       208.8233947754
852.413879       226.5955963135
852.714844       322.1211853027
853.015869       357.6655883789
853.316833        75.5318679810
853.617737       510.9508361816
853.918579       264.3615112305
854.219360       237.7032165527
854.520142       175.5005035400
854.820862       368.7732238770
855.121399       119.9623718262
855.421997       646.4639282227
855.722595       439.8620300293
856.023071       119.9623718262
856.323486        33.3228797913
856.623901       395.4315185547
856.924255       406.5391540527
857.224487       191.0511932373
857.524719       364.3301696777
857.824890       277.6906738281
858.125000       217.7094879150
858.425049       624.2486572266
858.725098       139.9561004639
859.025085       175.5005035400
859.325012       137.7345733643
859.624817        64.4242401123
859.924683       333.2288208008
860.224487       295.4628906250
860.524170        57.7596626282
860.823792     65535.0000000000
861.123474        37.7659339905
861.422974       544.2737426758
861.722412       199.9372863770
862.021912       504.2862854004
862.321350       255.4754180908
862.620728        95.5255966187
862.919983       173.2789764404
863.219238       473.1849060059
863.518433        62.2027130127
863.817505       122.1838989258
864.116638       311.0135498047
864.415710       284.3552551270
864.714722        44.4305076599
865.013550       253.2539062500
865.312439       428.7543945313
865.611328       317.6781311035
865.910156       179.9435577393
866.208801       442.0835571289
866.507507       204.3803405762
866.806091       182.1650848389
867.104614        48.8735580444
867.403137       319.8996582031
867.701660       175.5005035400
868.000061        11.1076269150
868.298401       466.5203552246
868.596741       439.8620300293
868.894958       197.7157592773
869.193237       139.9561004639
869.491333       366.5516967773
869.789429       191.0511932373
870.087524       204.3803405762
870.385498        77.7533874512
870.683411       424.3113708496
870.981323       173.2789764404
871.279236       344.3364562988
871.576965       384.3239135742
871.874695         6.6645765305
872.172363       308.7920227051
872.470032       450.9696655273
872.767578       137.7345733643
873.065125       311.0135498047
873.362549       115.5193252563
873.660034        75.5318679810
873.957397       222.1525421143
874.254700       157.7283020020
874.552002       248.8108520508
874.849182       291.0198364258
875.146362       519.8369750977
875.443481       108.8547439575
875.740540       470.9633789063
876.037476       286.5767822266
876.334473       284.3552551270
876.631348       131.0700073242
876.928223        57.7596626282
877.224976       197.7157592773
877.521729       195.4942321777
877.818420       313.2350769043
878.115112       191.0511932373
878.411621        86.6394882202
878.708191       237.7032165527
879.004700       262.1400146484
879.301086        37.7659339905
879.597473       188.8296661377
879.893799       455.4127197266
880.190063       579.8181152344
880.486267       279.9122009277
880.782471        66.6457595825
881.078613       317.6781311035
881.374695       244.3677978516
881.670654       348.7794799805
881.966614       364.3301696777
882.262573        93.3040695190
882.558350       226.5955963135
882.854126       406.5391540527
883.149902       342.1149291992
883.445618       113.2977981567
883.741211        51.0950851440
884.036865       195.4942321777
884.332336       497.6217041016
884.627869       402.0960998535
884.923218     65535.0000000000
885.218689       299.9059448242
885.513977        53.3166122437
885.809265       139.9561004639
886.104492       217.7094879150
886.399658       599.8118896484
886.694763       295.4628906250
886.989807        88.8610153198
887.284790       113.2977981567
887.579773       191.0511932373
887.874695       444.3050842285
888.169495       375.4378051758
888.464355       459.8557739258
888.759094       273.2476196289
889.053772       164.3928833008
889.348389       222.1525421143
