1.000000
190.544205         0.0000000000
190.924866         0.0000000000
191.305481       626.3719482422
191.686081       584.0194091797
192.066635       664.2662963867
192.447174       635.2882690430
192.827667      1502.4010009766
193.208130      1078.8754882813
193.588577      1801.0979003906
193.968964      1123.4571533203
194.349350      1321.8454589844
194.729691      1437.7576904297
195.110001      1045.4393310547
195.490295      1132.3734130859
195.870529       936.2142944336
196.250763      1027.6066894531
196.630936      1297.3255615234
197.011093      1404.3214111328
197.391220      1212.6203613281
197.771301      1061.0428466797
198.151367      1172.4969482422
198.531403      1201.4749755859
198.911407      1092.2500000000
199.291382      1275.0346679688
199.671295      1569.2734375000
200.051208      1616.0842285156
200.431076      3205.4194335938
200.810928      3722.5664062500
201.190735      3321.3315429688
201.570511      3508.5744628906
201.950272      3419.4111328125
202.329971      3463.9929199219
202.709671      3334.7060546875
203.089310      3401.5786132813
203.468933      3374.8295898438
203.848541      3334.7060546875
204.228073      3403.8076171875
204.607620      3649.0065917969
204.987106      3439.4729003906
205.366577      3700.2753906250
205.746017      3341.3933105469
206.125412      3443.9311523438
206.504776      3319.1025390625
206.884125      4076.9902343750
207.263428      3497.4291992188
207.642700      3682.4428710938
208.021942      3575.4470214844
208.401169      3459.5346679688
208.780334      3874.1437988281
209.159485      3620.0285644531
209.538605      3361.4550781250
209.917694      3673.5266113281
210.296753      3805.0422363281
210.675766      3998.9724121094
211.054764      3896.4345703125
211.433716      3740.3989257813
211.812637      3733.7116699219
212.191544      3677.9846191406
212.570404      3544.2397460938
212.949249      3780.5224609375
213.328033      3637.8613281250
213.706802      3524.1779785156
214.085556      3521.9489746094
214.464249      3564.3015136719
214.842926      3664.6101074219
215.221558      3684.6718750000
215.600174      3640.0903320313
215.978760      3751.5444335938
216.357300      3891.9765625000
216.735825      3637.8613281250
217.114288      3883.0603027344
217.492737      3642.3193359375
217.871185      3686.9011230469
218.249557      3914.2673339844
218.627914      3983.3688964844
219.006226      3834.0205078125
219.384521      3990.0561523438
219.762772      3675.7556152344
220.141006      3749.3151855469
220.519196      3606.6540527344
220.897354      4132.7172851563
221.275497      3611.1123046875
221.653580      3720.3371582031
222.031662      3613.3413085938
222.409698      3840.7077636719
222.787704      3673.5266113281
223.165680      3722.5664062500
223.543610      3577.6760253906
223.921524      3633.4030761719
224.299393      4063.6157226563
224.677231      4081.4484863281
225.055054      3782.7514648438
225.432816      3822.8750000000
225.810577      3548.6979980469
226.188278      3876.3730468750
226.565979      3711.4208984375
226.943634      3813.9587402344
227.321243      3796.1259765625
227.698837      4471.5375976563
228.076385      4317.7309570313
228.453903      3735.9409179688
228.831406      3883.0603027344
229.208847      4123.8007812500
229.586288      3789.4387207031
229.963669      4197.3608398438
230.341034      3695.8173828125
230.718369      3990.0561523438
231.095657      3849.6240234375
231.472916      3802.8132324219
231.850143      4166.1538085938
232.227356      3963.3071289063
232.604523      3992.2851562500
232.981659      4061.3867187500
233.358749      4143.8627929688
233.735825      3987.8271484375
234.112869      3793.8969726563
234.489868      3923.1835937500
234.866852      3818.4167480469
235.243790      3698.0463867188
235.620697      3956.6198730469
235.997589      3787.2097167969
236.374405      3840.7077636719
236.751221      3900.8928222656
237.128006      3698.0463867188
237.504745      3851.8530273438
237.881470      3916.4963378906
238.258133      4099.2812500000
238.634796      4079.2194824219
239.011414      4143.8627929688
239.388000      4074.7612304688
239.764557      3722.5664062500
240.141068      4172.8408203125
240.517563      4063.6157226563
240.893997      4090.3647460938
241.270432      4442.5595703125
241.646835      4453.7050781250
242.023178      4079.2194824219
242.399506      3981.1398925781
242.775787      4195.1318359375
243.152054      4105.9682617188
243.528290      4148.3208007813
243.904465      4288.7529296875
244.280640      4045.7832031250
244.656754      3831.7912597656
245.032852      4114.8847656250
245.408936      3925.4128417969
245.784943      4123.8007812500
246.160950      4132.7172851563
246.536911      4235.2548828125
246.912842      4023.4924316406
247.288757      3896.4345703125
247.664612      4036.8669433594
248.040451      3972.2233886719
248.416229      4021.2631835938
248.792023      4317.7309570313
249.167755      4101.5102539063
249.543457      3996.7434082031
249.919113      4250.8588867188
250.294754      4259.7749023438
250.670364      4311.0439453125
251.045944      4237.4843750000
251.421478      4478.2250976563
251.796982      4632.0317382813
252.172440      4186.2153320313
252.547897      4139.4047851563
252.923294      4157.2373046875
253.298676      4527.2646484375
253.673996      4594.1372070313
254.049316      4712.2788085938
254.424606      4072.5322265625
254.799850      4429.1850585938
255.175064      4529.4936523438
255.550217      4166.1538085938
255.925369      4152.7792968750
256.300476      4246.4003906250
256.675537      4065.8449707031
257.050598      4217.4223632813
257.425598      4377.9165039063
257.800598      4707.8203125000
258.175537      4250.8588867188
258.550446      4295.4404296875
258.925354      4072.5322265625
259.300171      4438.1015625000
259.674988      5006.5175781250
260.049774      4208.5063476563
260.424500      4449.2470703125
260.799225      4192.9023437500
261.173889      4201.8188476563
261.548553      4491.5996093750
261.923187      4449.2470703125
262.297760      5064.4736328125
262.672302      5189.3022460938
263.046814      4571.8461914063
263.421326      4255.3168945313
263.795776      4522.8066406250
264.170135      4451.4760742188
264.544525      4317.7309570313
264.918915      4362.3129882813
265.293243      5048.8701171875
265.667511      4462.6215820313
266.041748      4478.2250976563
266.415955      4529.4936523438
266.790161      4406.8945312500
267.164307      4908.4379882813
267.538422      4620.8862304688
267.912476      4730.1113281250
268.286530      4402.4360351563
268.660583      4877.2304687500
269.034546      4696.6748046875
269.408508      5503.6025390625
269.782440      5086.7641601563
270.156311      4868.3144531250
270.530151      4643.1772460938
270.903992      4578.5336914063
271.277710      4768.0053710938
271.651489      4549.5556640625
272.025208      5262.8618164063
272.398895      4658.7807617188
272.772552      4540.6391601563
273.146179      4852.7109375000
273.519745      5126.8876953125
273.893280      4734.5693359375
274.266815      4509.4321289063
274.640289      4647.6352539063
275.013733      4785.8383789063
275.387146      4623.1152343750
275.760529      5031.0371093750
276.133881      5051.0991210938
276.507202      5320.8178710938
276.880463      4743.4858398438
277.253723      5200.4472656250
277.626923      4808.1289062500
278.000122      5227.1962890625
278.373260      4567.3881835938
278.746338      4917.3540039063
279.119446      4903.9794921875
279.492493      4932.9575195313
279.865509      5115.7421875000
280.238495      5124.6586914063
280.611450      4859.3979492188
280.984314      5004.2880859375
281.357208      4968.6230468750
281.730072      4812.5874023438
282.102875      5180.3857421875
282.475647      5396.6064453125
282.848358      4977.5390625000
283.221069      4886.1469726563
283.593750      4841.5654296875
283.966400      5291.8398437500
284.339020      5242.7998046875
284.711548      5167.0112304688
285.084106      5189.3022460938
285.456635      5229.4252929688
285.829071      5416.6684570313
286.201508      5291.8398437500
286.573914      5055.5571289063
286.946320      5227.1962890625
287.318634      5144.7202148438
287.690948      5557.1005859375
288.063202      5385.4614257813
288.435425      5224.9672851563
288.807648      5124.6586914063
289.179810      5345.3378906250
289.551941      5445.6464843750
289.924011      5403.2939453125
290.296112      5427.8139648438
290.668121      5637.3476562500
291.040161      5405.5229492188
291.412109      5365.3994140625
291.783997      5751.0307617188
292.155914      5416.6684570313
292.527771      5494.6860351563
292.899597      5719.8232421875
293.271393      5461.2500000000
293.643127      5490.2280273438
294.014862      5347.5668945313
294.386566      5864.7138671875
294.758240      5514.7480468750
295.129852      6092.0800781250
295.501404      5637.3476562500
295.872955      6100.9965820313
296.244507      5701.9907226563
296.615997      5860.2553710938
296.987427      5936.0444335938
297.358826      5516.9770507813
297.730225      6205.7631835938
298.101593      5824.5903320313
298.472900      6103.2255859375
298.844177      6265.9482421875
299.215393      5940.5024414063
299.586609      6074.2475585938
299.957794      6466.5659179688
300.328918      6129.9746093750
300.700043      7168.7265625000
301.071136      6522.2929687500
301.442169      6809.8442382813
301.813171      6834.3642578125
302.184174      7471.8818359375
302.555115      7837.4511718750
302.925995      7937.7597656250
303.296844      8782.5820312500
303.667694      9433.4736328125
304.038483     10171.2998046875
304.409271     10396.4365234375
304.779968     10779.8388671875
305.150696     11724.9697265625
305.521362     12440.5048828125
305.891968     14045.4433593750
306.262543     14656.2119140625
306.633118     14836.7675781250
307.003632     15425.2451171875
307.374146     16689.1347656250
307.744598     18249.4921875000
308.114990     20396.0976562500
308.485413     21775.8984375000
308.855743     23195.8242187500
309.226074     24020.5839843750
309.596375     23964.8574218750
309.966614     24388.3828125000
310.336792     25788.2460937500
310.707001     27317.3945312500
311.077148     30727.8906250000
311.447235     35333.1718750000
311.817322     39111.4648437500
312.187347     40888.0429687500
312.557373     41995.8984375000
312.927368     43077.0039062500
313.297302     44394.3906250000
313.667175     46106.3242187500
314.037048     48137.0195312500
314.406891     49588.1484375000
314.776642     50524.3632812500
315.146423     51714.6953125000
315.516144     52327.6914062500
315.885864     52971.8945312500
316.255524     53353.0703125000
316.625153     53018.7070312500
316.994751     54086.4375000000
317.364288     56021.2812500000
317.733795     58760.8203125000
318.103302     60691.2070312500
318.472717     60956.4648437500
318.842133     60272.1367187500
319.211517     60363.5312500000
319.580872     61734.4140625000
319.950195     62617.1328125000
320.319489     63493.1601562500
320.688751     64712.4687500000
321.057922     65503.7929687500
321.427094     65535.0000000000
321.796234     65535.0000000000
322.165344     65535.0000000000
322.534393     65535.0000000000
322.903412     65535.0000000000
323.272430     65535.0000000000
323.641418     65535.0000000000
324.010315     65535.0000000000
324.379242     65535.0000000000
324.748077     65535.0000000000
325.116913     65535.0000000000
325.485657     65535.0000000000
325.854431     65535.0000000000
326.223145     65535.0000000000
326.591827     65535.0000000000
326.960480     65535.0000000000
327.329102     65535.0000000000
327.697693     65535.0000000000
328.066193     65535.0000000000
328.434723     65535.0000000000
328.803192     65535.0000000000
329.171600     65535.0000000000
329.540009     65535.0000000000
329.908386     65535.0000000000
330.276703     65535.0000000000
330.645050     65535.0000000000
331.013306     65535.0000000000
331.381500     65535.0000000000
331.749695     65535.0000000000
332.117859     65535.0000000000
332.485962     65535.0000000000
332.854034     65535.0000000000
333.222107     65535.0000000000
333.590118     65535.0000000000
333.958099     65535.0000000000
334.326050     65535.0000000000
334.693970     65535.0000000000
335.061859     65535.0000000000
335.429657     65535.0000000000
335.797455     65535.0000000000
336.165192     65535.0000000000
336.532959     65535.0000000000
336.900665     65535.0000000000
337.268341     65535.0000000000
337.635956     65535.0000000000
338.003571     65535.0000000000
338.371124     65535.0000000000
338.738647     65535.0000000000
339.106110     65535.0000000000
339.473572     65535.0000000000
339.840942     65535.0000000000
340.208344     65535.0000000000
340.575653     65535.0000000000
340.942993     65535.0000000000
341.310272     65535.0000000000
341.677521     65535.0000000000
342.044708     65535.0000000000
342.411865     65535.0000000000
342.778992     65535.0000000000
343.146088     65535.0000000000
343.513123     65535.0000000000
343.880157     65535.0000000000
344.247131     65535.0000000000
344.614105     65535.0000000000
344.981049     65535.0000000000
345.347900     65535.0000000000
345.714783     65535.0000000000
346.081573     65535.0000000000
346.448334     65535.0000000000
346.815094     65535.0000000000
347.181763     65535.0000000000
347.548431     65535.0000000000
347.915070     65535.0000000000
348.281677     65535.0000000000
348.648224     65535.0000000000
349.014771     65535.0000000000
349.381256     65535.0000000000
349.747711     65535.0000000000
350.114105     65535.0000000000
350.480469     65535.0000000000
350.846832     65535.0000000000
351.213135     65535.0000000000
351.579407     65535.0000000000
351.945679     65535.0000000000
352.311890     65535.0000000000
352.678040     65535.0000000000
353.044189     65535.0000000000
353.410278     65535.0000000000
353.776337     65535.0000000000
354.142303     65535.0000000000
354.508301     65535.0000000000
354.874268     65535.0000000000
355.240204     65535.0000000000
355.606079     65535.0000000000
355.971924     65535.0000000000
356.337738     65535.0000000000
356.703491     65535.0000000000
357.069244     65535.0000000000
357.434937     65535.0000000000
357.800598     65535.0000000000
358.166229     65535.0000000000
358.531830     65535.0000000000
358.897369     65535.0000000000
359.262909     65535.0000000000
359.628418     65535.0000000000
359.993866     65535.0000000000
360.359222     65535.0000000000
360.724609     65535.0000000000
361.089966     65535.0000000000
361.455261     65535.0000000000
361.820526     65535.0000000000
362.185760     65535.0000000000
362.550964     65535.0000000000
362.916138     65535.0000000000
363.281250     65535.0000000000
363.646332     65535.0000000000
364.011383     65535.0000000000
364.376404     65535.0000000000
364.741333     65535.0000000000
365.106293     65535.0000000000
365.471222     65535.0000000000
365.836090     65535.0000000000
366.200928     65535.0000000000
366.565735     65535.0000000000
366.930511     65535.0000000000
367.295227     65535.0000000000
367.659912     65535.0000000000
368.024536     65535.0000000000
368.389160     65535.0000000000
368.753723     65535.0000000000
369.118317     65535.0000000000
369.482819     65535.0000000000
369.847260     65535.0000000000
370.211731     65535.0000000000
370.576111     65535.0000000000
370.940460     65535.0000000000
371.304810     65535.0000000000
371.669098     65535.0000000000
372.033325     65535.0000000000
372.397522     65535.0000000000
372.761749     65535.0000000000
373.125885     65535.0000000000
373.489990     65535.0000000000
373.854065     65535.0000000000
374.218109     65535.0000000000
374.582092     65535.0000000000
374.946075     65535.0000000000
375.309998     65535.0000000000
375.673859     65535.0000000000
376.037720     65535.0000000000
376.401550     65535.0000000000
376.765320     65535.0000000000
377.129059     65535.0000000000
377.492798     65535.0000000000
377.856476     65535.0000000000
378.220062     65535.0000000000
378.583679     65535.0000000000
378.947205     65535.0000000000
379.310730     65535.0000000000
379.674225     65535.0000000000
380.037689     65535.0000000000
380.401093     65535.0000000000
380.764496     65535.0000000000
381.127838     65535.0000000000
381.491119     65535.0000000000
381.854370     65535.0000000000
382.217621     65535.0000000000
382.580811     65535.0000000000
382.943939     65535.0000000000
383.307068     65535.0000000000
383.670166     65535.0000000000
384.033203     65535.0000000000
384.396240     65535.0000000000
384.759216     65535.0000000000
385.122131     65535.0000000000
385.485016     65535.0000000000
385.847900     65535.0000000000
386.210724     65535.0000000000
386.573486     65535.0000000000
386.936279     65535.0000000000
387.298981     65535.0000000000
387.661652     65535.0000000000
388.024323     65535.0000000000
388.386902     65535.0000000000
388.749481     65535.0000000000
389.112000     65535.0000000000
389.474487     65535.0000000000
389.836945     65535.0000000000
390.199371     65535.0000000000
390.561737     65535.0000000000
390.924103     65535.0000000000
391.286407     65535.0000000000
391.648682     65535.0000000000
392.010925     65535.0000000000
392.373108     65535.0000000000
392.735291     65535.0000000000
393.097382     65535.0000000000
393.459473     65535.0000000000
393.821533     65535.0000000000
394.183533     65535.0000000000
394.545532     65535.0000000000
394.907471     65535.0000000000
395.269379     65535.0000000000
395.631256     65535.0000000000
395.993042     65535.0000000000
396.354828     65535.0000000000
396.716583     65535.0000000000
397.078308     65535.0000000000
397.439972     65535.0000000000
397.801636     65535.0000000000
398.163239     65535.0000000000
398.524841     65535.0000000000
398.886383     65535.0000000000
399.247833     65535.0000000000
399.609283     65535.0000000000
399.970703     65535.0000000000
400.332062     65535.0000000000
400.693420     65535.0000000000
401.054718     65535.0000000000
401.416016     65535.0000000000
401.777252     65535.0000000000
402.138458     65535.0000000000
402.499603     65535.0000000000
402.860718     65535.0000000000
403.221832     65535.0000000000
403.582855     65535.0000000000
403.943848     65535.0000000000
404.304810     65535.0000000000
404.665771     65535.0000000000
405.026642     65535.0000000000
405.387543     65535.0000000000
405.748352     65535.0000000000
406.109161     65535.0000000000
406.469849     65535.0000000000
406.830597     65535.0000000000
407.191223     65535.0000000000
407.551880     65535.0000000000
407.912476     65535.0000000000
408.273041     65535.0000000000
408.633575     65535.0000000000
408.994049     65535.0000000000
409.354492     65535.0000000000
409.714935     65535.0000000000
410.075287     65535.0000000000
410.435608     65535.0000000000
410.795868     65535.0000000000
411.156158     65535.0000000000
411.516388     65535.0000000000
411.876587     65535.0000000000
412.236725     65535.0000000000
412.596832     65535.0000000000
412.956909     65535.0000000000
413.316925     65535.0000000000
413.676910     65535.0000000000
414.036896     65535.0000000000
414.396820     65535.0000000000
414.756683     65535.0000000000
415.116547     65535.0000000000
415.476379     65535.0000000000
415.836121     65535.0000000000
416.195862     65535.0000000000
416.555542     65535.0000000000
416.915192     65535.0000000000
417.274811     65535.0000000000
417.634399     65535.0000000000
417.993927     65535.0000000000
418.353455     65535.0000000000
418.712891     65535.0000000000
419.072357     65535.0000000000
419.431763     65535.0000000000
419.791107     65535.0000000000
420.150452     65535.0000000000
420.509674     65535.0000000000
420.868927     65535.0000000000
421.228119     65535.0000000000
421.587280     65535.0000000000
421.946411     65535.0000000000
422.305542     65535.0000000000
422.664581     65535.0000000000
423.023621     65535.0000000000
423.382568     65535.0000000000
423.741516     65535.0000000000
424.100403     65535.0000000000
424.459259     65535.0000000000
424.818054     65535.0000000000
425.176880     65535.0000000000
425.535614     65535.0000000000
425.894348     65535.0000000000
426.252991     65535.0000000000
426.611633     65535.0000000000
426.970245     65535.0000000000
427.328796     65535.0000000000
427.687317     65535.0000000000
428.045807     65535.0000000000
428.404205     65535.0000000000
428.762604     65535.0000000000
429.121002     65535.0000000000
429.479340     65535.0000000000
429.837616     65535.0000000000
430.195892     65535.0000000000
430.554138     65535.0000000000
430.912292     65535.0000000000
431.270416     65535.0000000000
431.628510     65535.0000000000
431.986542     65535.0000000000
432.344574     65535.0000000000
432.702576     65535.0000000000
433.060516     65535.0000000000
433.418427     65535.0000000000
433.776306     65535.0000000000
434.134155     65535.0000000000
434.491913     65535.0000000000
434.849701     65535.0000000000
435.207397     65535.0000000000
435.565063     65535.0000000000
435.922729     65535.0000000000
436.280334     65535.0000000000
436.637909     65535.0000000000
436.995453     65535.0000000000
437.352936     65535.0000000000
437.710388     65535.0000000000
438.067780     65535.0000000000
438.425171     65535.0000000000
438.782471     65535.0000000000
439.139771     65535.0000000000
439.497040     65535.0000000000
439.854279     65535.0000000000
440.211426     65535.0000000000
440.568604     65535.0000000000
440.925720     65535.0000000000
441.282776     65535.0000000000
441.639801     65535.0000000000
441.996735     65535.0000000000
442.353699     65535.0000000000
442.710602     65535.0000000000
443.067505     65535.0000000000
443.424347     65535.0000000000
443.781128     65535.0000000000
444.137878     65535.0000000000
444.494629     65535.0000000000
444.851288     65535.0000000000
445.207916     65535.0000000000
445.564514     65535.0000000000
445.921051     65535.0000000000
446.277618     65535.0000000000
446.634094     65535.0000000000
446.990540     65535.0000000000
447.346985     65535.0000000000
447.703339     65535.0000000000
448.059692     65535.0000000000
448.416016     65535.0000000000
448.772186     65535.0000000000
449.128418     65535.0000000000
449.484589     65535.0000000000
449.840729     65535.0000000000
450.196838     65535.0000000000
450.552917     65535.0000000000
450.908966     65535.0000000000
451.264954     65535.0000000000
451.620880     65535.0000000000
451.976807     65535.0000000000
452.332611     65535.0000000000
452.688446     65535.0000000000
453.044250     65535.0000000000
453.399994     65535.0000000000
453.755707     65535.0000000000
454.111389     65535.0000000000
454.467041     65535.0000000000
454.822632     65535.0000000000
455.178192     65535.0000000000
455.533722     65535.0000000000
455.889130     65535.0000000000
456.244598     65535.0000000000
456.600006     65535.0000000000
456.955353     65535.0000000000
457.310699     65535.0000000000
457.665985     65535.0000000000
458.021240     65535.0000000000
458.376434     65535.0000000000
458.731628     65535.0000000000
459.086700     65535.0000000000
459.441772     65535.0000000000
459.796844     65535.0000000000
460.151886     65535.0000000000
460.506836     65535.0000000000
460.861786     65535.0000000000
461.216675     65535.0000000000
461.571533     65535.0000000000
461.926361     65535.0000000000
462.281158     65535.0000000000
462.635803     65535.0000000000
462.990540     65535.0000000000
463.345184     65535.0000000000
463.699829     65535.0000000000
464.054413     65535.0000000000
464.408936     65535.0000000000
464.763458     65535.0000000000
465.117920     65535.0000000000
465.472351     65535.0000000000
465.826752     65535.0000000000
466.181030     65535.0000000000
466.535339     65535.0000000000
466.889618     65535.0000000000
467.243866     65535.0000000000
467.598053     65535.0000000000
467.952209     65535.0000000000
468.306305     65535.0000000000
468.660370     65535.0000000000
469.014435     65535.0000000000
469.368439     65535.0000000000
469.722321     65535.0000000000
470.076263     65535.0000000000
470.430115     65535.0000000000
470.783966     65535.0000000000
471.137756     65535.0000000000
471.491516     65535.0000000000
471.845245     65535.0000000000
472.198944     65535.0000000000
472.552582     65535.0000000000
472.906128     65535.0000000000
473.259705     65535.0000000000
473.613220     65535.0000000000
473.966675     65535.0000000000
474.320129     65535.0000000000
474.673553     65535.0000000000
475.026917     65535.0000000000
475.380249     65535.0000000000
475.733521     65535.0000000000
476.086761     65535.0000000000
476.439911     65535.0000000000
476.793091     65535.0000000000
477.146210     65535.0000000000
477.499298     65535.0000000000
477.852356     65535.0000000000
478.205353     65535.0000000000
478.558350     65535.0000000000
478.911285     65535.0000000000
479.264160     65535.0000000000
479.617035     65535.0000000000
479.969757     65535.0000000000
480.322540     65535.0000000000
480.675262     65535.0000000000
481.027985     65535.0000000000
481.380615     65535.0000000000
481.733246     65535.0000000000
482.085815     65535.0000000000
482.438324     65535.0000000000
482.790833     65535.0000000000
483.143280     65535.0000000000
483.495667     65535.0000000000
483.848022     65535.0000000000
484.200348     65535.0000000000
484.552673     65535.0000000000
484.904907     65535.0000000000
485.257111     65535.0000000000
485.609283     65535.0000000000
485.961456     65535.0000000000
486.313538     65535.0000000000
486.665588     65535.0000000000
487.017548     65535.0000000000
487.369507     65535.0000000000
487.721466     65535.0000000000
488.073334     65535.0000000000
488.425232     65535.0000000000
488.777039     65535.0000000000
489.128815     65535.0000000000
489.480560     65535.0000000000
489.832245     65535.0000000000
490.183868     65535.0000000000
490.535461     65535.0000000000
490.887054     65535.0000000000
491.238586     65535.0000000000
491.590057     65535.0000000000
491.941528     65535.0000000000
492.292938     65535.0000000000
492.644318     65535.0000000000
492.995667     65535.0000000000
493.346954     65535.0000000000
493.698181     65535.0000000000
494.049377     65535.0000000000
494.400543     65535.0000000000
494.751678     65535.0000000000
495.102783     65535.0000000000
495.453827     65535.0000000000
495.804871     65535.0000000000
496.155853     65535.0000000000
496.506775     65535.0000000000
496.857666     65535.0000000000
497.208466     65535.0000000000
497.559265     65535.0000000000
497.910065     65535.0000000000
498.260773     65535.0000000000
498.611481     65535.0000000000
498.962128     65535.0000000000
499.312744     65535.0000000000
499.663300     65535.0000000000
500.013855     65535.0000000000
500.364349     65535.0000000000
500.714752     65535.0000000000
501.065155     65535.0000000000
501.415527     65535.0000000000
501.765869     65535.0000000000
502.116150     65535.0000000000
502.466400     65535.0000000000
502.816620     65535.0000000000
503.166779     65535.0000000000
503.516907     65535.0000000000
503.866943     65535.0000000000
504.217010     65535.0000000000
504.567017     65535.0000000000
504.916962     65535.0000000000
505.266876     65535.0000000000
505.616791     65535.0000000000
505.966644     65535.0000000000
506.316437     65535.0000000000
506.666199     65535.0000000000
507.015930     65535.0000000000
507.365570     65535.0000000000
507.715210     65535.0000000000
508.064789     65535.0000000000
508.414368     65535.0000000000
508.763885     65535.0000000000
509.113373     65535.0000000000
509.462830     65535.0000000000
509.812225     65535.0000000000
510.161591     65535.0000000000
510.510895     65535.0000000000
510.860107     65535.0000000000
511.209381     65535.0000000000
511.558563     65535.0000000000
511.907715     65535.0000000000
512.256836     65535.0000000000
512.605896     65535.0000000000
512.954956     65535.0000000000
513.303955     65535.0000000000
513.652832     65535.0000000000
514.001831     65535.0000000000
514.350647     65535.0000000000
514.699463     65535.0000000000
515.048279     65535.0000000000
515.396973     65535.0000000000
515.745728     65535.0000000000
516.094360     65535.0000000000
516.442993     65535.0000000000
516.791565     65535.0000000000
517.140137     65535.0000000000
517.488586     65535.0000000000
517.837036     65535.0000000000
518.185425     65535.0000000000
518.533875     65535.0000000000
518.882202     65535.0000000000
519.230469     65535.0000000000
519.578735     65535.0000000000
519.927002     65535.0000000000
520.275146     65535.0000000000
520.623291     65535.0000000000
520.971313     65535.0000000000
521.319336     65535.0000000000
521.667419     65535.0000000000
522.015381     65535.0000000000
522.363281     65535.0000000000
522.711182     65535.0000000000
523.059021     65535.0000000000
523.406860     65535.0000000000
523.754639     65535.0000000000
524.102356     65535.0000000000
524.449951     65535.0000000000
524.797607     65535.0000000000
525.145203     65535.0000000000
525.492798     65535.0000000000
525.840332     65535.0000000000
526.187805     65535.0000000000
526.535217     65535.0000000000
526.882629     65535.0000000000
527.230042     65535.0000000000
527.577332     65535.0000000000
527.924500     65535.0000000000
528.271729     65535.0000000000
528.618896     65535.0000000000
528.966125     65535.0000000000
529.313232     65535.0000000000
529.660278     65535.0000000000
530.007324     65535.0000000000
530.354309     65535.0000000000
530.701233     65535.0000000000
531.048096     65535.0000000000
531.394958     65535.0000000000
531.741760     65535.0000000000
532.088562     65535.0000000000
532.435303     65535.0000000000
532.781982     65535.0000000000
533.128601     65535.0000000000
533.475281     65535.0000000000
533.821838     65535.0000000000
534.168335     65535.0000000000
534.514832     65535.0000000000
534.861206     65535.0000000000
535.207703     65535.0000000000
535.554016     65535.0000000000
535.900391     65535.0000000000
536.246643     65535.0000000000
536.592896     65535.0000000000
536.939087     65535.0000000000
537.285278     65535.0000000000
537.631348     65535.0000000000
537.977417     65535.0000000000
538.323425     65535.0000000000
538.669373     65535.0000000000
539.015381     65535.0000000000
539.361267     65535.0000000000
539.707153     65535.0000000000
540.052979     65535.0000000000
540.398804     65535.0000000000
540.744507     65535.0000000000
541.090210     65535.0000000000
541.435791     65535.0000000000
541.781433     65535.0000000000
542.127014     65535.0000000000
542.472595     65535.0000000000
542.818054     65535.0000000000
543.163513     65535.0000000000
543.508911     65535.0000000000
543.854309     65535.0000000000
544.199646     65535.0000000000
544.544800     65535.0000000000
544.890076     65535.0000000000
545.235291     65535.0000000000
545.580444     65535.0000000000
545.925537     65535.0000000000
546.270630     65535.0000000000
546.615723     65535.0000000000
546.960693     65535.0000000000
547.305603     65535.0000000000
547.650574     65535.0000000000
547.995361     65535.0000000000
548.340149     65535.0000000000
548.684998     65535.0000000000
549.029724     65535.0000000000
549.374390     65535.0000000000
549.719116     65535.0000000000
550.063660     65535.0000000000
550.408264     65535.0000000000
550.752869     65535.0000000000
551.097290     65535.0000000000
551.441711     65535.0000000000
551.786133     65535.0000000000
552.130493     65535.0000000000
552.474854     65535.0000000000
552.819092     65535.0000000000
553.163330     65535.0000000000
553.507507     65535.0000000000
553.851685     65535.0000000000
554.195801     65535.0000000000
554.539917     65535.0000000000
554.883850     65535.0000000000
555.227844     65535.0000000000
555.571777     65535.0000000000
555.915710     65535.0000000000
556.259583     65535.0000000000
556.603333     65535.0000000000
556.947205     65535.0000000000
557.290894     65535.0000000000
557.634583     65535.0000000000
557.978210     65535.0000000000
558.321777     65535.0000000000
558.665405     65535.0000000000
559.008911     65535.0000000000
559.352417     65535.0000000000
559.695862     65535.0000000000
560.039185     65535.0000000000
560.382568     65535.0000000000
560.725891     65535.0000000000
561.069153     65535.0000000000
561.412354     65535.0000000000
561.755554     65535.0000000000
562.098694     65535.0000000000
562.441772     65535.0000000000
562.784851     65535.0000000000
563.127930     65535.0000000000
563.470825     65535.0000000000
563.813782     65535.0000000000
564.156738     65535.0000000000
564.499573     65535.0000000000
564.842285     65535.0000000000
565.185059     65535.0000000000
565.527771     65535.0000000000
565.870422     65535.0000000000
566.213135     65535.0000000000
566.555725     65535.0000000000
566.898254     65535.0000000000
567.240784     65535.0000000000
567.583252     65535.0000000000
567.925659     65535.0000000000
568.268005     65535.0000000000
568.610291     65535.0000000000
568.952637     65535.0000000000
569.294922     65535.0000000000
569.637146     65535.0000000000
569.979309     65535.0000000000
570.321411     65535.0000000000
570.663513     65535.0000000000
571.005554     65535.0000000000
571.347473     65535.0000000000
571.689453     65535.0000000000
572.031372     65535.0000000000
572.373230     65535.0000000000
572.715088     65535.0000000000
573.056885     65535.0000000000
573.398621     65535.0000000000
573.740295     65535.0000000000
574.082031     65535.0000000000
574.423584     65535.0000000000
574.765137     65535.0000000000
575.106689     65535.0000000000
575.448120     65535.0000000000
575.789612     65535.0000000000
576.130981     65535.0000000000
576.472351     65535.0000000000
576.813721     65535.0000000000
577.154968     65535.0000000000
577.496216     65535.0000000000
577.837402     65535.0000000000
578.178467     65535.0000000000
578.519592     65535.0000000000
578.860657     65535.0000000000
579.201660     65535.0000000000
579.542664     65535.0000000000
579.883606     65535.0000000000
580.224487     65535.0000000000
580.565308     65535.0000000000
580.906189     65535.0000000000
581.246948     65535.0000000000
581.587585     65535.0000000000
581.928223     65535.0000000000
582.268921     65535.0000000000
582.609497     65535.0000000000
582.950012     65535.0000000000
583.290527     65535.0000000000
583.630981     65535.0000000000
583.971436     65535.0000000000
584.311829     65535.0000000000
584.652100     65535.0000000000
584.992371     65535.0000000000
585.332642     65535.0000000000
585.672852     65535.0000000000
586.013000     65535.0000000000
586.353088     65535.0000000000
586.693176     65535.0000000000
587.033264     65535.0000000000
587.373230     65535.0000000000
587.713196     65535.0000000000
588.053040     65535.0000000000
588.392883     65535.0000000000
588.732727     65535.0000000000
589.072510     65535.0000000000
589.412231     65535.0000000000
589.751892     65535.0000000000
590.091553     65535.0000000000
590.431152     65535.0000000000
590.770752     65535.0000000000
591.110229     65535.0000000000
591.449707     65535.0000000000
591.789124     65535.0000000000
592.128479     65535.0000000000
592.467834     65535.0000000000
592.807129     65535.0000000000
593.146423     65535.0000000000
593.485596     65535.0000000000
593.824768     65535.0000000000
594.163879     65535.0000000000
594.502991     65535.0000000000
594.841980     65535.0000000000
595.180969     65535.0000000000
595.519897     65535.0000000000
595.858887     65535.0000000000
596.197693     65535.0000000000
596.536499     65535.0000000000
596.875305     65535.0000000000
597.214050     65535.0000000000
597.552734     65535.0000000000
597.891296     65535.0000000000
598.229980     65535.0000000000
598.568542     65535.0000000000
598.907043     65535.0000000000
599.245483     65535.0000000000
599.583984     65535.0000000000
599.922363     65535.0000000000
600.260681     65535.0000000000
600.598999     65535.0000000000
600.937256     65535.0000000000
601.275452     65535.0000000000
601.613586     65535.0000000000
601.951721     65535.0000000000
602.289856     65535.0000000000
602.627869     65535.0000000000
602.965881     65535.0000000000
603.303833     65535.0000000000
603.641724     65535.0000000000
603.979614     65535.0000000000
604.317444     65535.0000000000
604.655151     65535.0000000000
604.992859     65535.0000000000
605.330566     65535.0000000000
605.668274     65535.0000000000
606.005859     65535.0000000000
606.343445     65535.0000000000
606.680908     65535.0000000000
607.018433     65535.0000000000
607.355835     65535.0000000000
607.693237     65535.0000000000
608.030579     65535.0000000000
608.367859     65535.0000000000
608.705078     65535.0000000000
609.042297     65535.0000000000
609.379456     65535.0000000000
609.716614     65535.0000000000
610.053650     65535.0000000000
610.390686     65535.0000000000
610.727722     65535.0000000000
611.064575     65535.0000000000
611.401550     65535.0000000000
611.738403     65535.0000000000
612.075256     65535.0000000000
612.411987     65535.0000000000
612.748779     65535.0000000000
613.085449     65535.0000000000
613.422058     65535.0000000000
613.758667     65535.0000000000
614.095215     65535.0000000000
614.431702     65535.0000000000
614.768127     65535.0000000000
615.104614     65535.0000000000
615.440979     65535.0000000000
615.777283     65535.0000000000
616.113586     65535.0000000000
616.449829     65535.0000000000
616.786011     65535.0000000000
617.122192     65535.0000000000
617.458374     65535.0000000000
617.794373     65535.0000000000
618.130371     65535.0000000000
618.466370     65535.0000000000
618.802246     65535.0000000000
619.138184     65535.0000000000
619.474060     65535.0000000000
619.809875     65535.0000000000
620.145630     65535.0000000000
620.481323     65535.0000000000
620.817017     65535.0000000000
621.152588     65535.0000000000
621.488220     65535.0000000000
621.823792     65535.0000000000
622.159241     65535.0000000000
622.494690     65535.0000000000
622.830078     65535.0000000000
623.165466     65535.0000000000
623.500793     65535.0000000000
623.836060     65535.0000000000
624.171265     65535.0000000000
624.506470     65535.0000000000
624.841553     65535.0000000000
625.176697     65535.0000000000
625.511719     65535.0000000000
625.846741     65535.0000000000
626.181702     65535.0000000000
626.516663     65535.0000000000
626.851563     65535.0000000000
627.186401     65535.0000000000
627.521118     65535.0000000000
627.855896     65535.0000000000
628.190552     65535.0000000000
628.525269     65535.0000000000
628.859863     65535.0000000000
629.194458     65535.0000000000
629.528992     65535.0000000000
629.863403     65535.0000000000
630.197815     65535.0000000000
630.532288     65535.0000000000
630.866516     65535.0000000000
631.200867     65535.0000000000
631.535156     65535.0000000000
631.869324     65535.0000000000
632.203491     65535.0000000000
632.537659     65535.0000000000
632.871704     65535.0000000000
633.205750     65535.0000000000
633.539795     65535.0000000000
633.873718     65535.0000000000
634.207520     65535.0000000000
634.541443     65535.0000000000
634.875244     65535.0000000000
635.208984     65535.0000000000
635.542725     65535.0000000000
635.876404     65535.0000000000
636.210022     65535.0000000000
636.543640     65535.0000000000
636.877197     65535.0000000000
637.210571     65535.0000000000
637.544067     65535.0000000000
637.877502     65535.0000000000
638.210815     65535.0000000000
638.544189     65535.0000000000
638.877441     65535.0000000000
639.210693     65535.0000000000
639.543884     65535.0000000000
639.877014     65535.0000000000
640.210144     65535.0000000000
640.543091     65535.0000000000
640.876099     65535.0000000000
641.209106     65535.0000000000
641.541992     65535.0000000000
641.874939     65535.0000000000
642.207703     65535.0000000000
642.540527     65535.0000000000
642.873230     65535.0000000000
643.205994     65535.0000000000
643.538574     65535.0000000000
643.871155     65535.0000000000
644.203674     65535.0000000000
644.536255     65535.0000000000
644.868713     65535.0000000000
645.201172     65535.0000000000
645.533508     65535.0000000000
645.865845     65535.0000000000
646.198120     65535.0000000000
646.530396     65535.0000000000
646.862610     65535.0000000000
647.194702     65535.0000000000
647.526855     65535.0000000000
647.858887     65535.0000000000
648.190857     65535.0000000000
648.522827     65535.0000000000
648.854797     65535.0000000000
649.186707     65535.0000000000
649.518555     65535.0000000000
649.850342     65535.0000000000
650.182007     65535.0000000000
650.513733     65535.0000000000
650.845398     65535.0000000000
651.177063     65535.0000000000
651.508606     65535.0000000000
651.840088     65535.0000000000
652.171631     65535.0000000000
652.503052     65535.0000000000
652.834412     65535.0000000000
653.165771     65535.0000000000
653.497070     65535.0000000000
653.828308     65535.0000000000
654.159485     65535.0000000000
654.490662     65535.0000000000
654.821838     65535.0000000000
655.152832     65535.0000000000
655.483887     65535.0000000000
655.814880     65535.0000000000
656.145813     65535.0000000000
656.476685     65535.0000000000
656.807495     65535.0000000000
657.138306     65535.0000000000
657.469116     65535.0000000000
657.799744     65535.0000000000
658.130493     65535.0000000000
658.461121     65535.0000000000
658.791687     65535.0000000000
659.122192     65535.0000000000
659.452698     65535.0000000000
659.783142     65535.0000000000
660.113464     65535.0000000000
660.443787     65535.0000000000
660.774109     65535.0000000000
661.104370     65535.0000000000
661.434570     65535.0000000000
661.764771     65535.0000000000
662.094849     65535.0000000000
662.424988     65535.0000000000
662.755005     65535.0000000000
663.084900     65535.0000000000
663.414856     65535.0000000000
663.744751     65535.0000000000
664.074585     65535.0000000000
664.404419     65535.0000000000
664.734131     65535.0000000000
665.063904     65535.0000000000
665.393555     65535.0000000000
665.723206     65535.0000000000
666.052734     65535.0000000000
666.382202     65535.0000000000
666.711670     65535.0000000000
667.041138     65535.0000000000
667.370544     65535.0000000000
667.699829     65535.0000000000
668.029175     65535.0000000000
668.358459     65535.0000000000
668.687622     65535.0000000000
669.016846     65535.0000000000
669.345947     65535.0000000000
669.674927     65535.0000000000
670.003967     65535.0000000000
670.332947     65535.0000000000
670.661865     65535.0000000000
670.990784     65535.0000000000
671.319641     65535.0000000000
671.648438     65535.0000000000
671.977112     65535.0000000000
672.305847     65535.0000000000
672.634521     65535.0000000000
672.963135     65535.0000000000
673.291687     65535.0000000000
673.620178     65535.0000000000
673.948669     65535.0000000000
674.277100     65535.0000000000
674.605469     65535.0000000000
674.933899     65535.0000000000
675.262085     65535.0000000000
675.590332     65535.0000000000
675.918579     65535.0000000000
676.246704     65535.0000000000
676.574829     65535.0000000000
676.902893     65535.0000000000
677.230896     65535.0000000000
677.558899     65535.0000000000
677.886841     65535.0000000000
678.214661     65535.0000000000
678.542480     65535.0000000000
678.870239     65535.0000000000
679.197998     65535.0000000000
679.525696     65535.0000000000
679.853394     65535.0000000000
680.180969     65535.0000000000
680.508484     65535.0000000000
680.836060     65535.0000000000
681.163452     65535.0000000000
681.490845     65535.0000000000
681.818237     65535.0000000000
682.145569     65535.0000000000
682.472839     65535.0000000000
682.800110     65535.0000000000
683.127319     65535.0000000000
683.454468     65535.0000000000
683.781494     65535.0000000000
684.108582     65535.0000000000
684.435608     65535.0000000000
684.762451     65535.0000000000
685.089355     65535.0000000000
685.416199     65535.0000000000
685.743103     65535.0000000000
686.069824     65535.0000000000
686.396606     65535.0000000000
686.723267     65535.0000000000
687.049927     65535.0000000000
687.376465     65535.0000000000
687.703003     65535.0000000000
688.029419     65535.0000000000
688.355957     65535.0000000000
688.682312     65535.0000000000
689.008667     65535.0000000000
689.334961     65535.0000000000
689.661316     65535.0000000000
689.987427     65535.0000000000
690.313660     65535.0000000000
690.639771     65535.0000000000
690.965881     65535.0000000000
691.291809     65535.0000000000
691.617798     65535.0000000000
691.943726     65535.0000000000
692.269714     65535.0000000000
692.595459     65535.0000000000
692.921326     65535.0000000000
693.247009     65535.0000000000
693.572754     65535.0000000000
693.898438     65535.0000000000
694.223999     65535.0000000000
694.549561     65535.0000000000
694.875061     65535.0000000000
695.200562     65535.0000000000
695.526001     65535.0000000000
695.851379     65535.0000000000
696.176697     65535.0000000000
696.502014     65535.0000000000
696.827271     65535.0000000000
697.152405     65535.0000000000
697.477539     65535.0000000000
697.802612     65535.0000000000
698.127625     65535.0000000000
698.452698     65535.0000000000
698.777649     65535.0000000000
699.102539     65535.0000000000
699.427429     65535.0000000000
699.752258     65535.0000000000
700.077026     65535.0000000000
700.401733     65535.0000000000
700.726379     65535.0000000000
701.051025     65535.0000000000
701.375610     65535.0000000000
701.700134     65535.0000000000
702.024658     65535.0000000000
702.349060     65535.0000000000
702.673462     65535.0000000000
702.997864     65535.0000000000
703.322144     65535.0000000000
703.646362     65535.0000000000
703.970520     65535.0000000000
704.294739     65535.0000000000
704.618896     65535.0000000000
704.942932     65535.0000000000
705.266968     65535.0000000000
705.590942     65535.0000000000
705.914917     65535.0000000000
706.238770     65535.0000000000
706.562622     65535.0000000000
706.886292     65535.0000000000
707.210083     65535.0000000000
707.533813     65535.0000000000
707.857422     65535.0000000000
708.181030     65535.0000000000
708.504578     65535.0000000000
708.828064     65535.0000000000
709.151550     65535.0000000000
709.474976     65535.0000000000
709.798340     65535.0000000000
710.121582     65535.0000000000
710.444885     65535.0000000000
710.768127     65535.0000000000
711.091248     65535.0000000000
711.414429     65535.0000000000
711.737488     65535.0000000000
712.060547     65535.0000000000
712.383484     65535.0000000000
712.706482     65535.0000000000
713.029358     65535.0000000000
713.352112     65535.0000000000
713.674927     65535.0000000000
713.997681     65535.0000000000
714.320435     65535.0000000000
714.643066     65535.0000000000
714.965698     65535.0000000000
715.288269     65535.0000000000
715.610779     65535.0000000000
715.933289     65535.0000000000
716.255737     65535.0000000000
716.578003     65535.0000000000
716.900330     65535.0000000000
717.222595     65535.0000000000
717.544861     65535.0000000000
717.867065     65535.0000000000
718.189209     65535.0000000000
718.511292     65535.0000000000
718.833313     65535.0000000000
719.155334     65535.0000000000
719.477234     65535.0000000000
719.799133     65535.0000000000
720.120972     65535.0000000000
720.442749     65535.0000000000
720.764587     65535.0000000000
721.086304     65535.0000000000
721.407898     65535.0000000000
721.729553     65535.0000000000
722.051147     65535.0000000000
722.372681     65535.0000000000
722.694092     65535.0000000000
723.015503     65535.0000000000
723.336914     65535.0000000000
723.658264     65535.0000000000
723.979492     65535.0000000000
724.300781     65535.0000000000
724.621948     65535.0000000000
724.943115     65535.0000000000
725.264160     65535.0000000000
725.585205     65535.0000000000
725.906189     65535.0000000000
726.227173     65535.0000000000
726.548035     65535.0000000000
726.868896     65535.0000000000
727.189697     65535.0000000000
727.510498     65535.0000000000
727.831177     65535.0000000000
728.151855     65535.0000000000
728.472473     65535.0000000000
728.793091     65535.0000000000
729.113525     65535.0000000000
729.434021     65535.0000000000
729.754456     65535.0000000000
730.074829     65535.0000000000
730.395142     65535.0000000000
730.715454     65535.0000000000
731.035706     65535.0000000000
731.355896     65535.0000000000
731.676025     65535.0000000000
731.996033     65535.0000000000
732.316101     65535.0000000000
732.636108     65535.0000000000
732.956055     65535.0000000000
733.275940     65535.0000000000
733.595825     65535.0000000000
733.915649     65535.0000000000
734.235413     65535.0000000000
734.555054     65535.0000000000
734.874817     65535.0000000000
735.194336     65535.0000000000
735.513855     65535.0000000000
735.833435     65535.0000000000
736.152893     65535.0000000000
736.472290     65535.0000000000
736.791687     65535.0000000000
737.111023     65535.0000000000
737.430298     65535.0000000000
737.749512     65535.0000000000
738.068665     65535.0000000000
738.387817     65535.0000000000
738.706909     65535.0000000000
739.025879     65535.0000000000
739.344910     65535.0000000000
739.663879     65535.0000000000
739.982788     65535.0000000000
740.301636     65535.0000000000
740.620422     65535.0000000000
740.939148     65535.0000000000
741.257874     65535.0000000000
741.576477     65535.0000000000
741.895020     65535.0000000000
742.213623     65535.0000000000
742.532166     65535.0000000000
742.850586     65535.0000000000
743.169006     65535.0000000000
743.487366     65535.0000000000
743.805725     65535.0000000000
744.123962     65535.0000000000
744.442200     65535.0000000000
744.760315     65535.0000000000
745.078430     65535.0000000000
745.396484     65535.0000000000
745.714539     65535.0000000000
746.032532     65535.0000000000
746.350464     65535.0000000000
746.668335     65535.0000000000
746.986206     65535.0000000000
747.303955     65535.0000000000
747.621643     65535.0000000000
747.939331     65535.0000000000
748.257019     65535.0000000000
748.574585     65535.0000000000
748.892151     65535.0000000000
749.209656     65535.0000000000
749.527100     65535.0000000000
749.844482     65535.0000000000
750.161804     65535.0000000000
750.479126     65535.0000000000
750.796326     65535.0000000000
751.113525     65535.0000000000
751.430725     65535.0000000000
751.747803     65535.0000000000
752.064880     65535.0000000000
752.381897     65535.0000000000
752.698853     65535.0000000000
753.015747     65535.0000000000
753.332703     65535.0000000000
753.649475     65535.0000000000
753.966187     65535.0000000000
754.282898     65535.0000000000
754.599609     65535.0000000000
754.916199     65535.0000000000
755.232788     65535.0000000000
755.549316     65535.0000000000
755.865784     65535.0000000000
756.182190     65535.0000000000
756.498596     65535.0000000000
756.814941     65535.0000000000
757.131165     65535.0000000000
757.447388     65535.0000000000
757.763611     65535.0000000000
758.079712     65535.0000000000
758.395813     65535.0000000000
758.711853     65535.0000000000
759.027832     65535.0000000000
759.343811     65535.0000000000
759.659668     65535.0000000000
759.975464     65535.0000000000
760.291260     65535.0000000000
760.606995     65535.0000000000
760.922668     65535.0000000000
761.238342     65535.0000000000
761.554016     65535.0000000000
761.869507     65535.0000000000
762.185059     65535.0000000000
762.500488     65535.0000000000
762.815918     65535.0000000000
763.131165     65535.0000000000
763.446533     65535.0000000000
763.761719     65535.0000000000
764.076965     65535.0000000000
764.392151     65535.0000000000
764.707214     65535.0000000000
765.022339     65535.0000000000
765.337341     65535.0000000000
765.652283     65535.0000000000
765.967224     65535.0000000000
766.282043     65535.0000000000
766.596863     65535.0000000000
766.911621     65535.0000000000
767.226379     65535.0000000000
767.541016     65535.0000000000
767.855591     65535.0000000000
768.170227     65535.0000000000
768.484741     65535.0000000000
768.799194     65535.0000000000
769.113647     65535.0000000000
769.427979     65535.0000000000
769.742310     65535.0000000000
770.056580     65535.0000000000
770.370850     65535.0000000000
770.684998     65535.0000000000
770.999084     65535.0000000000
771.313232     65535.0000000000
771.627258     65535.0000000000
771.941223     65535.0000000000
772.255066     65535.0000000000
772.569031     65535.0000000000
772.882813     65535.0000000000
773.196594     65535.0000000000
773.510376     65535.0000000000
773.824036     65535.0000000000
774.137695     65535.0000000000
774.451294     65535.0000000000
774.764832     65535.0000000000
775.078308     65535.0000000000
775.391724     65535.0000000000
775.705078     65535.0000000000
776.018433     65535.0000000000
776.331726     65535.0000000000
776.644958     65535.0000000000
776.958130     65535.0000000000
777.271301     65535.0000000000
777.584412     65535.0000000000
777.897461     65535.0000000000
778.210510     65535.0000000000
778.523315     65535.0000000000
778.836304     65535.0000000000
779.149109     65535.0000000000
779.461914     65535.0000000000
779.774658     65535.0000000000
780.087402     65535.0000000000
780.400024     65535.0000000000
780.712585     65535.0000000000
781.025146     65535.0000000000
781.337646     65535.0000000000
781.650085     65535.0000000000
781.962463     65535.0000000000
782.274841     65535.0000000000
782.587158     65535.0000000000
782.899414     65535.0000000000
783.211609     65535.0000000000
783.523743     65535.0000000000
783.835938     65535.0000000000
784.147949     65535.0000000000
784.459900     65535.0000000000
784.771851     65535.0000000000
785.083801     65535.0000000000
785.395630     65535.0000000000
785.707397     65535.0000000000
786.019226     65535.0000000000
786.330933     65535.0000000000
786.642578     65535.0000000000
786.954224     65535.0000000000
787.265747     65535.0000000000
787.577209     65535.0000000000
787.888672     65535.0000000000
788.200073     65535.0000000000
788.511414     65535.0000000000
788.822754     65535.0000000000
789.133972     65535.0000000000
789.445190     65535.0000000000
789.756409     65535.0000000000
790.067505     65535.0000000000
790.378540     65535.0000000000
790.689514     65535.0000000000
791.000488     65535.0000000000
791.311401     65535.0000000000
791.622314     65535.0000000000
791.933105     65535.0000000000
792.243896     65535.0000000000
792.554565     65535.0000000000
792.865234     65535.0000000000
793.175842     65535.0000000000
793.486389     65535.0000000000
793.796875     65535.0000000000
794.107300     65535.0000000000
794.417786     65535.0000000000
794.728088     65535.0000000000
795.038452     65535.0000000000
795.348694     65535.0000000000
795.658936     65535.0000000000
795.969055     65535.0000000000
796.279175     65535.0000000000
796.589172     65535.0000000000
796.899231     65535.0000000000
797.209167     65535.0000000000
797.519104     65535.0000000000
797.828979     65535.0000000000
798.138794     65535.0000000000
798.448547     65535.0000000000
798.758301     65535.0000000000
799.067932     65535.0000000000
799.377563     65535.0000000000
799.687073     65535.0000000000
799.996582     65535.0000000000
800.306030     65535.0000000000
800.615479     65535.0000000000
800.924805     65535.0000000000
801.234192     65535.0000000000
801.543457     65535.0000000000
801.852600     65535.0000000000
802.161743     65535.0000000000
802.470886     65535.0000000000
802.779907     65535.0000000000
803.088867     65535.0000000000
803.397827     65535.0000000000
803.706787     65535.0000000000
804.015686     65535.0000000000
804.324463     65535.0000000000
804.633179     65535.0000000000
804.941956     65535.0000000000
805.250610     65535.0000000000
805.559204     65535.0000000000
805.867676     65535.0000000000
806.176270     65535.0000000000
806.484680     65535.0000000000
806.793091     65535.0000000000
807.101440     65535.0000000000
807.409729     65535.0000000000
807.718018     65535.0000000000
808.026184     65535.0000000000
808.334351     65535.0000000000
808.642456     65535.0000000000
808.950439     65535.0000000000
809.258484     65535.0000000000
809.566467     65535.0000000000
809.874329     65535.0000000000
810.182190     65535.0000000000
810.489990     65535.0000000000
810.797791     65535.0000000000
811.105469     65535.0000000000
811.413147     65535.0000000000
811.720642     65535.0000000000
812.028198     65535.0000000000
812.335693     65535.0000000000
812.643188     65535.0000000000
812.950562     65535.0000000000
813.257935     65535.0000000000
813.565186     65535.0000000000
813.872498     65535.0000000000
814.179626     65535.0000000000
814.486816     65535.0000000000
814.793823     65535.0000000000
815.100830     65535.0000000000
815.407837     65535.0000000000
815.714783     65535.0000000000
816.021667     65535.0000000000
816.328552     65535.0000000000
816.635315     65535.0000000000
816.942078     65535.0000000000
817.248779     65535.0000000000
817.555359     65535.0000000000
817.861938     65535.0000000000
818.168457     65535.0000000000
818.474976     65535.0000000000
818.781372     65535.0000000000
819.087769     65535.0000000000
819.394104     65535.0000000000
819.700378     65535.0000000000
820.006592     65535.0000000000
820.312744     65535.0000000000
820.618896     65535.0000000000
820.924927     65535.0000000000
821.230957     65535.0000000000
821.536926     65535.0000000000
821.842896     65535.0000000000
822.148804     65535.0000000000
822.454590     65535.0000000000
822.760376     65535.0000000000
823.066040     65535.0000000000
823.371704     65535.0000000000
823.677307     65535.0000000000
823.982910     65535.0000000000
824.288391     65535.0000000000
824.593872     65535.0000000000
824.899292     65535.0000000000
825.204651     65535.0000000000
825.509949     65535.0000000000
825.815186     65535.0000000000
826.120422     65535.0000000000
826.425598     65535.0000000000
826.730652     65535.0000000000
827.035706     65535.0000000000
827.340759     65535.0000000000
827.645630     65535.0000000000
827.950623     65535.0000000000
828.255432     65535.0000000000
828.560242     65535.0000000000
828.864990     65535.0000000000
829.169739     65535.0000000000
829.474304     65535.0000000000
829.778870     65535.0000000000
830.083435     65535.0000000000
830.387878     65535.0000000000
830.692383     65535.0000000000
830.996765     65535.0000000000
831.301086     65535.0000000000
831.605408     65535.0000000000
831.909668     65535.0000000000
832.213867     65535.0000000000
832.517883     65535.0000000000
832.821960     65535.0000000000
833.126038     65535.0000000000
833.429993     65535.0000000000
833.733948     65535.0000000000
834.037842     65535.0000000000
834.341614     65535.0000000000
834.645386     65535.0000000000
834.949158     65535.0000000000
835.252808     65535.0000000000
835.556335     65535.0000000000
835.859924     65535.0000000000
836.163513     65535.0000000000
836.466980     65535.0000000000
836.770325     65535.0000000000
837.073730     65535.0000000000
837.377075     65535.0000000000
837.680298     65535.0000000000
837.983521     65535.0000000000
838.286682     65535.0000000000
838.589722     65535.0000000000
838.892761     65535.0000000000
839.195801     65535.0000000000
839.498779     65535.0000000000
839.801636     65535.0000000000
840.104492     65535.0000000000
840.407288     65535.0000000000
840.710022     65535.0000000000
841.012695     65535.0000000000
841.315369     65535.0000000000
841.617920     65535.0000000000
841.920410     65535.0000000000
842.222961     65535.0000000000
842.525391     65535.0000000000
842.827759     65535.0000000000
843.130127     65535.0000000000
843.432373     65535.0000000000
843.734619     65535.0000000000
844.036804     65535.0000000000
844.338867     65535.0000000000
844.640930     65535.0000000000
844.942993     65535.0000000000
845.244934     65535.0000000000
845.546814     65535.0000000000
845.848755     65535.0000000000
846.150513     65535.0000000000
846.452332     65535.0000000000
846.754028     65535.0000000000
847.055664     65535.0000000000
847.357239     65535.0000000000
847.658813     65535.0000000000
847.960327     65535.0000000000
848.261780     65535.0000000000
848.563110     65535.0000000000
848.864563     65535.0000000000
849.165771     65535.0000000000
849.467041     65535.0000000000
849.768250     65535.0000000000
850.069397     65535.0000000000
850.370422     65535.0000000000
850.671448     65535.0000000000
850.972473     65535.0000000000
851.273376     65535.0000000000
851.574280     65535.0000000000
851.875122     65535.0000000000
852.175842     65535.0000000000
852.476624     65535.0000000000
852.777222     65535.0000000000
853.077881     65535.0000000000
853.378418     65535.0000000000
853.678955     65535.0000000000
853.979370     65535.0000000000
854.279785     65535.0000000000
854.580200     65535.0000000000
854.880493     65535.0000000000
855.180725     65162.7421875000
855.480957     64355.8164062500
855.781067     64407.0859375000
856.081116     64398.1679687500
856.381165     64650.0546875000
856.681152     64832.8398437500
856.981140     65098.1015625000
857.281006     65167.2031250000
857.580872     65428.0039062500
857.880676     65465.8984375000
858.180420     65519.3945312500
858.480103     65528.3125000000
858.779724     65535.0000000000
859.079224     65535.0000000000
859.378723     65535.0000000000
859.678223     65530.5429687500
859.977661     65432.4609375000
860.277039     65285.3437500000
860.576355     64959.8984375000
860.875610     64636.6796875000
861.174805     64456.1250000000
861.473999     64135.1367187500
861.773071     63838.6679687500
862.072083     63682.6328125000
862.371094     63631.3632812500
862.670044     63595.6992187500
862.968933     63312.6054687500
863.267761     63056.2617187500
863.566589     63125.3632812500
863.865356     63016.1367187500
864.164001     63007.2226562500
864.462646     62737.5039062500
864.761230     62871.2460937500
865.059692     62677.3164062500
865.358154     62436.5781250000
865.656616     62213.6679687500
865.954956     62079.9218750000
866.253357     61513.7382812500
866.551575     60873.9921875000
866.849792     60169.6015625000
867.147949     59480.8125000000
867.446106     59003.7890625000
867.744080     58878.9609375000
868.042053     58950.2929687500
868.340027     59347.0703125000
868.637878     59204.4062500000
868.935791     58878.9609375000
869.233582     59231.1562500000
869.531311     58943.6054687500
869.828979     59014.9375000000
870.126648     59253.4492187500
870.424255     59075.1210937500
870.721741     59224.4687500000
871.019165     59135.3046875000
871.316589     58767.5078125000
871.613953     58890.1093750000
871.911316     58622.6171875000
872.208557     58386.3359375000
872.505798     58315.0039062500
872.802979     58196.8632812500
873.100037     57824.6054687500
873.397156     57746.5898437500
873.694092     57686.4023437500
873.991028     57648.5078125000
874.287964     57095.6953125000
874.584778     56810.3750000000
874.881592     56594.1523437500
875.178284     56562.9453125000
875.474976     56074.7773437500
875.771606     56030.1953125000
876.068237     55528.6523437500
876.364746     55530.8828125000
876.661194     55332.4921875000
876.957581     55049.3984375000
877.253967     55013.7343750000
877.550293     54708.3515625000
877.846497     54625.8750000000
878.142761     54574.6054687500
878.438904     54300.4296875000
878.734985     54102.0390625000
879.031067     53658.4531250000
879.326965     53816.7187500000
879.622925     53555.9140625000
879.918823     53290.6562500000
880.214661     52684.3437500000
880.510498     52862.6718750000
880.806213     52786.8828125000
881.101868     52269.7343750000
881.397522     52107.0117187500
881.693115     51447.2031250000
881.988586     51014.7617187500
882.283997     50653.6523437500
882.579407     50560.0312500000
882.874817     50308.1445312500
883.170105     50303.6835937500
883.465332     50123.1289062500
883.760559     49998.3007812500
884.055725     49536.8828125000
884.350769     48981.8398437500
884.645813     48883.7617187500
884.940857     48839.1796875000
885.235718     49162.3945312500
885.530579     48478.0664062500
885.825439     48482.5273437500
886.120239     48536.0234375000
886.414917     47782.5937500000
886.709595     47374.6718750000
887.004272     46721.5507812500
887.298767     46870.8984375000
887.593323     46607.8671875000
887.887756     45330.6054687500
888.182129     45172.3398437500
888.476440     45203.5468750000
888.770752     44862.4960937500
889.065002     44650.7343750000
