0.326000
191.033081         0.0000000000
191.409973         0.0000000000
191.786819       910.9829711914
192.163651       922.6026611328
192.540451       938.8702392578
192.917221       973.7292480469
193.293961      1031.8276367188
193.670670      1006.2644042969
194.047348      1041.1234130859
194.423981      1031.8276367188
194.800613      1020.2080078125
195.177200      1038.7994384766
195.553757      1017.8840942383
195.930283      1075.9824218750
196.306778      1043.4473876953
196.683258      1071.3345947266
197.059677      1057.3909912109
197.436081      1059.7149658203
197.812454      1015.5601196289
198.188812       989.9968261719
198.565125      1052.7431640625
198.941406      1043.4473876953
199.317673       934.2223510742
199.693893      1001.6165161133
200.070099       996.9686279297
200.446259       955.1378173828
200.822388      1048.0952148438
201.198486      1020.2080078125
201.574570      1052.7431640625
201.950607       964.4335327148
202.326614      1006.2644042969
202.702606       969.0814208984
203.078568      1006.2644042969
203.454483      1015.5601196289
203.830383      1043.4473876953
204.206253       989.9968261719
204.582077      1027.1798095703
204.957870      1064.3627929688
205.333633      1034.1516113281
205.709396       971.4053344727
206.085098      1031.8276367188
206.460785       952.8138427734
206.836426       962.1096191406
207.212051       994.6447143555
207.587646       976.0532226563
207.963196       978.3771362305
208.338730       985.3489379883
208.714218       924.9266357422
209.089691      1008.5883178711
209.465134       989.9968261719
209.840530      1022.5319213867
210.215897       987.6729125977
210.591263       980.7011108398
210.966583      1024.8558349609
211.341858      1043.4473876953
211.717102      1022.5319213867
212.092331       971.4053344727
212.467529      1010.9122314453
212.842697      1008.5883178711
213.217819       985.3489379883
213.592926      1031.8276367188
213.968002      1015.5601196289
214.343018      1022.5319213867
214.718033      1043.4473876953
215.093018      1041.1234130859
215.467972       978.3771362305
215.842880       976.0532226563
216.217773      1036.4755859375
216.592636      1117.8133544922
216.967453      1075.9824218750
217.342255       957.4617309570
217.717026      1041.1234130859
218.091766       964.4335327148
218.466446       983.0250244141
218.841125      1066.6867675781
219.215759      1024.8558349609
219.590378       994.6447143555
219.964966      1052.7431640625
220.339508      1045.7712402344
220.714020      1031.8276367188
221.088516      1027.1798095703
221.462967       980.7011108398
221.837402      1078.3063964844
222.211792      1087.6021728516
222.586166      1001.6165161133
222.960510      1034.1516113281
223.334793      1017.8840942383
223.709061      1089.9261474609
224.083313       957.4617309570
224.457520      1027.1798095703
224.831696      1034.1516113281
225.205856       994.6447143555
225.579987      1001.6165161133
225.954056      1038.7994384766
226.328110       980.7011108398
226.702148       948.1659545898
227.076126      1027.1798095703
227.450104       999.2926025391
227.824036      1029.5037841797
228.197937       992.3207397461
228.571823       978.3771362305
228.945648       883.0957641602
229.319473      1031.8276367188
229.693237      1003.9404296875
230.066986      1052.7431640625
230.440704      1066.6867675781
230.814392       983.0250244141
231.188034      1064.3627929688
231.561661      1010.9122314453
231.935257      1043.4473876953
232.308823      1013.2362060547
232.682343      1034.1516113281
233.055847      1034.1516113281
233.429321      1036.4755859375
233.802750      1024.8558349609
234.176147      1010.9122314453
234.549530      1041.1234130859
234.922882       952.8138427734
235.296188       996.9686279297
235.669464       966.7574462891
236.042725      1048.0952148438
236.415924      1096.8979492188
236.789139       999.2926025391
237.162292      1045.7712402344
237.535416      1020.2080078125
237.908508      1043.4473876953
238.281570      1020.2080078125
238.654617      1006.2644042969
239.027618       950.4899291992
239.400574       969.0814208984
239.773514      1050.4191894531
240.146423       915.6308593750
240.519302      1003.9404296875
240.892136      1024.8558349609
241.264969       969.0814208984
241.637726       959.7856445313
242.010498       966.7574462891
242.383209       999.2926025391
242.755905       955.1378173828
243.128555      1006.2644042969
243.501190      1043.4473876953
243.873779       915.6308593750
244.246353      1117.8133544922
244.618866       989.9968261719
244.991379      1008.5883178711
245.363861       985.3489379883
245.736282       999.2926025391
246.108688      1024.8558349609
246.481079      1038.7994384766
246.853409      1034.1516113281
247.225723       938.8702392578
247.598007      1017.8840942383
247.970261      1041.1234130859
248.342468      1073.6585693359
248.714645      1034.1516113281
249.086823      1106.1936035156
249.458954      1092.2500000000
249.831024      1082.9542236328
250.203094      1043.4473876953
250.575134       973.7292480469
250.947113      1052.7431640625
251.319092      1031.8276367188
251.691025       996.9686279297
252.062912      1027.1798095703
252.434784      1020.2080078125
252.806641      1024.8558349609
253.178452      1062.0388183594
253.550232      1034.1516113281
253.921967       992.3207397461
254.293686      1001.6165161133
254.665359      1041.1234130859
255.037003      1031.8276367188
255.408630      1122.4611816406
255.780228      1006.2644042969
256.151764       980.7011108398
256.523285      1066.6867675781
256.894806       859.8563842773
257.266235       992.3207397461
257.637695      1045.7712402344
258.009064      1057.3909912109
258.380432       971.4053344727
258.751770      1069.0106201172
259.123077      1041.1234130859
259.494385       983.0250244141
259.865601      1034.1516113281
260.236816      1027.1798095703
260.607941      1003.9404296875
260.979126       983.0250244141
261.350220       890.0675659180
261.721344      1057.3909912109
262.092346      1031.8276367188
262.463379      1052.7431640625
262.834351       976.0532226563
263.205292       996.9686279297
263.576233       941.1941528320
263.947144       992.3207397461
264.317993       980.7011108398
264.688812      1122.4611816406
265.059631       987.6729125977
265.430359      1036.4755859375
265.801117      1041.1234130859
266.171783       983.0250244141
266.542450      1048.0952148438
266.913086      1052.7431640625
267.283691       996.9686279297
267.654266       964.4335327148
268.024811       983.0250244141
268.395325       924.9266357422
268.765778      1075.9824218750
269.136230      1034.1516113281
269.506653       989.9968261719
269.877045      1027.1798095703
270.247375      1080.6303710938
270.617676      1031.8276367188
270.987946      1029.5037841797
271.358246      1027.1798095703
271.728424      1027.1798095703
272.098633      1071.3345947266
272.468781       996.9686279297
272.838867      1001.6165161133
273.209015      1055.0670166016
273.579041      1062.0388183594
273.949066      1020.2080078125
274.319061      1008.5883178711
274.689056       985.3489379883
275.058960       983.0250244141
275.428864      1027.1798095703
275.798737      1008.5883178711
276.168579       964.4335327148
276.538361      1071.3345947266
276.908142      1029.5037841797
277.277832      1017.8840942383
277.647583       945.8420410156
278.017242       957.4617309570
278.386902       976.0532226563
278.756500      1003.9404296875
279.126038      1024.8558349609
279.495636      1034.1516113281
279.865143       999.2926025391
280.234619      1087.6021728516
280.604065      1017.8840942383
280.973450      1017.8840942383
281.342834       992.3207397461
281.712189       983.0250244141
282.081512       966.7574462891
282.450836      1075.9824218750
282.820038      1020.2080078125
283.189270      1041.1234130859
283.558502       992.3207397461
283.927612      1062.0388183594
284.296722      1038.7994384766
284.665863       973.7292480469
285.034912      1008.5883178711
285.403931      1073.6585693359
285.772919      1043.4473876953
286.141876      1113.1654052734
286.510834      1041.1234130859
286.879730       962.1096191406
287.248596      1020.2080078125
287.617401      1017.8840942383
287.986206      1073.6585693359
288.354950      1057.3909912109
288.723724      1064.3627929688
289.092407      1101.5457763672
289.461060      1122.4611816406
289.829742      1055.0670166016
290.198334      1050.4191894531
290.566925      1048.0952148438
290.935455      1075.9824218750
291.303925      1034.1516113281
291.672394       985.3489379883
292.040894      1078.3063964844
292.409271      1031.8276367188
292.777679      1020.2080078125
293.145996      1015.5601196289
293.514313      1087.6021728516
293.882599      1082.9542236328
294.250824      1062.0388183594
294.619049       978.3771362305
294.987244       983.0250244141
295.355377      1094.5739746094
295.723480      1034.1516113281
296.091614       966.7574462891
296.459625      1069.0106201172
296.827667      1022.5319213867
297.195648      1045.7712402344
297.563599       950.4899291992
297.931488      1034.1516113281
298.299408      1036.4755859375
298.667267      1059.7149658203
299.035095      1110.8415527344
299.402893      1024.8558349609
299.770599      1003.9404296875
300.138367       964.4335327148
300.506042       976.0532226563
300.873718      1038.7994384766
301.241333      1003.9404296875
301.608917      1055.0670166016
301.976471       980.7011108398
302.344025      1001.6165161133
302.711487      1059.7149658203
303.078979       971.4053344727
303.446411      1034.1516113281
303.813782      1062.0388183594
304.181183      1010.9122314453
304.548492      1010.9122314453
304.915771      1015.5601196289
305.283051      1020.2080078125
305.650299      1052.7431640625
306.017456       994.6447143555
306.384644       989.9968261719
306.751770      1041.1234130859
307.118896      1003.9404296875
307.485962      1057.3909912109
307.852966       987.6729125977
308.219971      1010.9122314453
308.586945      1071.3345947266
308.953888      1017.8840942383
309.320801       994.6447143555
309.687653      1078.3063964844
310.054504      1057.3909912109
310.421326       996.9686279297
310.788086      1001.6165161133
311.154846       989.9968261719
311.521515      1062.0388183594
311.888184      1101.5457763672
312.254822      1043.4473876953
312.621429      1010.9122314453
312.988007      1113.1654052734
313.354553      1103.8697509766
313.721039      1069.0106201172
314.087494      1085.2781982422
314.453949      1062.0388183594
314.820343      1055.0670166016
315.186737      1043.4473876953
315.553101      1017.8840942383
315.919373      1050.4191894531
316.285645      1052.7431640625
316.651886      1069.0106201172
317.018066      1082.9542236328
317.384308      1066.6867675781
317.750427      1010.9122314453
318.116516      1001.6165161133
318.482574      1036.4755859375
318.848633      1027.1798095703
319.214661       978.3771362305
319.580627      1010.9122314453
319.946564      1092.2500000000
320.312439      1096.8979492188
320.678314      1106.1936035156
321.044159      1066.6867675781
321.410004      1024.8558349609
321.775757      1036.4755859375
322.141510      1120.1372070313
322.507202       989.9968261719
322.872894      1064.3627929688
323.238525      1006.2644042969
323.604156      1066.6867675781
323.969696      1148.0245361328
324.335266      1055.0670166016
324.700745       983.0250244141
325.066223      1122.4611816406
325.431702      1031.8276367188
325.797089      1110.8415527344
326.162445      1041.1234130859
326.527802      1038.7994384766
326.893097      1050.4191894531
327.258362       985.3489379883
327.623657       994.6447143555
327.988861       945.8420410156
328.353973      1029.5037841797
328.719116       969.0814208984
329.084259      1094.5739746094
329.449341      1017.8840942383
329.814392      1029.5037841797
330.179352      1096.8979492188
330.544312      1052.7431640625
330.909241      1015.5601196289
331.274170      1029.5037841797
331.639069      1069.0106201172
332.003906       994.6447143555
332.368713      1161.9681396484
332.733459      1164.2919921875
333.098206      1015.5601196289
333.462921      1010.9122314453
333.827606      1087.6021728516
334.192230      1052.7431640625
334.556824      1166.6159667969
334.921356      1036.4755859375
335.285919      1117.8133544922
335.650452      1134.0809326172
336.014893      1110.8415527344
336.379333      1048.0952148438
336.743744      1127.1090087891
337.108124      1143.3765869141
337.472443      1038.7994384766
337.836731      1136.4047851563
338.201019      1171.2639160156
338.565247      1106.1936035156
338.929413      1138.7287597656
339.293579      1203.7989501953
339.657776      1141.0527343750
340.021851      1245.6297607422
340.385895      1257.2495117188
340.749908      1229.3623046875
341.113922      1224.7143554688
341.477875      1231.6861572266
341.841827      1350.2069091797
342.205688      1289.7845458984
342.569580      1361.8266601563
342.933380      1405.9814453125
343.297211      1357.1787109375
343.660950      1410.6292724609
344.024658      1352.5308837891
344.388367      1403.6574707031
344.752014      1454.7840576172
345.115601      1454.7840576172
345.479218      1447.8122558594
345.842804      1401.3334960938
346.206299      1498.9388427734
346.569763      1447.8122558594
346.933228      1647.6707763672
347.296661      1568.6569824219
347.660034      1677.8819580078
348.023407      1615.1356201172
348.386719      1647.6707763672
348.750000      1717.3889160156
349.113220      1619.7835693359
349.476471      1698.7973632813
349.839661      1747.6000976563
350.202820      1773.1633300781
350.565887      1921.8952636719
350.928955      1945.1346435547
351.292023      1919.5712890625
351.655029      1977.6696777344
352.018036      2010.2048339844
352.380981      2079.9228515625
352.743866      2028.7962646484
353.106720      2196.1196289063
353.469574      2158.9367675781
353.832397      2316.9643554688
354.195160      2342.5278320313
354.557892      2247.2463378906
354.920593      2363.4431152344
355.283234      2347.1755371094
355.645905      2472.6682128906
356.008514      2414.5698242188
356.371094      2440.1330566406
356.733612      2384.3586425781
357.096100      2428.5134277344
357.458588      2326.2602539063
357.820984      2282.1054687500
358.183411      2279.7814941406
358.545746      2358.7951660156
358.908081      2486.6118164063
359.270355      2521.4707031250
359.632629      2777.1037597656
359.994873      2807.3149414063
360.357056      3007.1735839844
360.719208      2900.2724609375
361.081329      2946.7512207031
361.443420      2890.9765625000
361.805481      2963.0187988281
362.167511      3014.1452636719
362.529480      3053.6520996094
362.891418      3306.9611816406
363.253326      3309.2851562500
363.615234      3327.8767089844
363.977081      3432.4538574219
364.338867      3520.7634277344
364.700653      3597.4533691406
365.062378      3785.6921386719
365.424103      4145.9023437500
365.785767      4187.7329101563
366.147430      4403.8593750000
366.509033      4399.2114257813
366.870605      4313.2255859375
367.232117      4355.0566406250
367.593628      4310.9018554688
367.955109      4348.0844726563
368.316559      4320.1972656250
368.677917      4454.9858398438
369.039307      4459.6337890625
369.400635      4543.2954101563
369.761902      4722.2382812500
370.123199      4866.3222656250
370.484436      4731.5341796875
370.845581      4603.7177734375
371.206726      4852.3789062500
371.567871      4912.8012695313
371.928955      4836.1113281250
372.290039      4736.1821289063
372.651062      4724.5625000000
373.011993      4643.2246093750
373.372955      4517.7319335938
373.733887      4422.4506835938
374.094788      4452.6616210938
374.455627      4468.9291992188
374.816406      4482.8730468750
375.177185      4601.3935546875
375.537903      4845.4072265625
375.898651      4982.5190429688
376.259338      5084.7724609375
376.619965      5254.4199218750
376.980530      5386.8842773438
377.341095      5619.2778320313
377.701660      6009.6992187500
378.062134      6190.9663085938
378.422607      6458.2187500000
378.783020      6114.2763671875
379.143402      6072.4453125000
379.503784      5754.0659179688
379.864105      5705.2636718750
380.224396      5784.2773437500
380.584656      6023.6425781250
380.944855      6072.4453125000
381.305054      5967.8681640625
381.665192      5891.1782226563
382.025299      5621.6015625000
382.385406      5214.9130859375
382.745453      5005.7587890625
383.105438      4652.5205078125
383.465424      4710.6186523438
383.825348      4724.5625000000
384.185272      5135.8989257813
384.545135      5535.6162109375
384.904968      6030.6142578125
385.264771      6139.8393554688
385.624512      6218.8535156250
385.984253      6218.8535156250
386.343964      6458.2187500000
386.703613      6500.0498046875
387.063232      6602.3027343750
387.422821      6716.1757812500
387.782379      6688.2885742188
388.141907      6792.8657226563
388.501404      6662.7250976563
388.860840      6892.7949218750
389.220215      7462.1591796875
389.579620      8050.1152343750
389.938995      8282.5087890625
390.298279      8577.6484375000
390.657562      8770.5351562500
391.016785      8944.8300781250
391.376007      9047.0839843750
391.735168      9091.2382812500
392.094299      8926.2392578125
392.453430      8159.3398437500
392.812469      7471.4550781250
393.171478      6639.4858398438
393.530457      6146.8115234375
393.889435      6107.3041992188
394.248383      6857.9360351563
394.607269      7947.8618164063
394.966125      8733.3525390625
395.324921      9395.6738281250
395.683655      9881.3769531250
396.042419      9404.9697265625
396.401154      8668.2822265625
396.759827      7931.5942382813
397.118469      7552.7929687500
397.477051      7929.2705078125
397.835632      9323.6318359375
398.194153     10525.1074218750
398.552673     11663.8359375000
398.911163     12914.1132812500
399.269592     13485.8017578125
399.627960     14001.7158203125
399.986328     14243.4052734375
400.344666     14259.6728515625
400.702942     14784.8818359375
401.061188     14963.8251953125
401.419403     15242.6972656250
401.777588     15777.2031250000
402.135712     15781.8505859375
402.493835     16067.6953125000
402.851929     16079.3144531250
403.209961     16214.1035156250
403.567932     16393.0468750000
403.925903     16274.5253906250
404.283905     16646.3554687500
404.641754     16725.3691406250
404.999634     17427.1972656250
405.357452     17369.0996093750
405.715210     16513.8906250000
406.072998     16458.1171875000
406.430725     16021.2167968750
406.788422     15853.8925781250
407.146027     16218.7509765625
407.503662     16209.4550781250
407.861237     16690.5097656250
408.218781     16874.1015625000
408.576294     17125.0859375000
408.933777     17824.5917968750
409.291168     17782.7597656250
409.648590     17543.3945312500
410.005951     16967.0585937500
410.363312     16539.4550781250
410.720612     17013.5371093750
411.077820     17696.7734375000
411.435059     18303.3222656250
411.792267     18517.1230468750
412.149384     19160.8535156250
412.506531     18830.8554687500
412.863586     19095.7832031250
413.220642     18800.6445312500
413.577606     18819.2363281250
413.934601     18963.3203125000
414.291565     18919.1640625000
414.648468     19040.0097656250
415.005310     19172.4746093750
415.362122     19188.7421875000
415.718903     19281.6992187500
416.075684     19411.8398437500
416.432434     19702.3320312500
416.789093     19818.5273437500
417.145752     19446.6992187500
417.502350     18981.9101562500
417.858948     19239.8671875000
418.215485     18893.6015625000
418.571991     19030.7128906250
418.928467     19070.2207031250
419.284882     19472.2617187500
419.641266     19258.4589843750
419.997650     19360.7128906250
420.354004     19186.4179687500
420.710266     19713.9511718750
421.066528     20304.2304687500
421.422760     20225.2167968750
421.778931     20706.2714843750
422.135071     20378.5976562500
422.491211     19937.0488281250
422.847260     19258.4589843750
423.203308     19232.8964843750
423.559296     19548.9511718750
423.915283     19860.3593750000
424.271210     20074.1601562500
424.627136     19904.5136718750
424.982971     19871.9785156250
425.338776     20255.4277343750
425.694611     19869.6542968750
426.050323     19737.1894531250
426.406036     20278.6679687500
426.761749     20269.3710937500
427.117371     19834.7949218750
427.472961     19697.6835937500
427.828552     19725.5703125000
428.184113     19934.7246093750
428.539581     19883.5976562500
428.895050     19546.6269531250
429.250458     18747.1933593750
429.605865     17908.2519531250
429.961212     17501.5644531250
430.316559     16776.4960937500
430.671814     15842.2734375000
431.027069     16218.7509765625
431.382263     17489.9433593750
431.737457     18758.8125000000
432.092590     20041.6269531250
432.447723     20838.7363281250
432.802734     20922.3984375000
433.157776     21329.0859375000
433.512756     21491.7617187500
433.867706     20748.1035156250
434.222656     20885.2148437500
434.577545     21640.4941406250
434.932373     22549.1523437500
435.287201     25019.4980468750
435.641968     28449.6269531250
435.996704     30971.0976562500
436.351410     30638.7753906250
436.706085     29460.5390625000
437.060699     26764.7734375000
437.415283     25319.2851562500
437.769867     23797.1074218750
438.124420     22781.5468750000
438.478882     22298.1679687500
438.833313     21798.5214843750
439.187714     22298.1679687500
439.542084     23088.3066406250
439.896454     23529.8535156250
440.250732     23134.7851562500
440.605011     23529.8535156250
440.959229     24187.5273437500
441.313416     24575.6250000000
441.667572     24717.3847656250
442.021698     25405.2714843750
442.375793     25491.2558593750
442.729858     25958.3671875000
443.083832     26021.1132812500
443.437836     25535.4121093750
443.791748     26211.6757812500
444.145630     25863.0859375000
444.499542     26462.6621093750
444.853363     26713.6464843750
445.207123     26455.6894531250
445.560883     25677.1718750000
445.914612     25296.0449218750
446.268280     25447.1015625000
446.621918     25928.1562500000
446.975555     26086.1835937500
447.329132     26815.9003906250
447.682678     27357.3769531250
448.036133     27594.4179687500
448.389618     27945.3339843750
448.743042     27910.4746093750
449.096405     28570.4726562500
449.449799     28024.3476562500
449.803101     28068.5019531250
450.156372     28503.0781250000
450.509613     29525.6093750000
450.862823     29932.2988281250
451.216003     29802.1582031250
451.569122     29260.6816406250
451.922211     29500.0468750000
452.275269     28621.5976562500
452.628296     29211.8789062500
452.981293     27599.0664062500
453.334229     27664.1367187500
453.687134     27624.6308593750
454.040009     28352.0214843750
454.392853     28375.2617187500
454.745636     29012.0195312500
455.098419     28370.6132812500
455.451172     28730.8242187500
455.803864     28756.3867187500
456.156464     29551.1738281250
456.509125     29769.6230468750
456.861694     30141.4531250000
457.214264     30264.6210937500
457.566742     30201.8750000000
457.919220     30234.4101562500
458.271667     30032.2285156250
458.624023     29899.7636718750
458.976379     29651.1015625000
459.328705     29662.7226562500
459.681000     29853.2851562500
460.033234     29825.3984375000
460.385468     30543.4941406250
460.737610     30204.1992187500
461.089752     30668.9863281250
461.441864     31245.3222656250
461.793945     31287.1542968750
462.145996     31542.7871093750
462.497955     32014.5449218750
462.849884     31826.3066406250
463.201813     31877.4335937500
463.553680     32116.7988281250
463.905518     31645.0390625000
464.257355     32005.2500000000
464.609100     31584.6171875000
464.960815     31965.7421875000
465.312531     31856.5175781250
465.664185     31733.3496093750
466.015778     32191.1640625000
466.367371     33069.6132812500
466.718903     32593.2050781250
467.070435     32386.3750000000
467.421906     32648.9804687500
467.773346     32730.3183593750
468.124725     33143.9765625000
468.476074     33232.2890625000
468.827393     34068.9062500000
469.178680     34491.8632812500
469.529938     34519.7500000000
469.881134     34006.1601562500
470.232330     33948.0585937500
470.583435     33996.8632812500
470.934540     34879.9570312500
471.285614     35033.3398437500
471.636627     35247.1406250000
471.987610     36529.9531250000
472.338562     37308.4726562500
472.689453     37859.2460937500
473.040375     37942.9062500000
473.391205     37531.5703125000
473.741974     37847.6250000000
474.092773     38737.6914062500
474.443481     39994.9414062500
474.794159     39620.7890625000
475.144806     40694.4453125000
475.495422     40513.1796875000
475.846039     40545.7148437500
476.196533     40373.7421875000
476.547028     40736.2773437500
476.897522     40796.6992187500
477.247925     41837.8242187500
477.598328     42472.2578125000
477.948700     43915.4218750000
478.299011     43497.1132812500
478.649231     43755.0703125000
478.999481     44712.5312500000
479.349701     44865.9140625000
479.699829     45372.5312500000
480.049988     45579.3593750000
480.400055     46276.5429687500
480.750153     46436.8945312500
481.100128     46799.4257812500
481.450104     47329.2851562500
481.800049     47622.1015625000
482.149963     47810.3398437500
482.499786     48284.4218750000
482.849670     48017.1718750000
483.199432     48386.6757812500
483.549194     47931.1835937500
483.898926     48549.3515625000
484.248566     48451.7460937500
484.598206     48495.9023437500
484.947815     48279.7734375000
485.297394     47612.8046875000
485.646912     46736.6796875000
485.996399     44886.8281250000
486.345825     43336.7617187500
486.695282     43313.5234375000
487.044617     44273.3085937500
487.393951     45755.9804687500
487.743286     47120.1328125000
488.092529     48052.0312500000
488.441711     48361.1132812500
488.790955     48746.8867187500
489.140076     48888.6445312500
489.489197     49132.6601562500
489.838257     50150.5429687500
490.187286     51126.5976562500
490.536316     51149.8359375000
490.885254     51003.4296875000
491.234161     50791.9492187500
491.583069     50350.4023437500
491.931915     50157.5156250000
492.280731     49562.5859375000
492.629486     50157.5156250000
492.978210     50703.6406250000
493.326874     50940.6835937500
493.675568     51105.6796875000
494.024200     51219.5546875000
494.372742     51747.0898437500
494.721313     51984.1289062500
495.069824     52321.1015625000
495.418274     52197.9296875000
495.766724     52046.8750000000
496.115112     52421.0312500000
496.463470     52764.9726562500
496.811768     52432.6484375000
497.160034     52776.5898437500
497.508301     53034.5468750000
497.856506     52741.7343750000
498.204651     52425.6757812500
498.552765     52070.1132812500
498.900848     51644.8359375000
499.248901     52474.4804687500
499.596924     52783.5625000000
499.944885     52428.0000000000
500.292816     52032.9335937500
500.640778     52221.1718750000
500.988556     51377.5820312500
501.336426     51526.3125000000
501.684204     51221.8789062500
502.031952     51133.5703125000
502.379700     51365.9609375000
502.727295     51981.8046875000
503.074982     51998.0742187500
503.422546     51635.5390625000
503.770081     51540.2578125000
504.117615     51400.8203125000
504.465088     51451.9492187500
504.812561     51807.5117187500
505.159943     52116.5937500000
505.507294     52816.0976562500
505.854645     53257.6445312500
506.201904     53622.5039062500
506.549194     53527.2226562500
506.896332     53652.7148437500
507.243591     53459.8281250000
507.590698     52925.3242187500
507.937775     52878.8437500000
508.284912     52711.5195312500
508.631836     53064.7578125000
508.978851     53636.4492187500
509.325806     53985.0390625000
509.672699     53771.2382812500
510.019592     53638.7734375000
510.366364     53820.0390625000
510.713196     53903.6992187500
511.059937     54017.5742187500
511.406677     54477.7148437500
511.753326     55191.1601562500
512.099976     54975.0351562500
512.446594     54473.0664062500
512.793091     54489.3320312500
513.139648     54098.9101562500
513.486145     54170.9531250000
513.832520     54084.9687500000
514.179016     54061.7265625000
514.525269     53896.7304687500
514.871704     53845.6015625000
515.217957     54071.0234375000
515.564209     54259.2617187500
515.910522     54161.6562500000
516.256531     53757.2929687500
516.602783     52809.1250000000
516.948853     51254.4140625000
517.294922     50810.5429687500
517.640930     50943.0078125000
517.986877     51317.1601562500
518.332886     51482.1601562500
518.678711     51507.7226562500
519.024658     51716.8750000000
519.370422     52507.0156250000
519.716248     53250.6757812500
520.062073     53810.7421875000
520.407715     53796.8007812500
520.753418     53971.0937500000
521.099060     54482.3593750000
521.444580     54647.3593750000
521.790222     54652.0078125000
522.135681     54679.8945312500
522.481201     54579.9648437500
522.826660     54005.9531250000
523.172058     54005.9531250000
523.517395     54559.0507812500
523.862671     54930.8789062500
524.208069     55133.0625000000
524.553284     55195.8085937500
524.898438     55305.0351562500
525.243591     55516.5117187500
525.588745     55228.3437500000
525.933899     55151.6562500000
526.278931     54473.0664062500
526.623962     53187.9296875000
526.968872     52720.8164062500
527.313904     52581.3828125000
527.658813     52920.6757812500
528.003601     53668.9843750000
528.348450     54475.3906250000
528.693237     54693.8398437500
529.037964     55202.7812500000
529.382751     55091.2304687500
529.727356     55314.3281250000
530.072021     55121.4414062500
530.416626     55172.5703125000
530.761169     55528.1328125000
531.105652     55535.1054687500
531.450134     55530.4570312500
531.794617     55442.1484375000
532.138916     55488.6250000000
532.483337     54654.3320312500
532.827637     53947.8554687500
533.171936     53989.6875000000
533.516174     54194.1914062500
533.860352     54294.1210937500
534.204529     54491.6562500000
534.548645     54338.2773437500
534.892700     54714.7539062500
535.236816     54861.1640625000
535.580750     55321.3007812500
535.924744     55379.3984375000
536.268738     55407.2890625000
536.612549     55133.0625000000
536.956421     54561.3750000000
537.300232     54175.6015625000
537.644043     54747.2890625000
537.987671     55065.6679687500
538.331421     54923.9101562500
538.675049     54995.9492187500
539.018677     54868.1328125000
539.362305     54654.3320312500
539.705750     54268.5585937500
540.049316     53989.6875000000
540.392822     53497.0117187500
540.736145     53613.2070312500
541.079590     53747.9960937500
541.422913     53836.3046875000
541.766235     54352.2187500000
542.109436     54889.0507812500
542.452698     55147.0078125000
542.795898     55172.5703125000
543.138977     55028.4843750000
543.482178     55044.7539062500
543.825195     55409.6132812500
544.168213     55709.3984375000
544.511230     55776.7929687500
544.854187     55909.2578125000
545.197083     56009.1875000000
545.539917     56515.8046875000
545.882813     57622.0000000000
546.225586     58235.5195312500
546.568359     58223.8984375000
546.911133     57447.7031250000
547.253662     56685.4531250000
547.596436     56071.9335937500
547.938965     55346.8632812500
548.281494     55395.6679687500
548.624084     55495.5976562500
548.966492     55328.2734375000
549.308960     55372.4296875000
549.651367     55270.1757812500
549.993713     55307.3593750000
550.336060     55490.9492187500
550.678345     55149.3320312500
551.020630     55514.1875000000
551.362732     54944.8242187500
551.704956     55181.8671875000
552.047058     55351.5117187500
552.389160     55384.0468750000
552.731262     55019.1914062500
553.073181     55193.4843750000
553.415161     54877.4296875000
553.757080     54930.8789062500
554.098999     55149.3320312500
554.440857     55209.7539062500
554.782593     54986.6562500000
555.124390     55223.6953125000
555.466125     55314.3281250000
555.807800     54970.3867187500
556.149414     54810.0351562500
556.491089     54740.3164062500
556.832642     54363.8398437500
557.174133     54252.2929687500
557.515686     54140.7421875000
557.857117     54026.8710937500
558.198486     54224.4023437500
558.539917     53473.7734375000
558.881165     53513.2812500000
559.222534     53148.4218750000
559.563782     53094.9726562500
559.904968     53078.7031250000
560.246216     53246.0273437500
560.587280     53480.7460937500
560.928406     53390.1093750000
561.269470     53429.6171875000
561.610474     53341.3085937500
561.951477     52962.5078125000
562.292297     52990.3945312500
562.633301     52883.4921875000
562.974121     53157.7187500000
563.315002     53004.3359375000
563.655762     53004.3359375000
563.996460     52697.5781250000
564.337158     52472.1562500000
564.677795     52802.1562500000
565.018433     52537.2265625000
565.359009     52225.8203125000
565.699524     51791.2421875000
566.040100     51619.2695312500
566.380493     51345.0468750000
566.720947     51442.6523437500
567.061340     51377.5820312500
567.401611     51470.5390625000
567.742004     51356.6679687500
568.082153     51145.1875000000
568.422424     50582.7968750000
568.762634     49839.1367187500
569.102722     49706.6718750000
569.442810     49516.1093750000
569.782898     49155.8984375000
570.122986     49165.1953125000
570.462830     49088.5039062500
570.802856     48495.9023437500
571.142761     48086.8867187500
571.482605     48728.2929687500
571.822449     48284.4218750000
572.162170     48995.5468750000
572.501953     48691.1132812500
572.841675     49002.5195312500
573.181274     49011.8164062500
573.520996     48612.0976562500
573.860474     48581.8867187500
574.200073     48547.0273437500
574.539551     48024.1406250000
574.878967     47842.8750000000
575.218384     47796.3945312500
575.557739     47308.3710937500
575.897156     47329.2851562500
576.236450     47503.5820312500
576.575684     47445.4804687500
576.914856     47754.5664062500
577.254089     48121.7460937500
577.593262     47912.5937500000
577.932251     47566.3281250000
578.271362     47175.9062500000
578.610352     47157.3125000000
578.949341     46955.1328125000
579.288330     47329.2851562500
579.627197     47322.3125000000
579.966064     47024.8476562500
580.304871     47429.2148437500
580.643677     47770.8320312500
580.982483     46924.9218750000
581.321045     47515.1992187500
581.659790     47080.6250000000
581.998413     47399.0039062500
582.336914     47278.1601562500
582.675476     47710.4101562500
583.013916     47457.1015625000
583.352478     47989.2812500000
583.690796     47526.8203125000
584.029175     47259.5664062500
584.367493     47282.8046875000
584.705811     47127.1015625000
585.044128     46897.0312500000
585.382202     46641.3984375000
585.720459     46543.7929687500
586.058594     45946.5429687500
586.396667     45883.7968750000
586.734802     45419.0078125000
587.072693     46053.4453125000
587.410767     45360.9101562500
587.748657     44621.8984375000
588.086487     44205.9140625000
588.424316     42435.0742187500
588.762146     40829.2343750000
589.099976     39602.1953125000
589.437622     38142.7656250000
589.775391     37789.5273437500
590.113037     38440.2304687500
590.450623     38823.6796875000
590.788208     39460.4375000000
591.125671     39128.1132812500
591.463196     38974.7343750000
591.800659     39541.7734375000
592.138062     39209.4531250000
592.475464     39460.4375000000
592.812683     40208.7460937500
593.150024     40757.1953125000
593.487244     40910.5742187500
593.824402     40666.5585937500
594.161621     39939.1679687500
594.498657     39121.1406250000
594.835815     38568.0468750000
595.172852     39232.6914062500
595.509827     39237.3398437500
595.846741     39674.2382812500
596.183655     40231.9843750000
596.520630     40689.8007812500
596.857422     40097.1953125000
597.194214     40331.9140625000
597.530945     40455.0820312500
597.867615     40359.8007812500
598.204346     40390.0117187500
598.540955     40329.5898437500
598.877563     40457.4062500000
599.214111     40524.8007812500
599.550598     40947.7578125000
599.887085     40687.4765625000
600.223450     40668.8828125000
600.559937     40713.0390625000
600.896240     40796.6992187500
601.232544     40176.2109375000
601.568787     40529.4492187500
601.905029     40053.0390625000
602.241272     39953.1132812500
602.577271     40143.6757812500
602.913452     39820.6484375000
603.249512     40180.8554687500
603.585510     40352.8281250000
603.921509     40840.8554687500
604.257385     40831.5585937500
604.593323     40531.7734375000
604.929199     40650.2929687500
605.264954     40485.2929687500
605.600830     39906.6328125000
605.936462     40104.1679687500
606.272217     39983.3242187500
606.607849     39583.6054687500
606.943420     39402.3398437500
607.278992     39599.8750000000
607.614502     39588.2539062500
607.950012     39079.3125000000
608.285461     38851.5664062500
608.620850     38832.9726562500
608.956177     38500.6523437500
609.291504     38214.8085937500
609.626831     38805.0859375000
609.962036     38168.3281250000
610.297302     38932.9023437500
610.632446     38981.7070312500
610.967529     39502.2695312500
611.302673     40062.3359375000
611.637634     39950.7890625000
611.972656     39253.6054687500
612.307617     39390.7187500000
612.642517     38672.6210937500
612.977356     38226.4257812500
613.312195     37875.5117187500
613.646973     37601.2890625000
613.981750     37178.3320312500
614.316406     37185.3046875000
614.651062     36615.9375000000
614.985657     36567.1367187500
615.320313     36271.9960937500
615.654846     36190.6601562500
615.989319     35602.7031250000
616.323792     35021.7187500000
616.658203     34938.0585937500
616.992615     34577.8476562500
617.326904     35114.6757812500
617.661194     35012.4218750000
617.995483     35086.7890625000
618.329712     34761.4375000000
618.663940     34682.4257812500
618.997925     34754.4648437500
619.332092     34563.9023437500
619.666077     34626.6484375000
620.000061     35042.6328125000
620.334045     34508.1289062500
620.667969     34680.1015625000
621.001892     34645.2421875000
621.335632     34215.3125000000
621.669495     34157.2148437500
622.003296     33876.0195312500
622.336914     33315.9492187500
622.670654     33299.6835937500
623.004272     33304.3281250000
623.337891     32586.2343750000
623.671387     32662.9238281250
624.004883     31982.0097656250
624.338440     32140.0371093750
624.671753     31568.3496093750
625.005249     31398.7031250000
625.338562     31461.4492187500
625.671814     30929.2675781250
626.005066     30827.0136718750
626.338257     30926.9433593750
626.671509     30685.2539062500
627.004578     30341.3105468750
627.337708     29732.4394531250
627.670776     29281.5957031250
628.003723     28658.7812500000
628.336731     28307.8671875000
628.669556     28493.7812500000
629.002502     28491.4589843750
629.335327     28596.0351562500
629.668152     28528.6406250000
630.000916     28235.8242187500
630.333618     28110.3320312500
630.666321     28282.3046875000
630.998962     28005.7558593750
631.331482     28310.1914062500
631.664063     27752.4472656250
631.996521     27550.2636718750
632.329102     27703.6445312500
632.661499     27689.6992187500
632.993835     27571.1796875000
633.326172     27494.4902343750
633.658447     27406.1796875000
633.990784     27501.4609375000
634.322937     27417.7988281250
634.655212     27815.1933593750
634.987244     27306.2500000000
635.319397     26906.5332031250
635.651489     26980.9003906250
635.983398     27111.0390625000
636.315430     26627.6621093750
636.647278     26416.1835937500
636.979187     26708.9980468750
637.311035     26623.0136718750
637.642761     26743.8574218750
637.974609     27050.6171875000
638.306335     26676.4648437500
638.637939     26790.3359375000
638.969604     26430.1269531250
639.301147     26346.4648437500
639.632751     25972.3105468750
639.964233     25802.6640625000
640.295715     25735.2695312500
640.627075     25507.5234375000
640.958496     25447.1015625000
641.289917     25472.6640625000
641.621094     25163.5820312500
641.952393     24808.0195312500
642.283569     25063.6523437500
642.614746     24986.9628906250
642.945923     25170.5527343750
643.276917     24756.8925781250
643.608093     24689.4980468750
643.939026     24766.1875000000
644.269958     24473.3730468750
644.600891     24512.8789062500
644.931763     24531.4707031250
645.262634     24345.5566406250
645.593384     23759.9238281250
645.924133     23483.3750000000
646.254822     22793.1660156250
646.585510     22941.8984375000
646.916199     22556.1250000000
647.246704     22084.3652343750
647.577271     21738.0996093750
647.907715     21356.9746093750
648.238220     21501.0585937500
648.568665     21391.8320312500
648.898987     20964.2285156250
649.229309     21094.3691406250
649.559570     21006.0585937500
649.889832     20910.7773437500
650.220093     21140.8476562500
650.550171     21433.6640625000
650.880310     21861.2675781250
651.210388     21303.5234375000
651.540405     20813.1718750000
651.870422     20652.8203125000
652.200317     20803.8769531250
652.530273     21010.7070312500
652.860046     21282.6074218750
653.189941     21038.5937500000
653.519775     21103.6640625000
653.849426     21089.7207031250
654.179199     20829.4394531250
654.508789     20634.2304687500
654.838440     20229.8652343750
655.168030     19934.7246093750
655.497498     19583.8105468750
655.827026     18823.8828125000
656.156372     18226.6308593750
656.485840     17901.2812500000
656.815247     17785.0839843750
657.144470     17919.8730468750
657.473755     18431.1386718750
657.802979     18935.4316406250
658.132202     19237.5449218750
658.461243     19288.6699218750
658.790466     19437.4023437500
659.119507     19530.3593750000
659.448486     19632.6132812500
659.777527     19655.8535156250
660.106384     19876.6269531250
660.435242     19611.6972656250
660.764160     20025.3593750000
661.092896     19862.6835937500
661.421692     19953.3164062500
661.750427     19895.2187500000
662.079102     19983.5273437500
662.407715     20020.7109375000
662.736328     19716.2753906250
663.064880     19899.8652343750
663.393311     19662.8242187500
663.721802     19077.1933593750
664.050232     19239.8671875000
664.378601     19035.3613281250
664.706970     19374.6562500000
665.035217     19033.0371093750
665.363525     19002.8261718750
665.691650     18826.2070312500
666.019897     18612.4042968750
666.347961     18984.2343750000
666.676086     18610.0820312500
667.004150     18607.7578125000
667.332092     18373.0390625000
667.660095     18319.5898437500
667.987915     18163.8847656250
668.315796     18105.7871093750
668.643677     18098.8144531250
668.971436     17991.9140625000
669.299133     17854.8027343750
669.626892     17715.3652343750
669.954468     17740.9296875000
670.282104     17717.6894531250
670.609619     17564.3105468750
670.937256     17280.7890625000
671.264587     17241.2832031250
671.592163     16897.3398437500
671.919495     16964.7343750000
672.246887     17029.8046875000
672.574097     16785.7910156250
672.901489     16486.0039062500
673.228699     16539.4550781250
673.555847     16165.3007812500
673.882996     16458.1171875000
674.210022     16409.3144531250
674.537109     15930.5830078125
674.864136     15905.0195312500
675.191101     15730.7246093750
675.518005     15707.4853515625
675.844849     15614.5273437500
676.171692     15707.4853515625
676.498535     15454.1757812500
676.825256     15224.1064453125
677.151978     15080.0224609375
677.478577     15133.4726562500
677.805237     15172.9794921875
678.131836     15003.3320312500
678.458435     15440.2324218750
678.784851     14808.1220703125
679.111328     14766.2910156250
679.437744     15024.2480468750
679.764099     14810.4453125000
680.090454     14389.8134765625
680.416687     14241.0810546875
680.742920     14231.7851562500
681.069153     14182.9824218750
681.395203     14155.0957031250
681.721313     14210.8701171875
682.047485     14017.9833984375
682.373474     13871.5751953125
682.699402     13778.6181640625
683.025391     13760.0263671875
683.351196     13555.5195312500
683.677063     13611.2949218750
684.002930     13439.3232421875
684.328674     13069.8173828125
684.654358     13251.0839843750
684.980042     12983.8320312500
685.305603     12800.2402343750
685.631287     12767.7060546875
685.956787     12628.2695312500
686.282288     12251.7919921875
686.607788     11470.9492187500
686.933167     10722.6416015625
687.258545     10106.7988281250
687.583923      9837.2216796875
687.909180      9525.8144531250
688.234375      9716.3769531250
688.559631      9690.8144531250
688.884766      9827.9267578125
689.209839      9635.0400390625
689.534973      9676.8701171875
689.859924      9623.4199218750
690.184937      9774.4755859375
690.509827      9927.8554687500
690.834717     10102.1503906250
691.159668      9892.9960937500
691.484436      9967.3623046875
691.809204     10088.2070312500
692.133911      9807.0107421875
692.458557      9655.9550781250
692.783142      9416.5898437500
693.107849      9523.4902343750
693.432312      9226.0263671875
693.756836      8844.9013671875
694.081238      9074.9707031250
694.405701      8912.2958984375
694.730164      9035.4638671875
695.054443      8754.2675781250
695.378723      8851.8730468750
695.702942      8796.0986328125
696.027100      9088.9150390625
696.351257      9072.6474609375
696.675476      9300.3925781250
696.999512      9414.2656250000
697.323486      9423.5615234375
697.647461      9477.0117187500
697.971375      9367.7871093750
698.295349      9286.4492187500
698.619202      9246.9423828125
698.942993      8854.1972656250
699.266724      8800.7460937500
699.590393      8905.3232421875
699.914124      8656.6621093750
700.237793      8619.4794921875
700.561340      8552.0849609375
700.884949      8354.5507812500
701.208374      8301.1005859375
701.531860      8245.3261718750
701.855286      7901.3833007813
702.178650      7889.7636718750
702.501953      8175.6074218750
702.825195      8205.8183593750
703.148499      8205.8183593750
703.471680      8380.1142578125
703.794861      8275.5371093750
704.117981      8498.6347656250
704.440979      8419.6210937500
704.764038      8398.7050781250
705.086975      8352.2265625000
705.409851      8270.8886718750
705.732849      8173.2836914063
706.055664      8173.2836914063
706.378479      8301.1005859375
706.701233      8384.7617187500
707.023926      8380.1142578125
707.346619      8421.9453125000
707.669250      8440.5361328125
707.991821      8147.7202148438
708.314392      8394.0576171875
708.636841      8398.7050781250
708.959290      8322.0156250000
709.281738      8282.5087890625
709.604065      8275.5371093750
709.926392      8064.0585937500
710.248657      8198.8466796875
710.570862      8110.5375976563
710.893066      8080.3261718750
711.215210      8375.4658203125
711.537292      8170.9599609375
711.859314      8045.4672851563
712.181335      8240.6777343750
712.503357      8057.0869140625
712.825256      8064.0585937500
713.147156      7810.7495117188
713.468994      7857.2285156250
713.790771      7817.7216796875
714.112488      7668.9897460938
714.434143      7662.0175781250
714.755859      7615.5390625000
715.077515      7589.9755859375
715.399109      7422.6523437500
715.720581      7169.3432617188
716.042053      7074.0620117188
716.363525      6681.3164062500
716.684875      6434.9794921875
717.006287      5916.7416992188
717.327576      5598.3623046875
717.648804      5149.8427734375
717.969971      5189.3496093750
718.291260      4924.4208984375
718.612366      4805.8999023438
718.933411      4575.8305664063
719.254395      4448.0141601563
719.575439      4480.5488281250
719.896362      4373.6479492188
720.217285      4187.7329101563
720.538147      4334.1411132813
720.859009      4578.1542968750
721.179749      4845.4072265625
721.500488      5126.6035156250
721.821228      5293.9267578125
722.141785      5554.2075195313
722.462402      5535.6162109375
722.782959      5361.3208007813
723.103455      5212.5888671875
723.423950      5012.7304687500
723.744385      5024.3500976563
724.064758      4843.0830078125
724.385071      4833.7871093750
724.705322      4503.7885742188
725.025574      4647.8725585938
725.345825      4629.2807617188
725.665955      4550.2670898438
725.986023      4524.7036132813
726.306091      4603.7177734375
726.626099      4485.1967773438
726.946045      4482.8730468750
727.266052      4501.4643554688
727.585938      4485.1967773438
727.905762      4394.5634765625
728.225525      4403.8593750000
728.545288      4510.7602539063
728.864990      4413.1547851563
729.184692      4487.5209960938
729.504333      4248.1552734375
729.823853      4415.4790039063
730.143372      4373.6479492188
730.462891      4475.9013671875
730.782410      4415.4790039063
731.101746      4443.3662109375
731.421143      4373.6479492188
731.740417      4382.9438476563
732.059631      4496.8164062500
732.378845      4791.9565429688
732.698059      4973.2236328125
733.017212      4859.3505859375
733.336304      5070.8286132813
733.655273      5126.6035156250
733.974304      5140.5468750000
734.293335      5347.3774414063
734.612183      5182.3779296875
734.931030      5059.2089843750
735.249878      5263.7153320313
735.568665      5242.8002929688
735.887329      4945.3364257813
736.206055      5031.3217773438
736.524658      5321.8139648438
736.843262      5089.4204101563
737.161804      5235.8281250000
737.480286      4989.4912109375
737.798828      5175.4057617188
738.117249      5110.3359375000
738.435608      5277.6591796875
738.753906      5163.7861328125
739.072205      5108.0117187500
739.390442      5145.1948242188
739.708618      5203.2929687500
740.026733      5124.2792968750
740.344849      5249.7719726563
740.662903      5324.1376953125
740.980957      5121.9555664063
741.298889      5231.1806640625
741.616821      5070.8286132813
741.934692      5198.6455078125
742.252502      5196.3212890625
742.570313      5210.2651367188
742.888062      5196.3212890625
743.205750      5203.2929687500
743.523438      5173.0820312500
743.841003      5163.7861328125
744.158569      5091.7441406250
744.476074      5108.0117187500
744.793518      5091.7441406250
745.111023      5133.5751953125
745.428345      5070.8286132813
745.745728      5089.4204101563
746.062988      5101.0400390625
746.380249      5484.4892578125
746.697449      5124.2792968750
747.014648      5063.8569335938
747.331726      4926.7446289063
747.648804      4980.1953125000
747.965759      4861.6748046875
748.282776      4803.5761718750
748.599731      4791.9565429688
748.916626      4764.0693359375
749.233459      4801.2524414063
749.550232      4743.1538085938
749.867004      4647.8725585938
750.183655      4561.8867187500
750.500366      4701.3227539063
750.816956      4619.9853515625
751.133545      4550.2670898438
751.450073      4503.7885742188
751.766479      4606.0415039063
752.083008      4561.8867187500
752.399414      4473.5771484375
752.715698      4445.6899414063
753.032043      4441.0419921875
753.348328      4515.4082031250
753.664429      4278.3666992188
753.980713      4294.6342773438
754.296814      4183.0849609375
754.612854      4285.3383789063
754.928833      4224.9160156250
755.244873      4294.6342773438
755.560852      4145.9023437500
755.876709      4171.4653320313
756.192505      4164.4936523438
756.508362      4101.7475585938
756.824097      4045.9729003906
757.139771      3973.9309082031
757.455505      3999.4941406250
757.771118      3999.4941406250
758.086670      3976.2548828125
758.402222      3885.6213378906
758.717712      3820.5512695313
759.033081      3722.9458007813
759.348511      3499.8479003906
759.663879      3128.0180664063
759.979187      2656.2590332031
760.294434      2284.4291992188
760.609619      2042.7399902344
760.924805      1903.3037109375
761.239929      1763.8675537109
761.554993      1819.6420898438
761.869995      2012.5288085938
762.184998      2061.3315429688
762.499939      2079.9228515625
762.814880      2014.8526611328
763.129700      1959.0782470703
763.444519      1989.2894287109
763.759277      2010.2048339844
764.073975      2079.9228515625
764.388672      1998.5852050781
764.703308      2196.1196289063
765.017883      2333.2319335938
765.332397      2337.8798828125
765.646851      2356.4714355469
765.961304      2542.3862304688
766.275696      2686.4702148438
766.590088      2716.6813964844
766.904358      2760.8361816406
767.218628      2881.6809082031
767.532776      3095.4831542969
767.846924      3069.9196777344
768.161072      3081.5395507813
768.475159      3237.2431640625
768.789185      3258.1586914063
769.103149      3237.2431640625
769.417114      3334.8483886719
769.731079      3274.4260253906
770.044861      3216.3276367188
770.358643      3376.6794433594
770.672363      3383.6511230469
770.986084      3330.2006835938
771.299683      3402.2426757813
771.613403      3265.1303710938
771.927002      3346.4682617188
772.240479      3358.0878906250
772.553955      3267.4543457031
772.867371      3458.0170898438
773.180847      3265.1303710938
773.494141      3320.9047851563
773.807434      3181.4687500000
774.120667      3220.9755859375
774.433899      3274.4260253906
774.747009      3100.1308593750
775.060181      3214.0039062500
775.373230      3151.2575683594
775.686218      3207.0319824219
775.999207      3241.8911132813
776.312073      3128.0180664063
776.624939      3174.4968261719
776.937866      3172.1728515625
777.250671      3174.4968261719
777.563416      3042.0324707031
777.876099      3118.7224121094
778.188721      3148.9335937500
778.501343      3007.1735839844
778.813904      2914.2160644531
779.126404      3018.7932128906
779.438904      2995.5537109375
779.751282      3014.1452636719
780.063660      2965.3425292969
780.376038      3037.3847656250
780.688293      2900.2724609375
781.000549      2953.7229003906
781.312683      2828.2304687500
781.624817      2932.8076171875
781.937012      2837.5261230469
782.249023      2877.0329589844
782.561035      2895.6245117188
782.872986      2770.1320800781
783.184937      2923.5117187500
783.496765      2758.5122070313
783.808655      2767.8081054688
784.120422      2781.7517089844
784.432129      2653.9350585938
784.743774      2702.7377929688
785.055420      2684.1462402344
785.367004      2642.3154296875
785.678589      2600.4846191406
785.990051      2688.7941894531
786.301514      2630.6958007813
786.612976      2609.7802734375
786.924316      2554.0058593750
787.235657      2461.0483398438
787.546936      2486.6118164063
787.858154      2533.0905761719
788.169312      2465.6962890625
788.480408      2472.6682128906
788.791504      2395.9782714844
789.102600      2347.1755371094
789.413513      2326.2602539063
789.724487      2268.1618652344
790.035400      2254.2180175781
790.346191      2335.5559082031
790.657043      2319.2883300781
790.967834      2240.2744140625
791.278564      2321.6123046875
791.589172      2224.0070800781
791.899780      2212.3872070313
792.210327      2221.6831054688
792.520935      2249.5703125000
792.831421      2224.0070800781
793.141846      2277.4575195313
793.452209      2184.5000000000
793.762573      2330.9079589844
794.072815      2240.2744140625
794.383118      2228.6547851563
794.693359      2228.6547851563
795.003479      2149.6411132813
795.313538      2221.6831054688
795.623596      2177.5283203125
795.933716      2196.1196289063
796.243652      2147.3171386719
796.553589      1919.5712890625
796.863464      2014.8526611328
797.173218      2161.2607421875
797.483032      2154.2888183594
797.792786      2042.7399902344
798.102478      2056.6835937500
798.412109      2179.8522949219
798.721741      2112.4580078125
799.031250      2121.7536621094
799.340820      2024.1484375000
799.650269      1945.1346435547
799.959656      2021.8244628906
800.269043      1973.0218505859
800.578369      1973.0218505859
800.887573      1940.4866943359
801.196899      1991.6134033203
801.505981      1963.7260742188
801.815186      1898.6558837891
802.124207      1887.0362548828
802.433289      2005.5570068359
802.742188      1824.2899169922
803.051270      1868.4447021484
803.360168      1952.1064453125
803.668945      1912.5994873047
803.977783      1894.0080566406
804.286499      1898.6558837891
804.595276      1963.7260742188
804.903931      1810.3463134766
805.212524      1868.4447021484
805.521057      1887.0362548828
805.829590      1949.7824707031
806.138062      1882.3883056641
806.446533      1938.1628417969
806.754944      1859.1489257813
807.063293      1968.3740234375
807.371521      1905.6276855469
807.679749      1859.1489257813
807.987976      1900.9798583984
808.296143      1868.4447021484
808.604248      1875.4165039063
808.912292      1896.3319091797
809.220276      1831.2617187500
809.528198      1703.4453125000
809.836182      1754.5718994141
810.144043      1777.8111572266
810.451843      1668.5861816406
810.759644      1717.3889160156
811.067322      1770.8393554688
811.375061      1784.7829589844
811.682678      1777.8111572266
811.990295      1749.9239501953
812.297791      1670.9101562500
812.605286      1696.4733886719
812.912720      1636.0511474609
813.220154      1573.3048095703
813.527527      1566.3330078125
813.834839      1494.2910156250
814.142029      1426.8968505859
814.449219      1531.4739990234
814.756409      1482.6712646484
815.063538      1466.4038085938
815.370605      1338.5872802734
815.677612      1461.7558593750
815.984619      1313.0239257813
816.291504      1378.0942382813
816.598389      1361.8266601563
816.905273      1426.8968505859
817.212036      1440.8404541016
817.518738      1371.1223144531
817.825439      1347.8830566406
818.132080      1315.3479003906
818.438721      1331.6154785156
818.745239      1338.5872802734
819.051758      1396.6856689453
819.358215      1352.5308837891
819.664612      1436.1926269531
819.971008      1405.9814453125
820.277344      1415.2770996094
820.583557      1515.2064208984
820.889771      1419.9250488281
821.195923      1505.9106445313
821.502075      1566.3330078125
821.808167      1461.7558593750
822.114197      1482.6712646484
822.420166      1408.3052978516
822.726074      1422.2490234375
823.031921      1275.8409423828
823.337769      1220.0665283203
823.643677      1366.4744873047
823.949402      1366.4744873047
824.255066      1324.6436767578
824.560730      1415.2770996094
824.866272      1319.9957275391
825.171936      1468.7276611328
825.477356      1464.0798339844
825.782837      1457.1080322266
826.088257      1419.9250488281
826.393616      1405.9814453125
826.698914      1480.3474121094
827.004272      1519.8542480469
827.309448      1373.4462890625
827.614624      1454.7840576172
827.919739      1396.6856689453
828.224854      1405.9814453125
828.529907      1350.2069091797
828.834839      1333.9394531250
829.139832      1352.5308837891
829.444702      1422.2490234375
829.749512      1475.6994628906
830.054260      1450.1362304688
830.359131      1408.3052978516
830.663818      1380.4180908203
830.968506      1345.5590820313
831.273071      1336.2633056641
831.577576      1361.8266601563
831.882080      1431.5446777344
832.186646      1429.2208251953
832.491028      1419.9250488281
832.795410      1410.6292724609
833.099731      1278.1649169922
833.403931      1326.9675292969
833.708191      1392.0378417969
834.012390      1373.4462890625
834.316467      1387.3898925781
834.620605      1422.2490234375
834.924622      1331.6154785156
835.228577      1322.3197021484
835.532593      1424.5728759766
835.836426      1392.0378417969
836.140320      1343.2351074219
836.444031      1329.2915039063
836.747803      1436.1926269531
837.051514      1324.6436767578
837.355225      1371.1223144531
837.658752      1361.8266601563
837.962341      1433.8686523438
838.265808      1405.9814453125
838.569336      1452.4600830078
838.872742      1313.0239257813
839.176147      1333.9394531250
839.479370      1405.9814453125
839.782715      1319.9957275391
840.085876      1424.5728759766
840.389038      1366.4744873047
840.692261      1350.2069091797
840.995300      1345.5590820313
841.298340      1361.8266601563
841.601257      1394.3616943359
841.904236      1457.1080322266
842.207153      1308.3760986328
842.509949      1294.4324951172
842.812805      1440.8404541016
843.115540      1301.4042968750
843.418152      1401.3334960938
843.720825      1275.8409423828
844.023438      1287.4606933594
844.325989      1278.1649169922
844.628540      1326.9675292969
844.930969      1336.2633056641
845.233337      1315.3479003906
845.535767      1254.9255371094
845.838013      1366.4744873047
846.140259      1364.1505126953
846.442505      1343.2351074219
846.744690      1326.9675292969
847.046753      1254.9255371094
847.348877      1354.8548583984
847.650879      1389.7138671875
847.952881      1315.3479003906
848.254761      1338.5872802734
848.556641      1296.7564697266
848.858459      1338.5872802734
849.160278      1352.5308837891
849.462036      1264.2213134766
849.763733      1206.1229248047
850.065308      1296.7564697266
850.366882      1306.0521240234
850.668518      1287.4606933594
850.969971      1357.1787109375
851.271423      1317.6718750000
851.572815      1287.4606933594
851.874084      1268.8691406250
852.175476      1336.2633056641
852.476685      1278.1649169922
852.777893      1199.1511230469
853.079041      1306.0521240234
853.380127      1368.7984619141
853.681213      1310.7000732422
853.982239      1252.6016845703
854.283203      1243.3059082031
854.584106      1192.1793212891
854.885010      1243.3059082031
855.185791      1203.7989501953
855.486572      1231.6861572266
855.787292      1282.8127441406
856.088013      1182.8835449219
856.388611      1206.1229248047
856.689148      1315.3479003906
856.989685      1213.0947265625
857.290161      1257.2495117188
857.590637      1192.1793212891
857.890991      1250.2777099609
858.191284      1268.8691406250
858.491577      1245.6297607422
858.791809      1231.6861572266
859.092041      1220.0665283203
859.392212      1180.5595703125
859.692261      1236.3341064453
859.992310      1157.3201904297
860.292297      1231.6861572266
860.592224      1254.9255371094
860.892151      1280.4888916016
861.191956      1245.6297607422
861.491760      1222.3905029297
861.791565      1289.7845458984
862.091248      1238.6579589844
862.390930      1229.3623046875
862.690552      1208.4467773438
862.990051      1289.7845458984
863.289551      1252.6016845703
863.589050      1266.5452880859
863.888428      1196.8271484375
864.187805      1094.5739746094
864.487122      1252.6016845703
864.786377      1261.8973388672
865.085632      1238.6579589844
865.384705      1173.5877685547
865.683838      1234.0101318359
865.982971      1182.8835449219
866.281982      1161.9681396484
866.580933      1196.8271484375
866.879883      1196.8271484375
867.178711      1145.7005615234
867.477600      1120.1372070313
867.776367      1182.8835449219
868.075134      1229.3623046875
868.373718      1175.9117431641
868.672424      1161.9681396484
868.970947      1201.4749755859
869.269531      1157.3201904297
869.568054      1148.0245361328
869.866455      1168.9399414063
870.164856      1154.9963378906
870.463196      1178.2357177734
870.761536      1166.6159667969
871.059753      1231.6861572266
871.357971      1136.4047851563
871.656067      1208.4467773438
871.954102      1168.9399414063
872.252197      1124.7851562500
872.550232      1159.6441650391
872.848206      1143.3765869141
873.146057      1092.2500000000
873.443848      1082.9542236328
873.741638      1143.3765869141
874.039429      1101.5457763672
874.337158      1120.1372070313
874.634827      1129.4329833984
874.932373      1136.4047851563
875.229980      1166.6159667969
875.527466      1092.2500000000
875.825012      1115.4893798828
876.122375      1115.4893798828
876.419739      1122.4611816406
876.717041      1094.5739746094
877.014282      1164.2919921875
877.311462      1196.8271484375
877.608704      1148.0245361328
877.905762      1124.7851562500
878.202881      1120.1372070313
878.499817      1138.7287597656
878.796814      1110.8415527344
879.093811      1027.1798095703
879.390625      1106.1936035156
879.687439      1082.9542236328
879.984253      1066.6867675781
880.280884      1143.3765869141
880.577637      1182.8835449219
880.874268      1134.0809326172
881.170837      1215.4187011719
881.467346      1106.1936035156
881.763855      1082.9542236328
882.060242      1092.2500000000
882.356567      1166.6159667969
882.652954      1101.5457763672
882.949280      1159.6441650391
883.245483      1127.1090087891
883.541626      1161.9681396484
883.837830      1136.4047851563
884.133911      1122.4611816406
884.429932      1080.6303710938
884.725952      1057.3909912109
885.021851      1066.6867675781
885.317688      1087.6021728516
885.613525      1101.5457763672
885.909363      1082.9542236328
886.205078      1055.0670166016
