0.326000
190.544205         0.0000000000
190.924866         0.0000000000
191.305481       811.3857421875
191.686081       900.5489501953
192.066635       889.4035644531
192.447174       911.6943969727
192.827667      1034.2938232422
193.208130       991.9413452148
193.588577      1043.2102050781
193.968964       987.4831542969
194.349350       918.3816528320
194.729691       987.4831542969
195.110001      1036.5229492188
195.490295       971.8795776367
195.870529      1065.5009765625
196.250763       991.9413452148
196.630936      1020.9193725586
197.011093      1025.3775634766
197.391220       996.3994750977
197.771301      1005.3157958984
198.151367       969.6505126953
198.531403      1036.5229492188
198.911407      1067.7301025391
199.291382      1069.9592285156
199.671295       998.6285400391
200.051208       978.5668334961
200.431076       922.8397827148
200.810928      1016.4612426758
201.190735       956.2760009766
201.570511       925.0688476563
201.950272       898.3198852539
202.329971       898.3198852539
202.709671       931.7561035156
203.089310       876.0290527344
203.468933       947.3596801758
203.848541       965.1923217773
204.228073       947.3596801758
204.607620       954.0469360352
204.987106       918.3816528320
205.366577      1000.8576660156
205.746017       949.5887451172
206.125412       956.2760009766
206.504776       887.1744995117
206.884125      1025.3775634766
207.263428       980.7958984375
207.642700       942.9015502930
208.021942       947.3596801758
208.401169       967.4214477539
208.780334      1016.4612426758
209.159485       976.3377685547
209.538605       960.7341918945
209.917694       978.5668334961
210.296753       969.6505126953
210.675766       922.8397827148
211.054764       942.9015502930
211.433716       969.6505126953
211.812637      1061.0428466797
212.191544      1027.6066894531
212.570404       922.8397827148
212.949249      1005.3157958984
213.328033       985.2540893555
213.706802       971.8795776367
214.085556       927.2979736328
214.464249      1032.0648193359
214.842926       900.5489501953
215.221558       974.1086425781
215.600174       947.3596801758
215.978760       927.2979736328
216.357300      1029.8356933594
216.735825       940.6724243164
217.114288       931.7561035156
217.492737       891.6326293945
217.871185       954.0469360352
218.249557       949.5887451172
218.627914       956.2760009766
219.006226      1038.7520751953
219.384521       956.2760009766
219.762772      1025.3775634766
220.141006       960.7341918945
220.519196       947.3596801758
220.897354       938.4433593750
221.275497       907.2362060547
221.653580       978.5668334961
222.031662       951.8178710938
222.409698       962.9632568359
222.787704       996.3994750977
223.165680       954.0469360352
223.543610       920.6107177734
223.921524       940.6724243164
224.299393       909.4653320313
224.677231       949.5887451172
225.055054       920.6107177734
225.432816       945.1306152344
225.810577       980.7958984375
226.188278       942.9015502930
226.565979       980.7958984375
226.943634       980.7958984375
227.321243       960.7341918945
227.698837       962.9632568359
228.076385      1047.6683349609
228.453903       960.7341918945
228.831406      1003.0867309570
229.208847       938.4433593750
229.586288       971.8795776367
229.963669       956.2760009766
230.341034       942.9015502930
230.718369       960.7341918945
231.095657       976.3377685547
231.472916       920.6107177734
231.850143       938.4433593750
232.227356       985.2540893555
232.604523       936.2142944336
232.981659       896.0908203125
233.358749       962.9632568359
233.735825       887.1744995117
234.112869      1003.0867309570
234.489868       938.4433593750
234.866852       889.4035644531
235.243790       927.2979736328
235.620697       922.8397827148
235.997589       911.6943969727
236.374405       911.6943969727
236.751221       949.5887451172
237.128006       893.8617553711
237.504745       956.2760009766
237.881470       927.2979736328
238.258133      1052.1265869141
238.634796       965.1923217773
239.011414       931.7561035156
239.388000       974.1086425781
239.764557       911.6943969727
240.141068       980.7958984375
240.517563      1072.1882324219
240.893997       998.6285400391
241.270432       954.0469360352
241.646835      1007.5449218750
242.023178      1018.6903076172
242.399506       940.6724243164
242.775787       954.0469360352
243.152054      1012.0030517578
243.528290       985.2540893555
243.904465      1012.0030517578
244.280640       994.1704101563
244.656754       927.2979736328
245.032852       913.9234619141
245.408936       949.5887451172
245.784943       933.9852294922
246.160950       907.2362060547
246.536911       978.5668334961
246.912842       942.9015502930
247.288757       893.8617553711
247.664612       962.9632568359
248.040451       931.7561035156
248.416229       971.8795776367
248.792023       938.4433593750
249.167755       962.9632568359
249.543457       916.1525268555
249.919113       882.7163085938
250.294754       933.9852294922
250.670364       938.4433593750
251.045944       918.3816528320
251.421478       940.6724243164
251.796982       974.1086425781
252.172440       942.9015502930
252.547897       911.6943969727
252.923294       918.3816528320
253.298676       956.2760009766
253.673996       922.8397827148
254.049316       960.7341918945
254.424606       965.1923217773
254.799850      1000.8576660156
255.175064       954.0469360352
255.550217       898.3198852539
255.925369       900.5489501953
256.300476       900.5489501953
256.675537       980.7958984375
257.050598       996.3994750977
257.425598       882.7163085938
257.800598      1020.9193725586
258.175537       933.9852294922
258.550446       951.8178710938
258.925354       933.9852294922
259.300171       940.6724243164
259.674988      1023.1484985352
260.049774       882.7163085938
260.424500      1014.2321166992
260.799225       945.1306152344
261.173889       880.4872436523
261.548553       978.5668334961
261.923187       951.8178710938
262.297760      1069.9592285156
262.672302      1034.2938232422
263.046814       907.2362060547
263.421326       962.9632568359
263.795776       945.1306152344
264.170135       842.5928344727
264.544525       891.6326293945
264.918915       920.6107177734
265.293243       913.9234619141
265.667511       960.7341918945
266.041748       898.3198852539
266.415955      1065.5009765625
266.790161       931.7561035156
267.164307      1020.9193725586
267.538422       962.9632568359
267.912476      1018.6903076172
268.286530       976.3377685547
268.660583       918.3816528320
269.034546       978.5668334961
269.408508      1083.3336181641
269.782440       976.3377685547
270.156311       916.1525268555
270.530151       927.2979736328
270.903992       983.0250244141
271.277710       951.8178710938
271.651489       956.2760009766
272.025208       958.5051269531
272.398895       931.7561035156
272.772552       907.2362060547
273.146179       967.4214477539
273.519745      1016.4612426758
273.893280      1018.6903076172
274.266815       922.8397827148
274.640289       965.1923217773
275.013733       987.4831542969
275.387146       931.7561035156
275.760529       967.4214477539
276.133881      1032.0648193359
276.507202      1034.2938232422
276.880463       933.9852294922
277.253723      1027.6066894531
277.626923       969.6505126953
278.000122       945.1306152344
278.373260       922.8397827148
278.746338       980.7958984375
279.119446       960.7341918945
279.492493       971.8795776367
279.865509       989.7122192383
280.238495       947.3596801758
280.611450      1032.0648193359
280.984314      1009.7739868164
281.357208       945.1306152344
281.730072       947.3596801758
282.102875       956.2760009766
282.475647       916.1525268555
282.848358       974.1086425781
283.221069       913.9234619141
283.593750       949.5887451172
283.966400       987.4831542969
284.339020       978.5668334961
284.711548       987.4831542969
285.084106       960.7341918945
285.456635      1014.2321166992
285.829071       978.5668334961
286.201508      1000.8576660156
286.573914      1000.8576660156
286.946320       916.1525268555
287.318634       918.3816528320
287.690948      1043.2102050781
288.063202       978.5668334961
288.435425       891.6326293945
288.807648       951.8178710938
289.179810       911.6943969727
289.551941       929.5270385742
289.924011       987.4831542969
290.296112       900.5489501953
290.668121       940.6724243164
291.040161       913.9234619141
291.412109       931.7561035156
291.783997       996.3994750977
292.155914       983.0250244141
292.527771       933.9852294922
292.899597       925.0688476563
293.271393      1000.8576660156
293.643127       936.2142944336
294.014862       951.8178710938
294.386566       918.3816528320
294.758240       936.2142944336
295.129852       942.9015502930
295.501404       962.9632568359
295.872955      1016.4612426758
296.244507       902.7780761719
296.615997       956.2760009766
296.987427       958.5051269531
297.358826       867.1127319336
297.730225       976.3377685547
298.101593      1018.6903076172
298.472900       985.2540893555
298.844177       956.2760009766
299.215393       909.4653320313
299.586609       978.5668334961
299.957794       962.9632568359
300.328918       989.7122192383
300.700043      1014.2321166992
301.071136       907.2362060547
301.442169       960.7341918945
301.813171       980.7958984375
302.184174       945.1306152344
302.555115       967.4214477539
302.925995       940.6724243164
303.296844       987.4831542969
303.667694       989.7122192383
304.038483       949.5887451172
304.409271       898.3198852539
304.779968       909.4653320313
305.150696       913.9234619141
305.521362       974.1086425781
305.891968       949.5887451172
306.262543       994.1704101563
306.633118       936.2142944336
307.003632       956.2760009766
307.374146       925.0688476563
307.744598      1005.3157958984
308.114990       896.0908203125
308.485413       945.1306152344
308.855743       925.0688476563
309.226074       949.5887451172
309.596375      1016.4612426758
309.966614       922.8397827148
310.336792       945.1306152344
310.707001       989.7122192383
311.077148       911.6943969727
311.447235       976.3377685547
311.817322       907.2362060547
312.187347       949.5887451172
312.557373       958.5051269531
312.927368      1018.6903076172
313.297302      1003.0867309570
313.667175       996.3994750977
314.037048      1029.8356933594
314.406891       976.3377685547
314.776642       927.2979736328
315.146423       929.5270385742
315.516144       933.9852294922
315.885864       918.3816528320
316.255524       858.1964111328
316.625153       898.3198852539
316.994751      1020.9193725586
317.364288       965.1923217773
317.733795       878.2581787109
318.103302       922.8397827148
318.472717       931.7561035156
318.842133       962.9632568359
319.211517       896.0908203125
319.580872       945.1306152344
319.950195       938.4433593750
320.319489       947.3596801758
320.688751       956.2760009766
321.057922       916.1525268555
321.427094      1003.0867309570
321.796234      1016.4612426758
322.165344       909.4653320313
322.534393       927.2979736328
322.903412       962.9632568359
323.272430       971.8795776367
323.641418       947.3596801758
324.010315       940.6724243164
324.379242       922.8397827148
324.748077       971.8795776367
325.116913       931.7561035156
325.485657       927.2979736328
325.854431       900.5489501953
326.223145       996.3994750977
326.591827      1049.8974609375
326.960480       927.2979736328
327.329102       929.5270385742
327.697693       987.4831542969
328.066193       980.7958984375
328.434723       927.2979736328
328.803192      1036.5229492188
329.171600      1575.9606933594
329.540009       967.4214477539
329.908386      1014.2321166992
330.276703       958.5051269531
330.645050       949.5887451172
331.013306       974.1086425781
331.381500       922.8397827148
331.749695       929.5270385742
332.117859       960.7341918945
332.485962      1038.7520751953
332.854034       869.3418579102
333.222107       985.2540893555
333.590118       920.6107177734
333.958099      1029.8356933594
334.326050       898.3198852539
334.693970       949.5887451172
335.061859       916.1525268555
335.429657       969.6505126953
335.797455       987.4831542969
336.165192       940.6724243164
336.532959       976.3377685547
336.900665       918.3816528320
337.268341       978.5668334961
337.635956      1049.8974609375
338.003571       929.5270385742
338.371124      1016.4612426758
338.738647       962.9632568359
339.106110       978.5668334961
339.473572       987.4831542969
339.840942       949.5887451172
340.208344       918.3816528320
340.575653       942.9015502930
340.942993       967.4214477539
341.310272       920.6107177734
341.677521       960.7341918945
342.044708       996.3994750977
342.411865       967.4214477539
342.778992       947.3596801758
343.146088       980.7958984375
343.513123       960.7341918945
343.880157       925.0688476563
344.247131       936.2142944336
344.614105       920.6107177734
344.981049       985.2540893555
345.347900      1009.7739868164
345.714783       940.6724243164
346.081573       994.1704101563
346.448334       898.3198852539
346.815094       929.5270385742
347.181763       893.8617553711
347.548431       956.2760009766
347.915070       938.4433593750
348.281677       976.3377685547
348.648224       927.2979736328
349.014771       878.2581787109
349.381256       967.4214477539
349.747711       954.0469360352
350.114105       958.5051269531
350.480469       987.4831542969
350.846832      1000.8576660156
351.213135      1040.9810791016
351.579407       998.6285400391
351.945679       980.7958984375
352.311890       989.7122192383
352.678040      1052.1265869141
353.044189       956.2760009766
353.410278       965.1923217773
353.776337      1032.0648193359
354.142303      1000.8576660156
354.508301       962.9632568359
354.874268       958.5051269531
355.240204       907.2362060547
355.606079       927.2979736328
355.971924       945.1306152344
356.337738       962.9632568359
356.703491       925.0688476563
357.069244      1092.2500000000
357.434937       994.1704101563
357.800598       956.2760009766
358.166229       911.6943969727
358.531830       965.1923217773
358.897369       922.8397827148
359.262909       980.7958984375
359.628418       936.2142944336
359.993866       911.6943969727
360.359222       967.4214477539
360.724609       954.0469360352
361.089966       884.9454345703
361.455261       989.7122192383
361.820526       916.1525268555
362.185760       896.0908203125
362.550964       956.2760009766
362.916138       851.5091552734
363.281250       978.5668334961
363.646332       987.4831542969
364.011383      1027.6066894531
364.376404       974.1086425781
364.741333       938.4433593750
365.106293       989.7122192383
365.471222       962.9632568359
365.836090       962.9632568359
366.200928      1047.6683349609
366.565735       931.7561035156
366.930511       985.2540893555
367.295227       947.3596801758
367.659912       940.6724243164
368.024536       922.8397827148
368.389160       945.1306152344
368.753723       965.1923217773
369.118317       962.9632568359
369.482819       893.8617553711
369.847260      1012.0030517578
370.211731       987.4831542969
370.576111       956.2760009766
370.940460       965.1923217773
371.304810       922.8397827148
371.669098       947.3596801758
372.033325       960.7341918945
372.397522       949.5887451172
372.761749       809.1566162109
373.125885       918.3816528320
373.489990       980.7958984375
373.854065       900.5489501953
374.218109       983.0250244141
374.582092       960.7341918945
374.946075       916.1525268555
375.309998       951.8178710938
375.673859       936.2142944336
376.037720       884.9454345703
376.401550      1003.0867309570
376.765320       980.7958984375
377.129059      1047.6683349609
377.492798       896.0908203125
377.856476       905.0071411133
378.220062      1007.5449218750
378.583679       967.4214477539
378.947205       996.3994750977
379.310730       983.0250244141
379.674225       902.7780761719
380.037689       942.9015502930
380.401093       951.8178710938
380.764496      1009.7739868164
381.127838       938.4433593750
381.491119      1016.4612426758
381.854370       920.6107177734
382.217621       951.8178710938
382.580811       938.4433593750
382.943939       954.0469360352
383.307068       898.3198852539
383.670166       931.7561035156
384.033203       922.8397827148
384.396240       983.0250244141
384.759216       956.2760009766
385.122131       967.4214477539
385.485016       916.1525268555
385.847900       994.1704101563
386.210724       985.2540893555
386.573486       900.5489501953
386.936279       980.7958984375
387.298981       974.1086425781
387.661652       907.2362060547
388.024323       980.7958984375
388.386902       958.5051269531
388.749481       920.6107177734
389.112000       956.2760009766
389.474487       927.2979736328
389.836945       949.5887451172
390.199371       983.0250244141
390.561737       951.8178710938
390.924103      1045.4393310547
391.286407      1168.0388183594
391.648682      1016.4612426758
392.010925       985.2540893555
392.373108       907.2362060547
392.735291      1007.5449218750
393.097382       976.3377685547
393.459473       893.8617553711
393.821533       969.6505126953
394.183533       938.4433593750
394.545532       938.4433593750
394.907471      1032.0648193359
395.269379       994.1704101563
395.631256       965.1923217773
395.993042      1016.4612426758
396.354828       920.6107177734
396.716583      1032.0648193359
397.078308      1009.7739868164
397.439972       920.6107177734
397.801636       940.6724243164
398.163239       907.2362060547
398.524841       974.1086425781
398.886383       920.6107177734
399.247833       947.3596801758
399.609283      1000.8576660156
399.970703       969.6505126953
400.332062       965.1923217773
400.693420      1012.0030517578
401.054718       954.0469360352
401.416016       922.8397827148
401.777252       887.1744995117
402.138458      1005.3157958984
402.499603       909.4653320313
402.860718       954.0469360352
403.221832       980.7958984375
403.582855       978.5668334961
403.943848      1009.7739868164
404.304810       940.6724243164
404.665771       974.1086425781
405.026642      1040.9810791016
405.387543       989.7122192383
405.748352       954.0469360352
406.109161       933.9852294922
406.469849       960.7341918945
406.830597       920.6107177734
407.191223       978.5668334961
407.551880       940.6724243164
407.912476       996.3994750977
408.273041       947.3596801758
408.633575      1012.0030517578
408.994049      1058.8137207031
409.354492      1032.0648193359
409.714935       942.9015502930
410.075287       947.3596801758
410.435608       985.2540893555
410.795868       942.9015502930
411.156158       900.5489501953
411.516388       936.2142944336
411.876587       971.8795776367
412.236725       913.9234619141
412.596832       998.6285400391
412.956909       962.9632568359
413.316925       927.2979736328
413.676910       902.7780761719
414.036896      1003.0867309570
414.396820       860.4255371094
414.756683      1014.2321166992
415.116547       949.5887451172
415.476379      1005.3157958984
415.836121       907.2362060547
416.195862       942.9015502930
416.555542       920.6107177734
416.915192       958.5051269531
417.274811       945.1306152344
417.634399       940.6724243164
417.993927       974.1086425781
418.353455       913.9234619141
418.712891       947.3596801758
419.072357       889.4035644531
419.431763       922.8397827148
419.791107       905.0071411133
420.150452       938.4433593750
420.509674       931.7561035156
420.868927       971.8795776367
421.228119       971.8795776367
421.587280       929.5270385742
421.946411       947.3596801758
422.305542       951.8178710938
422.664581       882.7163085938
423.023621       989.7122192383
423.382568       945.1306152344
423.741516       909.4653320313
424.100403       911.6943969727
424.459259       918.3816528320
424.818054      1027.6066894531
425.176880      1016.4612426758
425.535614       965.1923217773
425.894348       947.3596801758
426.252991      1040.9810791016
426.611633       922.8397827148
426.970245       949.5887451172
427.328796       931.7561035156
427.687317       918.3816528320
428.045807       907.2362060547
428.404205       980.7958984375
428.762604       989.7122192383
429.121002      1020.9193725586
429.479340       983.0250244141
429.837616       945.1306152344
430.195892       920.6107177734
430.554138       905.0071411133
430.912292       971.8795776367
431.270416       927.2979736328
431.628510       929.5270385742
431.986542       902.7780761719
432.344574      1065.5009765625
432.702576       991.9413452148
433.060516      1043.2102050781
433.418427       969.6505126953
433.776306       913.9234619141
434.134155       971.8795776367
434.491913       900.5489501953
434.849701       965.1923217773
435.207397       974.1086425781
435.565063       958.5051269531
435.922729       933.9852294922
436.280334       940.6724243164
436.637909       954.0469360352
436.995453       931.7561035156
437.352936       974.1086425781
437.710388       998.6285400391
438.067780       958.5051269531
438.425171       936.2142944336
438.782471       893.8617553711
439.139771       980.7958984375
439.497040      1020.9193725586
439.854279       985.2540893555
440.211426       962.9632568359
440.568604       867.1127319336
440.925720       947.3596801758
441.282776       980.7958984375
441.639801       962.9632568359
441.996735       936.2142944336
442.353699       925.0688476563
442.710602       909.4653320313
443.067505       920.6107177734
443.424347       974.1086425781
443.781128       956.2760009766
444.137878       951.8178710938
444.494629       965.1923217773
444.851288       911.6943969727
445.207916      1043.2102050781
445.564514       985.2540893555
445.921051       913.9234619141
446.277618       938.4433593750
446.634094      1009.7739868164
446.990540       971.8795776367
447.346985       987.4831542969
447.703339       931.7561035156
448.059692       929.5270385742
448.416016       980.7958984375
448.772186       920.6107177734
449.128418       887.1744995117
449.484589      1092.2500000000
449.840729       936.2142944336
450.196838       907.2362060547
450.552917       913.9234619141
450.908966       994.1704101563
451.264954       960.7341918945
451.620880       896.0908203125
451.976807       938.4433593750
452.332611       956.2760009766
452.688446       922.8397827148
453.044250      1012.0030517578
453.399994       931.7561035156
453.755707       967.4214477539
454.111389       931.7561035156
454.467041       927.2979736328
454.822632       980.7958984375
455.178192       945.1306152344
455.533722       918.3816528320
455.889130       991.9413452148
456.244598      1049.8974609375
456.600006       985.2540893555
456.955353       985.2540893555
457.310699       940.6724243164
457.665985       958.5051269531
458.021240       949.5887451172
458.376434       936.2142944336
458.731628       994.1704101563
459.086700       940.6724243164
459.441772       971.8795776367
459.796844       962.9632568359
460.151886       998.6285400391
460.506836       962.9632568359
460.861786       949.5887451172
461.216675       936.2142944336
461.571533       954.0469360352
461.926361       967.4214477539
462.281158       927.2979736328
462.635803       902.7780761719
462.990540       931.7561035156
463.345184       976.3377685547
463.699829       920.6107177734
464.054413       994.1704101563
464.408936       978.5668334961
464.763458       882.7163085938
465.117920       971.8795776367
465.472351       947.3596801758
465.826752       951.8178710938
466.181030       891.6326293945
466.535339       909.4653320313
466.889618       867.1127319336
467.243866       929.5270385742
467.598053       960.7341918945
467.952209       947.3596801758
468.306305       967.4214477539
468.660370       942.9015502930
469.014435      1003.0867309570
469.368439       983.0250244141
469.722321       949.5887451172
470.076263       920.6107177734
470.430115       983.0250244141
470.783966       965.1923217773
471.137756       869.3418579102
471.491516       907.2362060547
471.845245       947.3596801758
472.198944       985.2540893555
472.552582       956.2760009766
472.906128       960.7341918945
473.259705       976.3377685547
473.613220       942.9015502930
473.966675       978.5668334961
474.320129       936.2142944336
474.673553       920.6107177734
475.026917       920.6107177734
475.380249       929.5270385742
475.733521       956.2760009766
476.086761       983.0250244141
476.439911       967.4214477539
476.793091       951.8178710938
477.146210      1009.7739868164
477.499298       938.4433593750
477.852356       969.6505126953
478.205353       916.1525268555
478.558350       940.6724243164
478.911285       936.2142944336
479.264160      1018.6903076172
479.617035       929.5270385742
479.969757       949.5887451172
480.322540       985.2540893555
480.675262       887.1744995117
481.027985       954.0469360352
481.380615       918.3816528320
481.733246       853.7382812500
482.085815       985.2540893555
482.438324       936.2142944336
482.790833      1003.0867309570
483.143280      1012.0030517578
483.495667       958.5051269531
483.848022      1027.6066894531
484.200348       896.0908203125
484.552673       882.7163085938
484.904907       971.8795776367
485.257111       965.1923217773
485.609283       945.1306152344
485.961456       942.9015502930
486.313538       909.4653320313
486.665588       976.3377685547
487.017548      1000.8576660156
487.369507       916.1525268555
487.721466       920.6107177734
488.073334       898.3198852539
488.425232      1007.5449218750
488.777039       965.1923217773
489.128815       965.1923217773
489.480560       907.2362060547
489.832245      1014.2321166992
490.183868       945.1306152344
490.535461       951.8178710938
490.887054       949.5887451172
491.238586       960.7341918945
491.590057       927.2979736328
491.941528       925.0688476563
492.292938       954.0469360352
492.644318       929.5270385742
492.995667       905.0071411133
493.346954       925.0688476563
493.698181       916.1525268555
494.049377       987.4831542969
494.400543       889.4035644531
494.751678       922.8397827148
495.102783       933.9852294922
495.453827      1074.4173583984
495.804871       951.8178710938
496.155853       936.2142944336
496.506775      1032.0648193359
496.857666       911.6943969727
497.208466       911.6943969727
497.559265       954.0469360352
497.910065       942.9015502930
498.260773       909.4653320313
498.611481      1007.5449218750
498.962128       880.4872436523
499.312744       945.1306152344
499.663300       989.7122192383
500.013855       978.5668334961
500.364349       949.5887451172
500.714752       887.1744995117
501.065155       887.1744995117
501.415527       940.6724243164
501.765869       996.3994750977
502.116150      1067.7301025391
502.466400       878.2581787109
502.816620       925.0688476563
503.166779       920.6107177734
503.516907       978.5668334961
503.866943       929.5270385742
504.217010       925.0688476563
504.567017       925.0688476563
504.916962       951.8178710938
505.266876       974.1086425781
505.616791       880.4872436523
505.966644       916.1525268555
506.316437       954.0469360352
506.666199       942.9015502930
507.015930       945.1306152344
507.365570       954.0469360352
507.715210       996.3994750977
508.064789       922.8397827148
508.414368       994.1704101563
508.763885       969.6505126953
509.113373       936.2142944336
509.462830       844.8219604492
509.812225       951.8178710938
510.161591       989.7122192383
510.510895      1003.0867309570
510.860107       889.4035644531
511.209381       985.2540893555
511.558563       994.1704101563
511.907715       933.9852294922
512.256836       969.6505126953
512.605896       925.0688476563
512.954956       938.4433593750
513.303955       962.9632568359
513.652832       922.8397827148
514.001831       911.6943969727
514.350647       900.5489501953
514.699463      1005.3157958984
515.048279       929.5270385742
515.396973       931.7561035156
515.745728       960.7341918945
516.094360       954.0469360352
516.442993       949.5887451172
516.791565       978.5668334961
517.140137       925.0688476563
517.488586       967.4214477539
517.837036       956.2760009766
518.185425       969.6505126953
518.533875       940.6724243164
518.882202      1023.1484985352
519.230469       962.9632568359
519.578735       918.3816528320
519.927002       911.6943969727
520.275146       960.7341918945
520.623291       987.4831542969
520.971313       896.0908203125
521.319336       969.6505126953
521.667419      1029.8356933594
522.015381      1018.6903076172
522.363281       954.0469360352
522.711182       918.3816528320
523.059021       920.6107177734
523.406860       945.1306152344
523.754639       918.3816528320
524.102356       983.0250244141
524.449951       956.2760009766
524.797607       936.2142944336
525.145203       936.2142944336
525.492798       936.2142944336
525.840332      1003.0867309570
526.187805       949.5887451172
526.535217       880.4872436523
526.882629       900.5489501953
527.230042       942.9015502930
527.577332       983.0250244141
527.924500       896.0908203125
528.271729       902.7780761719
528.618896      1069.9592285156
528.966125       945.1306152344
529.313232       927.2979736328
529.660278       960.7341918945
530.007324       880.4872436523
530.354309       958.5051269531
530.701233       920.6107177734
531.048096       927.2979736328
531.394958       884.9454345703
531.741760       938.4433593750
532.088562       945.1306152344
532.435303       978.5668334961
532.781982       931.7561035156
533.128601       947.3596801758
533.475281       942.9015502930
533.821838       947.3596801758
534.168335       951.8178710938
534.514832       958.5051269531
534.861206       942.9015502930
535.207703       985.2540893555
535.554016       922.8397827148
535.900391      1040.9810791016
536.246643      1003.0867309570
536.592896       916.1525268555
536.939087       947.3596801758
537.285278       978.5668334961
537.631348       882.7163085938
537.977417       929.5270385742
538.323425       989.7122192383
538.669373       933.9852294922
539.015381       969.6505126953
539.361267       929.5270385742
539.707153       922.8397827148
540.052979       898.3198852539
540.398804       956.2760009766
540.744507       927.2979736328
541.090210       958.5051269531
541.435791       951.8178710938
541.781433       880.4872436523
542.127014       985.2540893555
542.472595      1009.7739868164
542.818054       940.6724243164
543.163513       880.4872436523
543.508911       938.4433593750
543.854309       884.9454345703
544.199646       933.9852294922
544.544800      1003.0867309570
544.890076       947.3596801758
545.235291       967.4214477539
545.580444       936.2142944336
545.925537       942.9015502930
546.270630       920.6107177734
546.615723       983.0250244141
546.960693       902.7780761719
547.305603      1003.0867309570
547.650574       956.2760009766
547.995361       916.1525268555
548.340149       909.4653320313
548.684998       916.1525268555
549.029724       998.6285400391
549.374390       958.5051269531
549.719116       896.0908203125
550.063660       933.9852294922
550.408264       905.0071411133
550.752869       996.3994750977
551.097290       987.4831542969
551.441711       911.6943969727
551.786133       994.1704101563
552.130493       905.0071411133
552.474854       867.1127319336
552.819092       998.6285400391
553.163330       951.8178710938
553.507507      1009.7739868164
553.851685       956.2760009766
554.195801       954.0469360352
554.539917       916.1525268555
554.883850       980.7958984375
555.227844       878.2581787109
555.571777       938.4433593750
555.915710       916.1525268555
556.259583       933.9852294922
556.603333       958.5051269531
556.947205       989.7122192383
557.290894       938.4433593750
557.634583       956.2760009766
557.978210       980.7958984375
558.321777       954.0469360352
558.665405      1016.4612426758
559.008911       920.6107177734
559.352417       902.7780761719
559.695862       994.1704101563
560.039185       969.6505126953
560.382568       965.1923217773
560.725891       940.6724243164
561.069153       967.4214477539
561.412354       927.2979736328
561.755554       938.4433593750
562.098694       891.6326293945
562.441772       994.1704101563
562.784851       947.3596801758
563.127930       927.2979736328
563.470825       945.1306152344
563.813782       931.7561035156
564.156738       967.4214477539
564.499573       940.6724243164
564.842285       996.3994750977
565.185059       942.9015502930
565.527771       871.5709228516
565.870422      1069.9592285156
566.213135       873.7999877930
566.555725       936.2142944336
566.898254       951.8178710938
567.240784       985.2540893555
567.583252       918.3816528320
567.925659       965.1923217773
568.268005       902.7780761719
568.610291      1040.9810791016
568.952637       925.0688476563
569.294922       956.2760009766
569.637146       969.6505126953
569.979309      1027.6066894531
570.321411       969.6505126953
570.663513       929.5270385742
571.005554       971.8795776367
571.347473       933.9852294922
571.689453       927.2979736328
572.031372       974.1086425781
572.373230       900.5489501953
572.715088       945.1306152344
573.056885       971.8795776367
573.398621       960.7341918945
573.740295      1007.5449218750
574.082031       913.9234619141
574.423584       902.7780761719
574.765137       974.1086425781
575.106689       936.2142944336
575.448120       878.2581787109
575.789612       976.3377685547
576.130981       951.8178710938
576.472351       929.5270385742
576.813721       889.4035644531
577.154968      1005.3157958984
577.496216       945.1306152344
577.837402       940.6724243164
578.178467       983.0250244141
578.519592       929.5270385742
578.860657       989.7122192383
579.201660       920.6107177734
579.542664       983.0250244141
579.883606       971.8795776367
580.224487       862.6546020508
580.565308       942.9015502930
580.906189       927.2979736328
581.246948      1016.4612426758
581.587585       889.4035644531
581.928223       980.7958984375
582.268921       922.8397827148
582.609497       980.7958984375
582.950012       896.0908203125
583.290527       931.7561035156
583.630981      1023.1484985352
583.971436      1130.1444091797
584.311829       927.2979736328
584.652100       940.6724243164
584.992371       951.8178710938
585.332642       991.9413452148
585.672852       936.2142944336
586.013000       994.1704101563
586.353088       916.1525268555
586.693176       985.2540893555
587.033264      1007.5449218750
587.373230       974.1086425781
587.713196       911.6943969727
588.053040       978.5668334961
588.392883      1005.3157958984
588.732727       974.1086425781
589.072510       891.6326293945
589.412231       989.7122192383
589.751892       933.9852294922
590.091553       996.3994750977
590.431152       980.7958984375
590.770752       918.3816528320
591.110229       996.3994750977
591.449707       931.7561035156
591.789124       996.3994750977
592.128479      1000.8576660156
592.467834       929.5270385742
592.807129      1009.7739868164
593.146423       958.5051269531
593.485596       991.9413452148
593.824768       931.7561035156
594.163879       911.6943969727
594.502991       985.2540893555
594.841980       949.5887451172
595.180969       916.1525268555
595.519897       958.5051269531
595.858887       996.3994750977
596.197693      1170.2678222656
596.536499      1016.4612426758
596.875305       967.4214477539
597.214050      1034.2938232422
597.552734      1012.0030517578
597.891296       933.9852294922
598.229980       969.6505126953
598.568542      1018.6903076172
598.907043       913.9234619141
599.245483      1045.4393310547
599.583984      1018.6903076172
599.922363      1003.0867309570
600.260681       949.5887451172
600.598999      1058.8137207031
600.937256       956.2760009766
601.275452       876.0290527344
601.613586       929.5270385742
601.951721       907.2362060547
602.289856       920.6107177734
602.627869       925.0688476563
602.965881      1074.4173583984
603.303833       945.1306152344
603.641724       967.4214477539
603.979614       962.9632568359
604.317444       933.9852294922
604.655151      1000.8576660156
604.992859       918.3816528320
605.330566       936.2142944336
605.668274       965.1923217773
606.005859       956.2760009766
606.343445      1016.4612426758
606.680908       976.3377685547
607.018433       896.0908203125
607.355835       867.1127319336
607.693237       996.3994750977
608.030579      1018.6903076172
608.367859       951.8178710938
608.705078       947.3596801758
609.042297       991.9413452148
609.379456       942.9015502930
609.716614       927.2979736328
610.053650      1032.0648193359
610.390686       942.9015502930
610.727722       960.7341918945
611.064575      1007.5449218750
611.401550       900.5489501953
611.738403       998.6285400391
612.075256       929.5270385742
612.411987       956.2760009766
612.748779      1038.7520751953
613.085449      1009.7739868164
613.422058       902.7780761719
613.758667       960.7341918945
614.095215       945.1306152344
614.431702       976.3377685547
614.768127       896.0908203125
615.104614       916.1525268555
615.440979       933.9852294922
615.777283       922.8397827148
616.113586       958.5051269531
616.449829       951.8178710938
616.786011       900.5489501953
617.122192       949.5887451172
617.458374       853.7382812500
617.794373       987.4831542969
618.130371       909.4653320313
618.466370       927.2979736328
618.802246       962.9632568359
619.138184       922.8397827148
619.474060       907.2362060547
619.809875       891.6326293945
620.145630       913.9234619141
620.481323       913.9234619141
620.817017       978.5668334961
621.152588       967.4214477539
621.488220       947.3596801758
621.823792       980.7958984375
622.159241       976.3377685547
622.494690       871.5709228516
622.830078       929.5270385742
623.165466      1009.7739868164
623.500793       942.9015502930
623.836060       985.2540893555
624.171265       998.6285400391
624.506470       947.3596801758
624.841553       945.1306152344
625.176697       949.5887451172
625.511719       929.5270385742
625.846741       989.7122192383
626.181702      1000.8576660156
626.516663       918.3816528320
626.851563       889.4035644531
627.186401       936.2142944336
627.521118       867.1127319336
627.855896       996.3994750977
628.190552       947.3596801758
628.525269       927.2979736328
628.859863       974.1086425781
629.194458       916.1525268555
629.528992      1029.8356933594
629.863403       878.2581787109
630.197815      1016.4612426758
630.532288       967.4214477539
630.866516       987.4831542969
631.200867       942.9015502930
631.535156       893.8617553711
631.869324       936.2142944336
632.203491       987.4831542969
632.537659       938.4433593750
632.871704       889.4035644531
633.205750       949.5887451172
633.539795       942.9015502930
633.873718       907.2362060547
634.207520       949.5887451172
634.541443       974.1086425781
634.875244       907.2362060547
635.208984       951.8178710938
635.542725       929.5270385742
635.876404       991.9413452148
636.210022      1025.3775634766
636.543640      1054.3555908203
636.877197       974.1086425781
637.210571       954.0469360352
637.544067       927.2979736328
637.877502       945.1306152344
638.210815       951.8178710938
638.544189       965.1923217773
638.877441       900.5489501953
639.210693       893.8617553711
639.543884       918.3816528320
639.877014       976.3377685547
640.210144       980.7958984375
640.543091       985.2540893555
640.876099       994.1704101563
641.209106       922.8397827148
641.541992       947.3596801758
641.874939       974.1086425781
642.207703      1014.2321166992
642.540527       985.2540893555
642.873230       938.4433593750
643.205994       942.9015502930
643.538574       971.8795776367
643.871155       947.3596801758
644.203674       931.7561035156
644.536255       902.7780761719
644.868713       880.4872436523
645.201172       960.7341918945
645.533508       951.8178710938
645.865845       958.5051269531
646.198120       956.2760009766
646.530396       980.7958984375
646.862610       985.2540893555
647.194702       891.6326293945
647.526855       978.5668334961
647.858887       929.5270385742
648.190857      1056.5847167969
648.522827       922.8397827148
648.854797       989.7122192383
649.186707       864.8836669922
649.518555       974.1086425781
649.850342       958.5051269531
650.182007      1047.6683349609
650.513733       929.5270385742
650.845398       929.5270385742
651.177063       922.8397827148
651.508606       909.4653320313
651.840088       933.9852294922
652.171631       951.8178710938
652.503052       987.4831542969
652.834412       954.0469360352
653.165771       967.4214477539
653.497070       965.1923217773
653.828308       909.4653320313
654.159485       980.7958984375
654.490662       831.4474487305
654.821838      1056.5847167969
655.152832       905.0071411133
655.483887       976.3377685547
655.814880       976.3377685547
656.145813       954.0469360352
656.476685       947.3596801758
656.807495       989.7122192383
657.138306       956.2760009766
657.469116       947.3596801758
657.799744       936.2142944336
658.130493       978.5668334961
658.461121       940.6724243164
658.791687       905.0071411133
659.122192       969.6505126953
659.452698      1027.6066894531
659.783142       945.1306152344
660.113464       985.2540893555
660.443787       989.7122192383
660.774109       954.0469360352
661.104370       998.6285400391
661.434570       958.5051269531
661.764771       967.4214477539
662.094849       947.3596801758
662.424988       980.7958984375
662.755005      1032.0648193359
663.084900       927.2979736328
663.414856       954.0469360352
663.744751      1014.2321166992
664.074585       927.2979736328
664.404419       987.4831542969
664.734131       958.5051269531
665.063904      1034.2938232422
665.393555       918.3816528320
665.723206       947.3596801758
666.052734       976.3377685547
666.382202       867.1127319336
666.711670       945.1306152344
667.041138      1003.0867309570
667.370544       936.2142944336
667.699829       927.2979736328
668.029175       954.0469360352
668.358459       916.1525268555
668.687622       920.6107177734
669.016846       983.0250244141
669.345947       911.6943969727
669.674927       949.5887451172
670.003967       876.0290527344
670.332947       871.5709228516
670.661865       951.8178710938
670.990784       960.7341918945
671.319641       969.6505126953
671.648438       960.7341918945
671.977112       980.7958984375
672.305847      1025.3775634766
672.634521      1009.7739868164
672.963135      1003.0867309570
673.291687       985.2540893555
673.620178       976.3377685547
673.948669       929.5270385742
674.277100      1047.6683349609
674.605469       969.6505126953
674.933899       927.2979736328
675.262085       938.4433593750
675.590332       949.5887451172
675.918579       884.9454345703
676.246704       929.5270385742
676.574829       909.4653320313
676.902893       942.9015502930
677.230896       974.1086425781
677.558899       940.6724243164
677.886841       974.1086425781
678.214661       940.6724243164
678.542480       949.5887451172
678.870239       951.8178710938
679.197998       983.0250244141
679.525696       860.4255371094
679.853394       869.3418579102
680.180969       916.1525268555
680.508484       956.2760009766
680.836060       905.0071411133
681.163452       931.7561035156
681.490845       907.2362060547
681.818237      1000.8576660156
682.145569       949.5887451172
682.472839       940.6724243164
682.800110       956.2760009766
683.127319       951.8178710938
683.454468       949.5887451172
683.781494       927.2979736328
684.108582       929.5270385742
684.435608       947.3596801758
684.762451       905.0071411133
685.089355      1027.6066894531
685.416199       945.1306152344
685.743103       936.2142944336
686.069824       927.2979736328
686.396606       996.3994750977
686.723267       951.8178710938
687.049927       985.2540893555
687.376465       978.5668334961
687.703003      1014.2321166992
688.029419       933.9852294922
688.355957       913.9234619141
688.682312      1043.2102050781
689.008667       951.8178710938
689.334961       931.7561035156
689.661316       949.5887451172
689.987427      1027.6066894531
690.313660       933.9852294922
690.639771       971.8795776367
690.965881       940.6724243164
691.291809       956.2760009766
691.617798      1023.1484985352
691.943726       942.9015502930
692.269714       951.8178710938
692.595459       974.1086425781
692.921326       931.7561035156
693.247009       920.6107177734
693.572754       980.7958984375
693.898438       994.1704101563
694.223999       994.1704101563
694.549561       951.8178710938
694.875061       969.6505126953
695.200562       925.0688476563
695.526001       951.8178710938
695.851379      1014.2321166992
696.176697      1009.7739868164
696.502014       951.8178710938
696.827271       994.1704101563
697.152405       960.7341918945
697.477539       983.0250244141
697.802612       864.8836669922
698.127625       974.1086425781
698.452698       985.2540893555
698.777649       898.3198852539
699.102539       936.2142944336
699.427429      1074.4173583984
699.752258       965.1923217773
700.077026       980.7958984375
700.401733       956.2760009766
700.726379       918.3816528320
701.051025       878.2581787109
701.375610      1000.8576660156
701.700134       969.6505126953
702.024658       994.1704101563
702.349060       940.6724243164
702.673462       954.0469360352
702.997864       980.7958984375
703.322144       911.6943969727
703.646362       956.2760009766
703.970520       942.9015502930
704.294739       985.2540893555
704.618896       947.3596801758
704.942932       913.9234619141
705.266968       991.9413452148
705.590942      1007.5449218750
705.914917       967.4214477539
706.238770       969.6505126953
706.562622       947.3596801758
706.886292       922.8397827148
707.210083       929.5270385742
707.533813       945.1306152344
707.857422       925.0688476563
708.181030       969.6505126953
708.504578       989.7122192383
708.828064       927.2979736328
709.151550       954.0469360352
709.474976       980.7958984375
709.798340       978.5668334961
710.121582      1065.5009765625
710.444885      1040.9810791016
710.768127      1018.6903076172
711.091248       933.9852294922
711.414429       884.9454345703
711.737488       936.2142944336
712.060547       902.7780761719
712.383484       907.2362060547
712.706482       978.5668334961
713.029358       985.2540893555
713.352112       931.7561035156
713.674927      1045.4393310547
713.997681       900.5489501953
714.320435       998.6285400391
714.643066       976.3377685547
714.965698       933.9852294922
715.288269       918.3816528320
715.610779       962.9632568359
715.933289       929.5270385742
716.255737       949.5887451172
716.578003      1009.7739868164
716.900330       911.6943969727
717.222595       956.2760009766
717.544861       947.3596801758
717.867065       860.4255371094
718.189209      1025.3775634766
718.511292       969.6505126953
718.833313       942.9015502930
719.155334       933.9852294922
719.477234       922.8397827148
719.799133       911.6943969727
720.120972       985.2540893555
720.442749       994.1704101563
720.764587       965.1923217773
721.086304       940.6724243164
721.407898       994.1704101563
721.729553       929.5270385742
722.051147       905.0071411133
722.372681      1007.5449218750
722.694092      1029.8356933594
723.015503      1009.7739868164
723.336914       960.7341918945
723.658264       974.1086425781
723.979492       958.5051269531
724.300781       925.0688476563
724.621948       942.9015502930
724.943115       925.0688476563
725.264160       949.5887451172
725.585205      1007.5449218750
725.906189       907.2362060547
726.227173       969.6505126953
726.548035       965.1923217773
726.868896       996.3994750977
727.189697       893.8617553711
727.510498       893.8617553711
727.831177       969.6505126953
728.151855       974.1086425781
728.472473      1047.6683349609
728.793091       884.9454345703
729.113525      1078.8754882813
729.434021       962.9632568359
729.754456       920.6107177734
730.074829       962.9632568359
730.395142       867.1127319336
730.715454       960.7341918945
731.035706       983.0250244141
731.355896       951.8178710938
731.676025       893.8617553711
731.996033       898.3198852539
732.316101      1029.8356933594
732.636108      1090.0208740234
732.956055       958.5051269531
733.275940       949.5887451172
733.595825       925.0688476563
733.915649       951.8178710938
734.235413       925.0688476563
734.555054       936.2142944336
734.874817       925.0688476563
735.194336       951.8178710938
735.513855       965.1923217773
735.833435       913.9234619141
736.152893      1012.0030517578
736.472290       994.1704101563
736.791687      1003.0867309570
737.111023      1023.1484985352
737.430298       916.1525268555
737.749512       956.2760009766
738.068665       947.3596801758
738.387817       976.3377685547
738.706909       980.7958984375
739.025879       938.4433593750
739.344910      1000.8576660156
739.663879       954.0469360352
739.982788       942.9015502930
740.301636       971.8795776367
740.620422       927.2979736328
740.939148       916.1525268555
741.257874       913.9234619141
741.576477       909.4653320313
741.895020       907.2362060547
742.213623       965.1923217773
742.532166       922.8397827148
742.850586       909.4653320313
743.169006       940.6724243164
743.487366       980.7958984375
743.805725       980.7958984375
744.123962       987.4831542969
744.442200       967.4214477539
744.760315       931.7561035156
745.078430       954.0469360352
745.396484      1003.0867309570
745.714539      1043.2102050781
746.032532       942.9015502930
746.350464       936.2142944336
746.668335       998.6285400391
746.986206       878.2581787109
747.303955       974.1086425781
747.621643       938.4433593750
747.939331       918.3816528320
748.257019       916.1525268555
748.574585       940.6724243164
748.892151       889.4035644531
749.209656       900.5489501953
749.527100       916.1525268555
749.844482       954.0469360352
750.161804       911.6943969727
750.479126       900.5489501953
750.796326       962.9632568359
751.113525       960.7341918945
751.430725       998.6285400391
751.747803       978.5668334961
752.064880       916.1525268555
752.381897       978.5668334961
752.698853       958.5051269531
753.015747      1038.7520751953
753.332703       989.7122192383
753.649475       987.4831542969
753.966187      1003.0867309570
754.282898       920.6107177734
754.599609       949.5887451172
754.916199       931.7561035156
755.232788       958.5051269531
755.549316       991.9413452148
755.865784       962.9632568359
756.182190      1005.3157958984
756.498596       927.2979736328
756.814941       900.5489501953
757.131165       920.6107177734
757.447388       916.1525268555
757.763611       945.1306152344
758.079712       958.5051269531
758.395813       951.8178710938
758.711853       951.8178710938
759.027832       969.6505126953
759.343811       960.7341918945
759.659668      1007.5449218750
759.975464       967.4214477539
760.291260       940.6724243164
760.606995       947.3596801758
760.922668       918.3816528320
761.238342       940.6724243164
761.554016       913.9234619141
761.869507       974.1086425781
762.185059       940.6724243164
762.500488       942.9015502930
762.815918       876.0290527344
763.131165       947.3596801758
763.446533       998.6285400391
763.761719       927.2979736328
764.076965       998.6285400391
764.392151       987.4831542969
764.707214       907.2362060547
765.022339       898.3198852539
765.337341       878.2581787109
765.652283       958.5051269531
765.967224       929.5270385742
766.282043       947.3596801758
766.596863       998.6285400391
766.911621       954.0469360352
767.226379       927.2979736328
767.541016      1000.8576660156
767.855591       983.0250244141
768.170227       922.8397827148
768.484741       896.0908203125
768.799194       996.3994750977
769.113647       929.5270385742
769.427979       974.1086425781
769.742310      1012.0030517578
770.056580       958.5051269531
770.370850       918.3816528320
770.684998       847.0510253906
770.999084       933.9852294922
771.313232       913.9234619141
771.627258       922.8397827148
771.941223       940.6724243164
772.255066       929.5270385742
772.569031       922.8397827148
772.882813       931.7561035156
773.196594      1027.6066894531
773.510376       996.3994750977
773.824036       954.0469360352
774.137695       902.7780761719
774.451294       956.2760009766
774.764832       927.2979736328
775.078308       835.9056396484
775.391724       976.3377685547
775.705078       922.8397827148
776.018433       880.4872436523
776.331726       951.8178710938
776.644958       896.0908203125
776.958130       980.7958984375
777.271301       983.0250244141
777.584412       913.9234619141
777.897461       974.1086425781
778.210510       905.0071411133
778.523315       927.2979736328
778.836304      1016.4612426758
779.149109      1005.3157958984
779.461914       920.6107177734
779.774658      1009.7739868164
780.087402       938.4433593750
780.400024       965.1923217773
780.712585       967.4214477539
781.025146       896.0908203125
781.337646      1020.9193725586
781.650085       913.9234619141
781.962463      1005.3157958984
782.274841       967.4214477539
782.587158       971.8795776367
782.899414       949.5887451172
783.211609       974.1086425781
783.523743       996.3994750977
783.835938       985.2540893555
784.147949       989.7122192383
784.459900       971.8795776367
784.771851       907.2362060547
785.083801      1000.8576660156
785.395630       987.4831542969
785.707397       994.1704101563
786.019226       971.8795776367
786.330933      1040.9810791016
786.642578       960.7341918945
786.954224       842.5928344727
787.265747       882.7163085938
787.577209       916.1525268555
787.888672       958.5051269531
788.200073       951.8178710938
788.511414       983.0250244141
788.822754       980.7958984375
789.133972       962.9632568359
789.445190       931.7561035156
789.756409       951.8178710938
790.067505       978.5668334961
790.378540       989.7122192383
790.689514       960.7341918945
791.000488       974.1086425781
791.311401       920.6107177734
791.622314       949.5887451172
791.933105       940.6724243164
792.243896       962.9632568359
792.554565       911.6943969727
792.865234       969.6505126953
793.175842       905.0071411133
793.486389       951.8178710938
793.796875       898.3198852539
794.107300       931.7561035156
794.417786       991.9413452148
794.728088       945.1306152344
795.038452       920.6107177734
795.348694       909.4653320313
795.658936       929.5270385742
795.969055       916.1525268555
796.279175       884.9454345703
796.589172       945.1306152344
796.899231      1034.2938232422
797.209167       929.5270385742
797.519104       971.8795776367
797.828979      1003.0867309570
798.138794       960.7341918945
798.448547       893.8617553711
798.758301       998.6285400391
799.067932       962.9632568359
799.377563       974.1086425781
799.687073       893.8617553711
799.996582       960.7341918945
800.306030       978.5668334961
800.615479       980.7958984375
800.924805       978.5668334961
801.234192       922.8397827148
801.543457       971.8795776367
801.852600       920.6107177734
802.161743       922.8397827148
802.470886       891.6326293945
802.779907       954.0469360352
803.088867       913.9234619141
803.397827       951.8178710938
803.706787       965.1923217773
804.015686       971.8795776367
804.324463       907.2362060547
804.633179       978.5668334961
804.941956       933.9852294922
805.250610       933.9852294922
805.559204      1025.3775634766
805.867676       958.5051269531
806.176270       965.1923217773
806.484680       967.4214477539
806.793091       974.1086425781
807.101440       994.1704101563
807.409729       925.0688476563
807.718018      1000.8576660156
808.026184       974.1086425781
808.334351       909.4653320313
808.642456       958.5051269531
808.950439       936.2142944336
809.258484       922.8397827148
809.566467       936.2142944336
809.874329       969.6505126953
810.182190       998.6285400391
810.489990      1029.8356933594
810.797791       947.3596801758
811.105469      1038.7520751953
811.413147       922.8397827148
811.720642       976.3377685547
812.028198      1032.0648193359
812.335693       991.9413452148
812.643188       949.5887451172
812.950562       971.8795776367
813.257935       962.9632568359
813.565186       976.3377685547
813.872498       942.9015502930
814.179626       867.1127319336
814.486816       918.3816528320
814.793823      1003.0867309570
815.100830       938.4433593750
815.407837       996.3994750977
815.714783       958.5051269531
816.021667       985.2540893555
816.328552       962.9632568359
816.635315       989.7122192383
816.942078       929.5270385742
817.248779      1029.8356933594
817.555359       962.9632568359
817.861938       996.3994750977
818.168457       947.3596801758
818.474976      1014.2321166992
818.781372      1014.2321166992
819.087769       929.5270385742
819.394104       958.5051269531
819.700378       933.9852294922
820.006592       882.7163085938
820.312744       991.9413452148
820.618896      1014.2321166992
820.924927       942.9015502930
821.230957       898.3198852539
821.536926       880.4872436523
821.842896       967.4214477539
822.148804       980.7958984375
822.454590       942.9015502930
822.760376       918.3816528320
823.066040      1009.7739868164
823.371704       985.2540893555
823.677307       989.7122192383
823.982910       958.5051269531
824.288391       969.6505126953
824.593872       893.8617553711
824.899292       974.1086425781
825.204651       971.8795776367
825.509949       945.1306152344
825.815186      1003.0867309570
826.120422       971.8795776367
826.425598       936.2142944336
826.730652       989.7122192383
827.035706       938.4433593750
827.340759       907.2362060547
827.645630       918.3816528320
827.950623       847.0510253906
828.255432       911.6943969727
828.560242       945.1306152344
828.864990       849.2800903320
829.169739       916.1525268555
829.474304      1003.0867309570
829.778870       976.3377685547
830.083435       936.2142944336
830.387878       991.9413452148
830.692383       994.1704101563
830.996765      1000.8576660156
831.301086      1056.5847167969
831.605408       971.8795776367
831.909668       962.9632568359
832.213867       956.2760009766
832.517883       907.2362060547
832.821960       958.5051269531
833.126038       916.1525268555
833.429993       998.6285400391
833.733948       933.9852294922
834.037842       965.1923217773
834.341614       954.0469360352
834.645386       989.7122192383
834.949158       996.3994750977
835.252808       898.3198852539
835.556335       909.4653320313
835.859924       940.6724243164
836.163513       971.8795776367
836.466980       887.1744995117
836.770325       940.6724243164
837.073730       969.6505126953
837.377075       907.2362060547
837.680298       911.6943969727
837.983521       933.9852294922
838.286682       956.2760009766
838.589722      1003.0867309570
838.892761       962.9632568359
839.195801       900.5489501953
839.498779       940.6724243164
839.801636       889.4035644531
840.104492       976.3377685547
840.407288       911.6943969727
840.710022       931.7561035156
841.012695       933.9852294922
841.315369       929.5270385742
841.617920       987.4831542969
841.920410       983.0250244141
842.222961       896.0908203125
842.525391       916.1525268555
842.827759       971.8795776367
843.130127       900.5489501953
843.432373       933.9852294922
843.734619       896.0908203125
844.036804       947.3596801758
844.338867      1018.6903076172
844.640930       929.5270385742
844.942993       862.6546020508
845.244934       907.2362060547
845.546814       896.0908203125
845.848755       929.5270385742
846.150513       991.9413452148
846.452332       967.4214477539
846.754028      1027.6066894531
847.055664      1009.7739868164
847.357239       945.1306152344
847.658813      1023.1484985352
847.960327       980.7958984375
848.261780       969.6505126953
848.563110       902.7780761719
848.864563       974.1086425781
849.165771       945.1306152344
849.467041       951.8178710938
849.768250       896.0908203125
850.069397       880.4872436523
850.370422       949.5887451172
850.671448       940.6724243164
850.972473       994.1704101563
851.273376       965.1923217773
851.574280       893.8617553711
851.875122      1085.5627441406
852.175842       916.1525268555
852.476624       985.2540893555
852.777222       967.4214477539
853.077881       949.5887451172
853.378418       887.1744995117
853.678955      1056.5847167969
853.979370       938.4433593750
854.279785       927.2979736328
854.580200       998.6285400391
854.880493       893.8617553711
855.180725       962.9632568359
855.480957       902.7780761719
855.781067      1016.4612426758
856.081116       976.3377685547
856.381165       969.6505126953
856.681152       958.5051269531
856.981140      1014.2321166992
857.281006       929.5270385742
857.580872      1058.8137207031
857.880676      1043.2102050781
858.180420       949.5887451172
858.480103       951.8178710938
858.779724       938.4433593750
859.079224       967.4214477539
859.378723       936.2142944336
859.678223       911.6943969727
859.977661       958.5051269531
860.277039       951.8178710938
860.576355       933.9852294922
860.875610       980.7958984375
861.174805       940.6724243164
861.473999      1020.9193725586
861.773071       989.7122192383
862.072083       945.1306152344
862.371094       983.0250244141
862.670044       913.9234619141
862.968933       931.7561035156
863.267761       967.4214477539
863.566589      1014.2321166992
863.865356       947.3596801758
864.164001       851.5091552734
864.462646       931.7561035156
864.761230       942.9015502930
865.059692      1003.0867309570
865.358154       889.4035644531
865.656616       898.3198852539
865.954956       891.6326293945
866.253357       933.9852294922
866.551575       954.0469360352
866.849792       889.4035644531
867.147949       983.0250244141
867.446106       918.3816528320
867.744080       965.1923217773
868.042053       893.8617553711
868.340027      1014.2321166992
868.637878       960.7341918945
868.935791       980.7958984375
869.233582       940.6724243164
869.531311       962.9632568359
869.828979       880.4872436523
870.126648       971.8795776367
870.424255       947.3596801758
870.721741       900.5489501953
871.019165       987.4831542969
871.316589       980.7958984375
871.613953      1045.4393310547
871.911316       896.0908203125
872.208557       938.4433593750
872.505798       931.7561035156
872.802979       985.2540893555
873.100037       918.3816528320
873.397156       880.4872436523
873.694092       938.4433593750
873.991028       962.9632568359
874.287964       978.5668334961
874.584778       947.3596801758
874.881592       969.6505126953
875.178284       980.7958984375
875.474976       920.6107177734
875.771606       947.3596801758
876.068237       933.9852294922
876.364746       945.1306152344
876.661194       898.3198852539
876.957581       960.7341918945
877.253967       887.1744995117
877.550293       884.9454345703
877.846497       949.5887451172
878.142761       951.8178710938
878.438904       962.9632568359
878.734985       958.5051269531
879.031067       927.2979736328
879.326965       913.9234619141
879.622925       900.5489501953
879.918823       945.1306152344
880.214661       956.2760009766
880.510498       978.5668334961
880.806213       980.7958984375
881.101868       960.7341918945
881.397522       878.2581787109
881.693115       958.5051269531
881.988586       909.4653320313
882.283997       931.7561035156
882.579407       956.2760009766
882.874817       954.0469360352
883.170105      1047.6683349609
883.465332       991.9413452148
883.760559       962.9632568359
884.055725      1032.0648193359
884.350769       938.4433593750
884.645813       969.6505126953
884.940857       947.3596801758
885.235718       951.8178710938
885.530579       900.5489501953
885.825439       927.2979736328
886.120239       938.4433593750
886.414917       962.9632568359
886.709595       962.9632568359
887.004272       922.8397827148
887.298767      1063.2719726563
887.593323      1016.4612426758
887.887756       974.1086425781
888.182129       998.6285400391
888.476440       945.1306152344
888.770752      1014.2321166992
889.065002       989.7122192383
