0.283000
190.260635         0.0000000000
190.642441         0.0000000000
191.024216      1032.4006347656
191.405975      1043.6224365234
191.787704      1081.7763671875
192.169403      1108.7084960938
192.551071      1137.8850097656
192.932724      1144.6181640625
193.314331      1187.2607421875
193.695923      1169.3059082031
194.077499      1133.3963623047
194.459030      1059.3328857422
194.840546      1216.4372558594
195.222031      1196.2381591797
195.603485      1209.7042236328
195.984909      1180.5277099609
196.366302      1171.5502929688
196.747681      1218.6816406250
197.129028      1153.5954589844
197.510345      1173.7946777344
197.891647      1171.5502929688
198.272919      1140.1293945313
198.654175      1191.7493896484
199.035355      1117.6859130859
199.416550      1155.8398437500
199.797714      1151.3511962891
200.178848      1149.1068115234
200.559937      1126.6633300781
200.941025      1216.4372558594
201.322083      1211.9486083984
201.703079      1101.9754638672
202.084091      1135.6407470703
202.465057      1113.1972656250
202.845993      1207.4598388672
203.226898      1095.2424316406
203.607788      1162.5728759766
203.988647      1146.8624267578
204.369461      1108.7084960938
204.750275      1117.6859130859
205.131042      1119.9302978516
205.511795      1135.6407470703
205.892517      1182.7720947266
206.273209      1122.1745605469
206.653870      1135.6407470703
207.034515      1153.5954589844
207.415115      1108.7084960938
207.795700      1070.5545654297
208.176254      1205.2155761719
208.556778      1131.1519775391
208.937271      1182.7720947266
209.317749      1115.4415283203
209.698196      1137.8850097656
210.078613      1200.7268066406
210.459000      1158.0842285156
210.839371      1086.2650146484
211.219696      1088.5093994141
211.600006      1115.4415283203
211.980286      1142.3737792969
212.360535      1151.3511962891
212.740768      1104.2198486328
213.120956      1133.3963623047
213.501129      1196.2381591797
213.881256      1124.4189453125
214.261383      1149.1068115234
214.641464      1162.5728759766
215.021530      1178.2833251953
215.401550      1135.6407470703
215.781570      1104.2198486328
216.161530      1209.7042236328
216.541504      1176.0390625000
216.921402      1187.2607421875
217.301315      1153.5954589844
217.681152      1185.0163574219
218.061005      1169.3059082031
218.440811      1151.3511962891
218.820587      1144.6181640625
219.200348      1115.4415283203
219.580078      1115.4415283203
219.959763      1151.3511962891
220.339432      1176.0390625000
220.719070      1182.7720947266
221.098694      1171.5502929688
221.478271      1151.3511962891
221.857819      1084.0206298828
222.237366      1149.1068115234
222.616867      1151.3511962891
222.996338      1142.3737792969
223.375778      1160.3286132813
223.755188      1164.8172607422
224.134583      1122.1745605469
224.513947      1137.8850097656
224.893265      1144.6181640625
225.272583      1142.3737792969
225.651855      1227.6590576172
226.031097      1119.9302978516
226.410339      1124.4189453125
226.789520      1090.7537841797
227.168686      1178.2833251953
227.547806      1200.7268066406
227.926926      1086.2650146484
228.306015      1124.4189453125
228.685059      1178.2833251953
229.064087      1106.4642333984
229.443069      1119.9302978516
229.822037      1101.9754638672
230.200989      1176.0390625000
230.579895      1227.6590576172
230.958786      1178.2833251953
231.337631      1117.6859130859
231.716461      1108.7084960938
232.095261      1160.3286132813
232.474030      1101.9754638672
232.852783      1135.6407470703
233.231476      1032.4006347656
233.610184      1182.7720947266
233.988831      1122.1745605469
234.367462      1119.9302978516
234.746048      1140.1293945313
235.124649      1173.7946777344
235.503159      1193.9937744141
235.881683      1146.8624267578
236.260162      1196.2381591797
236.638641      1155.8398437500
237.017075      1146.8624267578
237.395477      1126.6633300781
237.773834      1198.4825439453
238.152176      1142.3737792969
238.530502      1119.9302978516
238.908783      1137.8850097656
239.287048      1205.2155761719
239.665268      1187.2607421875
240.043472      1189.5051269531
240.421661      1180.5277099609
240.799805      1211.9486083984
241.177902      1151.3511962891
241.556000      1234.3920898438
241.934052      1108.7084960938
242.312088      1149.1068115234
242.690094      1140.1293945313
243.068054      1153.5954589844
243.446014      1151.3511962891
243.823929      1162.5728759766
244.201813      1142.3737792969
244.579666      1144.6181640625
244.957504      1164.8172607422
245.335297      1110.9528808594
245.713074      1131.1519775391
246.090820      1070.5545654297
246.468536      1164.8172607422
246.846207      1173.7946777344
247.223862      1155.8398437500
247.601501      1164.8172607422
247.979095      1113.1972656250
248.356674      1146.8624267578
248.734222      1108.7084960938
249.111725      1110.9528808594
249.489212      1126.6633300781
249.866669      1155.8398437500
250.244095      1207.4598388672
250.621506      1209.7042236328
250.998871      1104.2198486328
251.376221      1128.9077148438
251.753510      1133.3963623047
252.130814      1084.0206298828
252.508057      1167.0616455078
252.885284      1178.2833251953
253.262466      1140.1293945313
253.639648      1171.5502929688
254.016769      1151.3511962891
254.393906      1142.3737792969
254.770966      1160.3286132813
255.148026      1167.0616455078
255.525040      1171.5502929688
255.902054      1131.1519775391
256.278992      1095.2424316406
256.655945      1187.2607421875
257.032837      1133.3963623047
257.409729      1209.7042236328
257.786591      1193.9937744141
258.163391      1153.5954589844
258.540161      1173.7946777344
258.916962      1092.9980468750
259.293701      1238.8807373047
259.670380      1108.7084960938
260.047058      1153.5954589844
260.423706      1146.8624267578
260.800323      1185.0163574219
261.176880      1162.5728759766
261.553436      1140.1293945313
261.929962      1106.4642333984
262.306488      1193.9937744141
262.682953      1144.6181640625
263.059387      1205.2155761719
263.435791      1122.1745605469
263.812195      1160.3286132813
264.188507      1158.0842285156
264.564850      1196.2381591797
264.941132      1164.8172607422
265.317413      1162.5728759766
265.693634      1160.3286132813
266.069885      1101.9754638672
266.446045      1101.9754638672
266.822174      1182.7720947266
267.198273      1144.6181640625
267.574371      1185.0163574219
267.950439      1164.8172607422
268.326447      1162.5728759766
268.702454      1205.2155761719
269.078430      1158.0842285156
269.454376      1160.3286132813
269.830292      1198.4825439453
270.206146      1137.8850097656
270.582001      1110.9528808594
270.957825      1124.4189453125
271.333618      1153.5954589844
271.709381      1108.7084960938
272.085144      1057.0885009766
272.460815      1149.1068115234
272.836487      1146.8624267578
273.212128      1153.5954589844
273.587769      1164.8172607422
273.963348      1196.2381591797
274.338898      1117.6859130859
274.714447      1214.1929931641
275.089935      1135.6407470703
275.465393      1149.1068115234
275.840820      1200.7268066406
276.216278      1097.4868164063
276.591644      1131.1519775391
276.966949      1160.3286132813
277.342285      1158.0842285156
277.717590      1220.9260253906
278.092834      1119.9302978516
278.468048      1205.2155761719
278.843262      1207.4598388672
279.218445      1113.1972656250
279.593567      1182.7720947266
279.968658      1090.7537841797
280.343781      1149.1068115234
280.718811      1193.9937744141
281.093842      1193.9937744141
281.468811      1211.9486083984
281.843781      1119.9302978516
282.218719      1133.3963623047
282.593628      1162.5728759766
282.968506      1200.7268066406
283.343353      1227.6590576172
283.718170      1196.2381591797
284.092896      1232.1477050781
284.467682      1088.5093994141
284.842407      1209.7042236328
285.217102      1090.7537841797
285.591766      1196.2381591797
285.966400      1128.9077148438
286.340973      1151.3511962891
286.715576      1151.3511962891
287.090118      1176.0390625000
287.464630      1144.6181640625
287.839081      1137.8850097656
288.213562      1131.1519775391
288.587982      1144.6181640625
288.962372      1232.1477050781
289.336731      1104.2198486328
289.711060      1144.6181640625
290.085327      1180.5277099609
290.459625      1137.8850097656
290.833862      1171.5502929688
291.208069      1198.4825439453
291.582275      1182.7720947266
291.956421      1149.1068115234
292.330505      1196.2381591797
292.704620      1155.8398437500
293.078705      1153.5954589844
293.452698      1198.4825439453
293.826691      1207.4598388672
294.200684      1135.6407470703
294.574615      1155.8398437500
294.948517      1131.1519775391
295.322388      1171.5502929688
295.696259      1164.8172607422
296.070068      1153.5954589844
296.443848      1146.8624267578
296.817596      1167.0616455078
297.191345      1133.3963623047
297.565063      1142.3737792969
297.938690      1196.2381591797
298.312317      1164.8172607422
298.685913      1180.5277099609
299.059540      1171.5502929688
299.433044      1247.8581542969
299.806549      1173.7946777344
300.180054      1155.8398437500
300.553528      1133.3963623047
300.926910      1234.3920898438
301.300323      1164.8172607422
301.673676      1137.8850097656
302.046997      1218.6816406250
302.420319      1256.8355712891
302.793579      1110.9528808594
303.166809      1178.2833251953
303.540039      1173.7946777344
303.913208      1180.5277099609
304.286377      1220.9260253906
304.659454      1202.9711914063
305.032593      1256.8355712891
305.405609      1247.8581542969
305.778656      1178.2833251953
306.151611      1169.3059082031
306.524597      1108.7084960938
306.897522      1155.8398437500
307.270416      1164.8172607422
307.643280      1117.6859130859
308.016144      1169.3059082031
308.388916      1086.2650146484
308.761749      1169.3059082031
309.134460      1218.6816406250
309.507202      1122.1745605469
309.879913      1097.4868164063
310.252563      1211.9486083984
310.625153      1104.2198486328
310.997742      1167.0616455078
311.370361      1185.0163574219
311.742859      1151.3511962891
312.115356      1173.7946777344
312.487823      1196.2381591797
312.860291      1173.7946777344
313.232697      1106.4642333984
313.605042      1153.5954589844
313.977386      1232.1477050781
314.349731      1256.8355712891
314.721985      1241.1251220703
315.094269      1182.7720947266
315.466492      1261.3242187500
315.838684      1283.7678222656
316.210846      1303.9669189453
316.582977      1207.4598388672
316.955048      1250.1025390625
317.327148      1380.2747802734
317.699158      1254.5911865234
318.071167      1337.6322021484
318.443176      1250.1025390625
318.815125      1360.0756835938
319.187012      1272.5460205078
319.558868      1440.8721923828
319.930756      1380.2747802734
320.302582      1404.9626464844
320.674347      1364.5643310547
321.046112      1467.8044433594
321.417847      1476.7818603516
321.789581      1429.6505126953
322.161224      1479.0261230469
322.532867      1425.1617431641
322.904419      1490.2479248047
323.276031      1494.7365722656
323.647583      1698.9724121094
324.019073      1624.9088134766
324.390533      1658.5740966797
324.762024      1777.5246582031
325.133423      1674.2845458984
325.504791      1777.5246582031
325.876129      1907.6968994141
326.247467      2010.9368896484
326.618774      2150.0866699219
326.990021      2035.6247558594
327.361237      2035.6247558594
327.732452      2145.5979003906
328.103607      2067.0456542969
328.474731      2114.1770019531
328.845825      2275.7700195313
329.216919      2343.1005859375
329.587952      2556.3137207031
329.958954      2486.7390136719
330.329926      2430.6301269531
330.700867      2381.2546386719
331.071808      2325.1457519531
331.442688      2338.6118164063
331.813507      2583.2460937500
332.184357      2576.5129394531
332.555115      2688.7304687500
332.925873      2585.4902343750
333.296570      2603.4450683594
333.667267      2572.0241699219
334.037994      2639.3547363281
334.408600      2592.2233886719
334.779144      2731.3730468750
335.149750      2843.5905761719
335.520294      2940.0974121094
335.890778      2729.1286621094
336.261230      2789.7260742188
336.631683      2540.6032714844
337.002106      2630.3771972656
337.372498      2684.2416992188
337.742798      2848.0791015625
338.113129      2935.6088867188
338.483429      3094.9575195313
338.853668      3025.3828125000
339.223907      2962.5410156250
339.594086      3234.1071777344
339.964233      3305.9265136719
340.334381      3382.2343750000
340.704437      3243.0847167969
341.074493      3200.4421386719
341.444519      3305.9265136719
341.814545      3312.6594238281
342.184509      3427.1213378906
342.554413      3463.0307617188
342.924347      3514.6508789063
343.294220      3474.2526855469
343.664032      3195.9533691406
344.033813      3227.3742675781
344.403595      3103.9350585938
344.773346      3317.1481933594
345.143036      3532.6057128906
345.512695      3514.6508789063
345.882385      3541.5830078125
346.251984      3557.2934570313
346.621552      3638.0900878906
346.991089      3725.6196289063
347.360626      3622.3796386719
347.730103      3617.8908691406
348.099548      3662.7780761719
348.468964      3680.7326660156
348.838379      3642.5788574219
349.207764      3801.9277343750
349.577057      3833.3483886719
349.946320      4001.6748046875
350.315582      4161.0234375000
350.684845      4318.1279296875
351.054047      4129.6025390625
351.423157      4012.8964843750
351.792328      4089.2043457031
352.161438      4098.1816406250
352.530487      4001.6748046875
352.899506      4060.0278320313
353.268524      4354.0375976563
353.637512      4578.4726562500
354.006409      4740.0654296875
354.375336      4778.2197265625
354.744232      4892.6811523438
355.113068      4657.0249023438
355.481873      4441.5673828125
355.850616      4477.4765625000
356.219391      4226.1098632813
356.588135      4125.1137695313
356.956818      3938.8330078125
357.325470      3925.3669433594
357.694031      3918.6337890625
358.062653      3871.5024414063
358.431213      3878.2355957031
358.799713      3976.9868164063
359.168182      4369.7480468750
359.536652      4674.9794921875
359.905090      4818.6176757813
360.273438      4798.4184570313
360.641785      4470.7436523438
361.010132      4419.1235351563
361.378448      4612.1376953125
361.746704      4502.1645507813
362.114899      4731.0883789063
362.483124      5016.1206054688
362.851288      5249.5327148438
363.219421      5278.7094726563
363.587463      5168.7363281250
363.955566      5348.2841796875
364.323608      5325.8408203125
364.691589      5673.7148437500
365.059540      5550.2758789063
365.427490      6032.8105468750
365.795410      6405.3725585938
366.163269      6461.4814453125
366.531067      6522.0791015625
366.898895      6629.8076171875
367.266693      6434.5493164063
367.634430      6465.9702148438
368.002106      6369.4633789063
368.369812      6127.0732421875
368.737457      6412.1059570313
369.105042      6362.7299804688
369.472595      6728.5590820313
369.840149      6854.2426757813
370.207672      6708.3598632813
370.575134      6683.6718750000
370.942566      6580.4321289063
371.309998      6575.9433593750
371.677399      6706.1157226563
372.044708      6335.7978515625
372.411987      6228.0693359375
372.779297      6079.9418945313
373.146576      5886.9282226563
373.513794      5651.2714843750
373.880951      5743.2895507813
374.248077      5833.0634765625
374.615204      5844.2856445313
374.982300      5972.2133789063
375.349365      6373.9516601563
375.716339      6553.5000000000
376.083374      6694.8935546875
376.450317      6784.6679687500
376.817230      7036.0346679688
377.184082      7291.8906250000
377.550964      8021.3041992188
377.917786      8198.6074218750
378.284576      8245.7392578125
378.651306      7956.2182617188
379.018036      7442.2622070313
379.384735      7163.9628906250
379.751373      7101.1210937500
380.117981      7294.1352539063
380.484589      7610.5883789063
380.851166      7794.6250000000
381.217651      7332.2890625000
381.584137      7119.0756835938
381.950623      6427.8164062500
382.317017      6028.3222656250
382.683411      5610.8730468750
383.049774      5572.7192382813
383.416107      5384.1938476563
383.782410      5729.8237304688
384.148651      6277.4448242188
384.514832      6771.2016601563
384.881042      7307.6010742188
385.247223      7386.1533203125
385.613342      7202.1166992188
385.979401      7309.8457031250
386.345459      7193.1391601563
386.711517      7498.3706054688
387.077484      7350.2436523438
387.443420      7408.5966796875
387.809357      7386.1533203125
388.175262      7448.9951171875
388.541107      7545.5019531250
388.906891      7727.2944335938
389.272705      8227.7841796875
389.638489      8658.6992187500
390.004211      9278.1396484375
390.369873      9206.3203125000
390.735535      9518.2851562500
391.101196      9639.4804687500
391.466766      9679.8779296875
391.832336      9358.9365234375
392.197815      8492.6171875000
392.563324      7677.9189453125
392.928802      6535.5449218750
393.294189      5972.2133789063
393.659607      5859.9960937500
394.024963      6584.9208984375
394.390289      7579.1674804688
394.755554      8847.2246093750
395.120789      9336.4931640625
395.486023      9612.5478515625
395.851227      9305.0722656250
396.216370      8387.1328125000
396.581482      7235.7817382813
396.946564      6759.9799804688
397.311646      7374.9316406250
397.676636      8824.7812500000
398.041626     10254.4316406250
398.406586     11257.6562500000
398.771515     12227.2148437500
399.136383     12808.5009765625
399.501221     13041.9130859375
399.866058     13342.6562500000
400.230865     13665.8427734375
400.595581     13627.6884765625
400.960297     13829.6796875000
401.324982     14128.1787109375
401.689636     14220.1972656250
402.054230     14810.4609375000
402.418793     14689.2656250000
402.783356     14626.4238281250
403.147919     14565.8261718750
403.512360     14363.8349609375
403.876770     14592.7587890625
404.241211     14453.6093750000
404.605621     14379.5458984375
404.969910     14478.2968750000
405.334229     14498.4960937500
405.698517     14422.1884765625
406.062775     14410.9667968750
406.426971     14341.3916015625
406.791107     14366.0791015625
407.155273     14781.2841796875
407.519379     14673.5556640625
407.883484     14976.5429687500
408.247498     15313.1953125000
408.611481     15737.3769531250
408.975464     15881.0156250000
409.339417     15892.2373046875
409.703308     15156.0908203125
410.067169     14904.7236328125
410.431030     14900.2343750000
410.794800     15003.4746093750
411.158569     16179.5136718750
411.522278     16682.2480468750
411.885986     17061.5429687500
412.249664     16985.2343750000
412.613312     16507.1894531250
412.976868     16567.7851562500
413.340454     16478.0117187500
413.703979     16713.6679687500
414.067474     16816.9082031250
414.430908     17066.0312500000
414.794342     17005.4335937500
415.157745     17176.0039062500
415.521088     17115.4082031250
415.884369     17362.2851562500
416.247711     17842.5761718750
416.610931     17588.9648437500
416.974152     17530.6113281250
417.337341     16917.9042968750
417.700500     16935.8593750000
418.063629     16655.3164062500
418.426697     17281.4882812500
418.789703     16956.0585937500
419.152740     17382.4843750000
419.515717     16944.8359375000
419.878662     17140.0957031250
420.241577     16940.3476562500
420.604431     17436.3496093750
420.967285     17842.5761718750
421.330109     18271.2480468750
421.692841     18235.3378906250
422.055603     17817.8886718750
422.418335     17454.3046875000
422.780975     17501.4355468750
423.143585     17375.7519531250
423.506226     17562.0332031250
423.868774     17618.1406250000
424.231293     18194.9394531250
424.593811     18111.8984375000
424.956238     17873.9980468750
425.318665     17952.5488281250
425.681091     18118.6308593750
426.043427     17851.5546875000
426.405731     17707.9160156250
426.768036     17833.5996093750
427.130310     17402.6835937500
427.492493     17319.6425781250
427.854675     17815.6445312500
428.216858     17162.5390625000
428.578979     17382.4843750000
428.941040     17117.6523437500
429.303040     16159.3144531250
429.665070     15587.0058593750
430.027069     14866.5693359375
430.389008     14182.0429687500
430.750885     14323.4365234375
431.112762     15167.3125000000
431.474640     16365.7949218750
431.836395     18017.6347656250
432.198181     18538.3242187500
432.559937     18996.1718750000
432.921600     19052.2812500000
433.283264     19525.8378906250
433.644867     18971.4843750000
434.006500     18681.9628906250
434.368073     18540.5683593750
434.729553     18971.4843750000
435.091034     19945.5312500000
435.452515     20098.1464843750
435.813934     20598.6367187500
436.175293     20906.1132812500
436.536621     21572.6855468750
436.897949     21141.7695312500
437.259277     21099.1269531250
437.620483     20939.7792968750
437.981659     20311.3613281250
438.342865     19613.3671875000
438.704010     19550.5253906250
439.065125     19860.2460937500
439.426178     20199.1425781250
439.787201     21182.1679687500
440.148224     21034.0410156250
440.509186     21262.9648437500
440.870087     21877.9160156250
441.230988     22490.6230468750
441.591858     22977.6484375000
441.952667     22988.8691406250
442.313416     23269.4121093750
442.674194     23354.6972656250
443.034912     23352.4531250000
443.395630     23338.9882812500
443.756226     23843.9667968750
444.116852     23772.1464843750
444.477417     23325.5214843750
444.837982     23763.1699218750
445.198456     23758.6816406250
445.558960     23401.8300781250
445.919403     23188.6171875000
446.279816     23177.3945312500
446.640106     23823.7675781250
447.000458     24488.0937500000
447.360779     24665.3984375000
447.721039     24853.9238281250
448.081207     25154.6660156250
448.441406     24712.5292968750
448.801575     26059.1386718750
449.161713     25533.9609375000
449.521759     25246.6855468750
449.881805     26115.2480468750
450.241852     26252.1523437500
450.601837     26842.4160156250
450.961792     27428.1914062500
451.321655     27257.6210937500
451.681549     26573.0957031250
452.041382     26238.6875000000
452.401184     25917.7441406250
452.760895     25013.2714843750
453.120636     24838.2128906250
453.480347     25040.2050781250
453.840027     25417.2558593750
454.199585     25554.1601562500
454.559174     25857.1484375000
454.918762     25857.1484375000
455.278290     25592.3144531250
455.637726     26171.3574218750
455.997162     26454.1445312500
456.356598     26853.6386718750
456.715973     26438.4335937500
457.075287     26588.8046875000
457.434570     26680.8242187500
457.793854     26485.5644531250
458.153107     26566.3613281250
458.512268     25890.8125000000
458.871429     26718.9785156250
459.230560     26638.1816406250
459.589661     26427.2128906250
459.948639     26191.5546875000
460.307678     26476.5878906250
460.666687     27087.0507812500
461.025635     27706.4921875000
461.384491     27520.2109375000
461.743378     27865.8398437500
462.102264     28231.6699218750
462.461060     27966.8359375000
462.819794     28543.6328125000
463.178497     28245.1347656250
463.537231     28586.2753906250
463.895905     28386.5292968750
464.254456     27903.9941406250
464.613068     27917.4609375000
464.971649     28090.2753906250
465.330170     28162.0937500000
465.688568     29165.3183593750
466.047028     29627.6542968750
466.405457     29127.1640625000
466.763855     28965.5722656250
467.122192     29261.8261718750
467.480438     30011.4375000000
467.838715     29782.5136718750
468.196960     30258.3164062500
468.555176     30388.4882812500
468.913269     30871.0234375000
469.271393     30711.6757812500
469.629486     31391.7128906250
469.987549     31176.2558593750
470.345520     31099.9472656250
470.703491     31391.7128906250
471.061462     31919.1347656250
471.419342     33137.8164062500
471.777191     33689.9257812500
472.135040     34475.4492187500
472.492828     34453.0039062500
472.850586     34717.8398437500
473.208282     34661.7304687500
473.565979     35157.7304687500
473.923615     35880.4101562500
474.281281     36015.0742187500
474.638794     36681.6445312500
474.996338     36984.6328125000
475.353851     37758.9296875000
475.711334     37615.2929687500
476.068726     37460.4335937500
476.426117     37610.8046875000
476.783478     37976.6328125000
477.140808     39251.4257812500
477.498077     40032.4570312500
477.855316     40122.2304687500
478.212555     40636.1875000000
478.569763     40923.4648437500
478.926819     41522.7070312500
479.283936     42350.8710937500
479.641022     42624.6796875000
479.998077     43722.1679687500
480.355011     44000.4687500000
480.711975     44278.7656250000
481.068939     44422.4062500000
481.425842     45439.0937500000
481.782623     46096.6875000000
482.139435     46633.0898437500
482.496216     46424.3632812500
482.852966     46922.6093750000
483.209717     46799.1718750000
483.566315     47173.9765625000
483.922943     47342.3046875000
484.279572     47351.2812500000
484.636139     47557.7617187500
484.992615     46958.5195312500
485.349121     46078.7343750000
485.705566     44384.2500000000
486.062012     42741.3867187500
486.418304     42833.4062500000
486.774689     43574.0390625000
487.130981     45239.3476562500
487.487274     46529.8476562500
487.843445     47952.7656250000
488.199615     47916.8554687500
488.555786     48704.6210937500
488.911957     48495.8984375000
489.267975     49198.3789062500
489.624023     50116.3203125000
489.980042     50729.0273437500
490.336029     50908.5742187500
490.691925     50942.2382812500
491.047821     51207.0742187500
491.403687     50497.8593750000
491.759521     50430.5273437500
492.115265     49710.0898437500
492.471008     50383.3945312500
492.826752     50722.2929687500
493.182434     51615.5429687500
493.538025     51314.8007812500
493.893646     51528.0156250000
494.249207     51925.2656250000
494.604736     52614.2773437500
494.960205     52544.7031250000
495.315674     52580.6132812500
495.671082     52580.6132812500
496.026489     52558.1718750000
496.381775     52836.4687500000
496.737091     53170.8789062500
497.092377     53072.1250000000
497.447632     53164.1445312500
497.802795     52959.9101562500
498.157959     52082.3671875000
498.513062     52252.9375000000
498.868195     52609.7890625000
499.223175     52726.4960937500
499.578217     52800.5585937500
499.933167     52477.3750000000
500.288116     52003.8164062500
500.643036     51341.7343750000
500.997833     51222.7812500000
501.352692     50859.1992187500
501.707489     50518.0585937500
502.062225     50809.8242187500
502.416901     50879.3984375000
502.771606     51099.3437500000
503.126221     51415.7968750000
503.480865     50381.1523437500
503.835358     49768.4453125000
504.189941     49781.9101562500
504.544434     50351.9765625000
504.898865     51007.3242187500
505.253265     51393.3515625000
505.607635     52044.2148437500
505.961975     52466.1523437500
506.316315     52454.9296875000
506.670532     52057.6796875000
507.024750     52140.7226562500
507.378967     52380.8671875000
507.733154     51429.2617187500
508.087189     51287.8671875000
508.441315     52003.8164062500
508.795349     52533.4843750000
509.149353     52915.0234375000
509.503265     52946.4414062500
509.857208     52982.3515625000
510.211121     52989.0859375000
510.565002     53031.7265625000
510.918762     53368.3789062500
511.272583     53740.9414062500
511.626312     53873.3593750000
511.980042     53911.5117187500
512.333618     53844.1835937500
512.687256     53262.8945312500
513.040894     52912.7773437500
513.394470     53420.0000000000
513.747925     52737.7187500000
514.101440     52766.8945312500
514.454895     52719.7656250000
514.808289     52719.7656250000
515.161621     53020.5078125000
515.514893     53042.9492187500
515.868225     53096.8125000000
516.221497     52535.7265625000
516.574707     50634.7617187500
516.927856     49469.9453125000
517.281006     49586.6523437500
517.634155     49997.3671875000
517.987183     50300.3554687500
518.340210     50031.0351562500
518.693237     50470.9257812500
519.046204     51301.3359375000
519.399048     52010.5507812500
519.751892     52591.8359375000
520.104736     53045.1953125000
520.457520     53101.3046875000
520.810364     52863.4023437500
521.163025     53480.5976562500
521.515686     53595.0585937500
521.868408     54019.2421875000
522.221008     53630.9687500000
522.573547     53464.8867187500
522.926086     53334.7148437500
523.278625     53170.8789062500
523.631042     53411.0234375000
523.983459     54111.2617187500
524.335815     54450.1562500000
524.688171     54023.7304687500
525.040527     53837.4492187500
525.392761     53642.1914062500
525.744934     53552.4179687500
526.097168     52789.3398437500
526.449341     51622.2773437500
526.801453     50762.6914062500
527.153503     50612.3203125000
527.505554     51440.4843750000
527.857544     51860.1796875000
528.209534     52428.0000000000
528.561462     52838.7148437500
528.913330     53507.5312500000
529.265198     53408.7773437500
529.617004     53482.8437500000
529.968750     53022.7500000000
530.320496     53265.1406250000
530.672180     53341.4492187500
531.023804     53635.4570312500
531.375488     53283.0937500000
531.727051     53388.5781250000
532.078613     52890.3359375000
532.430115     51905.0664062500
532.781555     51902.8203125000
533.132996     51388.8632812500
533.484375     51853.4453125000
533.835815     51954.4414062500
534.187073     51931.9960937500
534.538330     52306.8046875000
534.889587     52751.1835937500
535.240784     53067.6367187500
535.591919     53060.9062500000
535.942993     53038.4609375000
536.294128     53146.1914062500
536.645203     52515.5273437500
536.996155     52160.9218750000
537.347107     52441.4648437500
537.698120     52638.9687500000
538.049011     52576.1250000000
538.399841     52517.7734375000
538.750610     52569.3906250000
539.101440     52445.9531250000
539.452209     51857.9335937500
539.802856     51568.4140625000
540.153503     51242.9804687500
540.504150     50962.4375000000
540.854736     50473.1718750000
541.205261     50322.7968750000
541.555786     50767.1796875000
541.906250     50753.7148437500
542.256714     50699.8476562500
542.607056     50913.0625000000
542.957458     51229.5156250000
543.307739     50558.4570312500
543.658020     50818.8007812500
544.008240     51460.6835937500
544.358398     51458.4375000000
544.708618     51541.4804687500
545.058777     51272.1601562500
545.408813     51494.3476562500
545.758850     51218.2929687500
546.108887     51110.5664062500
546.458862     51258.6914062500
546.808716     51649.2109375000
547.158691     51148.7187500000
547.508545     50859.1992187500
547.858337     50917.5507812500
548.208069     51016.3007812500
548.557800     51552.7031250000
548.907532     51561.6796875000
549.257202     51835.4882812500
549.606812     51272.1601562500
549.956360     51873.6445312500
550.305908     51474.1484375000
550.655457     51561.6796875000
551.004883     51563.9218750000
551.354309     51487.6171875000
551.703674     51664.9179687500
552.053040     51431.5078125000
552.402405     51510.0585937500
552.751587     51402.3320312500
553.100830     51016.3007812500
553.450012     51523.5273437500
553.799255     51287.8671875000
554.148254     51456.1953125000
554.497375     51433.7500000000
554.846436     51649.2109375000
555.195435     51703.0742187500
555.544373     51296.8476562500
555.893250     51478.6367187500
556.242188     50648.2304687500
556.591003     50491.1250000000
556.939758     49950.2382812500
557.288574     50149.9843750000
557.637268     49842.5078125000
557.985962     49770.6875000000
558.334595     49685.4023437500
558.683228     48767.4648437500
559.031799     48834.7968750000
559.380310     48513.8515625000
559.728760     48455.5000000000
560.077209     48428.5664062500
560.425659     48664.2226562500
560.774048     48821.3281250000
561.122314     48446.5234375000
561.470581     47984.1875000000
561.818909     47883.1914062500
562.167114     47914.6132812500
562.515259     47822.5937500000
562.863342     47593.6718750000
563.211487     48143.5351562500
563.559570     47236.8203125000
563.907532     47402.8984375000
564.255554     47025.8515625000
564.603455     46960.7617187500
564.951355     46877.7226562500
565.299255     46119.1328125000
565.647095     45979.9843750000
565.994812     45454.8046875000
566.342590     45448.0703125000
566.690308     45995.6914062500
567.037903     45122.6406250000
567.385620     45261.7929687500
567.733154     44886.9843750000
568.080750     44099.2187500000
568.428162     42808.7187500000
568.775696     42808.7187500000
569.123108     42353.1132812500
569.470520     41917.7109375000
569.817810     42052.3710937500
570.165161     41432.9296875000
570.512451     40847.1562500000
570.859680     41082.8125000000
571.206787     40770.8476562500
571.554016     40315.2460937500
571.901062     40712.4960937500
572.248169     40907.7539062500
572.595154     40936.9296875000
572.942200     40999.7734375000
573.289124     40624.9648437500
573.636047     40250.1601562500
573.982849     40128.9648437500
574.329712     40111.0078125000
574.676514     39563.3867187500
575.023315     39554.4101562500
575.369995     39188.5820312500
575.716675     39125.7421875000
576.063293     39085.3437500000
576.409912     39015.7656250000
576.756409     38991.0781250000
577.102966     39522.9882812500
577.449402     39222.2460937500
577.795898     38730.7343750000
578.142273     39004.5468750000
578.488647     38589.3398437500
578.834961     39074.1210937500
579.181213     39246.9335937500
579.527405     39805.7773437500
579.873596     39882.0859375000
580.219788     40274.8476562500
580.565918     40979.5742187500
580.911926     41230.9414062500
581.258057     41480.0625000000
581.604065     41987.2851562500
581.949951     42404.7343750000
582.295898     42806.4726562500
582.641724     43194.7460937500
582.987610     43223.9218750000
583.333435     43082.5273437500
583.679199     43280.0312500000
584.024902     43091.5039062500
584.370544     42988.2656250000
584.716187     42959.0898437500
585.061829     42947.8671875000
585.407349     42317.2031250000
585.752869     41740.4062500000
586.098328     41558.6132812500
586.443787     41446.3984375000
586.789124     41720.2070312500
587.134521     40672.0976562500
587.479858     40503.7695312500
587.825134     38919.2617187500
588.170288     37723.0234375000
588.515564     34841.2773437500
588.860657     33292.6757812500
589.205872     32148.0585937500
589.550842     31030.3730468750
589.895935     31535.3515625000
590.240906     31831.6054687500
590.585876     32789.9414062500
590.930786     33274.7226562500
591.275635     33602.3984375000
591.620483     33355.5195312500
591.965271     33519.3554687500
592.310059     33965.9804687500
592.654724     34049.0234375000
592.999451     34724.5703125000
593.344055     35216.0820312500
593.688660     34955.7382812500
594.033203     34163.4843750000
594.377686     33142.3046875000
594.722229     32846.0507812500
595.066528     33003.1562500000
595.411011     33454.2695312500
595.755371     34255.5039062500
596.099670     34614.5976562500
596.443848     34531.5585937500
596.788147     34569.7109375000
597.132324     34697.6406250000
597.476501     34859.2304687500
597.820618     34940.0273437500
598.164612     34969.2070312500
598.508667     35052.2460937500
598.852661     35483.1601562500
599.196655     35159.9765625000
599.540466     35756.9726562500
599.884338     35963.4531250000
600.228210     36053.2265625000
600.571960     36468.4296875000
600.915710     36356.2148437500
601.259460     36580.6484375000
601.603088     36376.4140625000
601.946716     36398.8554687500
602.290283     37051.9609375000
602.633850     36915.0546875000
602.977295     37538.9843750000
603.320801     37691.6015625000
603.664124     38014.7890625000
604.007568     37574.8945312500
604.350952     38286.3554687500
604.694214     38748.6914062500
605.037415     38205.5585937500
605.380676     38194.3359375000
605.723816     38250.4453125000
606.066956     38082.1171875000
606.410034     38501.8125000000
606.753052     38522.0117187500
607.096130     38436.7265625000
607.439087     38425.5039062500
607.781921     38210.0468750000
608.124878     38470.3906250000
608.467712     38077.6289062500
608.810547     38257.1757812500
609.153259     38122.5156250000
609.495972     38405.3046875000
609.838684     38160.6718750000
610.181335     37895.8359375000
610.523865     38293.0859375000
610.866516     38288.5976562500
611.209045     38286.3554687500
611.551453     38409.7929687500
611.893921     37992.3437500000
612.236267     37570.4062500000
612.578674     37868.9062500000
612.920959     37940.7226562500
613.263306     37384.1250000000
613.605469     37489.6093750000
613.947632     37231.5078125000
614.289795     37624.2695312500
614.631958     37631.0039062500
614.973938     37498.5859375000
615.315979     37850.9492187500
615.657959     37078.8945312500
615.999939     36742.2421875000
616.341858     36713.0664062500
616.683716     36428.0312500000
617.025513     36212.5742187500
617.367310     36840.9921875000
617.708984     36764.6835937500
618.050720     37188.8671875000
618.392395     37321.2851562500
618.734070     37126.0234375000
619.075500     36787.1289062500
619.417114     36879.1484375000
619.758606     37586.1171875000
620.100098     37283.1289062500
620.441467     37298.8398437500
620.782776     37067.6718750000
621.124146     36466.1875000000
621.465393     36715.3085937500
621.806641     36353.9687500000
622.147888     36165.4453125000
622.489014     36194.6210937500
622.830139     35638.0234375000
623.171204     35523.5585937500
623.512207     35689.6406250000
623.853271     34874.9414062500
624.194214     34619.0859375000
624.535095     34778.4375000000
624.875916     34228.5703125000
625.216797     33995.1562500000
625.557617     33640.5507812500
625.898315     34031.0664062500
626.239075     33326.3437500000
626.579712     33279.2109375000
626.920349     33092.9296875000
627.260864     32004.4199218750
627.601440     31043.8378906250
627.941895     29982.2617187500
628.282410     29787.0039062500
628.622803     29670.2968750000
628.963135     29840.8671875000
629.303528     30105.7011718750
629.643799     30000.2167968750
629.984070     30603.9453125000
630.324219     30536.6152343750
630.664429     30790.2265625000
631.004517     30859.8027343750
631.344604     30606.1914062500
631.684631     30758.8066406250
632.024597     30743.0957031250
632.364624     30906.9335937500
632.704529     31257.0527343750
633.044373     31714.8984375000
633.384155     31710.4101562500
633.723999     31788.9628906250
634.063782     31975.2441406250
634.403442     32150.3027343750
634.743042     32415.1367187500
635.082764     32908.8945312500
635.422302     32765.2539062500
635.761841     32657.5253906250
636.101318     33045.7968750000
636.440796     32666.5039062500
636.780212     32890.9375000000
637.119507     33294.9218750000
637.458862     33496.9140625000
637.798157     33932.3164062500
638.137451     33526.0898437500
638.476563     33952.5156250000
638.815735     33631.5742187500
639.154907     33930.0703125000
639.494019     33790.9218750000
639.833008     33638.3046875000
640.171997     33375.7187500000
640.510925     33368.9843750000
640.849854     33434.0703125000
641.188660     33487.9335937500
641.527527     33692.1718750000
641.866333     33562.0000000000
642.205078     33759.5000000000
642.543762     33512.6210937500
642.882446     33840.2968750000
643.221008     33649.5273437500
643.559570     33694.4140625000
643.898071     33171.4804687500
644.236572     33306.1445312500
644.575073     32834.8281250000
644.913452     32747.2988281250
645.251831     32709.1464843750
645.590149     31784.4746093750
645.928406     30947.3320312500
646.266602     30397.4667968750
646.604858     29486.2597656250
646.942932     28979.0371093750
647.281128     27892.7714843750
647.619141     27345.1503906250
647.957214     27212.7343750000
648.295166     27194.7792968750
648.633057     27080.3183593750
648.970947     27192.5351562500
649.308838     27300.2636718750
649.646606     27751.3789062500
649.984436     28557.0996093750
650.322144     29010.4589843750
650.659851     29515.4375000000
650.997498     29468.3046875000
651.335022     28536.9003906250
651.672607     28157.6054687500
652.010132     28061.0976562500
652.347595     28503.2363281250
652.684998     29136.1425781250
653.022461     29333.6445312500
653.359802     29973.2832031250
653.697021     29834.1347656250
654.034302     29571.5449218750
654.371521     29546.8574218750
654.708740     28904.9746093750
655.045837     28359.5976562500
655.382935     27439.4140625000
655.719971     26817.7285156250
656.057007     25704.5312500000
656.393921     25190.5761718750
656.730835     25109.7792968750
657.067749     25704.5312500000
657.404602     26813.2402343750
657.741333     27473.0781250000
658.078064     28494.2578125000
658.414795     28783.7792968750
658.751465     29291.0019531250
659.088074     29288.7578125000
659.424683     29739.8710937500
659.761230     30141.6093750000
660.097717     30332.3808593750
660.434143     30592.7246093750
660.770569     30792.4707031250
661.106934     30906.9335937500
661.443298     31310.9160156250
661.779541     31373.7578125000
662.115784     31535.3515625000
662.451965     31106.6796875000
662.788086     31382.7363281250
663.124268     31485.9746093750
663.460266     30980.9960937500
663.796265     31218.8984375000
664.132324     31160.5449218750
664.468201     31333.3593750000
664.804077     31257.0527343750
665.139954     31227.8750000000
665.475769     30940.5996093750
665.811523     31212.1640625000
666.147278     31030.3730468750
666.482971     31104.4355468750
666.818542     30967.5312500000
667.154236     30810.4257812500
667.489685     31007.9296875000
667.825195     31034.8613281250
668.160706     30967.5312500000
668.496094     30743.0957031250
668.831421     31001.1953125000
669.166809     30976.5078125000
669.502136     30819.4042968750
669.837402     30960.7968750000
670.172546     30810.4257812500
670.507751     30476.0175781250
670.842834     30660.0546875000
671.177917     30426.6425781250
671.512878     29789.2480468750
671.847961     29753.3378906250
672.182861     29858.8222656250
672.517761     29645.6093750000
672.852600     30063.0585937500
673.187439     29993.4824218750
673.522217     29721.9179687500
673.856934     29432.3964843750
674.191650     29470.5507812500
674.526306     29773.5371093750
674.860901     28996.9921875000
675.195435     29679.2734375000
675.529968     29080.0332031250
675.864441     29086.7656250000
676.198853     28842.1328125000
676.533264     29064.3222656250
676.867554     29023.9238281250
677.201843     29106.9648437500
677.536133     28700.7382812500
677.870361     29044.1230468750
678.204529     28736.6484375000
678.538635     28694.0058593750
678.872742     28534.6562500000
679.206787     28514.4570312500
679.540710     28090.2753906250
679.874695     28123.9394531250
680.208618     27805.2421875000
680.542480     27212.7343750000
680.876282     27798.5097656250
681.210083     27706.4921875000
681.543823     27625.6953125000
681.877502     27585.2968750000
682.211121     27170.0917968750
682.544739     27549.3867187500
682.878357     27055.6308593750
683.211853     27199.2675781250
683.545227     27336.1738281250
683.878723     26422.7226562500
684.212097     26647.1582031250
684.545471     26525.9628906250
684.878723     26175.8457031250
685.212036     26366.6152343750
685.545227     26104.0253906250
685.878418     25686.5761718750
686.211487     24351.1894531250
686.544556     21489.6445312500
686.877625     19043.3027343750
687.210632     16329.8847656250
687.543518     15452.3447265625
687.876465     15593.7382812500
688.209290     15735.1328125000
688.542114     16143.6044921875
688.874878     15786.7529296875
689.207642     15889.9921875000
689.540344     16062.8076171875
689.872986     16219.9121093750
690.205566     16632.8730468750
690.538147     16958.3027343750
690.870667     17579.9882812500
691.203125     18181.4726562500
691.535461     18008.6582031250
691.867920     18349.7988281250
692.200256     18071.5000000000
692.532593     17972.7480468750
692.864807     17476.7480468750
693.196960     17292.7109375000
693.529114     16747.3339843750
693.861267     16433.1250000000
694.193420     16314.1748046875
694.525391     16276.0205078125
694.857361     16289.4863281250
695.189270     16756.3105468750
695.521240     16798.9531250000
695.853027     17425.1269531250
696.184814     17838.0878906250
696.516663     18866.0000000000
696.848389     19505.6386718750
697.179993     19916.3554687500
697.511658     20030.8164062500
697.843262     19905.1328125000
698.174805     20122.8359375000
698.506287     19353.0234375000
698.837708     18462.0175781250
699.169189     18006.4140625000
699.500549     17647.3183593750
699.831787     17274.7558593750
700.163147     17119.8964843750
700.494385     16639.6054687500
700.825562     16439.8574218750
701.156677     16051.5859375000
701.487793     16424.1484375000
701.818848     16536.3652343750
702.149902     16267.0429687500
702.480774     16363.5507812500
702.811768     17048.0761718750
703.142639     17564.2773437500
703.473511     17752.8027343750
703.804199     18069.2558593750
704.135010     18203.9160156250
704.465759     18206.1601562500
704.796387     17997.4375000000
705.126953     18028.8574218750
705.457520     17557.5449218750
705.788086     17600.1875000000
706.118591     17759.5351562500
706.448975     17672.0058593750
706.779419     17806.6660156250
707.109741     17786.4667968750
707.440063     17927.8613281250
707.770325     18044.5683593750
708.100525     18154.5410156250
708.430725     18217.3828125000
708.760864     18035.5898437500
709.090942     18470.9941406250
709.420959     18159.0292968750
709.750916     18194.9394531250
710.080933     18116.3867187500
710.410828     17925.6171875000
710.740662     18437.3281250000
711.070496     18421.6191406250
711.400269     18612.3886718750
711.729980     18428.3515625000
712.059631     18814.3789062500
712.389282     18224.1152343750
712.718872     18376.7324218750
713.048462     18096.1875000000
713.377930     18080.4765625000
713.707397     18150.0527343750
714.036865     17849.3085937500
714.366211     17382.4843750000
714.695435     17115.4082031250
715.024780     16875.2617187500
715.354004     16284.9980468750
715.683228     15894.4814453125
716.012329     15043.8730468750
716.341431     13986.7841796875
716.670532     12516.7353515625
716.999573     11210.5244140625
717.328430      9922.2675781250
717.657349      9123.2792968750
717.986267      8609.3232421875
718.315125      8232.2734375000
718.643860      7857.4667968750
718.972656      7334.5332031250
719.301331      7415.3300781250
719.630005      7154.9853515625
719.958557      6838.5322265625
720.287170      6813.8442382813
720.615662      7440.0175781250
720.944214      8295.1152343750
721.272583      9213.0537109375
721.600952     10021.0195312500
721.929321     11001.7998046875
722.257629     11446.1806640625
722.585876     11412.5156250000
722.914063     10986.0898437500
723.242188     10350.9384765625
723.570313      9794.3398437500
723.898376      9138.9902343750
724.226440      8876.4013671875
724.554382      8544.2373046875
724.882324      8348.9794921875
725.210266      8328.7802734375
725.538025      8223.2958984375
725.865784      8117.8110351563
726.193604      8225.5400390625
726.521301      8209.8291015625
726.848938      8095.3676757813
727.176514      8297.3593750000
727.504150      7985.3945312500
727.831726      8149.2319335938
728.159119      8373.6669921875
728.486572      8656.4550781250
728.813965      8546.4814453125
729.141357      8185.1416015625
729.468567      8371.4228515625
729.795837      8286.1376953125
730.123108      8375.9111328125
730.450317      8138.0102539063
730.777344      8227.7841796875
731.104431      8265.9384765625
731.431519      8362.4453125000
731.758484      8791.1162109375
732.085388      9424.0224609375
732.412292     10274.6308593750
732.739136     10503.5546875000
733.065979     11010.7773437500
733.392639     11621.2402343750
733.719421     11890.5625000000
734.046082     12310.2558593750
734.372681     12429.2060546875
734.699219     12512.2470703125
735.025757     12483.0703125000
735.352234     12563.8671875000
735.678711     12422.4726562500
736.005127     12283.3232421875
736.331482     12258.6357421875
736.657715     11910.7617187500
736.984009     12175.5947265625
737.310181     12566.1113281250
737.636353     12584.0664062500
737.962524     12624.4648437500
738.288574     12680.5732421875
738.614624     12878.0761718750
738.940613     12711.9941406250
739.266541     12997.0263671875
739.592407     12918.4746093750
739.918274     13380.8105468750
740.244080     13793.7705078125
740.569824     13802.7480468750
740.895569     13820.7021484375
741.221191     13993.5175781250
741.546753     14119.2011718750
741.872375     14027.1826171875
742.197937     14323.4365234375
742.523376     14352.6132812500
742.848816     14577.0478515625
743.174194     14713.9541015625
743.499573     14729.6640625000
743.824890     14853.1035156250
744.150085     14911.4560546875
744.475342     14965.3203125000
744.800476     14693.7548828125
745.125610     14740.8857421875
745.450623     14938.3886718750
745.775696     15034.8955078125
746.100708     14938.3886718750
746.425598     14929.4111328125
746.750427     14841.8818359375
747.075256     14985.5195312500
747.400085     14911.4560546875
747.724915     14803.7275390625
748.049561     14940.6328125000
748.374207     14736.3974609375
748.698853     14583.7812500000
749.023438     14583.7812500000
749.347900     14635.4013671875
749.672363     14215.7080078125
749.996765     14478.2968750000
750.321167     14469.3193359375
750.645508     14132.6669921875
750.969788     14226.9296875000
751.294067     14168.5771484375
751.618286     14105.7353515625
751.942383     14202.2421875000
752.266479     14029.4267578125
752.590576     14031.6718750000
752.914551     13897.0107421875
753.238525     14045.1376953125
753.562439     13789.2812500000
753.886292     14049.6259765625
754.210144     13807.2363281250
754.533936     13629.9326171875
754.857666     13656.8652343750
755.181335     13513.2265625000
755.505005     13587.2900390625
755.828613     13600.7568359375
756.152100     13560.3583984375
756.475586     13394.2763671875
756.799133     13367.3437500000
757.122498     13295.5253906250
757.445862     13100.2666015625
757.769165     13273.0810546875
758.092468     12700.7724609375
758.415710     12790.5458984375
758.738831     12384.3193359375
759.061951     11176.8593750000
759.385071      9989.5986328125
759.708130      7633.0317382813
760.031067      6068.7202148438
760.354004      4784.9526367188
760.676941      3741.3300781250
760.999817      3032.1157226563
761.322632      2922.1428222656
761.645386      2953.5637207031
761.968079      3000.6948242188
762.290771      2888.4775390625
762.613342      2639.3547363281
762.935974      2603.4450683594
763.258484      2585.4902343750
763.580994      2432.8745117188
763.903381      2612.4226074219
764.225830      2556.3137207031
764.548157      2780.7487792969
764.870422      3202.6862792969
765.192688      3525.8725585938
765.514832      3873.7468261719
765.837036      4443.8115234375
766.159119      5108.1386718750
766.481140      5821.8417968750
766.803223      6421.0830078125
767.125183      6928.3061523438
767.447144      7491.6376953125
767.768982      8097.6123046875
768.090820      8667.6767578125
768.412659      9006.5732421875
768.734314      9320.7822265625
769.056091      9684.3671875000
769.377686      9729.2539062500
769.699280     10068.1503906250
770.020813     10261.1650390625
770.342346     10407.0478515625
770.663757     10391.3369140625
770.985229     10557.4189453125
771.306580     10678.6132812500
771.627869     10741.4550781250
771.949158     10772.8759765625
772.270386     10712.2792968750
772.591553     10624.7490234375
772.912659     10768.3876953125
773.233765     10622.5048828125
773.554810     10761.6542968750
773.875793     10754.9218750000
774.196716     10588.8398437500
774.517578     10651.6816406250
774.838440     10721.2558593750
775.159302     10570.8847656250
775.480042     10653.9257812500
775.800659     10613.5273437500
776.121399     10642.7041015625
776.441956     10635.9707031250
776.762573     10714.5234375000
777.083008     10588.8398437500
777.403503     10539.4638671875
777.723999     10606.7949218750
778.044373     10514.7763671875
778.364624     10474.3779296875
778.684937     10478.8662109375
779.005188     10543.9531250000
779.325378     10521.5087890625
779.645447     10532.7314453125
779.965637     10532.7314453125
780.285706     10449.6904296875
780.605652     10297.0742187500
780.925598     10382.3593750000
781.245483     10458.6669921875
781.565369     10339.7167968750
781.885193     10337.4726562500
782.204895     10391.3369140625
782.524658     10389.0927734375
782.844299     10400.3144531250
783.163940     10420.5136718750
783.483582     10047.9511718750
783.803040     10184.8564453125
784.122559     10050.1962890625
784.442017      9769.6523437500
784.761414      9931.2451171875
785.080688      9830.2500000000
785.400024      9940.2226562500
785.719238      9893.0917968750
786.038452      9691.0996093750
786.357544      9520.5292968750
786.676697      9372.4023437500
786.995789      9235.4970703125
787.314758      9071.6591796875
787.633728      8912.3105468750
787.952637      8827.0253906250
788.271484      8687.8759765625
788.590271      8708.0751953125
788.908997      8519.5498046875
789.227783      8198.6074218750
789.546448      7938.2631835938
789.865112      8030.2817382813
790.183655      7837.2675781250
790.502197      7888.8876953125
790.820679      7884.3989257813
791.139099      7803.6025390625
791.457520      8039.2587890625
791.775879      7754.2265625000
792.094116      7778.9145507813
792.412415      7978.6616210938
792.730530      7951.7294921875
793.048767      8039.2587890625
793.366821      7958.4624023438
793.684937      8232.2734375000
794.002869      8203.0966796875
794.320862      8416.3095703125
794.638733      8247.9833984375
794.956665      8167.1870117188
795.274414      7980.9057617188
795.592224      7927.0415039063
795.909912      7606.0996093750
796.227661      7321.0673828125
796.545227      7287.4018554688
796.862854      7258.2255859375
797.180359      7175.1845703125
797.497864      7137.0307617188
797.815308      7143.7636718750
798.132629      7395.1308593750
798.450012      7296.3793945313
798.767273      7365.9541015625
799.084595      7190.8950195313
799.401733      7314.3339843750
799.718933      6968.7045898438
800.036011      7056.2338867188
800.353027      6854.2426757813
800.670044      6910.3510742188
800.987000      6690.4052734375
801.303894      6764.4687500000
801.620850      6566.9658203125
801.937561      6643.2739257813
802.254333      6403.1284179688
802.571106      6445.7709960938
802.887817      6405.3725585938
803.204346      6427.8164062500
803.520935      6497.3911132813
803.837463      6497.3911132813
804.153992      6364.9746093750
804.470337      6338.0424804688
804.786743      6501.8798828125
805.103027      6378.4404296875
805.419434      6717.3374023438
805.735535      6771.2016601563
806.051758      6755.4912109375
806.367920      6860.9755859375
806.684021      6748.7583007813
807.000000      7053.9897460938
807.316040      6825.0659179688
807.632019      6878.9306640625
807.947876      6719.5815429688
808.263672      6710.6040039063
808.579529      6268.4672851563
808.895325      6311.1098632813
809.211060      6171.9604492188
809.526611      6019.3447265625
809.842224      5976.7021484375
810.157837      5808.3759765625
810.473389      5655.7602539063
810.788757      5429.0810546875
811.104187      5285.4423828125
811.419617      5289.9311523438
811.734924      5153.0258789063
812.050171      4986.9438476563
812.365417      4906.1474609375
812.680542      4766.9975585938
812.995728      4612.1376953125
813.310852      4387.7026367188
813.625854      4149.8017578125
813.940796      4035.3398437500
814.255798      3849.0588378906
814.570679      3682.9770507813
814.885498      3431.6101074219
815.200256      3350.8134765625
815.515015      3146.5776367188
815.829651      3234.1071777344
816.144287      3038.8488769531
816.458923      3007.4279785156
816.773438      2944.5861816406
817.087952      3072.5141601563
817.402344      3101.6906738281
817.716797      3027.6271972656
818.031189      3052.3149414063
818.345520      2944.5861816406
818.659668      3090.4689941406
818.973877      2971.5183105469
819.288086      2982.7402343750
819.602173      3108.4235839844
819.916199      3281.2385253906
820.230225      3496.6960449219
820.544189      3680.7326660156
820.858154      3770.5068359375
821.171997      3932.0998535156
821.485779      3941.0771484375
821.799561      3950.0546875000
822.113281      3808.6606445313
822.426880      3521.3840332031
822.740540      3177.9985351563
823.054138      2973.7626953125
823.367676      2803.1921386719
823.681152      2881.7443847656
823.994568      2993.9619140625
824.307922      3240.8403320313
824.621277      3456.2978515625
824.934509      3849.0588378906
825.247742      3786.2172851563
825.560913      3833.3483886719
825.874146      3667.2666015625
826.187134      3860.2807617188
826.500183      3902.9233398438
826.813171      4017.3852539063
827.126160      3943.3215332031
827.439026      3597.6918945313
827.751831      3400.1892089844
828.064636      3330.6142578125
828.377380      3413.6552734375
828.690063      3436.0986328125
829.002686      3283.4829101563
829.315308      3261.0395507813
829.627869      3463.0307617188
829.940308      3348.5690917969
830.252808      3357.5463867188
830.565125      3528.1169433594
830.877563      3431.6101074219
831.189880      3566.2709960938
831.502075      3433.8542480469
831.814270      3400.1892089844
832.126465      3431.6101074219
832.438599      3501.1848144531
832.750549      3514.6508789063
833.062622      3498.9404296875
833.374512      3415.8996582031
833.686462      3449.5646972656
833.998291      3472.0083007813
834.310120      3635.8457031250
834.621887      3739.0859375000
834.933594      3759.2849121094
835.245239      3777.2397460938
835.556885      3804.1718750000
835.868408      3763.7736816406
836.179932      3970.2539062500
836.491333      3851.3032226563
836.802795      3923.1225585938
837.114197      3999.4304199219
837.425537      3985.9643554688
837.736694      4100.4262695313
838.047913      3988.2084960938
838.359131      4010.6520996094
838.670227      4006.1633300781
838.981262      4021.8737792969
839.292358      4075.7382812500
839.603333      4104.9145507813
839.914246      4248.5532226563
840.225037      4161.0234375000
840.535889      4167.7563476563
840.846680      4125.1137695313
841.157410      4172.2451171875
841.468079      4129.6025390625
841.778687      4149.8017578125
842.089233      4163.2680664063
842.399780      4149.8017578125
842.710266      4187.9555664063
843.020691      4214.8876953125
843.331055      4255.2861328125
843.641418      4158.7792968750
843.951721      4048.8061523438
844.261841      4255.2861328125
844.572083      4192.4443359375
844.882202      4080.2268066406
845.192261      4266.5078125000
845.502258      4291.1958007813
845.812256      4327.1054687500
846.122192      4315.8837890625
846.432068      4259.7749023438
846.741882      4428.1010742188
847.051636      4349.5488281250
847.361389      4266.5078125000
847.671143      4214.8876953125
847.980713      4208.1547851563
848.290283      4170.0009765625
848.599792      4174.4897460938
848.909302      4100.4262695313
849.218689      4089.2043457031
849.528076      3983.7199707031
849.837463      3900.6789550781
850.146790      3855.7919921875
850.455933      3898.4345703125
850.765137      3914.1450195313
851.074280      4010.6520996094
851.383362      3840.0815429688
851.692383      3669.5109863281
852.001343      3831.1042480469
852.310303      3911.9006347656
852.619202      3909.6564941406
852.927979      3846.8146972656
853.236816      3837.8371582031
853.545532      3680.7326660156
853.854248      3530.3613281250
854.162842      3429.3657226563
854.471436      3305.9265136719
854.779968      3472.0083007813
855.088440      3487.7187500000
855.396851      3492.2075195313
855.705200      3640.3344726563
856.013611      3606.6691894531
856.321899      3640.3344726563
856.630127      3656.0449218750
856.938293      3698.6875000000
857.246399      3629.1127929688
857.554504      3705.4206542969
857.862549      3739.0859375000
858.170471      3660.5336914063
858.478394      3703.1762695313
858.786316      3705.4206542969
859.094177      3842.3259277344
859.401917      3615.6467285156
859.709656      3700.9318847656
860.017334      3633.6013183594
860.324951      3593.2031250000
860.632507      3640.3344726563
860.940063      3647.0676269531
861.247559      3718.8867187500
861.555054      3640.3344726563
861.862366      3671.7553710938
862.169739      3460.7866210938
862.476990      3523.6284179688
862.784241      3512.4064941406
863.091370      3584.2258300781
863.398499      3665.0222167969
863.705627      3730.1083984375
864.012634      3667.2666015625
864.319519      3498.9404296875
864.626526      3528.1169433594
864.933350      3516.8952636719
865.240234      3487.7187500000
865.546936      3296.9489746094
865.853699      3267.7724609375
866.160400      3191.4645996094
866.466980      3220.6411132813
866.773560      3182.4873046875
867.080078      3258.7951660156
867.386536      3265.5280761719
867.692993      3252.0620117188
867.999329      3290.2160644531
868.305664      3249.8176269531
868.611938      3189.2202148438
868.918152      3276.7500000000
869.224304      3276.7500000000
869.530457      3198.1977539063
869.836487      3294.7045898438
870.142517      3245.3291015625
870.448547      3216.1523437500
870.754395      3225.1298828125
871.060242      3175.7541503906
871.366089      3238.5959472656
871.671814      3164.5324707031
871.977539      3198.1977539063
872.283203      3225.1298828125
872.588806      3213.9082031250
872.894409      3135.3559570313
873.199890      3175.7541503906
873.505371      3276.7500000000
873.810730      3115.1567382813
874.116150      3115.1567382813
874.421387      3083.7358398438
874.726685      3061.2924804688
875.031860      3029.8715820313
875.337097      3059.0480957031
875.642090      2955.8078613281
875.947205      3032.1157226563
876.252197      3016.4052734375
876.557129      2917.6540527344
876.862000      3050.0705566406
877.166870      2962.5410156250
877.471680      2969.2739257813
877.776428      2910.9208984375
878.081116      2899.6992187500
878.385742      2861.5451660156
878.690369      2897.4548339844
878.994873      3020.8940429688
879.299316      2785.2373046875
879.603821      2877.2556152344
879.908203      2913.1652832031
880.212585      2861.5451660156
880.516846      2843.5905761719
880.821106      2834.6130371094
881.125244      2778.5043945313
881.429382      2726.8842773438
881.733459      2697.7077636719
882.037537      2776.2600097656
882.341492      2646.0876464844
882.645447      2762.7939453125
882.949280      2668.5312500000
883.253113      2711.1738281250
883.556885      2616.9111328125
883.860657      2760.5495605469
884.164307      2684.2416992188
884.467896      2720.1513671875
884.771484      2614.6667480469
885.075073      2675.2644042969
885.378540      2738.1059570313
885.681885      2639.3547363281
885.985291      2655.0651855469
886.288635      2540.6032714844
886.591858      2540.6032714844
886.895020      2473.2729492188
887.198242      2572.0241699219
887.501343      2486.7390136719
887.804443      2497.9606933594
888.107422      2486.7390136719
888.410400      2482.2502441406
888.713257      2475.5173339844
889.016174      2464.2954101563
889.318909      2471.0285644531
889.621643      2491.2275390625
889.924377      2437.3632812500
890.227051      2459.8068847656
890.529602      2403.6979980469
890.832153      2435.1188964844
891.134705      2453.0737304688
891.437134      2410.4311523438
891.739441      2419.4084472656
892.041870      2316.1684570313
892.344116      2239.8605957031
892.646362      2295.9692382813
892.948486      2136.6203613281
893.250671      2085.0004882813
893.552734      2132.1318359375
893.854797      2073.7788085938
894.156738      2102.9553222656
894.458618      1988.4934082031
894.760559      1963.8055419922
895.062378      1876.2760009766
895.364136      1829.1446533203
895.665894      1804.4567871094
895.967590      1732.6375732422
896.269165      1728.1489257813
896.570679      1651.8410644531
896.872192      1627.1531982422
897.173706      1606.9541015625
897.475159      1588.9992675781
897.776428      1640.6192626953
898.077759      1615.9313964844
