0.283000
190.260635         0.0000000000
190.642441         0.0000000000
191.024216     65535.0000000000
191.405975     65535.0000000000
191.787704     65535.0000000000
192.169403     65535.0000000000
192.551071        35.9095878601
192.932724     65535.0000000000
193.314331     65535.0000000000
193.695923        35.9095878601
194.077499        15.7104444504
194.459030     65535.0000000000
194.840546        24.6878414154
195.222031     65535.0000000000
195.603485     65535.0000000000
195.984909         4.4886984825
196.366302     65535.0000000000
196.747681        78.5522232056
197.129028        17.9547939301
197.510345     65535.0000000000
197.891647         6.7330474854
198.272919     65535.0000000000
198.654175     65535.0000000000
199.035355       260.3445129395
199.416550     65535.0000000000
199.797714     65535.0000000000
200.178848     65535.0000000000
200.559937     65535.0000000000
200.941025        17.9547939301
201.322083        51.6200332642
201.703079     65535.0000000000
202.084091        71.8191757202
202.465057     65535.0000000000
202.845993        47.1313323975
203.226898       123.4392089844
203.607788       100.9957122803
203.988647        31.4208889008
204.369461     65535.0000000000
204.750275     65535.0000000000
205.131042         4.4886984825
205.511795     65535.0000000000
205.892517        17.9547939301
206.273209     65535.0000000000
206.653870     65535.0000000000
207.034515     65535.0000000000
207.415115     65535.0000000000
207.795700     65535.0000000000
208.176254        98.7513656616
208.556778        13.4660949707
208.937271     65535.0000000000
209.317749         6.7330474854
209.698196        58.3530807495
210.078613        29.1765403748
210.459000     65535.0000000000
210.839371        13.4660949707
211.219696     65535.0000000000
211.600006     65535.0000000000
211.980286     65535.0000000000
212.360535     65535.0000000000
212.740768     65535.0000000000
213.120956     65535.0000000000
213.501129     65535.0000000000
213.881256     65535.0000000000
214.261383     65535.0000000000
214.641464     65535.0000000000
215.021530     65535.0000000000
215.401550        17.9547939301
215.781570        17.9547939301
216.161530     65535.0000000000
216.541504     65535.0000000000
216.921402       139.1496582031
217.301315     65535.0000000000
217.681152     65535.0000000000
218.061005     65535.0000000000
218.440811     65535.0000000000
218.820587        44.8869857788
219.200348     65535.0000000000
219.580078         0.0000000000
219.959763     65535.0000000000
220.339432     65535.0000000000
220.719070     65535.0000000000
221.098694        22.4434928894
221.478271        83.0409240723
221.857819     65535.0000000000
222.237366     65535.0000000000
222.616867     65535.0000000000
222.996338        33.6652374268
223.375778     65535.0000000000
223.755188        44.8869857788
224.134583     65535.0000000000
224.513947     65535.0000000000
224.893265     65535.0000000000
225.272583     65535.0000000000
225.651855       255.8558197021
226.031097     65535.0000000000
226.410339     65535.0000000000
226.789520     65535.0000000000
227.168686     65535.0000000000
227.547806       116.7061614990
227.926926        15.7104444504
228.306015     65535.0000000000
228.685059        47.1313323975
229.064087     65535.0000000000
229.443069     65535.0000000000
229.822037     65535.0000000000
230.200989        67.3304748535
230.579895        42.6426353455
230.958786        44.8869857788
231.337631        76.3078765869
231.716461     65535.0000000000
232.095261        42.6426353455
232.474030     65535.0000000000
232.852783        47.1313323975
233.231476        40.3982849121
233.610184        11.2217464447
233.988831     65535.0000000000
234.367462     65535.0000000000
234.746048     65535.0000000000
235.124649     65535.0000000000
235.503159        38.1539382935
235.881683        13.4660949707
236.260162        85.2852706909
236.638641     65535.0000000000
237.017075     65535.0000000000
237.395477     65535.0000000000
237.773834     65535.0000000000
238.152176     65535.0000000000
238.530502     65535.0000000000
238.908783        47.1313323975
239.287048     65535.0000000000
239.665268     65535.0000000000
240.043472     65535.0000000000
240.421661     65535.0000000000
240.799805        56.1087303162
241.177902     65535.0000000000
241.556000        22.4434928894
241.934052     65535.0000000000
242.312088     65535.0000000000
242.690094     65535.0000000000
243.068054        92.0183181763
243.446014     65535.0000000000
243.823929     65535.0000000000
244.201813     65535.0000000000
244.579666        44.8869857788
244.957504     65535.0000000000
245.335297        51.6200332642
245.713074        58.3530807495
246.090820     65535.0000000000
246.468536     65535.0000000000
246.846207     65535.0000000000
247.223862        69.5748291016
247.601501     65535.0000000000
247.979095         8.9773969650
248.356674     65535.0000000000
248.734222     65535.0000000000
249.111725     65535.0000000000
249.489212        74.0635223389
249.866669        17.9547939301
250.244095     65535.0000000000
250.621506     65535.0000000000
250.998871     65535.0000000000
251.376221        83.0409240723
251.753510        96.5070190430
252.130814     65535.0000000000
252.508057     65535.0000000000
252.885284     65535.0000000000
253.262466     65535.0000000000
253.639648        29.1765403748
254.016769     65535.0000000000
254.393906     65535.0000000000
254.770966     65535.0000000000
255.148026     65535.0000000000
255.525040     65535.0000000000
255.902054        20.1991424561
256.278992     65535.0000000000
256.655945        40.3982849121
257.032837     65535.0000000000
257.409729     65535.0000000000
257.786591     65535.0000000000
258.163391        15.7104444504
258.540161     65535.0000000000
258.916962     65535.0000000000
259.293701       105.4844131470
259.670380     65535.0000000000
260.047058     65535.0000000000
260.423706     65535.0000000000
260.800323        26.9321899414
261.176880     65535.0000000000
261.553436        47.1313323975
261.929962     65535.0000000000
262.306488     65535.0000000000
262.682953     65535.0000000000
263.059387        69.5748291016
263.435791        26.9321899414
263.812195     65535.0000000000
264.188507     65535.0000000000
264.564850        22.4434928894
264.941132     65535.0000000000
265.317413        53.8643798828
265.693634         2.2443492413
266.069885     65535.0000000000
266.446045        20.1991424561
266.822174     65535.0000000000
267.198273     65535.0000000000
267.574371     65535.0000000000
267.950439        38.1539382935
268.326447        60.5974311829
268.702454        20.1991424561
269.078430        11.2217464447
269.454376     65535.0000000000
269.830292        42.6426353455
270.206146     65535.0000000000
270.582001     65535.0000000000
270.957825     65535.0000000000
271.333618         0.0000000000
271.709381        83.0409240723
272.085144        31.4208889008
272.460815         4.4886984825
272.836487         4.4886984825
273.212128     65535.0000000000
273.587769     65535.0000000000
273.963348     65535.0000000000
274.338898     65535.0000000000
274.714447     65535.0000000000
275.089935        26.9321899414
275.465393     65535.0000000000
275.840820         2.2443492413
276.216278     65535.0000000000
276.591644     65535.0000000000
276.966949     65535.0000000000
277.342285     65535.0000000000
277.717590        40.3982849121
278.092834     65535.0000000000
278.468048     65535.0000000000
278.843262         4.4886984825
279.218445     65535.0000000000
279.593567     65535.0000000000
279.968658     65535.0000000000
280.343781     65535.0000000000
280.718811        78.5522232056
281.093842        85.2852706909
281.468811     65535.0000000000
281.843781        15.7104444504
282.218719     65535.0000000000
282.593628     65535.0000000000
282.968506        51.6200332642
283.343353     65535.0000000000
283.718170         8.9773969650
284.092896     65535.0000000000
284.467682     65535.0000000000
284.842407     65535.0000000000
285.217102     65535.0000000000
285.591766        38.1539382935
285.966400     65535.0000000000
286.340973        24.6878414154
286.715576     65535.0000000000
287.090118     65535.0000000000
287.464630     65535.0000000000
287.839081        60.5974311829
288.213562         8.9773969650
288.587982     65535.0000000000
288.962372        13.4660949707
289.336731     65535.0000000000
289.711060     65535.0000000000
290.085327     65535.0000000000
290.459625     65535.0000000000
290.833862     65535.0000000000
291.208069     65535.0000000000
291.582275     65535.0000000000
291.956421     65535.0000000000
292.330505        13.4660949707
292.704620     65535.0000000000
293.078705     65535.0000000000
293.452698        26.9321899414
293.826691     65535.0000000000
294.200684     65535.0000000000
294.574615        58.3530807495
294.948517     65535.0000000000
295.322388        47.1313323975
295.696259        24.6878414154
296.070068     65535.0000000000
296.443848     65535.0000000000
296.817596       109.9731140137
297.191345     65535.0000000000
297.565063        38.1539382935
297.938690     65535.0000000000
298.312317     65535.0000000000
298.685913     65535.0000000000
299.059540        22.4434928894
299.433044     65535.0000000000
299.806549     65535.0000000000
300.180054        22.4434928894
300.553528        76.3078765869
300.926910     65535.0000000000
301.300323     65535.0000000000
301.673676     65535.0000000000
302.046997       190.7696838379
302.420319     65535.0000000000
302.793579     65535.0000000000
303.166809         8.9773969650
303.540039     65535.0000000000
303.913208        47.1313323975
304.286377        71.8191757202
304.659454        58.3530807495
305.032593     65535.0000000000
305.405609        49.3756828308
305.778656     65535.0000000000
306.151611     65535.0000000000
306.524597     65535.0000000000
306.897522     65535.0000000000
307.270416     65535.0000000000
307.643280     65535.0000000000
308.016144     65535.0000000000
308.388916     65535.0000000000
308.761749     65535.0000000000
309.134460         4.4886984825
309.507202        11.2217464447
309.879913     65535.0000000000
310.252563     65535.0000000000
310.625153     65535.0000000000
310.997742         6.7330474854
311.370361     65535.0000000000
311.742859        29.1765403748
312.115356     65535.0000000000
312.487823     65535.0000000000
312.860291        31.4208889008
313.232697     65535.0000000000
313.605042     65535.0000000000
313.977386     65535.0000000000
314.349731        71.8191757202
314.721985     65535.0000000000
315.094269     65535.0000000000
315.466492        29.1765403748
315.838684         0.0000000000
316.210846         6.7330474854
316.582977     65535.0000000000
316.955048        17.9547939301
317.327148     65535.0000000000
317.699158     65535.0000000000
318.071167     65535.0000000000
318.443176         8.9773969650
318.815125     65535.0000000000
319.187012     65535.0000000000
319.558868         4.4886984825
319.930756     65535.0000000000
320.302582     65535.0000000000
320.674347     65535.0000000000
321.046112     65535.0000000000
321.417847     65535.0000000000
321.789581     65535.0000000000
322.161224     65535.0000000000
322.532867        13.4660949707
322.904419     65535.0000000000
323.276031     65535.0000000000
323.647583       114.4618148804
324.019073     65535.0000000000
324.390533     65535.0000000000
324.762024     65535.0000000000
325.133423     65535.0000000000
325.504791        69.5748291016
325.876129     65535.0000000000
326.247467     65535.0000000000
326.618774     65535.0000000000
326.990021         4.4886984825
327.361237         6.7330474854
327.732452        24.6878414154
328.103607     65535.0000000000
328.474731     65535.0000000000
328.845825     65535.0000000000
329.216919        29.1765403748
329.587952     65535.0000000000
329.958954     65535.0000000000
330.329926        11.2217464447
330.700867        13.4660949707
331.071808        31.4208889008
331.442688        24.6878414154
331.813507        22.4434928894
332.184357     65535.0000000000
332.555115     65535.0000000000
332.925873     65535.0000000000
333.296570     65535.0000000000
333.667267     65535.0000000000
334.037994     65535.0000000000
334.408600     65535.0000000000
334.779144     65535.0000000000
335.149750        38.1539382935
335.520294     65535.0000000000
335.890778     65535.0000000000
336.261230     65535.0000000000
336.631683     65535.0000000000
337.002106        44.8869857788
337.372498     65535.0000000000
337.742798        42.6426353455
338.113129     65535.0000000000
338.483429        67.3304748535
338.853668     65535.0000000000
339.223907     65535.0000000000
339.594086     65535.0000000000
339.964233        49.3756828308
340.334381     65535.0000000000
340.704437     65535.0000000000
341.074493     65535.0000000000
341.444519        22.4434928894
341.814545     65535.0000000000
342.184509         8.9773969650
342.554413     65535.0000000000
342.924347     65535.0000000000
343.294220        15.7104444504
343.664032     65535.0000000000
344.033813     65535.0000000000
344.403595     65535.0000000000
344.773346     65535.0000000000
345.143036     65535.0000000000
345.512695     65535.0000000000
345.882385     65535.0000000000
346.251984     65535.0000000000
346.621552        24.6878414154
346.991089        38.1539382935
347.360626        13.4660949707
347.730103     65535.0000000000
348.099548     65535.0000000000
348.468964     65535.0000000000
348.838379        13.4660949707
349.207764         6.7330474854
349.577057        49.3756828308
349.946320     65535.0000000000
350.315582     65535.0000000000
350.684845        42.6426353455
351.054047     65535.0000000000
351.423157     65535.0000000000
351.792328     65535.0000000000
352.161438     65535.0000000000
352.530487     65535.0000000000
352.899506         8.9773969650
353.268524        24.6878414154
353.637512        22.4434928894
354.006409     65535.0000000000
354.375336        29.1765403748
354.744232     65535.0000000000
355.113068     65535.0000000000
355.481873        56.1087303162
355.850616        49.3756828308
356.219391         8.9773969650
356.588135        35.9095878601
356.956818     65535.0000000000
357.325470     65535.0000000000
357.694031        11.2217464447
358.062653     65535.0000000000
358.431213        17.9547939301
358.799713     65535.0000000000
359.168182        11.2217464447
359.536652        51.6200332642
359.905090     65535.0000000000
360.273438        31.4208889008
360.641785     65535.0000000000
361.010132         2.2443492413
361.378448     65535.0000000000
361.746704         6.7330474854
362.114899     65535.0000000000
362.483124     65535.0000000000
362.851288     65535.0000000000
363.219421     65535.0000000000
363.587463     65535.0000000000
363.955566         8.9773969650
364.323608     65535.0000000000
364.691589     65535.0000000000
365.059540     65535.0000000000
365.427490     65535.0000000000
365.795410     65535.0000000000
366.163269        33.6652374268
366.531067     65535.0000000000
366.898895     65535.0000000000
367.266693        44.8869857788
367.634430         4.4886984825
368.002106        71.8191757202
368.369812     65535.0000000000
368.737457        67.3304748535
369.105042     65535.0000000000
369.472595     65535.0000000000
369.840149     65535.0000000000
370.207672     65535.0000000000
370.575134     65535.0000000000
370.942566        60.5974311829
371.309998        31.4208889008
371.677399     65535.0000000000
372.044708     65535.0000000000
372.411987     65535.0000000000
372.779297         0.0000000000
373.146576     65535.0000000000
373.513794     65535.0000000000
373.880951     65535.0000000000
374.248077     65535.0000000000
374.615204     65535.0000000000
374.982300     65535.0000000000
375.349365       107.7287597656
375.716339     65535.0000000000
376.083374        15.7104444504
376.450317     65535.0000000000
376.817230        15.7104444504
377.184082        11.2217464447
377.550964     65535.0000000000
377.917786        62.8417778015
378.284576     65535.0000000000
378.651306     65535.0000000000
379.018036     65535.0000000000
379.384735     65535.0000000000
379.751373     65535.0000000000
380.117981        33.6652374268
380.484589        83.0409240723
380.851166        24.6878414154
381.217651         8.9773969650
381.584137        26.9321899414
381.950623         0.0000000000
382.317017     65535.0000000000
382.683411     65535.0000000000
383.049774        24.6878414154
383.416107        26.9321899414
383.782410     65535.0000000000
384.148651     65535.0000000000
384.514832     65535.0000000000
384.881042     65535.0000000000
385.247223     65535.0000000000
385.613342     65535.0000000000
385.979401     65535.0000000000
386.345459         4.4886984825
386.711517         6.7330474854
387.077484        40.3982849121
387.443420     65535.0000000000
387.809357     65535.0000000000
388.175262     65535.0000000000
388.541107     65535.0000000000
388.906891     65535.0000000000
389.272705         8.9773969650
389.638489     65535.0000000000
390.004211     65535.0000000000
390.369873     65535.0000000000
390.735535     65535.0000000000
391.101196        44.8869857788
391.466766     65535.0000000000
391.832336         0.0000000000
392.197815        49.3756828308
392.563324     65535.0000000000
392.928802     65535.0000000000
393.294189     65535.0000000000
393.659607     65535.0000000000
394.024963     65535.0000000000
394.390289     65535.0000000000
394.755554     65535.0000000000
395.120789        15.7104444504
395.486023        15.7104444504
395.851227     65535.0000000000
396.216370     65535.0000000000
396.581482     65535.0000000000
396.946564     65535.0000000000
397.311646     65535.0000000000
397.676636         2.2443492413
398.041626         0.0000000000
398.406586     65535.0000000000
398.771515         8.9773969650
399.136383        11.2217464447
399.501221     65535.0000000000
399.866058     65535.0000000000
400.230865        13.4660949707
400.595581        35.9095878601
400.960297         4.4886984825
401.324982     65535.0000000000
401.689636        65.0861282349
402.054230     65535.0000000000
402.418793         8.9773969650
402.783356     65535.0000000000
403.147919     65535.0000000000
403.512360     65535.0000000000
403.876770     65535.0000000000
404.241211        67.3304748535
404.605621        17.9547939301
404.969910        17.9547939301
405.334229        35.9095878601
405.698517     65535.0000000000
406.062775         8.9773969650
406.426971     65535.0000000000
406.791107     65535.0000000000
407.155273     65535.0000000000
407.519379     65535.0000000000
407.883484        53.8643798828
408.247498     65535.0000000000
408.611481     65535.0000000000
408.975464     65535.0000000000
409.339417     65535.0000000000
409.703308        20.1991424561
410.067169        20.1991424561
410.431030     65535.0000000000
410.794800     65535.0000000000
411.158569     65535.0000000000
411.522278         2.2443492413
411.885986     65535.0000000000
412.249664     65535.0000000000
412.613312     65535.0000000000
412.976868         0.0000000000
413.340454        11.2217464447
413.703979        17.9547939301
414.067474     65535.0000000000
414.430908     65535.0000000000
414.794342     65535.0000000000
415.157745     65535.0000000000
415.521088         0.0000000000
415.884369     65535.0000000000
416.247711     65535.0000000000
416.610931     65535.0000000000
416.974152     65535.0000000000
417.337341     65535.0000000000
417.700500     65535.0000000000
418.063629         6.7330474854
418.426697         2.2443492413
418.789703     65535.0000000000
419.152740        24.6878414154
419.515717     65535.0000000000
419.878662     65535.0000000000
420.241577        24.6878414154
420.604431     65535.0000000000
420.967285     65535.0000000000
421.330109        26.9321899414
421.692841     65535.0000000000
422.055603     65535.0000000000
422.418335     65535.0000000000
422.780975     65535.0000000000
423.143585         2.2443492413
423.506226     65535.0000000000
423.868774         8.9773969650
424.231293     65535.0000000000
424.593811         6.7330474854
424.956238     65535.0000000000
425.318665        35.9095878601
425.681091     65535.0000000000
426.043427     65535.0000000000
426.405731     65535.0000000000
426.768036     65535.0000000000
427.130310     65535.0000000000
427.492493     65535.0000000000
427.854675     65535.0000000000
428.216858     65535.0000000000
428.578979         2.2443492413
428.941040     65535.0000000000
429.303040     65535.0000000000
429.665070        17.9547939301
430.027069     65535.0000000000
430.389008     65535.0000000000
430.750885     65535.0000000000
431.112762     65535.0000000000
431.474640     65535.0000000000
431.836395         4.4886984825
432.198181     65535.0000000000
432.559937     65535.0000000000
432.921600     65535.0000000000
433.283264        67.3304748535
433.644867     65535.0000000000
434.006500        24.6878414154
434.368073         6.7330474854
434.729553        17.9547939301
435.091034       134.6609497070
435.452515     65535.0000000000
435.813934     65535.0000000000
436.175293     65535.0000000000
436.536621        47.1313323975
436.897949     65535.0000000000
437.259277     65535.0000000000
437.620483     65535.0000000000
437.981659         8.9773969650
438.342865     65535.0000000000
438.704010     65535.0000000000
439.065125        26.9321899414
439.426178         0.0000000000
439.787201     65535.0000000000
440.148224        35.9095878601
440.509186     65535.0000000000
440.870087     65535.0000000000
441.230988     65535.0000000000
441.591858     65535.0000000000
441.952667     65535.0000000000
442.313416     65535.0000000000
442.674194     65535.0000000000
443.034912         0.0000000000
443.395630         0.0000000000
443.756226     65535.0000000000
444.116852     65535.0000000000
444.477417     65535.0000000000
444.837982         4.4886984825
445.198456     65535.0000000000
445.558960     65535.0000000000
445.919403        17.9547939301
446.279816        15.7104444504
446.640106     65535.0000000000
447.000458        26.9321899414
447.360779     65535.0000000000
447.721039     65535.0000000000
448.081207     65535.0000000000
448.441406         8.9773969650
448.801575     65535.0000000000
449.161713     65535.0000000000
449.521759     65535.0000000000
449.881805     65535.0000000000
450.241852     65535.0000000000
450.601837     65535.0000000000
450.961792     65535.0000000000
451.321655        33.6652374268
451.681549        29.1765403748
452.041382        29.1765403748
452.401184     65535.0000000000
452.760895        31.4208889008
453.120636     65535.0000000000
453.480347     65535.0000000000
453.840027     65535.0000000000
454.199585        60.5974311829
454.559174     65535.0000000000
454.918762     65535.0000000000
455.278290     65535.0000000000
455.637726     65535.0000000000
455.997162     65535.0000000000
456.356598     65535.0000000000
456.715973         0.0000000000
457.075287        44.8869857788
457.434570     65535.0000000000
457.793854        47.1313323975
458.153107     65535.0000000000
458.512268     65535.0000000000
458.871429     65535.0000000000
459.230560     65535.0000000000
459.589661     65535.0000000000
459.948639     65535.0000000000
460.307678     65535.0000000000
460.666687     65535.0000000000
461.025635     65535.0000000000
461.384491     65535.0000000000
461.743378     65535.0000000000
462.102264        24.6878414154
462.461060     65535.0000000000
462.819794     65535.0000000000
463.178497        26.9321899414
463.537231     65535.0000000000
463.895905     65535.0000000000
464.254456       127.9279098511
464.613068     65535.0000000000
464.971649     65535.0000000000
465.330170        42.6426353455
465.688568     65535.0000000000
466.047028     65535.0000000000
466.405457     65535.0000000000
466.763855     65535.0000000000
467.122192         2.2443492413
467.480438         4.4886984825
467.838715     65535.0000000000
468.196960     65535.0000000000
468.555176        35.9095878601
468.913269         8.9773969650
469.271393        42.6426353455
469.629486        44.8869857788
469.987549     65535.0000000000
470.345520     65535.0000000000
470.703491     65535.0000000000
471.061462     65535.0000000000
471.419342     65535.0000000000
471.777191        20.1991424561
472.135040     65535.0000000000
472.492828       100.9957122803
472.850586        67.3304748535
473.208282        17.9547939301
473.565979     65535.0000000000
473.923615     65535.0000000000
474.281281     65535.0000000000
474.638794     65535.0000000000
474.996338     65535.0000000000
475.353851     65535.0000000000
475.711334     65535.0000000000
476.068726     65535.0000000000
476.426117     65535.0000000000
476.783478     65535.0000000000
477.140808        40.3982849121
477.498077        65.0861282349
477.855316     65535.0000000000
478.212555     65535.0000000000
478.569763     65535.0000000000
478.926819        35.9095878601
479.283936     65535.0000000000
479.641022        51.6200332642
479.998077        13.4660949707
480.355011     65535.0000000000
480.711975        51.6200332642
481.068939     65535.0000000000
481.425842         6.7330474854
481.782623        20.1991424561
482.139435     65535.0000000000
482.496216     65535.0000000000
482.852966     65535.0000000000
483.209717     65535.0000000000
483.566315     65535.0000000000
483.922943     65535.0000000000
484.279572     65535.0000000000
484.636139         8.9773969650
484.992615     65535.0000000000
485.349121     65535.0000000000
485.705566     65535.0000000000
486.062012     65535.0000000000
486.418304     65535.0000000000
486.774689     65535.0000000000
487.130981     65535.0000000000
487.487274     65535.0000000000
487.843445     65535.0000000000
488.199615     65535.0000000000
488.555786     65535.0000000000
488.911957     65535.0000000000
489.267975         2.2443492413
489.624023        22.4434928894
489.980042     65535.0000000000
490.336029     65535.0000000000
490.691925     65535.0000000000
491.047821     65535.0000000000
491.403687       105.4844131470
491.759521     65535.0000000000
492.115265     65535.0000000000
492.471008     65535.0000000000
492.826752     65535.0000000000
493.182434     65535.0000000000
493.538025     65535.0000000000
493.893646     65535.0000000000
494.249207        15.7104444504
494.604736     65535.0000000000
494.960205     65535.0000000000
495.315674     65535.0000000000
495.671082     65535.0000000000
496.026489     65535.0000000000
496.381775     65535.0000000000
496.737091     65535.0000000000
497.092377        15.7104444504
497.447632     65535.0000000000
497.802795     65535.0000000000
498.157959     65535.0000000000
498.513062     65535.0000000000
498.868195        33.6652374268
499.223175     65535.0000000000
499.578217     65535.0000000000
499.933167     65535.0000000000
500.288116        42.6426353455
500.643036     65535.0000000000
500.997833     65535.0000000000
501.352692     65535.0000000000
501.707489     65535.0000000000
502.062225     65535.0000000000
502.416901     65535.0000000000
502.771606     65535.0000000000
503.126221     65535.0000000000
503.480865     65535.0000000000
503.835358     65535.0000000000
504.189941     65535.0000000000
504.544434        17.9547939301
504.898865     65535.0000000000
505.253265     65535.0000000000
505.607635     65535.0000000000
505.961975     65535.0000000000
506.316315     65535.0000000000
506.670532     65535.0000000000
507.024750     65535.0000000000
507.378967     65535.0000000000
507.733154     65535.0000000000
508.087189     65535.0000000000
508.441315         4.4886984825
508.795349     65535.0000000000
509.149353     65535.0000000000
509.503265     65535.0000000000
509.857208     65535.0000000000
510.211121     65535.0000000000
510.565002        47.1313323975
510.918762     65535.0000000000
511.272583     65535.0000000000
511.626312         2.2443492413
511.980042     65535.0000000000
512.333618     65535.0000000000
512.687256     65535.0000000000
513.040894        22.4434928894
513.394470     65535.0000000000
513.747925     65535.0000000000
514.101440     65535.0000000000
514.454895     65535.0000000000
514.808289         0.0000000000
515.161621     65535.0000000000
515.514893     65535.0000000000
515.868225     65535.0000000000
516.221497     65535.0000000000
516.574707     65535.0000000000
516.927856     65535.0000000000
517.281006     65535.0000000000
517.634155     65535.0000000000
517.987183     65535.0000000000
518.340210     65535.0000000000
518.693237     65535.0000000000
519.046204        20.1991424561
519.399048     65535.0000000000
519.751892     65535.0000000000
520.104736     65535.0000000000
520.457520     65535.0000000000
520.810364     65535.0000000000
521.163025     65535.0000000000
521.515686     65535.0000000000
521.868408     65535.0000000000
522.221008     65535.0000000000
522.573547     65535.0000000000
522.926086        31.4208889008
523.278625     65535.0000000000
523.631042        13.4660949707
523.983459        22.4434928894
524.335815     65535.0000000000
524.688171     65535.0000000000
525.040527        74.0635223389
525.392761        24.6878414154
525.744934     65535.0000000000
526.097168     65535.0000000000
526.449341         2.2443492413
526.801453     65535.0000000000
527.153503     65535.0000000000
527.505554         0.0000000000
527.857544        17.9547939301
528.209534        96.5070190430
528.561462         4.4886984825
528.913330     65535.0000000000
529.265198         8.9773969650
529.617004     65535.0000000000
529.968750        17.9547939301
530.320496         6.7330474854
530.672180     65535.0000000000
531.023804     65535.0000000000
531.375488     65535.0000000000
531.727051     65535.0000000000
532.078613     65535.0000000000
532.430115     65535.0000000000
532.781555     65535.0000000000
533.132996     65535.0000000000
533.484375     65535.0000000000
533.835815     65535.0000000000
534.187073     65535.0000000000
534.538330         8.9773969650
534.889587     65535.0000000000
535.240784     65535.0000000000
535.591919        44.8869857788
535.942993     65535.0000000000
536.294128     65535.0000000000
536.645203     65535.0000000000
536.996155     65535.0000000000
537.347107     65535.0000000000
537.698120        24.6878414154
538.049011     65535.0000000000
538.399841        17.9547939301
538.750610     65535.0000000000
539.101440     65535.0000000000
539.452209        47.1313323975
539.802856     65535.0000000000
540.153503     65535.0000000000
540.504150        24.6878414154
540.854736     65535.0000000000
541.205261     65535.0000000000
541.555786         2.2443492413
541.906250     65535.0000000000
542.256714     65535.0000000000
542.607056         2.2443492413
542.957458        35.9095878601
543.307739     65535.0000000000
543.658020        11.2217464447
544.008240     65535.0000000000
544.358398        42.6426353455
544.708618     65535.0000000000
545.058777     65535.0000000000
545.408813     65535.0000000000
545.758850     65535.0000000000
546.108887     65535.0000000000
546.458862     65535.0000000000
546.808716     65535.0000000000
547.158691     65535.0000000000
547.508545        15.7104444504
547.858337     65535.0000000000
548.208069     65535.0000000000
548.557800     65535.0000000000
548.907532     65535.0000000000
549.257202     65535.0000000000
549.606812        13.4660949707
549.956360     65535.0000000000
550.305908     65535.0000000000
550.655457         4.4886984825
551.004883     65535.0000000000
551.354309        47.1313323975
551.703674     65535.0000000000
552.053040     65535.0000000000
552.402405     65535.0000000000
552.751587     65535.0000000000
553.100830        20.1991424561
553.450012     65535.0000000000
553.799255     65535.0000000000
554.148254        13.4660949707
554.497375     65535.0000000000
554.846436     65535.0000000000
555.195435        89.7739715576
555.544373         4.4886984825
555.893250     65535.0000000000
556.242188     65535.0000000000
556.591003        38.1539382935
556.939758     65535.0000000000
557.288574     65535.0000000000
557.637268     65535.0000000000
557.985962     65535.0000000000
558.334595     65535.0000000000
558.683228     65535.0000000000
559.031799        31.4208889008
559.380310     65535.0000000000
559.728760     65535.0000000000
560.077209     65535.0000000000
560.425659        13.4660949707
560.774048     65535.0000000000
561.122314     65535.0000000000
561.470581     65535.0000000000
561.818909        42.6426353455
562.167114     65535.0000000000
562.515259     65535.0000000000
562.863342     65535.0000000000
563.211487     65535.0000000000
563.559570         8.9773969650
563.907532     65535.0000000000
564.255554     65535.0000000000
564.603455        24.6878414154
564.951355     65535.0000000000
565.299255     65535.0000000000
565.647095     65535.0000000000
565.994812     65535.0000000000
566.342590        15.7104444504
566.690308        47.1313323975
567.037903        85.2852706909
567.385620     65535.0000000000
567.733154     65535.0000000000
568.080750     65535.0000000000
568.428162     65535.0000000000
568.775696     65535.0000000000
569.123108     65535.0000000000
569.470520        53.8643798828
569.817810     65535.0000000000
570.165161     65535.0000000000
570.512451        33.6652374268
570.859680        24.6878414154
571.206787     65535.0000000000
571.554016     65535.0000000000
571.901062         4.4886984825
572.248169        65.0861282349
572.595154     65535.0000000000
572.942200     65535.0000000000
573.289124     65535.0000000000
573.636047     65535.0000000000
573.982849     65535.0000000000
574.329712     65535.0000000000
574.676514        71.8191757202
575.023315     65535.0000000000
575.369995        29.1765403748
575.716675         6.7330474854
576.063293         4.4886984825
576.409912     65535.0000000000
576.756409     65535.0000000000
577.102966        35.9095878601
577.449402     65535.0000000000
577.795898     65535.0000000000
578.142273     65535.0000000000
578.488647     65535.0000000000
578.834961     65535.0000000000
579.181213     65535.0000000000
579.527405     65535.0000000000
579.873596     65535.0000000000
580.219788     65535.0000000000
580.565918     65535.0000000000
580.911926     65535.0000000000
581.258057        69.5748291016
581.604065     65535.0000000000
581.949951        11.2217464447
582.295898     65535.0000000000
582.641724     65535.0000000000
582.987610     65535.0000000000
583.333435     65535.0000000000
583.679199        89.7739715576
584.024902     65535.0000000000
584.370544     65535.0000000000
584.716187     65535.0000000000
585.061829     65535.0000000000
585.407349     65535.0000000000
585.752869     65535.0000000000
586.098328         8.9773969650
586.443787        42.6426353455
586.789124        51.6200332642
587.134521     65535.0000000000
587.479858     65535.0000000000
587.825134         8.9773969650
588.170288        35.9095878601
588.515564     65535.0000000000
588.860657     65535.0000000000
589.205872     65535.0000000000
589.550842        76.3078765869
589.895935        24.6878414154
590.240906     65535.0000000000
590.585876        13.4660949707
590.930786     65535.0000000000
591.275635     65535.0000000000
591.620483     65535.0000000000
591.965271     65535.0000000000
592.310059        20.1991424561
592.654724        40.3982849121
592.999451         6.7330474854
593.344055     65535.0000000000
593.688660        20.1991424561
594.033203     65535.0000000000
594.377686        89.7739715576
594.722229         6.7330474854
595.066528     65535.0000000000
595.411011     65535.0000000000
595.755371     65535.0000000000
596.099670     65535.0000000000
596.443848         0.0000000000
596.788147     65535.0000000000
597.132324        80.7965698242
597.476501     65535.0000000000
597.820618     65535.0000000000
598.164612        22.4434928894
598.508667        29.1765403748
598.852661     65535.0000000000
599.196655     65535.0000000000
599.540466     65535.0000000000
599.884338     65535.0000000000
600.228210     65535.0000000000
600.571960     65535.0000000000
600.915710        40.3982849121
601.259460     65535.0000000000
601.603088     65535.0000000000
601.946716     65535.0000000000
602.290283        20.1991424561
602.633850     65535.0000000000
602.977295        71.8191757202
603.320801     65535.0000000000
603.664124     65535.0000000000
604.007568     65535.0000000000
604.350952     65535.0000000000
604.694214         4.4886984825
605.037415     65535.0000000000
605.380676        71.8191757202
605.723816         0.0000000000
606.066956        56.1087303162
606.410034     65535.0000000000
606.753052     65535.0000000000
607.096130     65535.0000000000
607.439087        20.1991424561
607.781921         2.2443492413
608.124878     65535.0000000000
608.467712       343.3854370117
608.810547       166.0818481445
609.153259     65535.0000000000
609.495972     65535.0000000000
609.838684     65535.0000000000
610.181335     65535.0000000000
610.523865       103.2400665283
610.866516        58.3530807495
611.209045         8.9773969650
611.551453        60.5974311829
611.893921        33.6652374268
612.236267         4.4886984825
612.578674        74.0635223389
612.920959     65535.0000000000
613.263306     65535.0000000000
613.605469     65535.0000000000
613.947632        29.1765403748
614.289795        94.2626647949
614.631958     65535.0000000000
614.973938       121.1948623657
615.315979     65535.0000000000
615.657959        83.0409240723
615.999939     65535.0000000000
616.341858     65535.0000000000
616.683716     65535.0000000000
617.025513     65535.0000000000
617.367310     65535.0000000000
617.708984     65535.0000000000
618.050720     65535.0000000000
618.392395     65535.0000000000
618.734070        15.7104444504
619.075500     65535.0000000000
619.417114     65535.0000000000
619.758606       742.8795776367
620.100098         0.0000000000
620.441467     65535.0000000000
620.782776       145.8827056885
621.124146     65535.0000000000
621.465393       139.1496582031
621.806641         6.7330474854
622.147888     65535.0000000000
622.489014     65535.0000000000
622.830139         8.9773969650
623.171204     65535.0000000000
623.512207     65535.0000000000
623.853271        56.1087303162
624.194214     65535.0000000000
624.535095     65535.0000000000
624.875916     65535.0000000000
625.216797         2.2443492413
625.557617     65535.0000000000
625.898315     65535.0000000000
626.239075     65535.0000000000
626.579712        15.7104444504
626.920349        24.6878414154
627.260864     65535.0000000000
627.601440     65535.0000000000
627.941895     65535.0000000000
628.282410         0.0000000000
628.622803     65535.0000000000
628.963135     65535.0000000000
629.303528     65535.0000000000
629.643799        33.6652374268
629.984070     65535.0000000000
630.324219     65535.0000000000
630.664429     65535.0000000000
631.004517     65535.0000000000
631.344604        33.6652374268
631.684631     65535.0000000000
632.024597        53.8643798828
632.364624        33.6652374268
632.704529     65535.0000000000
633.044373     65535.0000000000
633.384155        13.4660949707
633.723999     65535.0000000000
634.063782     65535.0000000000
634.403442        65.0861282349
634.743042        69.5748291016
635.082764     65535.0000000000
635.422302     65535.0000000000
635.761841     65535.0000000000
636.101318         6.7330474854
636.440796        42.6426353455
636.780212     65535.0000000000
637.119507     65535.0000000000
637.458862     65535.0000000000
637.798157     65535.0000000000
638.137451         2.2443492413
638.476563        31.4208889008
638.815735     65535.0000000000
639.154907     65535.0000000000
639.494019     65535.0000000000
639.833008     65535.0000000000
640.171997     65535.0000000000
640.510925        24.6878414154
640.849854     65535.0000000000
641.188660     65535.0000000000
641.527527        83.0409240723
641.866333     65535.0000000000
642.205078     65535.0000000000
642.543762        31.4208889008
642.882446     65535.0000000000
643.221008         8.9773969650
643.559570     65535.0000000000
643.898071     65535.0000000000
644.236572        33.6652374268
644.575073     65535.0000000000
644.913452     65535.0000000000
645.251831     65535.0000000000
645.590149     65535.0000000000
645.928406     65535.0000000000
646.266602        24.6878414154
646.604858     65535.0000000000
646.942932     65535.0000000000
647.281128         4.4886984825
647.619141     65535.0000000000
647.957214     65535.0000000000
648.295166     65535.0000000000
648.633057     65535.0000000000
648.970947     65535.0000000000
649.308838         2.2443492413
649.646606         8.9773969650
649.984436        31.4208889008
650.322144     65535.0000000000
650.659851     65535.0000000000
650.997498     65535.0000000000
651.335022        44.8869857788
651.672607        98.7513656616
652.010132        20.1991424561
652.347595        65.0861282349
652.684998     65535.0000000000
653.022461     65535.0000000000
653.359802     65535.0000000000
653.697021     65535.0000000000
654.034302     65535.0000000000
654.371521     65535.0000000000
654.708740     65535.0000000000
655.045837        20.1991424561
655.382935     65535.0000000000
655.719971        42.6426353455
656.057007        62.8417778015
656.393921        15.7104444504
656.730835        17.9547939301
657.067749        26.9321899414
657.404602     65535.0000000000
657.741333     65535.0000000000
658.078064     65535.0000000000
658.414795     65535.0000000000
658.751465     65535.0000000000
659.088074     65535.0000000000
659.424683     65535.0000000000
659.761230        58.3530807495
660.097717     65535.0000000000
660.434143     65535.0000000000
660.770569        65.0861282349
661.106934     65535.0000000000
661.443298     65535.0000000000
661.779541     65535.0000000000
662.115784     65535.0000000000
662.451965        29.1765403748
662.788086     65535.0000000000
663.124268     65535.0000000000
663.460266        38.1539382935
663.796265     65535.0000000000
664.132324     65535.0000000000
664.468201     65535.0000000000
664.804077         0.0000000000
665.139954        71.8191757202
665.475769     65535.0000000000
665.811523         2.2443492413
666.147278     65535.0000000000
666.482971        22.4434928894
666.818542     65535.0000000000
667.154236        42.6426353455
667.489685     65535.0000000000
667.825195        40.3982849121
668.160706     65535.0000000000
668.496094     65535.0000000000
668.831421     65535.0000000000
669.166809     65535.0000000000
669.502136     65535.0000000000
669.837402     65535.0000000000
670.172546     65535.0000000000
670.507751     65535.0000000000
670.842834     65535.0000000000
671.177917        13.4660949707
671.512878     65535.0000000000
671.847961        65.0861282349
672.182861     65535.0000000000
672.517761     65535.0000000000
672.852600        15.7104444504
673.187439     65535.0000000000
673.522217     65535.0000000000
673.856934     65535.0000000000
674.191650        40.3982849121
674.526306         4.4886984825
674.860901         2.2443492413
675.195435     65535.0000000000
675.529968     65535.0000000000
675.864441     65535.0000000000
676.198853     65535.0000000000
676.533264         4.4886984825
676.867554     65535.0000000000
677.201843     65535.0000000000
677.536133     65535.0000000000
677.870361     65535.0000000000
678.204529        33.6652374268
678.538635        20.1991424561
678.872742     65535.0000000000
679.206787     65535.0000000000
679.540710     65535.0000000000
679.874695        13.4660949707
680.208618     65535.0000000000
680.542480        20.1991424561
680.876282        65.0861282349
681.210083     65535.0000000000
681.543823     65535.0000000000
681.877502        20.1991424561
682.211121     65535.0000000000
682.544739        11.2217464447
682.878357     65535.0000000000
683.211853        35.9095878601
683.545227     65535.0000000000
683.878723     65535.0000000000
684.212097     65535.0000000000
684.545471     65535.0000000000
684.878723     65535.0000000000
685.212036     65535.0000000000
685.545227     65535.0000000000
685.878418        40.3982849121
686.211487     65535.0000000000
686.544556     65535.0000000000
686.877625        11.2217464447
687.210632     65535.0000000000
687.543518     65535.0000000000
687.876465       100.9957122803
688.209290     65535.0000000000
688.542114     65535.0000000000
688.874878        31.4208889008
689.207642        33.6652374268
689.540344        47.1313323975
689.872986     65535.0000000000
690.205566     65535.0000000000
690.538147     65535.0000000000
690.870667     65535.0000000000
691.203125     65535.0000000000
691.535461     65535.0000000000
691.867920     65535.0000000000
692.200256        22.4434928894
692.532593        89.7739715576
692.864807        47.1313323975
693.196960     65535.0000000000
693.529114     65535.0000000000
693.861267     65535.0000000000
694.193420     65535.0000000000
694.525391        38.1539382935
694.857361     65535.0000000000
695.189270        71.8191757202
695.521240        31.4208889008
695.853027       195.2583770752
696.184814     65535.0000000000
696.516663        11.2217464447
696.848389     65535.0000000000
697.179993        29.1765403748
697.511658     65535.0000000000
697.843262       118.9505081177
698.174805        58.3530807495
698.506287     65535.0000000000
698.837708        11.2217464447
699.169189     65535.0000000000
699.500549         4.4886984825
699.831787     65535.0000000000
700.163147        74.0635223389
700.494385        20.1991424561
700.825562     65535.0000000000
701.156677     65535.0000000000
701.487793     65535.0000000000
701.818848     65535.0000000000
702.149902     65535.0000000000
702.480774     65535.0000000000
702.811768         4.4886984825
703.142639     65535.0000000000
703.473511        26.9321899414
703.804199        33.6652374268
704.135010     65535.0000000000
704.465759     65535.0000000000
704.796387         2.2443492413
705.126953        62.8417778015
705.457520     65535.0000000000
705.788086     65535.0000000000
706.118591        13.4660949707
706.448975     65535.0000000000
706.779419     65535.0000000000
707.109741     65535.0000000000
707.440063         8.9773969650
707.770325     65535.0000000000
708.100525     65535.0000000000
708.430725     65535.0000000000
708.760864        17.9547939301
709.090942     65535.0000000000
709.420959        31.4208889008
709.750916        53.8643798828
710.080933       107.7287597656
710.410828     65535.0000000000
710.740662     65535.0000000000
711.070496        71.8191757202
711.400269       100.9957122803
711.729980     65535.0000000000
712.059631     65535.0000000000
712.389282     65535.0000000000
712.718872        74.0635223389
713.048462     65535.0000000000
713.377930     65535.0000000000
713.707397     65535.0000000000
714.036865     65535.0000000000
714.366211        89.7739715576
714.695435     65535.0000000000
715.024780     65535.0000000000
715.354004     65535.0000000000
715.683228     65535.0000000000
716.012329     65535.0000000000
716.341431     65535.0000000000
716.670532     65535.0000000000
716.999573        69.5748291016
717.328430     65535.0000000000
717.657349     65535.0000000000
717.986267     65535.0000000000
718.315125     65535.0000000000
718.643860     65535.0000000000
718.972656        78.5522232056
719.301331     65535.0000000000
719.630005     65535.0000000000
719.958557     65535.0000000000
720.287170        44.8869857788
720.615662     65535.0000000000
720.944214     65535.0000000000
721.272583     65535.0000000000
721.600952     65535.0000000000
721.929321     65535.0000000000
722.257629     65535.0000000000
722.585876     65535.0000000000
722.914063     65535.0000000000
723.242188     65535.0000000000
723.570313        11.2217464447
723.898376        78.5522232056
724.226440     65535.0000000000
724.554382     65535.0000000000
724.882324     65535.0000000000
725.210266     65535.0000000000
725.538025        53.8643798828
725.865784         6.7330474854
726.193604     65535.0000000000
726.521301     65535.0000000000
726.848938     65535.0000000000
727.176514        42.6426353455
727.504150       109.9731140137
727.831726        51.6200332642
728.159119        76.3078765869
728.486572     65535.0000000000
728.813965        17.9547939301
729.141357        44.8869857788
729.468567     65535.0000000000
729.795837     65535.0000000000
730.123108     65535.0000000000
730.450317     65535.0000000000
730.777344     65535.0000000000
731.104431        31.4208889008
731.431519         2.2443492413
731.758484     65535.0000000000
732.085388     65535.0000000000
732.412292         0.0000000000
732.739136     65535.0000000000
733.065979     65535.0000000000
733.392639        85.2852706909
733.719421        31.4208889008
734.046082     65535.0000000000
734.372681        22.4434928894
734.699219     65535.0000000000
735.025757     65535.0000000000
735.352234     65535.0000000000
735.678711     65535.0000000000
736.005127         4.4886984825
736.331482     65535.0000000000
736.657715        47.1313323975
736.984009        40.3982849121
737.310181        65.0861282349
737.636353        62.8417778015
737.962524     65535.0000000000
738.288574     65535.0000000000
738.614624       145.8827056885
738.940613     65535.0000000000
739.266541     65535.0000000000
739.592407     65535.0000000000
739.918274         4.4886984825
740.244080       289.5210571289
740.569824     65535.0000000000
740.895569        29.1765403748
741.221191     65535.0000000000
741.546753     65535.0000000000
741.872375     65535.0000000000
742.197937        38.1539382935
742.523376     65535.0000000000
742.848816     65535.0000000000
743.174194        60.5974311829
743.499573        33.6652374268
743.824890     65535.0000000000
744.150085     65535.0000000000
744.475342        69.5748291016
744.800476     65535.0000000000
745.125610     65535.0000000000
745.450623     65535.0000000000
745.775696     65535.0000000000
746.100708     65535.0000000000
746.425598       188.5253295898
746.750427       150.3713989258
747.075256     65535.0000000000
747.400085        15.7104444504
747.724915     65535.0000000000
748.049561     65535.0000000000
748.374207     65535.0000000000
748.698853     65535.0000000000
749.023438        42.6426353455
749.347900     65535.0000000000
749.672363     65535.0000000000
749.996765     65535.0000000000
750.321167        49.3756828308
750.645508     65535.0000000000
750.969788     65535.0000000000
751.294067     65535.0000000000
751.618286        51.6200332642
751.942383     65535.0000000000
752.266479     65535.0000000000
752.590576     65535.0000000000
752.914551     65535.0000000000
753.238525        51.6200332642
753.562439     65535.0000000000
753.886292        96.5070190430
754.210144     65535.0000000000
754.533936     65535.0000000000
754.857666     65535.0000000000
755.181335     65535.0000000000
755.505005     65535.0000000000
755.828613        38.1539382935
756.152100       143.6383514404
756.475586        78.5522232056
756.799133       130.1722564697
757.122498     65535.0000000000
757.445862        15.7104444504
757.769165        38.1539382935
758.092468     65535.0000000000
758.415710        53.8643798828
758.738831     65535.0000000000
759.061951     65535.0000000000
759.385071        56.1087303162
759.708130     65535.0000000000
760.031067     65535.0000000000
760.354004         8.9773969650
760.676941     65535.0000000000
760.999817        20.1991424561
761.322632        22.4434928894
761.645386        24.6878414154
761.968079     65535.0000000000
762.290771     65535.0000000000
762.613342        38.1539382935
762.935974       121.1948623657
763.258484        31.4208889008
763.580994     65535.0000000000
763.903381     65535.0000000000
764.225830     65535.0000000000
764.548157     65535.0000000000
764.870422     65535.0000000000
765.192688        22.4434928894
765.514832     65535.0000000000
765.837036     65535.0000000000
766.159119     65535.0000000000
766.481140        78.5522232056
766.803223       123.4392089844
767.125183     65535.0000000000
767.447144        24.6878414154
767.768982     65535.0000000000
768.090820     65535.0000000000
768.412659        83.0409240723
768.734314     65535.0000000000
769.056091     65535.0000000000
769.377686        49.3756828308
769.699280        20.1991424561
770.020813     65535.0000000000
770.342346     65535.0000000000
770.663757         6.7330474854
770.985229     65535.0000000000
771.306580        49.3756828308
771.627869       148.1270446777
771.949158     65535.0000000000
772.270386     65535.0000000000
772.591553     65535.0000000000
772.912659     65535.0000000000
773.233765        20.1991424561
773.554810     65535.0000000000
773.875793       134.6609497070
774.196716     65535.0000000000
774.517578     65535.0000000000
774.838440        13.4660949707
775.159302     65535.0000000000
775.480042     65535.0000000000
775.800659     65535.0000000000
776.121399     65535.0000000000
776.441956     65535.0000000000
776.762573     65535.0000000000
777.083008         6.7330474854
777.403503        47.1313323975
777.723999     65535.0000000000
778.044373     65535.0000000000
778.364624         6.7330474854
778.684937     65535.0000000000
779.005188     65535.0000000000
779.325378        22.4434928894
779.645447       143.6383514404
779.965637        94.2626647949
780.285706     65535.0000000000
780.605652     65535.0000000000
780.925598         0.0000000000
781.245483        58.3530807495
781.565369        51.6200332642
781.885193     65535.0000000000
782.204895     65535.0000000000
782.524658     65535.0000000000
782.844299        20.1991424561
783.163940     65535.0000000000
783.483582     65535.0000000000
783.803040     65535.0000000000
784.122559         8.9773969650
784.442017     65535.0000000000
784.761414        71.8191757202
785.080688         6.7330474854
785.400024     65535.0000000000
785.719238     65535.0000000000
786.038452        13.4660949707
786.357544        38.1539382935
786.676697     65535.0000000000
786.995789        69.5748291016
787.314758         6.7330474854
787.633728     65535.0000000000
787.952637     65535.0000000000
788.271484     65535.0000000000
788.590271     65535.0000000000
788.908997         6.7330474854
789.227783     65535.0000000000
789.546448        71.8191757202
789.865112        11.2217464447
790.183655        26.9321899414
790.502197     65535.0000000000
790.820679        26.9321899414
791.139099     65535.0000000000
791.457520     65535.0000000000
791.775879     65535.0000000000
792.094116     65535.0000000000
792.412415     65535.0000000000
792.730530     65535.0000000000
793.048767        98.7513656616
793.366821     65535.0000000000
793.684937     65535.0000000000
794.002869     65535.0000000000
794.320862     65535.0000000000
794.638733     65535.0000000000
794.956665     65535.0000000000
795.274414     65535.0000000000
795.592224         8.9773969650
795.909912        60.5974311829
796.227661     65535.0000000000
796.545227        33.6652374268
796.862854     65535.0000000000
797.180359     65535.0000000000
797.497864        78.5522232056
797.815308         6.7330474854
798.132629     65535.0000000000
798.450012        24.6878414154
798.767273        35.9095878601
799.084595     65535.0000000000
799.401733        31.4208889008
799.718933        47.1313323975
800.036011     65535.0000000000
800.353027     65535.0000000000
800.670044         0.0000000000
800.987000        44.8869857788
801.303894     65535.0000000000
801.620850     65535.0000000000
801.937561     65535.0000000000
802.254333     65535.0000000000
802.571106        71.8191757202
802.887817         4.4886984825
803.204346     65535.0000000000
803.520935     65535.0000000000
803.837463     65535.0000000000
804.153992     65535.0000000000
804.470337       121.1948623657
804.786743        76.3078765869
805.103027     65535.0000000000
805.419434        83.0409240723
805.735535     65535.0000000000
806.051758        35.9095878601
806.367920     65535.0000000000
806.684021        44.8869857788
807.000000     65535.0000000000
807.316040        49.3756828308
807.632019     65535.0000000000
807.947876         0.0000000000
808.263672        69.5748291016
808.579529         2.2443492413
808.895325     65535.0000000000
809.211060     65535.0000000000
809.526611         6.7330474854
809.842224     65535.0000000000
810.157837        49.3756828308
810.473389     65535.0000000000
810.788757     65535.0000000000
811.104187       107.7287597656
811.419617     65535.0000000000
811.734924        11.2217464447
812.050171     65535.0000000000
812.365417     65535.0000000000
812.680542     65535.0000000000
812.995728     65535.0000000000
813.310852        31.4208889008
813.625854     65535.0000000000
813.940796        51.6200332642
814.255798     65535.0000000000
814.570679        31.4208889008
814.885498     65535.0000000000
815.200256     65535.0000000000
815.515015        47.1313323975
815.829651     65535.0000000000
816.144287        20.1991424561
816.458923     65535.0000000000
816.773438     65535.0000000000
817.087952        29.1765403748
817.402344     65535.0000000000
817.716797        26.9321899414
818.031189     65535.0000000000
818.345520     65535.0000000000
818.659668     65535.0000000000
818.973877        65.0861282349
819.288086         8.9773969650
819.602173     65535.0000000000
819.916199     65535.0000000000
820.230225     65535.0000000000
820.544189     65535.0000000000
820.858154         0.0000000000
821.171997     65535.0000000000
821.485779        29.1765403748
821.799561        17.9547939301
822.113281     65535.0000000000
822.426880         2.2443492413
822.740540        22.4434928894
823.054138       231.1679687500
823.367676     65535.0000000000
823.681152        15.7104444504
823.994568     65535.0000000000
824.307922     65535.0000000000
824.621277       112.2174606323
824.934509     65535.0000000000
825.247742     65535.0000000000
825.560913        20.1991424561
825.874146        44.8869857788
826.187134        17.9547939301
826.500183     65535.0000000000
826.813171     65535.0000000000
827.126160        31.4208889008
827.439026        17.9547939301
827.751831     65535.0000000000
828.064636     65535.0000000000
828.377380     65535.0000000000
828.690063     65535.0000000000
829.002686       112.2174606323
829.315308        71.8191757202
829.627869     65535.0000000000
829.940308     65535.0000000000
830.252808     65535.0000000000
830.565125     65535.0000000000
830.877563     65535.0000000000
831.189880     65535.0000000000
831.502075        11.2217464447
831.814270        35.9095878601
832.126465     65535.0000000000
832.438599     65535.0000000000
832.750549        13.4660949707
833.062622     65535.0000000000
833.374512        13.4660949707
833.686462        53.8643798828
833.998291        17.9547939301
834.310120        65.0861282349
834.621887     65535.0000000000
834.933594     65535.0000000000
835.245239     65535.0000000000
835.556885     65535.0000000000
835.868408         2.2443492413
836.179932     65535.0000000000
836.491333     65535.0000000000
836.802795     65535.0000000000
837.114197        53.8643798828
837.425537        58.3530807495
837.736694     65535.0000000000
838.047913     65535.0000000000
838.359131     65535.0000000000
838.670227     65535.0000000000
838.981262     65535.0000000000
839.292358         8.9773969650
839.603333     65535.0000000000
839.914246        29.1765403748
840.225037     65535.0000000000
840.535889     65535.0000000000
840.846680         4.4886984825
841.157410     65535.0000000000
841.468079         2.2443492413
841.778687     65535.0000000000
842.089233        65.0861282349
842.399780     65535.0000000000
842.710266     65535.0000000000
843.020691     65535.0000000000
843.331055         8.9773969650
843.641418     65535.0000000000
843.951721        74.0635223389
844.261841        11.2217464447
844.572083     65535.0000000000
844.882202         8.9773969650
845.192261        24.6878414154
845.502258         4.4886984825
845.812256        60.5974311829
846.122192         2.2443492413
846.432068     65535.0000000000
846.741882        31.4208889008
847.051636     65535.0000000000
847.361389        53.8643798828
847.671143        26.9321899414
847.980713     65535.0000000000
848.290283       114.4618148804
848.599792     65535.0000000000
848.909302         0.0000000000
849.218689     65535.0000000000
849.528076     65535.0000000000
849.837463        33.6652374268
850.146790     65535.0000000000
850.455933        22.4434928894
850.765137     65535.0000000000
851.074280     65535.0000000000
851.383362     65535.0000000000
851.692383     65535.0000000000
852.001343         6.7330474854
852.310303     65535.0000000000
852.619202     65535.0000000000
852.927979        33.6652374268
853.236816     65535.0000000000
853.545532        51.6200332642
853.854248     65535.0000000000
854.162842     65535.0000000000
854.471436     65535.0000000000
854.779968     65535.0000000000
855.088440        49.3756828308
855.396851     65535.0000000000
855.705200     65535.0000000000
856.013611     65535.0000000000
856.321899     65535.0000000000
856.630127        31.4208889008
856.938293     65535.0000000000
857.246399     65535.0000000000
857.554504     65535.0000000000
857.862549     65535.0000000000
858.170471     65535.0000000000
858.478394     65535.0000000000
858.786316     65535.0000000000
859.094177         4.4886984825
859.401917     65535.0000000000
859.709656     65535.0000000000
860.017334     65535.0000000000
860.324951        26.9321899414
860.632507     65535.0000000000
860.940063     65535.0000000000
861.247559     65535.0000000000
861.555054     65535.0000000000
861.862366     65535.0000000000
862.169739     65535.0000000000
862.476990     65535.0000000000
862.784241         6.7330474854
863.091370     65535.0000000000
863.398499     65535.0000000000
863.705627     65535.0000000000
864.012634        49.3756828308
864.319519     65535.0000000000
864.626526     65535.0000000000
864.933350       114.4618148804
865.240234     65535.0000000000
865.546936     65535.0000000000
865.853699     65535.0000000000
866.160400         2.2443492413
866.466980     65535.0000000000
866.773560     65535.0000000000
867.080078        20.1991424561
867.386536     65535.0000000000
867.692993     65535.0000000000
867.999329     65535.0000000000
868.305664     65535.0000000000
868.611938        20.1991424561
868.918152        31.4208889008
869.224304     65535.0000000000
869.530457     65535.0000000000
869.836487     65535.0000000000
870.142517     65535.0000000000
870.448547     65535.0000000000
870.754395     65535.0000000000
871.060242        38.1539382935
871.366089        11.2217464447
871.671814     65535.0000000000
871.977539     65535.0000000000
872.283203     65535.0000000000
872.588806     65535.0000000000
872.894409        60.5974311829
873.199890        20.1991424561
873.505371     65535.0000000000
873.810730     65535.0000000000
874.116150        38.1539382935
874.421387     65535.0000000000
874.726685     65535.0000000000
875.031860     65535.0000000000
875.337097        80.7965698242
875.642090         4.4886984825
875.947205     65535.0000000000
876.252197     65535.0000000000
876.557129     65535.0000000000
876.862000     65535.0000000000
877.166870     65535.0000000000
877.471680     65535.0000000000
877.776428         4.4886984825
878.081116     65535.0000000000
878.385742     65535.0000000000
878.690369     65535.0000000000
878.994873     65535.0000000000
879.299316     65535.0000000000
879.603821     65535.0000000000
879.908203     65535.0000000000
880.212585     65535.0000000000
880.516846     65535.0000000000
880.821106     65535.0000000000
881.125244     65535.0000000000
881.429382        29.1765403748
881.733459     65535.0000000000
882.037537     65535.0000000000
882.341492     65535.0000000000
882.645447     65535.0000000000
882.949280     65535.0000000000
883.253113     65535.0000000000
883.556885         4.4886984825
883.860657     65535.0000000000
884.164307     65535.0000000000
884.467896       107.7287597656
884.771484     65535.0000000000
885.075073     65535.0000000000
885.378540     65535.0000000000
885.681885     65535.0000000000
885.985291        29.1765403748
886.288635        62.8417778015
886.591858     65535.0000000000
886.895020     65535.0000000000
887.198242        42.6426353455
887.501343     65535.0000000000
887.804443         8.9773969650
888.107422        17.9547939301
888.410400        11.2217464447
888.713257     65535.0000000000
889.016174        13.4660949707
889.318909       107.7287597656
889.621643     65535.0000000000
889.924377     65535.0000000000
890.227051     65535.0000000000
890.529602     65535.0000000000
890.832153         4.4886984825
891.134705     65535.0000000000
891.437134     65535.0000000000
891.739441     65535.0000000000
892.041870     65535.0000000000
892.344116     65535.0000000000
892.646362     65535.0000000000
892.948486     65535.0000000000
893.250671     65535.0000000000
893.552734     65535.0000000000
893.854797     65535.0000000000
894.156738     65535.0000000000
894.458618     65535.0000000000
894.760559     65535.0000000000
895.062378     65535.0000000000
895.364136     65535.0000000000
895.665894     65535.0000000000
895.967590        47.1313323975
896.269165        58.3530807495
896.570679     65535.0000000000
896.872192     65535.0000000000
897.173706     65535.0000000000
897.475159     65535.0000000000
897.776428     65535.0000000000
898.077759       100.9957122803
