0.435000
190.544205         0.0000000000
190.924866         0.0000000000
191.305481      1237.1402587891
191.686081      1094.4791259766
192.066635      1165.8096923828
192.447174      1130.1444091797
192.827667      1241.5985107422
193.208130      1290.6383056641
193.588577      1301.7836914063
193.968964      1277.2637939453
194.349350      1272.8056640625
194.729691      1328.5325927734
195.110001      1217.0786132813
195.490295      1221.5367431641
195.870529      1243.8275146484
196.250763      1277.2637939453
196.630936      1308.4709472656
197.011093      1252.7438964844
197.391220      1286.1800537109
197.771301      1223.7658691406
198.151367      1252.7438964844
198.531403      1257.2020263672
198.911407      1243.8275146484
199.291382      1270.5765380859
199.671295      1379.8015136719
200.051208      1228.2239990234
200.431076      1295.0964355469
200.810928      1292.8673095703
201.190735      1234.9112548828
201.570511      1214.8494873047
201.950272      1241.5985107422
202.329971      1248.2857666016
202.709671      1230.4530029297
203.089310      1136.8316650391
203.468933      1254.9729003906
203.848541      1239.3693847656
204.228073      1179.1842041016
204.607620      1208.1622314453
204.987106      1221.5367431641
205.366577      1241.5985107422
205.746017      1266.1184082031
206.125412      1272.8056640625
206.504776      1203.7041015625
206.884125      1275.0346679688
207.263428      1217.0786132813
207.642700      1299.5545654297
208.021942      1217.0786132813
208.401169      1288.4091796875
208.780334      1297.3255615234
209.159485      1321.8454589844
209.538605      1266.1184082031
209.917694      1241.5985107422
210.296753      1254.9729003906
210.675766      1290.6383056641
211.054764      1185.8714599609
211.433716      1272.8056640625
211.812637      1272.8056640625
212.191544      1288.4091796875
212.570404      1321.8454589844
212.949249      1210.3913574219
213.328033      1290.6383056641
213.706802      1248.2857666016
214.085556      1170.2678222656
214.464249      1241.5985107422
214.842926      1221.5367431641
215.221558      1243.8275146484
215.600174      1192.5587158203
215.978760      1239.3693847656
216.357300      1286.1800537109
216.735825      1219.3076171875
217.114288      1219.3076171875
217.492737      1304.0126953125
217.871185      1315.1582031250
218.249557      1230.4530029297
218.627914      1275.0346679688
219.006226      1261.6601562500
219.384521      1281.7219238281
219.762772      1183.6423339844
220.141006      1210.3913574219
220.519196      1179.1842041016
220.897354      1225.9948730469
221.275497      1194.7877197266
221.653580      1176.9550781250
222.031662      1176.9550781250
222.409698      1246.0566406250
222.787704      1147.9770507813
223.165680      1279.4927978516
223.543610      1263.8892822266
223.921524      1199.2459716797
224.299393      1243.8275146484
224.677231      1319.6163330078
225.055054      1270.5765380859
225.432816      1246.0566406250
225.810577      1250.5147705078
226.188278      1239.3693847656
226.565979      1281.7219238281
226.943634      1219.3076171875
227.321243      1263.8892822266
227.698837      1268.3474121094
228.076385      1359.7397460938
228.453903      1210.3913574219
228.831406      1230.4530029297
229.208847      1295.0964355469
229.586288      1290.6383056641
229.963669      1263.8892822266
230.341034      1246.0566406250
230.718369      1261.6601562500
231.095657      1230.4530029297
231.472916      1241.5985107422
231.850143      1306.2418212891
232.227356      1281.7219238281
232.604523      1250.5147705078
232.981659      1299.5545654297
233.358749      1217.0786132813
233.735825      1237.1402587891
234.112869      1217.0786132813
234.489868      1279.4927978516
234.866852      1241.5985107422
235.243790      1261.6601562500
235.620697      1312.9290771484
235.997589      1199.2459716797
236.374405      1263.8892822266
236.751221      1266.1184082031
237.128006      1174.7260742188
237.504745      1228.2239990234
237.881470      1266.1184082031
238.258133      1203.7041015625
238.634796      1232.6821289063
239.011414      1252.7438964844
239.388000      1281.7219238281
239.764557      1203.7041015625
240.141068      1286.1800537109
240.517563      1279.4927978516
240.893997      1277.2637939453
241.270432      1317.3872070313
241.646835      1308.4709472656
242.023178      1270.5765380859
242.399506      1301.7836914063
242.775787      1290.6383056641
243.152054      1288.4091796875
243.528290      1252.7438964844
243.904465      1225.9948730469
244.280640      1263.8892822266
244.656754      1205.9331054688
245.032852      1252.7438964844
245.408936      1275.0346679688
245.784943      1301.7836914063
246.160950      1257.2020263672
246.536911      1239.3693847656
246.912842      1306.2418212891
247.288757      1214.8494873047
247.664612      1263.8892822266
248.040451      1241.5985107422
248.416229      1194.7877197266
248.792023      1185.8714599609
249.167755      1203.7041015625
249.543457      1199.2459716797
249.919113      1286.1800537109
250.294754      1223.7658691406
250.670364      1254.9729003906
251.045944      1234.9112548828
251.421478      1250.5147705078
251.796982      1321.8454589844
252.172440      1250.5147705078
252.547897      1270.5765380859
252.923294      1257.2020263672
253.298676      1377.5723876953
253.673996      1275.0346679688
254.049316      1288.4091796875
254.424606      1250.5147705078
254.799850      1310.6999511719
255.175064      1270.5765380859
255.550217      1312.9290771484
255.925369      1270.5765380859
256.300476      1239.3693847656
256.675537      1239.3693847656
257.050598      1208.1622314453
257.425598      1225.9948730469
257.800598      1261.6601562500
258.175537      1201.4749755859
258.550446      1248.2857666016
258.925354      1210.3913574219
259.300171      1212.6203613281
259.674988      1344.1362304688
260.049774      1290.6383056641
260.424500      1266.1184082031
260.799225      1261.6601562500
261.173889      1214.8494873047
261.548553      1248.2857666016
261.923187      1234.9112548828
262.297760      1281.7219238281
262.672302      1335.2198486328
263.046814      1261.6601562500
263.421326      1248.2857666016
263.795776      1339.6781005859
264.170135      1246.0566406250
264.544525      1292.8673095703
264.918915      1201.4749755859
265.293243      1295.0964355469
265.667511      1201.4749755859
266.041748      1268.3474121094
266.415955      1286.1800537109
266.790161      1328.5325927734
267.164307      1246.0566406250
267.538422      1275.0346679688
267.912476      1275.0346679688
268.286530      1254.9729003906
268.660583      1270.5765380859
269.034546      1283.9510498047
269.408508      1304.0126953125
269.782440      1330.7617187500
270.156311      1335.2198486328
270.530151      1277.2637939453
270.903992      1281.7219238281
271.277710      1335.2198486328
271.651489      1283.9510498047
272.025208      1397.6341552734
272.398895      1243.8275146484
272.772552      1332.9908447266
273.146179      1350.8234863281
273.519745      1359.7397460938
273.893280      1308.4709472656
274.266815      1179.1842041016
274.640289      1243.8275146484
275.013733      1306.2418212891
275.387146      1263.8892822266
275.760529      1299.5545654297
276.133881      1243.8275146484
276.507202      1328.5325927734
276.880463      1290.6383056641
277.253723      1288.4091796875
277.626923      1317.3872070313
278.000122      1295.0964355469
278.373260      1234.9112548828
278.746338      1321.8454589844
279.119446      1201.4749755859
279.492493      1183.6423339844
279.865509      1257.2020263672
280.238495      1252.7438964844
280.611450      1230.4530029297
280.984314      1286.1800537109
281.357208      1250.5147705078
281.730072      1237.1402587891
282.102875      1261.6601562500
282.475647      1304.0126953125
282.848358      1295.0964355469
283.221069      1223.7658691406
283.593750      1201.4749755859
283.966400      1317.3872070313
284.339020      1283.9510498047
284.711548      1250.5147705078
285.084106      1248.2857666016
285.456635      1283.9510498047
285.829071      1335.2198486328
286.201508      1270.5765380859
286.573914      1237.1402587891
286.946320      1205.9331054688
287.318634      1241.5985107422
287.690948      1237.1402587891
288.063202      1210.3913574219
288.435425      1317.3872070313
288.807648      1230.4530029297
289.179810      1168.0388183594
289.551941      1288.4091796875
289.924011      1234.9112548828
290.296112      1210.3913574219
290.668121      1257.2020263672
291.040161      1246.0566406250
291.412109      1281.7219238281
291.783997      1286.1800537109
292.155914      1243.8275146484
292.527771      1332.9908447266
292.899597      1210.3913574219
293.271393      1297.3255615234
293.643127      1261.6601562500
294.014862      1239.3693847656
294.386566      1270.5765380859
294.758240      1250.5147705078
295.129852      1299.5545654297
295.501404      1288.4091796875
295.872955      1339.6781005859
296.244507      1252.7438964844
296.615997      1221.5367431641
296.987427      1288.4091796875
297.358826      1275.0346679688
297.730225      1290.6383056641
298.101593      1357.5107421875
298.472900      1268.3474121094
298.844177      1301.7836914063
299.215393      1297.3255615234
299.586609      1288.4091796875
299.957794      1283.9510498047
300.328918      1359.7397460938
300.700043      1348.5943603516
301.071136      1279.4927978516
301.442169      1259.4311523438
301.813171      1317.3872070313
302.184174      1252.7438964844
302.555115      1402.0922851563
302.925995      1290.6383056641
303.296844      1308.4709472656
303.667694      1270.5765380859
304.038483      1241.5985107422
304.409271      1259.4311523438
304.779968      1217.0786132813
305.150696      1248.2857666016
305.521362      1199.2459716797
305.891968      1312.9290771484
306.262543      1295.0964355469
306.633118      1308.4709472656
307.003632      1210.3913574219
307.374146      1241.5985107422
307.744598      1217.0786132813
308.114990      1283.9510498047
308.485413      1243.8275146484
308.855743      1295.0964355469
309.226074      1257.2020263672
309.596375      1292.8673095703
309.966614      1263.8892822266
310.336792      1281.7219238281
310.707001      1328.5325927734
311.077148      1332.9908447266
311.447235      1250.5147705078
311.817322      1281.7219238281
312.187347      1283.9510498047
312.557373      1259.4311523438
312.927368      1328.5325927734
313.297302      1386.4887695313
313.667175      1350.8234863281
314.037048      1317.3872070313
314.406891      1317.3872070313
314.776642      1324.0744628906
315.146423      1324.0744628906
315.516144      1348.5943603516
315.885864      1283.9510498047
316.255524      1408.7795410156
316.625153      1350.8234863281
316.994751      1377.5723876953
317.364288      1422.1540527344
317.733795      1375.3433837891
318.103302      1370.8852539063
318.472717      1388.7178955078
318.842133      1495.7137451172
319.211517      1493.4847412109
319.580872      1466.7357177734
319.950195      1509.0882568359
320.319489      1645.0622558594
320.688751      1564.8153076172
321.057922      1569.2734375000
321.427094      1660.6657714844
321.796234      1752.0581054688
322.165344      1801.0979003906
322.534393      1852.3668212891
322.903412      1901.4066162109
323.272430      1823.3887939453
323.641418      1769.8908691406
324.010315      1796.6397705078
324.379242      1867.9704589844
324.748077      2010.6315917969
325.116913      2106.4821777344
325.485657      2166.6672363281
325.854431      2148.8347167969
326.223145      2249.1433105469
326.591827      2231.3107910156
326.960480      2380.6591796875
327.329102      2532.2368164063
327.697693      2699.4179687500
328.066193      2855.4536132813
328.434723      2915.6386718750
328.803192      2937.9296875000
329.171600      3441.7021484375
329.540009      2924.5551757813
329.908386      3044.9255371094
330.276703      3154.1503906250
330.645050      3430.5566406250
331.013306      3784.9807128906
331.381500      3807.2714843750
331.749695      3515.2617187500
332.117859      3559.8432617188
332.485962      3597.7377929688
332.854034      3539.7817382813
333.222107      3660.1520996094
333.590118      3860.7692871094
333.958099      3874.1437988281
334.326050      4007.8886718750
334.693970      3981.1398925781
335.061859      3756.0024414063
335.429657      3773.8352050781
335.797455      4061.3867187500
336.165192      4141.6337890625
336.532959      4255.3168945313
336.900665      4128.2592773438
337.268341      4150.5498046875
337.635956      3972.2233886719
338.003571      3943.2453613281
338.371124      3849.6240234375
338.738647      3896.4345703125
339.106110      4099.2812500000
339.473572      4386.8325195313
339.840942      4413.5815429688
340.208344      4718.9658203125
340.575653      4513.8901367188
340.942993      4792.5253906250
341.310272      4899.5214843750
341.677521      4859.3979492188
342.044708      4912.8959960938
342.411865      4850.4814453125
342.778992      4930.7285156250
343.146088      4966.3940429688
343.513123      5135.8041992188
343.880157      5191.5312500000
344.247131      5227.1962890625
344.614105      5091.2226562500
344.981049      4948.5610351563
345.347900      4607.5117187500
345.714783      4482.6831054688
346.081573      4756.8603515625
346.448334      5091.2226562500
346.815094      5017.6625976563
347.181763      5247.2583007813
347.548431      5231.6547851563
347.915070      5334.1923828125
348.281677      5425.5844726563
348.648224      5434.5009765625
349.014771      5258.4038085938
349.381256      5492.4570312500
349.747711      5467.9370117188
350.114105      5523.6640625000
350.480469      5296.2978515625
350.846832      5514.7480468750
351.213135      5996.2294921875
351.579407      6038.5820312500
351.945679      6372.9443359375
352.311890      6252.5737304688
352.678040      6265.9482421875
353.044189      5989.5424804688
353.410278      6018.5205078125
353.776337      6054.1855468750
354.142303      5936.0444335938
354.508301      6283.7812500000
354.874268      6676.0996093750
355.240204      6856.6552734375
355.606079      7037.2109375000
355.971924      7128.6030273438
356.337738      6934.6728515625
356.703491      7128.6030273438
357.069244      6823.2187500000
357.434937      6841.0517578125
357.800598      6393.0063476563
358.166229      6085.3930664063
358.531830      5933.8154296875
358.897369      5724.2817382813
359.262909      5701.9907226563
359.628418      5409.9809570313
359.993866      5528.1225585938
360.359222      6167.8686523438
360.724609      6867.8002929688
361.089966      7329.2202148438
361.455261      7271.2641601563
361.820526      7061.7304687500
362.185760      6803.1572265625
362.550964      6713.9936523438
362.916138      6756.3461914063
363.281250      6990.3999023438
363.646332      7217.7661132813
364.011383      7367.1147460938
364.376404      7661.3535156250
364.741333      7391.6347656250
365.106293      7710.3935546875
365.471222      8053.6718750000
365.836090      7721.5385742188
366.200928      8073.7338867188
366.565735      8285.4960937500
366.930511      8976.5117187500
367.295227      9148.1513671875
367.659912      9411.1826171875
368.024536      9128.0888671875
368.389160      9232.8564453125
368.753723      9065.6748046875
369.118317      8847.2246093750
369.482819      8992.1152343750
369.847260      8773.6650390625
370.211731      9038.9257812500
370.576111      9123.6308593750
370.940460      9723.2539062500
371.304810      9723.2539062500
371.669098      9170.4414062500
372.033325      9112.4853515625
372.397522      9335.3935546875
372.761749      9473.5966796875
373.125885      9313.1035156250
373.489990      8746.9160156250
373.854065      8822.7050781250
374.218109      8477.1972656250
374.582092      8013.5483398438
374.946075      7830.7636718750
375.309998      7703.7060546875
375.673859      7966.7377929688
376.037720      7712.6225585938
376.401550      8227.5400390625
376.765320      8918.5556640625
377.129059      9295.2705078125
377.492798      9070.1328125000
377.856476      9181.5869140625
378.220062      9631.8613281250
378.583679     10507.8906250000
378.947205     10918.0419921875
379.310730     11234.5712890625
379.674225     11245.7167968750
380.037689     10590.3671875000
380.401093     10135.6337890625
380.764496      9680.9013671875
381.127838      9498.1171875000
381.491119      9885.9765625000
381.854370     10389.7490234375
382.217621     10461.0800781250
382.580811     10213.6523437500
382.943939      9335.3935546875
383.307068      8602.0263671875
383.670166      7937.7597656250
384.033203      7295.7841796875
384.396240      7206.6210937500
384.759216      7010.4619140625
385.122131      7355.9692382813
385.485016      8084.8789062500
385.847900      8873.9736328125
386.210724      9714.3378906250
386.573486      9478.0546875000
386.936279      9371.0595703125
387.298981      9228.3984375000
387.661652      9353.2265625000
388.024323      9493.6582031250
388.386902      9310.8740234375
388.749481      9507.0332031250
389.112000      9489.2001953125
389.474487      9558.3017578125
389.836945      9371.0595703125
390.199371     10093.2812500000
390.561737     10588.1376953125
390.924103     11140.9501953125
391.286407     11658.0966796875
391.648682     11771.7802734375
392.010925     12130.6621093750
392.373108     12371.4033203125
392.735291     12402.6103515625
393.097382     11999.1464843750
393.459473     11076.3066406250
393.821533      9861.4570312500
394.183533      8218.6240234375
394.545532      6901.2368164063
394.907471      7041.6689453125
395.269379      7964.5087890625
395.631256      9536.0107421875
395.993042     10886.8349609375
396.354828     11990.2304687500
396.716583     12288.9267578125
397.078308     11963.4814453125
397.439972     10552.4726562500
397.801636      9132.5478515625
398.163239      7946.6757812500
398.524841      8793.7265625000
398.886383     10699.5917968750
399.247833     12580.9365234375
399.609283     14049.9013671875
399.970703     14863.5166015625
400.332062     15686.0478515625
400.693420     16334.7099609375
401.054718     16477.3710937500
401.416016     16564.3046875000
401.777252     16448.3925781250
402.138458     17016.8085937500
402.499603     17297.6738281250
402.860718     17540.6425781250
403.221832     17812.5917968750
403.582855     18365.4042968750
403.943848     18240.5742187500
404.304810     17603.0585937500
404.665771     17467.0839843750
405.026642     18053.3320312500
405.387543     17565.1640625000
405.748352     17420.2734375000
406.109161     17351.1718750000
406.469849     17672.1582031250
406.830597     17540.6425781250
407.191223     17400.2109375000
407.551880     17126.0332031250
407.912476     17426.9609375000
408.273041     17627.5781250000
408.633575     17402.4394531250
408.994049     17917.3574218750
409.354492     18291.8437500000
409.714935     18623.9765625000
410.075287     19504.4648437500
410.435608     19290.4726562500
410.795868     18548.1875000000
411.156158     17480.4589843750
411.516388     17282.0703125000
411.876587     17703.3671875000
412.236725     18398.8398437500
412.596832     19702.8515625000
412.956909     20039.4433593750
413.316925     19800.9316406250
413.676910     20157.5859375000
414.036896     19874.4921875000
414.396820     19653.8125000000
414.756683     19780.8710937500
415.116547     20014.9238281250
415.476379     20465.1992187500
415.836121     19861.1171875000
416.195862     19945.8222656250
416.555542     19796.4746093750
416.915192     19874.4921875000
417.274811     20407.2421875000
417.634399     20683.6484375000
417.993927     20821.8515625000
418.353455     20001.5488281250
418.712891     19517.8378906250
419.072357     19528.9843750000
419.431763     19780.8710937500
419.791107     19948.0507812500
420.150452     19722.9140625000
420.509674     19959.1972656250
420.868927     19885.6367187500
421.228119     19856.6582031250
421.587280     19858.8886718750
421.946411     20732.6875000000
422.305542     21158.4433593750
422.664581     21022.4687500000
423.023621     20797.3320312500
423.382568     20670.2734375000
423.741516     20041.6738281250
424.100403     19337.2832031250
424.459259     19388.5527343750
424.818054     20008.2363281250
425.176880     20456.2812500000
425.535614     20298.0175781250
425.894348     20358.2031250000
426.252991     19901.2402343750
426.611633     20220.0000000000
426.970245     20090.7128906250
427.328796     20483.0312500000
427.687317     20645.7539062500
428.045807     19932.4472656250
428.404205     19471.0273437500
428.762604     19546.8164062500
429.121002     19816.5351562500
429.479340     19983.7167968750
429.837616     19825.4511718750
430.195892     19009.6074218750
430.554138     18623.9765625000
430.912292     17861.6308593750
431.270416     16533.0976562500
431.628510     15741.7744140625
431.986542     15434.1611328125
432.344574     16597.7421875000
432.702576     18516.9804687500
433.060516     20558.8203125000
433.418427     20933.3046875000
433.776306     20895.4121093750
434.134155     21617.6328125000
434.491913     22099.1152343750
434.849701     21439.3066406250
435.207397     20257.8945312500
435.565063     20425.0742187500
435.922729     21615.4042968750
436.280334     21512.8671875000
436.637909     22301.9609375000
436.995453     22638.5527343750
437.352936     23594.8281250000
437.710388     24111.9765625000
438.067780     23848.9453125000
438.425171     23681.7636718750
438.782471     23144.5546875000
439.139771     22402.2695312500
439.497040     22128.0937500000
439.854279     21396.9550781250
440.211426     22203.8828125000
440.568604     22810.1914062500
440.925720     23302.8203125000
441.282776     23576.9960937500
441.639801     23215.8847656250
441.996735     23929.1914062500
442.353699     24143.1835937500
442.710602     25070.4804687500
443.067505     25509.6093750000
443.424347     25636.6679687500
443.781128     25921.9902343750
444.137878     25955.4257812500
444.494629     25821.6816406250
444.851288     25835.0566406250
445.207916     26263.0390625000
445.564514     26584.0273437500
445.921051     25585.3984375000
446.277618     25995.5507812500
446.634094     25404.8437500000
446.990540     25306.7636718750
447.346985     25536.3593750000
447.703339     25627.7519531250
448.059692     26160.5019531250
448.416016     27373.1230468750
448.772186     27025.3847656250
449.128418     27150.2148437500
449.484589     27346.3730468750
449.840729     27279.5019531250
450.196838     27896.9570312500
450.552917     28117.6347656250
450.908966     28102.0312500000
451.264954     28739.5488281250
451.620880     29178.6777343750
451.976807     29834.0292968750
452.332611     29370.3789062500
452.688446     29345.8593750000
453.044250     29011.4980468750
453.399994     28427.4785156250
453.755707     27502.4082031250
454.111389     27009.7812500000
454.467041     26668.7324218750
454.822632     26811.3945312500
455.178192     27703.0273437500
455.533722     27865.7500000000
455.889130     27435.5371093750
456.244598     27341.9160156250
456.600006     28231.3183593750
456.955353     28489.8925781250
457.310699     28307.1074218750
457.665985     28788.5898437500
458.021240     28779.6738281250
458.376434     28946.8535156250
458.731628     29000.3515625000
459.086700     28518.8710937500
459.441772     28291.5039062500
459.796844     28166.6757812500
460.151886     28554.5351562500
460.506836     28376.2089843750
460.861786     28454.2265625000
461.216675     28289.2753906250
461.571533     28853.2324218750
461.926361     29209.8847656250
462.281158     29029.3300781250
462.635803     29470.6875000000
462.990540     29727.0332031250
463.345184     30123.8085937500
463.699829     30192.9101562500
464.054413     30257.5546875000
464.408936     30248.6386718750
464.763458     29782.7597656250
465.117920     30304.3652343750
465.472351     30371.2363281250
465.826752     30449.2558593750
466.181030     30571.8554687500
466.535339     30627.5820312500
466.889618     31378.7812500000
467.243866     31463.4863281250
467.598053     31189.3105468750
467.952209     30808.1367187500
468.306305     30759.0976562500
468.660370     31216.0585937500
469.014435     31878.0957031250
469.368439     32109.9199218750
469.722321     32301.6210937500
470.076263     32722.9179687500
470.430115     32865.5781250000
470.783966     33315.8554687500
471.137756     33233.3789062500
471.491516     32528.9882812500
471.845245     33101.8632812500
472.198944     33808.4804687500
472.552582     34495.0390625000
472.906128     34782.5898437500
473.259705     36476.6914062500
473.613220     37004.9843750000
473.966675     36628.2695312500
474.320129     36592.6054687500
474.673553     36672.8515625000
475.026917     37464.1757812500
475.380249     38025.9023437500
475.733521     38687.9414062500
476.086761     39080.2578125000
476.439911     39013.3867187500
476.793091     39332.1445312500
477.146210     39234.0664062500
477.499298     39392.3320312500
477.852356     39327.6875000000
478.205353     39722.2343750000
478.558350     41342.7773437500
478.911285     42138.5585937500
479.264160     42196.5156250000
479.617035     42628.9570312500
479.969757     42557.6250000000
480.322540     43384.6171875000
480.675262     44178.1679687500
481.027985     44673.0234375000
481.380615     45034.1367187500
481.733246     45143.3593750000
482.085815     46052.8281250000
482.438324     46168.7382812500
482.790833     46650.2187500000
483.143280     47546.3125000000
483.495667     46957.8320312500
483.848022     47403.6484375000
484.200348     48092.4375000000
484.552673     47840.5507812500
484.904907     47911.8789062500
485.257111     48163.7656250000
485.609283     48333.1757812500
485.961456     48357.6953125000
486.313538     47925.2539062500
486.665588     46434.0000000000
487.017548     43694.4570312500
487.369507     42907.5937500000
487.721466     43395.7617187500
488.073334     45069.8007812500
488.425232     46342.6054687500
488.777039     47075.9765625000
489.128815     48342.0937500000
489.480560     48750.0156250000
489.832245     48134.7890625000
490.183868     48758.9296875000
490.535461     49951.4921875000
490.887054     50662.5664062500
491.238586     51014.7617187500
491.590057     51429.3710937500
491.941528     51121.7578125000
492.292938     51400.3945312500
492.644318     50602.3828125000
492.995667     50279.1640625000
493.346954     50176.6289062500
493.698181     50181.0859375000
494.049377     51039.2812500000
494.400543     51326.8320312500
494.751678     50898.8515625000
495.102783     51262.1914062500
495.453827     52258.5898437500
495.804871     52720.0078125000
496.155853     52831.4648437500
496.506775     52412.3945312500
496.857666     52445.8320312500
497.208466     52231.8398437500
497.559265     52748.9882812500
497.910065     52840.3789062500
498.260773     52969.6679687500
498.611481     53145.7656250000
498.962128     52561.7460937500
499.312744     51966.5781250000
499.663300     51465.0351562500
500.013855     52229.6132812500
500.364349     52278.6523437500
500.714752     52329.9218750000
501.065155     52082.4921875000
501.415527     51186.4023437500
501.765869     50976.8671875000
502.116150     50983.5546875000
502.466400     50473.0937500000
502.816620     50152.1093750000
503.166779     50047.3398437500
503.516907     49848.9531250000
503.866943     50490.9296875000
504.217010     50513.2187500000
504.567017     50138.7343750000
504.916962     49481.1523437500
505.266876     49164.6250000000
505.616791     49748.6445312500
505.966644     50132.0468750000
506.316437     50234.5820312500
506.666199     51166.3398437500
507.015930     51685.7148437500
507.365570     51741.4414062500
507.715210     52000.0156250000
508.064789     51329.0625000000
508.414368     51505.1601562500
508.763885     51277.7929687500
509.113373     51061.5742187500
509.462830     51219.8359375000
509.812225     52151.5937500000
510.161591     52561.7460937500
510.510895     52430.2304687500
510.860107     52403.4804687500
511.209381     52164.9687500000
511.558563     52456.9765625000
511.907715     52456.9765625000
512.256836     52702.1757812500
512.605896     53281.7382812500
512.954956     53234.9257812500
513.303955     53453.3789062500
513.652832     52804.7148437500
514.001831     52641.9921875000
514.350647     52731.1562500000
514.699463     52740.0703125000
515.048279     52590.7226562500
515.396973     52401.2500000000
515.745728     52441.3750000000
516.094360     52396.7929687500
516.442993     52802.4843750000
516.791565     53288.4257812500
517.140137     53119.0156250000
517.488586     51955.4335937500
517.837036     50185.5429687500
518.185425     48429.0273437500
518.533875     49456.6328125000
518.882202     50176.6289062500
519.230469     50071.8593750000
519.578735     49608.2109375000
519.927002     49978.2382812500
520.275146     50776.2500000000
520.623291     51819.4609375000
520.971313     52229.6132812500
521.319336     52706.6367187500
521.667419     52494.8710937500
522.015381     52546.1406250000
522.363281     53034.3085937500
522.711182     53335.2343750000
523.059021     53344.1523437500
523.406860     53183.6601562500
523.754639     52962.9804687500
524.102356     52472.5820312500
524.449951     52472.5820312500
524.797607     52936.2304687500
525.145203     53497.9609375000
525.492798     53390.9648437500
525.840332     53384.2773437500
526.187805     53636.1640625000
526.535217     53121.2460937500
526.882629     53165.8242187500
527.230042     52659.8242187500
527.577332     51019.2187500000
527.924500     49534.6523437500
528.271729     49498.9882812500
528.618896     50595.6953125000
528.966125     50553.3437500000
529.313232     51248.8164062500
529.660278     51500.7031250000
530.007324     52260.8203125000
530.354309     52644.2226562500
530.701233     52098.0976562500
531.048096     51841.7500000000
531.394958     51852.8984375000
531.741760     52436.9179687500
532.088562     52062.4296875000
532.435303     52488.1835937500
532.781982     52220.6953125000
533.128601     51870.7304687500
533.475281     50967.9531250000
533.821838     50317.0585937500
534.168335     49831.1210937500
534.514832     50181.0859375000
534.861206     50555.5703125000
535.207703     50582.3203125000
535.554016     50724.9804687500
535.900391     51012.5312500000
536.246643     50789.6250000000
536.592896     51777.1093750000
536.939087     51846.2109375000
537.285278     51665.6523437500
537.631348     50938.9726562500
537.977417     50276.9375000000
538.323425     50372.7851562500
538.669373     50655.8789062500
539.015381     50825.2890625000
539.361267     50649.1914062500
539.707153     50805.2304687500
540.052979     50448.5742187500
540.398804     49695.1445312500
540.744507     49320.6601562500
541.090210     49099.9804687500
541.435791     48602.8945312500
541.781433     48275.2226562500
542.127014     48248.4726562500
542.472595     48043.3945312500
542.818054     48163.7656250000
543.163513     48154.8515625000
543.508911     48707.6640625000
543.854309     48259.6171875000
544.199646     48364.3828125000
544.544800     48397.8203125000
544.890076     48310.8867187500
545.235291     48703.2031250000
545.580444     48308.6562500000
545.925537     48556.0859375000
546.270630     48043.3945312500
546.615723     48578.3750000000
546.960693     48252.9296875000
547.305603     48698.7460937500
547.650574     48458.0039062500
547.995361     48402.2773437500
548.340149     47902.9648437500
548.684998     47434.8554687500
549.029724     47236.4687500000
549.374390     47858.3828125000
549.719116     47631.0156250000
550.063660     47584.2070312500
550.408264     48014.4179687500
550.752869     48199.4335937500
551.097290     47753.6171875000
551.441711     47301.1132812500
551.786133     47374.6718750000
552.130493     47042.5390625000
552.474854     47880.6718750000
552.819092     47642.1601562500
553.163330     47827.1757812500
553.507507     47325.6328125000
553.851685     47263.2187500000
554.195801     46692.5742187500
554.539917     46848.6093750000
554.883850     47153.9921875000
555.227844     46986.8125000000
555.571777     47018.0195312500
555.915710     46984.5820312500
556.259583     47352.3828125000
556.603333     47174.0546875000
556.947205     46688.1132812500
557.290894     46001.5585937500
557.634583     46396.1054687500
557.978210     45549.0546875000
558.321777     44927.1406250000
558.665405     44953.8906250000
559.008911     44918.2226562500
559.352417     44978.4101562500
559.695862     44164.7929687500
560.039185     43217.4335937500
560.382568     43255.3281250000
560.725891     43496.0703125000
561.069153     43090.3789062500
561.412354     43134.9570312500
561.755554     43792.5390625000
562.098694     43732.3515625000
562.441772     43219.6640625000
562.784851     42423.8828125000
563.127930     42720.3476562500
563.470825     42586.6054687500
563.813782     42626.7265625000
564.156738     42657.9335937500
564.499573     41946.8593750000
564.842285     41810.8828125000
565.185059     41523.3320312500
565.527771     41547.8515625000
565.870422     41545.6250000000
566.213135     41255.8437500000
566.555725     40974.9804687500
566.898254     40337.4609375000
567.240784     39806.9414062500
567.583252     39827.0000000000
567.925659     40114.5546875000
568.268005     40335.2304687500
568.610291     40150.2187500000
568.952637     39608.5507812500
569.294922     38734.7500000000
569.637146     38233.2070312500
569.979309     37453.0312500000
570.321411     37288.0781250000
570.663513     37283.6210937500
571.005554     37189.9960937500
571.347473     36891.3007812500
571.689453     36282.7617187500
572.031372     36093.2890625000
572.373230     35727.7187500000
572.715088     35741.0937500000
573.056885     36276.0742187500
573.398621     36180.2226562500
573.740295     36244.8671875000
574.082031     35709.8867187500
574.423584     35685.3671875000
574.765137     35544.9375000000
575.106689     35533.7890625000
575.448120     35190.5117187500
575.789612     34985.4375000000
576.130981     34773.6718750000
576.472351     34318.9414062500
576.813721     34519.5585937500
577.154968     34332.3164062500
577.496216     34706.8007812500
577.837402     34265.4414062500
578.178467     34575.2851562500
578.519592     34093.8046875000
578.860657     34428.1640625000
579.201660     34113.8671875000
579.542664     33781.7304687500
579.883606     33438.4531250000
580.224487     33590.0312500000
580.565308     34289.9609375000
580.906189     34711.2578125000
581.246948     34876.2109375000
581.587585     34778.1328125000
581.928223     34929.7109375000
582.268921     35471.3750000000
582.609497     35547.1640625000
582.950012     36084.3750000000
583.290527     36044.2500000000
583.630981     36222.5781250000
583.971436     36407.5898437500
584.311829     36490.0664062500
584.652100     36296.1367187500
584.992371     36507.8984375000
585.332642     36545.7929687500
585.672852     36688.4531250000
586.013000     35912.7343750000
586.353088     35921.6523437500
586.693176     35466.9179687500
587.033264     35230.6367187500
587.373230     35074.5976562500
587.713196     35023.3320312500
588.053040     35043.3906250000
588.392883     34880.6679687500
588.732727     33975.6640625000
589.072510     33454.0585937500
589.412231     31907.0742187500
589.751892     30175.0781250000
590.091553     28476.5175781250
590.431152     27288.4179687500
590.770752     26987.4921875000
591.110229     27197.0253906250
591.449707     27992.8066406250
591.789124     28815.3378906250
592.128479     29122.9511718750
592.467834     28659.3027343750
592.807129     28935.7089843750
593.146423     28632.5527343750
593.485596     29156.3886718750
593.824768     29267.8417968750
594.163879     30010.1269531250
594.502991     30290.9902343750
594.841980     29996.7519531250
595.180969     29129.6386718750
595.519897     28182.2792968750
595.858887     28188.9667968750
596.197693     28469.8300781250
596.536499     28619.1796875000
596.875305     28895.5859375000
597.214050     29272.3007812500
597.552734     29782.7597656250
597.891296     29448.3964843750
598.229980     29334.7148437500
598.568542     29263.3828125000
598.907043     28940.1660156250
599.245483     29069.4531250000
599.583984     29484.0625000000
599.922363     29566.5390625000
600.260681     29428.3359375000
600.598999     29573.2265625000
600.937256     29776.0722656250
601.275452     29867.4648437500
601.613586     29793.9042968750
601.951721     29426.1074218750
602.289856     29637.8691406250
602.627869     29735.9492187500
602.965881     29865.2363281250
603.303833     29677.9921875000
603.641724     29829.5703125000
603.979614     30052.4785156250
604.317444     30197.3691406250
604.655151     30440.3378906250
604.992859     30596.3750000000
605.330566     30362.3203125000
605.668274     30632.0390625000
606.005859     30678.8496093750
606.343445     30293.2187500000
606.680908     30288.7617187500
607.018433     30123.8085937500
607.355835     29985.6054687500
607.693237     30179.5371093750
608.030579     30043.5625000000
608.367859     29938.7949218750
608.705078     29778.3007812500
609.042297     29869.6933593750
609.379456     29894.2128906250
609.716614     29807.2792968750
610.053650     29307.9648437500
610.390686     29390.4414062500
610.727722     29111.8066406250
611.064575     29031.5585937500
611.401550     28962.4570312500
611.738403     29216.5722656250
612.075256     29448.3964843750
612.411987     29484.0625000000
612.748779     29408.2734375000
613.085449     29056.0781250000
613.422058     29013.7265625000
613.758667     28864.3789062500
614.095215     29042.7050781250
614.431702     28810.8808593750
614.768127     28641.4707031250
615.104614     28338.3144531250
615.440979     28391.8125000000
615.777283     28764.0703125000
616.113586     28879.9824218750
616.449829     28648.1562500000
616.786011     28538.9316406250
617.122192     28041.8476562500
617.458374     27823.3964843750
617.794373     27611.6347656250
618.130371     27876.8945312500
618.466370     28126.5527343750
618.802246     28273.6718750000
619.138184     28501.0371093750
619.474060     28679.3652343750
619.809875     28657.0742187500
620.145630     28289.2753906250
620.481323     28719.4882812500
620.817017     28599.1171875000
621.152588     28645.9277343750
621.488220     28726.1757812500
621.823792     28744.0078125000
622.159241     28570.1386718750
622.494690     28804.1933593750
622.830078     28289.2753906250
623.165466     28331.6269531250
623.500793     28059.6796875000
623.836060     27997.2656250000
624.171265     28122.0937500000
624.506470     27600.4882812500
624.841553     27627.2382812500
625.176697     27332.9980468750
625.511719     27353.0605468750
625.846741     27364.2070312500
626.181702     26813.6230468750
626.516663     26407.9296875000
626.851563     26477.0312500000
627.186401     26187.2519531250
627.521118     26581.7988281250
627.855896     26309.8496093750
628.190552     26274.1855468750
628.525269     25097.2304687500
628.859863     24314.8222656250
629.194458     23461.0839843750
629.528992     24216.7421875000
629.863403     23641.6406250000
630.197815     24082.9980468750
630.532288     23958.1699218750
630.866516     23677.3046875000
631.200867     24145.4121093750
631.535156     24051.7910156250
631.869324     24448.5664062500
632.203491     24753.9511718750
632.537659     24194.4511718750
632.871704     24439.6503906250
633.205750     24482.0039062500
633.539795     24475.3164062500
633.873718     24519.8984375000
634.207520     25150.7285156250
634.541443     24658.1015625000
634.875244     24872.0937500000
635.208984     24586.7695312500
635.542725     25023.6699218750
635.876404     25106.1464843750
636.210022     25086.0839843750
636.543640     25315.6796875000
636.877197     25034.8164062500
637.210571     24961.2558593750
637.544067     25101.6875000000
637.877502     25204.2265625000
638.210815     25251.0371093750
638.544189     25529.6718750000
638.877441     25409.3007812500
639.210693     25685.7070312500
639.543884     25364.7207031250
639.877014     25614.3769531250
640.210144     25471.7148437500
640.543091     25656.7304687500
640.876099     25019.2128906250
641.209106     25262.1816406250
641.541992     24945.6523437500
641.874939     24595.6875000000
642.207703     25034.8164062500
642.540527     25186.3925781250
642.873230     24493.1484375000
643.205994     24794.0742187500
643.538574     25079.3964843750
643.871155     25195.3105468750
644.203674     25106.1464843750
644.536255     24794.0742187500
644.868713     24595.6875000000
645.201172     24638.0390625000
645.533508     24568.9375000000
645.865845     24455.2539062500
646.198120     24281.3867187500
646.530396     23369.6914062500
646.862610     23441.0214843750
647.194702     22841.4003906250
647.526855     22304.1914062500
647.858887     22032.2421875000
648.190857     21394.7246093750
648.522827     20826.3105468750
648.854797     20376.0351562500
649.186707     20429.5332031250
649.518555     20293.5585937500
649.850342     20146.4394531250
650.182007     20057.2773437500
650.513733     20175.4179687500
650.845398     19910.1562500000
651.177063     20982.3457031250
651.508606     21350.1445312500
651.840088     21742.4628906250
652.171631     21287.7304687500
652.503052     21049.2187500000
652.834412     20400.5546875000
653.165771     20908.7851562500
653.497070     21156.2128906250
653.828308     21466.0566406250
654.159485     21769.2109375000
654.490662     21552.9902343750
654.821838     21911.8730468750
655.152832     21664.4453125000
655.483887     21615.4042968750
655.814880     21120.5488281250
656.145813     21042.5312500000
656.476685     20456.2812500000
656.807495     19631.5214843750
657.138306     19005.1503906250
657.469116     18347.5703125000
657.799744     18126.8925781250
658.130493     18958.3398437500
658.461121     19352.8867187500
658.791687     20113.0039062500
659.122192     20326.9960937500
659.452698     20792.8730468750
659.783142     21022.4687500000
660.113464     21305.5625000000
660.443787     21782.5859375000
660.774109     21379.1210937500
661.104370     21907.4140625000
661.434570     21606.4882812500
661.764771     22161.5292968750
662.094849     22119.1777343750
662.424988     22096.8867187500
662.755005     22306.4199218750
663.084900     22085.7402343750
663.414856     22018.8691406250
663.744751     22041.1582031250
664.074585     21931.9335937500
664.404419     21804.8769531250
664.734131     22161.5292968750
665.063904     21954.2246093750
665.393555     21682.2773437500
665.723206     21769.2109375000
666.052734     21873.9785156250
666.382202     22052.3046875000
666.711670     21889.5820312500
667.041138     21876.2070312500
667.370544     21680.0488281250
667.699829     21421.4746093750
668.029175     21876.2070312500
668.358459     21593.1132812500
668.687622     21419.2460937500
669.016846     21367.9765625000
669.345947     21127.2363281250
669.674927     20826.3105468750
670.003967     21062.5917968750
670.332947     21102.7148437500
670.661865     21359.0605468750
670.990784     21276.5839843750
671.319641     21051.4472656250
671.648438     21283.2714843750
671.977112     20592.2558593750
672.305847     20868.6621093750
672.634521     20630.1503906250
672.963135     20668.0449218750
673.291687     20442.9082031250
673.620178     20540.9863281250
673.948669     20431.7617187500
674.277100     20574.4238281250
674.605469     20380.4941406250
674.933899     20284.6425781250
675.262085     20117.4609375000
675.590332     20155.3554687500
675.918579     20449.5957031250
676.246704     20084.0253906250
676.574829     20081.7968750000
676.902893     19872.2636718750
677.230896     19979.2578125000
677.558899     19936.9062500000
677.886841     19865.5761718750
678.214661     19747.4335937500
678.542480     19618.1464843750
678.870239     19535.6718750000
679.197998     19522.2968750000
679.525696     19522.2968750000
679.853394     19339.5117187500
680.180969     19586.9394531250
680.508484     19388.5527343750
680.836060     19504.4648437500
681.163452     19027.4414062500
681.490845     19034.1289062500
681.818237     19005.1503906250
682.145569     19029.6699218750
682.472839     18699.7656250000
682.800110     18817.9062500000
683.127319     18744.3476562500
683.454468     18780.0136718750
683.781494     18372.0898437500
684.108582     18566.0214843750
684.435608     18503.6074218750
684.762451     18242.8046875000
685.089355     18374.3203125000
685.416199     17721.1992187500
685.743103     17808.1328125000
686.069824     17955.2519531250
686.396606     17796.9882812500
686.723267     17714.5117187500
687.049927     17578.5371093750
687.376465     16733.7148437500
687.703003     14874.6621093750
688.029419     12837.2812500000
688.355957     10967.0820312500
688.682312     11076.3066406250
689.008667     11241.2587890625
689.334961     11814.1328125000
689.661316     11867.6308593750
689.987427     11682.6171875000
690.313660     11370.5449218750
690.639771     11506.5195312500
690.965881     11881.0048828125
691.291809     12092.7675781250
691.617798     12378.0898437500
691.943726     12629.9765625000
692.269714     12888.5498046875
692.595459     13093.6259765625
692.921326     13037.8984375000
693.247009     13093.6259765625
693.572754     13249.6611328125
693.898438     12487.3154296875
694.223999     12650.0380859375
694.549561     12382.5488281250
694.875061     11907.7539062500
695.200562     11609.0576171875
695.526001     12054.8730468750
695.851379     12086.0810546875
696.176697     12170.7861328125
696.502014     12371.4033203125
696.827271     12253.2617187500
697.152405     12422.6718750000
697.477539     13149.3525390625
697.802612     13445.8203125000
698.127625     13905.0107421875
698.452698     13889.4072265625
698.777649     13962.9677734375
699.102539     13929.5312500000
699.427429     13628.6054687500
699.752258     13258.5771484375
700.077026     12623.2890625000
700.401733     12409.2978515625
700.726379     12384.7773437500
701.051025     12498.4609375000
701.375610     12157.4111328125
701.700134     12014.7500000000
702.024658     11798.5292968750
702.349060     11684.8457031250
702.673462     11789.6123046875
702.997864     11791.8417968750
703.322144     11602.3701171875
703.646362     11470.8544921875
703.970520     11903.2958984375
704.294739     12380.3193359375
704.618896     12690.1621093750
704.942932     12636.6640625000
705.266968     12465.0244140625
705.590942     12826.1357421875
705.914917     12589.8535156250
706.238770     12469.4824218750
706.562622     12500.6894531250
706.886292     12605.4570312500
707.210083     12395.9228515625
707.533813     12514.0644531250
707.857422     12574.2490234375
708.181030     12551.9589843750
708.504578     12730.2851562500
708.828064     12518.5224609375
709.151550     12543.0419921875
709.474976     12629.9765625000
709.798340     12745.8886718750
710.121582     12525.2099609375
710.444885     12696.8486328125
710.768127     12679.0166015625
711.091248     12460.5664062500
711.414429     12565.3330078125
711.737488     12322.3632812500
712.060547     12676.7871093750
712.383484     12699.0781250000
712.706482     12427.1298828125
713.029358     12674.5585937500
713.352112     12757.0341796875
713.674927     12554.1875000000
713.997681     12534.1259765625
714.320435     12244.3457031250
714.643066     12482.8574218750
714.965698     12184.1601562500
715.288269     12201.9931640625
715.610779     11827.5068359375
715.933289     11352.7128906250
716.255737     11408.4394531250
716.578003     11386.1494140625
716.900330     10920.2705078125
717.222595     10510.1201171875
717.544861      9609.5712890625
717.867065      8653.2949218750
718.189209      8004.6323242188
718.511292      7291.3261718750
718.833313      6968.1093750000
719.155334      6644.8925781250
719.477234      6395.2353515625
719.799133      6022.9785156250
720.120972      6031.8950195313
720.442749      6009.6040039063
720.764587      5701.9907226563
721.086304      5606.1401367188
721.407898      5510.2895507813
721.729553      5931.5864257813
722.051147      6546.8129882813
722.372681      7148.6645507813
722.694092      7897.6362304688
723.015503      8323.3906250000
723.336914      8452.6777343750
723.658264      8441.5322265625
723.979492      8345.6816406250
724.300781      7948.9052734375
724.621948      7244.5151367188
724.943115      6838.8222656250
725.264160      6691.7031250000
725.585205      6613.6850585938
725.906189      6457.6494140625
726.227173      6337.2792968750
726.548035      6462.1074218750
726.868896      6397.4643554688
727.189697      6225.8251953125
727.510498      6294.9267578125
727.831177      6557.9580078125
728.151855      6560.1870117188
728.472473      6257.0322265625
728.793091      6190.1596679688
729.113525      6439.8168945313
729.434021      6611.4560546875
729.754456      6513.3764648438
730.074829      6368.4863281250
730.395142      6330.5917968750
730.715454      6439.8168945313
731.035706      6404.1513671875
731.355896      6647.1215820313
731.676025      6473.2529296875
731.996033      6368.4863281250
732.316101      6348.4243164063
732.636108      6444.2749023438
732.956055      6627.0595703125
733.275940      7003.7744140625
733.595825      7614.5429687500
733.915649      7797.3276367188
734.235413      8040.2973632813
734.555054      8332.3076171875
734.874817      8515.0917968750
735.194336      8787.0400390625
735.513855      8829.3925781250
735.833435      8432.6162109375
736.152893      8568.5898437500
736.472290      8408.0957031250
736.791687      8443.7607421875
737.111023      8548.5283203125
737.430298      8209.7080078125
737.749512      8060.3593750000
738.068665      8276.5800781250
738.387817      8323.3906250000
738.706909      8602.0263671875
739.025879      8626.5458984375
739.344910      8626.5458984375
739.663879      8622.0878906250
739.982788      8800.4140625000
740.301636      8570.8193359375
740.620422      8613.1718750000
740.939148      8746.9160156250
741.257874      8871.7451171875
741.576477      8720.1669921875
741.895020      8896.2646484375
742.213623      9052.3007812500
742.532166      9105.7988281250
742.850586      9072.3623046875
743.169006      9079.0498046875
743.487366      9143.6923828125
743.805725      9128.0888671875
744.123962      9264.0634765625
744.442200      9203.8779296875
744.760315      9366.6005859375
745.078430      9188.2744140625
745.396484      9186.0449218750
745.714539      9259.6054687500
746.032532      9304.1865234375
746.350464      9186.0449218750
746.668335      9268.5214843750
746.986206      9199.4199218750
747.303955      9045.6132812500
747.621643      9005.4902343750
747.939331      9210.5654296875
748.257019      9190.5039062500
748.574585      9108.0273437500
748.892151      8902.9521484375
749.209656      8885.1191406250
749.527100      8985.4277343750
749.844482      8972.0537109375
750.161804      8840.5380859375
750.479126      8595.3388671875
750.796326      8657.7529296875
751.113525      8755.8330078125
751.430725      8802.6435546875
751.747803      8593.1093750000
752.064880      8606.4843750000
752.381897      8816.0175781250
752.698853      8631.0039062500
753.015747      8773.6650390625
753.332703      8604.2548828125
753.649475      8557.4443359375
753.966187      8715.7089843750
754.282898      8521.7792968750
754.599609      8541.8408203125
754.916199      8717.9384765625
755.232788      8506.1757812500
755.549316      8539.6113281250
755.865784      8704.5634765625
756.182190      8314.4746093750
756.498596      8517.3212890625
756.814941      8566.3603515625
757.131165      8401.4082031250
757.447388      8354.5976562500
757.763611      8374.6601562500
758.079712      8390.2636718750
758.395813      8537.3828125000
758.711853      8223.0820312500
759.027832      8301.0996093750
759.343811      8278.8095703125
759.659668      8089.3374023438
759.975464      7719.3095703125
760.291260      6745.2011718750
760.606995      5432.2719726563
760.922668      4172.8408203125
761.238342      3140.7761230469
761.554016      2427.4699707031
761.869507      1941.5301513672
762.185059      1850.1376953125
762.500488      2117.6274414063
762.815918      2512.1750488281
763.131165      2764.0612792969
763.446533      2661.5234375000
763.761719      2558.9855957031
764.076965      2360.5974121094
764.392151      2324.9321289063
764.707214      2177.8127441406
765.022339      2217.9362792969
765.337341      2512.1750488281
765.652283      2715.0214843750
765.967224      2946.8459472656
766.282043      3254.4592285156
766.596863      3626.7158203125
766.911621      3969.9943847656
767.226379      4288.7529296875
767.541016      4710.0493164063
767.855591      5167.0112304688
768.170227      5403.2939453125
768.484741      5713.1362304688
768.799194      5962.7934570313
769.113647      6321.6752929688
769.427979      6439.8168945313
769.742310      6638.2050781250
770.056580      6615.9140625000
770.370850      6747.4301757813
770.684998      6754.1171875000
770.999084      6796.4697265625
771.313232      6927.9858398438
771.627258      6963.6508789063
771.941223      7019.3779296875
772.255066      6910.1528320313
772.569031      6985.9418945313
772.882813      6921.2983398438
773.196594      6923.5273437500
773.510376      6883.4042968750
773.824036      6934.6728515625
774.137695      6956.9638671875
774.451294      6736.2846679688
774.764832      6814.3027343750
775.078308      6812.0732421875
775.391724      6702.8486328125
775.705078      6787.5537109375
776.018433      6809.8442382813
776.331726      6832.1352539063
776.644958      6696.1611328125
776.958130      6649.3505859375
777.271301      6734.0556640625
777.584412      6633.7470703125
777.897461      6511.1474609375
778.210510      6595.8525390625
778.523315      6357.3408203125
778.836304      6417.5258789063
779.149109      6401.9223632813
779.461914      6323.9047851563
779.774658      6557.9580078125
780.087402      6170.0981445313
780.400024      6207.9921875000
780.712585      6179.0141601563
781.025146      6098.7675781250
781.337646      6225.8251953125
781.650085      6094.3090820313
781.962463      6094.3090820313
782.274841      6060.8730468750
782.587158      6176.7851562500
782.899414      6074.2475585938
783.211609      6065.3310546875
783.523743      5936.0444335938
783.835938      5962.7934570313
784.147949      5851.3393554688
784.459900      5853.5683593750
784.771851      5947.1899414063
785.083801      5726.5107421875
785.395630      5782.2377929688
785.707397      5641.8056640625
786.019226      5445.6464843750
786.330933      5603.9111328125
786.642578      5568.2460937500
786.954224      5525.8935546875
787.265747      5358.7124023438
787.577209      5300.7563476563
787.888672      5300.7563476563
788.200073      5042.1826171875
788.511414      5113.5131835938
788.822754      5037.7246093750
789.133972      5015.4335937500
789.445190      5008.7465820313
789.756409      4754.6313476563
790.067505      4819.2744140625
790.378540      4567.3881835938
790.689514      4603.0537109375
791.000488      4614.1992187500
791.311401      4551.7846679688
791.622314      4545.0976562500
791.933105      4683.3002929688
792.243896      4475.9960937500
792.554565      4518.3486328125
792.865234      4478.2250976563
793.175842      4346.7089843750
793.486389      4435.8725585938
793.796875      4440.3305664063
794.107300      4656.5517578125
794.417786      4574.0756835938
794.728088      4754.6313476563
795.038452      4569.6171875000
795.348694      4562.9301757813
795.658936      4516.1191406250
795.969055      4433.6435546875
796.279175      4475.9960937500
796.589172      4411.3525390625
796.899231      4237.4843750000
797.209167      4076.9902343750
797.519104      3976.6816406250
797.828979      4007.8886718750
798.138794      4041.3249511719
798.448547      4123.8007812500
798.758301      4159.4663085938
799.067932      4210.7353515625
799.377563      4155.0083007813
799.687073      4117.1137695313
799.996582      4204.0478515625
800.306030      4088.1357421875
800.615479      4027.9504394531
800.924805      4068.0739746094
801.234192      3851.8530273438
801.543457      3896.4345703125
801.852600      3829.5622558594
802.161743      3862.9985351563
802.470886      3796.1259765625
802.779907      3838.4785156250
803.088867      3642.3193359375
803.397827      3704.7336425781
803.706787      3640.0903320313
804.015686      3599.9667968750
804.324463      3624.4868164063
804.633179      3704.7336425781
804.941956      3760.4606933594
805.250610      3555.3852539063
805.559204      3731.4826660156
805.867676      3669.0683593750
806.176270      3680.2138671875
806.484680      3727.0244140625
806.793091      3905.3510742188
807.101440      3811.7294921875
807.409729      3671.2973632813
807.718018      3771.6062011719
808.026184      3845.1657714844
808.334351      3749.3151855469
808.642456      3767.1479492188
808.950439      3762.6896972656
809.258484      3597.7377929688
809.566467      3517.4907226563
809.874329      3620.0285644531
810.182190      3573.2177734375
810.489990      3521.9489746094
810.797791      3374.8295898438
811.105469      3332.4770507813
811.413147      3290.1245117188
811.720642      3238.8557128906
812.028198      3091.7363281250
812.335693      3082.8198242188
812.643188      2895.5771484375
812.950562      3033.7800292969
813.257935      2922.3259277344
813.565186      2973.5949707031
813.872498      2875.5153808594
814.179626      2730.6250000000
814.486816      2643.6909179688
814.793823      2583.5056152344
815.100830      2525.5495605469
815.407837      2414.0954589844
815.714783      2347.2229003906
816.021667      2367.2846679688
816.328552      2302.6413574219
816.635315      2429.6989746094
816.942078      2222.3942871094
817.248779      2195.6455078125
817.555359      2077.5041503906
817.861938      2157.7509765625
818.168457      2293.7250976563
818.474976      2217.9362792969
818.781372      2251.3725585938
819.087769      2193.4162597656
819.394104      2222.3942871094
819.700378      2275.8923339844
820.006592      2307.0996093750
820.312744      2324.9321289063
820.618896      2264.7468261719
820.924927      2427.4699707031
821.230957      2351.6811523438
821.536926      2538.9240722656
821.842896      2692.7307128906
822.148804      2574.5893554688
822.454590      2558.9855957031
822.760376      2465.3642578125
823.066040      2489.8842773438
823.371704      2295.9541015625
823.677307      2099.7949218750
823.982910      1968.2790527344
824.288391      1952.6755371094
824.593872      2030.6933593750
824.899292      2119.8566894531
825.204651      2262.5178222656
825.509949      2331.6193847656
825.815186      2523.3203125000
826.120422      2447.5317382813
826.425598      2445.3024902344
826.730652      2483.1970214844
827.035706      2349.4521484375
827.340759      2489.8842773438
827.645630      2530.0075683594
827.950623      2394.0336914063
828.255432      2347.2229003906
828.560242      2309.3286132813
828.864990      2300.4123535156
829.169739      2264.7468261719
829.474304      2298.1831054688
829.778870      2253.6015625000
830.083435      2229.0815429688
830.387878      2246.9143066406
830.692383      2255.8305664063
830.996765      2295.9541015625
831.301086      2353.9101562500
831.605408      2271.4340820313
831.909668      2291.4958496094
832.213867      2233.5397949219
832.517883      2291.4958496094
832.821960      2226.8525390625
833.126038      2255.8305664063
833.429993      2235.7687988281
833.733948      2262.5178222656
834.037842      2229.0815429688
834.341614      2197.8745117188
834.645386      2298.1831054688
834.949158      2318.2448730469
835.252808      2293.7250976563
835.556335      2409.6372070313
835.859924      2398.4919433594
836.163513      2378.4301757813
836.466980      2369.5136718750
836.770325      2391.8046875000
837.073730      2336.0776367188
837.377075      2445.3024902344
837.680298      2449.7607421875
837.983521      2349.4521484375
838.286682      2365.0556640625
838.589722      2418.5534667969
838.892761      2304.8703613281
839.195801      2340.5356445313
839.498779      2351.6811523438
839.801636      2351.6811523438
840.104492      2373.9719238281
840.407288      2351.6811523438
840.710022      2445.3024902344
841.012695      2389.5754394531
841.315369      2425.2407226563
841.617920      2465.3642578125
841.920410      2409.6372070313
842.222961      2365.0556640625
842.525391      2494.3422851563
842.827759      2416.3244628906
843.130127      2501.0295410156
843.432373      2380.6591796875
843.734619      2387.3464355469
844.036804      2405.1791992188
844.338867      2382.8881835938
844.640930      2385.1174316406
844.942993      2411.8662109375
845.244934      2344.9938964844
845.546814      2304.8703613281
845.848755      2351.6811523438
846.150513      2371.7429199219
846.452332      2365.0556640625
846.754028      2463.1352539063
847.055664      2447.5317382813
847.357239      2405.1791992188
847.658813      2574.5893554688
847.960327      2414.0954589844
848.261780      2385.1174316406
848.563110      2380.6591796875
848.864563      2391.8046875000
849.165771      2378.4301757813
849.467041      2336.0776367188
849.768250      2322.7031250000
850.069397      2353.9101562500
850.370422      2420.7827148438
850.671448      2273.6633300781
850.972473      2264.7468261719
851.273376      2200.1035156250
851.574280      2233.5397949219
851.875122      2347.2229003906
852.175842      2240.2270507813
852.476624      2229.0815429688
852.777222      2146.6057128906
853.077881      2237.9980468750
853.378418      2182.2709960938
853.678955      2262.5178222656
853.979370      2224.6235351563
854.279785      2271.4340820313
854.580200      2262.5178222656
854.880493      2077.5041503906
855.180725      2057.4423828125
855.480957      2048.5261230469
855.781067      2050.7551269531
856.081116      2077.5041503906
856.381165      2084.1914062500
856.681152      2126.5439453125
856.981140      2159.9799804688
857.281006      2124.3146972656
857.580872      2271.4340820313
857.880676      2177.8127441406
858.180420      2144.3764648438
858.480103      2102.0239257813
858.779724      2088.6494140625
859.079224      2122.0856933594
859.378723      2164.4382324219
859.678223      2084.1914062500
859.977661      2126.5439453125
860.277039      2099.7949218750
860.576355      2110.9401855469
860.875610      2135.4602050781
861.174805      2229.0815429688
861.473999      2131.0019531250
861.773071      2095.3366699219
862.072083      2070.8168945313
862.371094      2084.1914062500
862.670044      2035.1514892578
862.968933      2008.4025878906
863.267761      2021.7770996094
863.566589      2015.0898437500
863.865356      2102.0239257813
864.164001      2046.2969970703
864.462646      2133.2312011719
864.761230      2028.4642333984
865.059692      2048.5261230469
865.358154      2095.3366699219
865.656616      2006.1734619141
865.954956      2061.9003906250
866.253357      2108.7111816406
866.551575      2010.6315917969
866.849792      1930.3846435547
867.147949      1885.8031005859
867.446106      1919.2392578125
867.744080      1859.0540771484
868.042053      1830.0760498047
868.340027      1905.8647460938
868.637878      1952.6755371094
868.935791      1968.2790527344
869.233582      1970.5081787109
869.531311      1930.3846435547
869.828979      1894.7193603516
870.126648      1917.0102539063
870.424255      1932.6137695313
870.721741      1903.6357421875
871.019165      1963.8209228516
871.316589      1901.4066162109
871.613953      1854.5959472656
871.911316      1995.0280761719
872.208557      1814.4724121094
872.505798      1928.1556396484
872.802979      1910.3229980469
873.100037      1921.4683837891
873.397156      1816.7015380859
873.694092      1961.5917968750
873.991028      1885.8031005859
874.287964      1847.9086914063
874.584778      1892.4903564453
874.881592      1874.6575927734
875.178284      1810.0142822266
875.474976      1845.6795654297
875.771606      1798.8688964844
876.068237      1772.1198730469
876.364746      1832.3050537109
876.661194      1854.5959472656
876.957581      1803.3270263672
877.253967      1785.4943847656
877.550293      1716.3928222656
877.846497      1792.1816406250
878.142761      1816.7015380859
878.438904      1810.0142822266
878.734985      1792.1816406250
879.031067      1781.0362548828
879.326965      1772.1198730469
879.622925      1772.1198730469
879.918823      1812.2434082031
880.214661      1749.8291015625
880.510498      1823.3887939453
880.806213      1803.3270263672
881.101868      1720.8510742188
881.397522      1760.9744873047
881.693115      1736.4545898438
881.988586      1729.7673339844
882.283997      1731.9964599609
882.579407      1705.2474365234
882.874817      1756.5163574219
883.170105      1763.2036132813
883.465332      1687.4147949219
883.760559      1774.3489990234
884.055725      1729.7673339844
884.350769      1642.8331298828
884.645813      1680.7275390625
884.940857      1658.4367675781
885.235718      1789.9525146484
885.530579      1622.7714843750
885.825439      1620.5423583984
886.120239      1747.5999755859
886.414917      1653.9785156250
886.709595      1662.8948974609
887.004272      1571.5025634766
887.298767      1660.6657714844
887.593323      1682.9566650391
887.887756      1613.8551025391
888.182129      1685.1856689453
888.476440      1609.3969726563
888.770752      1631.6877441406
889.065002      1625.0004882813
