0.868000
190.544205         0.0000000000
190.924866         0.0000000000
191.305481     65535.0000000000
191.686081     65535.0000000000
192.066635     65535.0000000000
192.447174     65535.0000000000
192.827667       541.6668090820
193.208130       245.1989746094
193.588577       766.8040771484
193.968964       334.3622436523
194.349350       436.8999938965
194.729691       577.3321533203
195.110001       180.5556182861
195.490295       247.4280548096
195.870529        98.0795898438
196.250763       169.4102020264
196.630936       432.4418334961
197.011093       555.0413208008
197.391220       320.9877624512
197.771301       147.1193847656
198.151367       234.0535736084
198.531403       287.5515441895
198.911407       263.0316467285
199.291382       439.1290893555
199.671295       506.0015258789
200.051208       189.4719390869
200.431076       236.2826538086
200.810928       441.3581542969
201.190735       178.3265380859
201.570511       332.1331481934
201.950272       276.4061279297
202.329971       274.1770324707
202.709671       178.3265380859
203.089310       205.0755157471
203.468933       182.7846984863
203.848541        91.3923492432
204.228073       280.8642883301
204.607620       370.0275573730
204.987106       285.3224487305
205.366577       285.3224487305
205.746017       129.2867279053
206.125412       218.4499969482
206.504776       109.2249984741
206.884125       657.5791015625
207.263428       173.8683624268
207.642700       280.8642883301
208.021942       218.4499969482
208.401169       124.8285675049
208.780334       309.8423461914
209.159485       209.5336761475
209.538605       124.8285675049
209.917694       296.4678649902
210.296753       434.6709289551
210.675766       506.0015258789
211.054764       412.3800964355
211.433716       343.2785644531
211.812637       385.6311340332
212.191544       251.8862304688
212.570404       258.5734558105
212.949249       336.5913391113
213.328033       242.9698944092
213.706802       185.0137786865
214.085556       245.1989746094
214.464249       131.5158233643
214.842926       205.0755157471
215.221558       349.9658203125
215.600174       178.3265380859
215.978760       305.3841857910
216.357300       345.5076599121
216.735825       240.7408142090
217.114288       421.2964172363
217.492737       242.9698944092
217.871185       292.0097045898
218.249557       434.6709289551
218.627914       450.2744750977
219.006226       358.8821411133
219.384521       481.4816284180
219.762772       242.9698944092
220.141006       147.1193847656
220.519196       191.7010192871
220.897354       481.4816284180
221.275497       171.6392822266
221.653580       131.5158233643
222.031662       256.3443908691
222.409698       251.8862304688
222.787704       187.2428588867
223.165680       180.5556182861
223.543610       131.5158233643
223.921524       138.2030639648
224.299393       341.0494995117
224.677231       392.3183593750
225.055054       327.6749877930
225.432816       349.9658203125
225.810577       209.5336761475
226.188278       245.1989746094
226.565979       158.2648010254
226.943634       256.3443908691
227.321243       191.7010192871
227.698837       742.2841796875
228.076385       706.6188964844
228.453903       236.2826538086
228.831406       352.1948852539
229.208847       490.3979492188
229.586288       222.9081573486
229.963669       532.7504882813
230.341034       156.0357208252
230.718369       370.0275573730
231.095657       251.8862304688
231.472916       229.5954132080
231.850143       454.7326660156
232.227356       251.8862304688
232.604523       127.0576553345
232.981659       303.1550903320
233.358749       341.0494995117
233.735825       249.6571350098
234.112869       158.2648010254
234.489868       191.7010192871
234.866852       144.8903045654
235.243790       120.3704071045
235.620697       102.5377578735
235.997589       225.1372375488
236.374405       153.8066253662
236.751221       220.6790771484
237.128006        82.4760208130
237.504745       242.9698944092
237.881470       231.8244934082
238.258133       205.0755157471
238.634796       225.1372375488
239.011414       325.4459228516
239.388000       376.7147827148
239.764557        53.4979591370
240.141068       376.7147827148
240.517563       390.0892944336
240.893997       298.6969299316
241.270432       472.5653076172
241.646835       416.8382568359
242.023178       285.3224487305
242.399506       191.7010192871
242.775787       309.8423461914
243.152054       178.3265380859
243.528290       236.2826538086
243.904465       341.0494995117
244.280640       156.0357208252
244.656754       113.6831665039
245.032852       242.9698944092
245.408936       216.2209167480
245.784943       178.3265380859
246.160950       189.4719390869
246.536911       234.0535736084
246.912842       238.5117340088
247.288757       138.2030639648
247.664612       222.9081573486
248.040451       200.6173400879
248.416229       113.6831665039
248.792023       385.6311340332
249.167755       147.1193847656
249.543457       160.4938812256
249.919113       263.0316467285
250.294754       294.2387695313
250.670364       289.7806091309
251.045944       332.1331481934
251.421478       354.4239807129
251.796982       566.1867065430
252.172440       207.3045959473
252.547897       151.5775451660
252.923294       263.0316467285
253.298676       463.6489868164
253.673996       416.8382568359
254.049316       479.2525634766
254.424606        73.5596923828
254.799850       280.8642883301
255.175064       316.5296020508
255.550217       106.9959182739
255.925369       127.0576553345
256.300476       303.1550903320
256.675537        95.8505096436
257.050598       196.1591796875
257.425598       289.7806091309
257.800598       628.6010131836
258.175537       158.2648010254
258.550446       138.2030639648
258.925354       120.3704071045
259.300171       211.7627563477
259.674988       557.2703857422
260.049774       138.2030639648
260.424500       225.1372375488
260.799225       182.7846984863
261.173889        93.6214294434
261.548553       320.9877624512
261.923187       182.7846984863
262.297760       637.5173339844
262.672302       715.5352172852
263.046814       245.1989746094
263.421326        93.6214294434
263.795776       249.6571350098
264.170135       229.5954132080
264.544525       209.5336761475
264.918915       171.6392822266
265.293243       539.4377441406
265.667511       287.5515441895
266.041748       176.0974426270
266.415955       383.4020385742
266.790161       173.8683624268
267.164307       401.2346801758
267.538422       267.4898071289
267.912476       198.3882598877
268.286530       169.4102020264
268.660583       300.9260253906
269.034546       332.1331481934
269.408508       815.8438720703
269.782440       481.4816284180
270.156311       468.1071472168
270.530151       205.0755157471
270.903992       231.8244934082
271.277710       461.4198913574
271.651489       303.1550903320
272.025208       599.6229858398
272.398895       198.3882598877
272.772552       120.3704071045
273.146179       356.6530761719
273.519745       490.3979492188
273.893280       269.7188720703
274.266815        53.4979591370
274.640289       240.7408142090
275.013733       285.3224487305
275.387146       173.8683624268
275.760529       292.0097045898
276.133881       481.4816284180
276.507202       646.4336547852
276.880463       234.0535736084
277.253723       497.0852050781
277.626923       289.7806091309
278.000122       528.2923583984
278.373260       106.9959182739
278.746338       323.2168273926
279.119446       213.9918365479
279.492493       356.6530761719
279.865509       338.8204040527
280.238495       245.1989746094
280.611450       205.0755157471
280.984314       394.5474548340
281.357208       276.4061279297
281.730072        84.7051010132
282.102875       289.7806091309
282.475647       514.9178466797
282.848358       251.8862304688
283.221069        53.4979591370
283.593750       131.5158233643
283.966400       434.6709289551
284.339020       490.3979492188
284.711548       249.6571350098
285.084106       202.8464355469
285.456635       314.3005065918
285.829071       434.6709289551
286.201508       392.3183593750
286.573914        35.6653060913
286.946320       229.5954132080
287.318634       169.4102020264
287.690948       521.6051025391
288.063202       434.6709289551
288.435425       245.1989746094
288.807648       120.3704071045
289.179810       189.4719390869
289.551941       338.8204040527
289.924011       358.8821411133
290.296112       222.9081573486
290.668121       392.3183593750
291.040161       189.4719390869
291.412109       191.7010192871
291.783997       358.8821411133
292.155914       227.3663330078
292.527771       323.2168273926
292.899597       171.6392822266
293.271393       147.1193847656
293.643127       169.4102020264
294.014862       138.2030639648
294.386566       461.4198913574
294.758240       222.9081573486
295.129852       668.7244873047
295.501404       292.0097045898
295.872955       517.1469116211
296.244507       352.1948852539
296.615997       387.8601989746
296.987427       354.4239807129
297.358826       109.2249984741
297.730225       479.2525634766
298.101593       229.5954132080
298.472900       390.0892944336
298.844177       202.8464355469
299.215393       158.2648010254
299.586609       200.6173400879
299.957794       267.4898071289
300.328918       124.8285675049
300.700043       666.4954223633
301.071136       142.6612243652
301.442169       231.8244934082
301.813171       187.2428588867
302.184174       329.9040832520
302.555115       472.5653076172
302.925995       124.8285675049
303.296844       523.8341674805
303.667694       532.7504882813
304.038483       387.8601989746
304.409271        44.5816345215
304.779968        84.7051010132
305.150696       300.9260253906
305.521362       118.1413269043
305.891968       336.5913391113
306.262543       381.1729736328
306.633118       176.0974426270
307.003632        44.5816345215
307.374146       153.8066253662
307.744598       202.8464355469
308.114990       109.2249984741
308.485413       222.9081573486
308.855743       314.3005065918
309.226074       225.1372375488
309.596375       162.7229614258
309.966614       196.1591796875
310.336792       327.6749877930
310.707001       385.6311340332
311.077148       256.3443908691
311.447235       156.0357208252
311.817322       124.8285675049
312.187347       323.2168273926
312.557373       300.9260253906
312.927368       392.3183593750
313.297302       213.9918365479
313.667175       135.9739837646
314.037048       229.5954132080
314.406891       189.4719390869
314.776642       111.4540786743
315.146423       365.5693969727
315.516144       242.9698944092
315.885864       149.3484649658
316.255524       205.0755157471
316.625153       185.0137786865
316.994751       249.6571350098
317.364288        73.5596923828
317.733795       158.2648010254
318.103302       185.0137786865
318.472717       120.3704071045
318.842133       307.6132507324
319.211517       249.6571350098
319.580872        73.5596923828
319.950195       156.0357208252
320.319489       285.3224487305
320.688751       423.5255126953
321.057922       305.3841857910
321.427094       387.8601989746
321.796234       728.9096679688
322.165344       267.4898071289
322.534393       113.6831665039
322.903412       624.1428833008
323.272430       213.9918365479
323.641418       167.1811218262
324.010315       185.0137786865
324.379242       205.0755157471
324.748077       211.7627563477
325.116913       385.6311340332
325.485657       265.2607116699
325.854431       124.8285675049
326.223145       421.2964172363
326.591827       432.4418334961
326.960480       131.5158233643
327.329102       247.4280548096
327.697693       325.4459228516
328.066193       381.1729736328
328.434723       347.7367248535
328.803192       838.1347045898
329.171600      4892.8339843750
329.540009       510.4596862793
329.908386       412.3800964355
330.276703       182.7846984863
330.645050        75.7887725830
331.013306       477.0234680176
331.381500       234.0535736084
331.749695       229.5954132080
332.117859       378.9438781738
332.485962        84.7051010132
332.854034        75.7887725830
333.222107       401.2346801758
333.590118       176.0974426270
333.958099       267.4898071289
334.326050       115.9122467041
334.693970       234.0535736084
335.061859        64.6433639526
335.429657        49.0397949219
335.797455       198.3882598877
336.165192       225.1372375488
336.532959       135.9739837646
336.900665        42.3525505066
337.268341       265.2607116699
337.635956       401.2346801758
338.003571       144.8903045654
338.371124       202.8464355469
338.738647       231.8244934082
339.106110       240.7408142090
339.473572       441.3581542969
339.840942       171.6392822266
340.208344       185.0137786865
340.575653       303.1550903320
340.942993       153.8066253662
341.310272       153.8066253662
341.677521       127.0576553345
342.044708       323.2168273926
342.411865       298.6969299316
342.778992       129.2867279053
343.146088       122.5994873047
343.513123       309.8423461914
343.880157       236.2826538086
344.247131       303.1550903320
344.614105       354.4239807129
344.981049       242.9698944092
345.347900       180.5556182861
345.714783       213.9918365479
346.081573       213.9918365479
346.448334       231.8244934082
346.815094       149.3484649658
347.181763        86.9341812134
347.548431       171.6392822266
347.915070       285.3224487305
348.281677       329.9040832520
348.648224       280.8642883301
349.014771       196.1591796875
349.381256       287.5515441895
349.747711       153.8066253662
350.114105       209.5336761475
350.480469       144.8903045654
350.846832       162.7229614258
351.213135       450.2744750977
351.579407       338.8204040527
351.945679       338.8204040527
352.311890       557.2703857422
352.678040       378.9438781738
353.044189       254.1153106689
353.410278       245.1989746094
353.776337       860.4255371094
354.142303       247.4280548096
354.508301       196.1591796875
354.874268       327.6749877930
355.240204       251.8862304688
355.606079       138.2030639648
355.971924       249.6571350098
356.337738       320.9877624512
356.703491       104.7668380737
357.069244       686.5571289063
357.434937       363.3403015137
357.800598       285.3224487305
358.166229       242.9698944092
358.531830       113.6831665039
358.897369        80.2469406128
359.262909       109.2249984741
359.628418       162.7229614258
359.993866       316.5296020508
360.359222       198.3882598877
360.724609       263.0316467285
361.089966       242.9698944092
361.455261       312.0714416504
361.820526       258.5734558105
362.185760        82.4760208130
362.550964       508.2306213379
362.916138       289.7806091309
363.281250       581.7902832031
363.646332       363.3403015137
364.011383       323.2168273926
364.376404       356.6530761719
364.741333       303.1550903320
365.106293       189.4719390869
365.471222       236.2826538086
365.836090       138.2030639648
366.200928       530.5214233398
366.565735       176.0974426270
366.930511       176.0974426270
367.295227       100.3086700439
367.659912       247.4280548096
368.024536       178.3265380859
368.389160        49.0397949219
368.753723       173.8683624268
369.118317       245.1989746094
369.482819       294.2387695313
369.847260       441.3581542969
370.211731       247.4280548096
370.576111       135.9739837646
370.940460       265.2607116699
371.304810       274.1770324707
371.669098       104.7668380737
372.033325       151.5775451660
372.397522       271.9479675293
372.761749       227.3663330078
373.125885       356.6530761719
373.489990       207.3045959473
373.854065        44.5816345215
374.218109       387.8601989746
374.582092       343.2785644531
374.946075       220.6790771484
375.309998       238.5117340088
375.673859       251.8862304688
376.037720       100.3086700439
376.401550       234.0535736084
376.765320       242.9698944092
377.129059       343.2785644531
377.492798       131.5158233643
377.856476       189.4719390869
378.220062       376.7147827148
378.583679       332.1331481934
378.947205       414.6091918945
379.310730       229.5954132080
379.674225       225.1372375488
380.037689        89.1632690430
380.401093       445.8163146973
380.764496       164.9520416260
381.127838       240.7408142090
381.491119       702.1607055664
381.854370       361.1112365723
382.217621       236.2826538086
382.580811       260.8025512695
382.943939       329.9040832520
383.307068       182.7846984863
383.670166       229.5954132080
384.033203       227.3663330078
384.396240        75.7887725830
384.759216       307.6132507324
385.122131       151.5775451660
385.485016       198.3882598877
385.847900       227.3663330078
386.210724       240.7408142090
386.573486       263.0316467285
386.936279       240.7408142090
387.298981       211.7627563477
387.661652       104.7668380737
388.024323       245.1989746094
388.386902       292.0097045898
388.749481       296.4678649902
389.112000       211.7627563477
389.474487       173.8683624268
389.836945       225.1372375488
390.199371       624.1428833008
390.561737       162.7229614258
390.924103       423.5255126953
391.286407      1127.9152832031
391.648682       309.8423461914
392.010925       151.5775451660
392.373108       109.2249984741
392.735291       220.6790771484
393.097382       314.3005065918
393.459473       191.7010192871
393.821533       287.5515441895
394.183533       231.8244934082
394.545532       191.7010192871
394.907471       247.4280548096
395.269379       229.5954132080
395.631256       267.4898071289
395.993042       374.4857177734
396.354828       173.8683624268
396.716583       880.4872436523
397.078308       189.4719390869
397.439972       242.9698944092
397.801636       158.2648010254
398.163239       135.9739837646
398.524841       485.9397888184
398.886383       247.4280548096
399.247833       200.6173400879
399.609283       465.8780517578
399.970703       238.5117340088
400.332062       365.5693969727
400.693420       265.2607116699
401.054718       102.5377578735
401.416016       202.8464355469
401.777252       218.4499969482
402.138458       111.4540786743
402.499603       231.8244934082
402.860718        82.4760208130
403.221832       169.4102020264
403.582855       441.3581542969
403.943848       343.2785644531
404.304810       162.7229614258
404.665771       180.5556182861
405.026642       459.1908264160
405.387543       234.0535736084
405.748352       122.5994873047
406.109161       240.7408142090
406.469849       124.8285675049
406.830597       211.7627563477
407.191223       363.3403015137
407.551880     65535.0000000000
407.912476       303.1550903320
408.273041       450.2744750977
408.633575       122.5994873047
408.994049       769.0331420898
409.354492       249.6571350098
409.714935       401.2346801758
410.075287       456.9617309570
410.435608       541.6668090820
410.795868       111.4540786743
411.156158       176.0974426270
411.516388        78.0178604126
411.876587       254.1153106689
412.236725       256.3443908691
412.596832       595.1647949219
412.956909       318.7586669922
413.316925       307.6132507324
413.676910       222.9081573486
414.036896       385.6311340332
414.396820       287.5515441895
414.756683       269.7188720703
415.116547       329.9040832520
415.476379       111.4540786743
415.836121       149.3484649658
416.195862       260.8025512695
416.555542       240.7408142090
416.915192       118.1413269043
417.274811       363.3403015137
417.634399       162.7229614258
417.993927       180.5556182861
418.353455       276.4061279297
418.712891       111.4540786743
419.072357       171.6392822266
419.431763       220.6790771484
419.791107       231.8244934082
420.150452       151.5775451660
420.509674       271.9479675293
420.868927       205.0755157471
421.228119       185.0137786865
421.587280       271.9479675293
421.946411        98.0795898438
422.305542       263.0316467285
422.664581       164.9520416260
423.023621       156.0357208252
423.382568       236.2826538086
423.741516       131.5158233643
424.100403       164.9520416260
424.459259       240.7408142090
424.818054       445.8163146973
425.176880       693.2443847656
425.535614        84.7051010132
425.894348       138.2030639648
426.252991       307.6132507324
426.611633        42.3525505066
426.970245       151.5775451660
427.328796       118.1413269043
427.687317       135.9739837646
428.045807       151.5775451660
428.404205       314.3005065918
428.762604       470.3362121582
429.121002       617.4556274414
429.479340       156.0357208252
429.837616       100.3086700439
430.195892       209.5336761475
430.554138       218.4499969482
430.912292       144.8903045654
431.270416       196.1591796875
431.628510       267.4898071289
431.986542       140.4321441650
432.344574       561.7285766602
432.702576       135.9739837646
433.060516       753.4295654297
433.418427       387.8601989746
433.776306       191.7010192871
434.134155       405.6928710938
434.491913       147.1193847656
434.849701       309.8423461914
435.207397       113.6831665039
435.565063        31.2071418762
435.922729       300.9260253906
436.280334       256.3443908691
436.637909        78.0178604126
436.995453       229.5954132080
437.352936       185.0137786865
437.710388       238.5117340088
438.067780       352.1948852539
438.425171       265.2607116699
438.782471       182.7846984863
439.139771       349.9658203125
439.497040       225.1372375488
439.854279        53.4979591370
440.211426        75.7887725830
440.568604       185.0137786865
440.925720       443.5872497559
441.282776       104.7668380737
441.639801       202.8464355469
441.996735       182.7846984863
442.353699        66.8724517822
442.710602       156.0357208252
443.067505       211.7627563477
443.424347       213.9918365479
443.781128       109.2249984741
444.137878       198.3882598877
444.494629       258.5734558105
444.851288       102.5377578735
445.207916       316.5296020508
445.564514       185.0137786865
445.921051       169.4102020264
446.277618       211.7627563477
446.634094       329.9040832520
446.990540       358.8821411133
447.346985       416.8382568359
447.703339       285.3224487305
448.059692       106.9959182739
448.416016       372.2566223145
448.772186       140.4321441650
449.128418       176.0974426270
449.484589       624.1428833008
449.840729       414.6091918945
450.196838       231.8244934082
450.552917       124.8285675049
450.908966       633.0592041016
451.264954       548.3540649414
451.620880       247.4280548096
451.976807       198.3882598877
452.332611       265.2607116699
452.688446       283.0933532715
453.044250       439.1290893555
453.399994       187.2428588867
453.755707       318.7586669922
454.111389       182.7846984863
454.467041       205.0755157471
454.822632       338.8204040527
455.178192       182.7846984863
455.533722       153.8066253662
455.889130       312.0714416504
456.244598       316.5296020508
456.600006       621.9137573242
456.955353       425.7545776367
457.310699       287.5515441895
457.665985       187.2428588867
458.021240       483.7107238770
458.376434       227.3663330078
458.731628       254.1153106689
459.086700       296.4678649902
459.441772       189.4719390869
459.796844       376.7147827148
460.151886       604.0811157227
460.506836       218.4499969482
460.861786       258.5734558105
461.216675       231.8244934082
461.571533        64.6433639526
461.926361       205.0755157471
462.281158       267.4898071289
462.635803       122.5994873047
462.990540       213.9918365479
463.345184       312.0714416504
463.699829       303.1550903320
464.054413       287.5515441895
464.408936       316.5296020508
464.763458        69.1015319824
465.117920       343.2785644531
465.472351       269.7188720703
465.826752       173.8683624268
466.181030       396.7765197754
466.535339       118.1413269043
466.889618       198.3882598877
467.243866       265.2607116699
467.598053       332.1331481934
467.952209       528.2923583984
468.306305       147.1193847656
468.660370       231.8244934082
469.014435       162.7229614258
469.368439       144.8903045654
469.722321       100.3086700439
470.076263       209.5336761475
470.430115       416.8382568359
470.783966       144.8903045654
471.137756     65535.0000000000
471.491516       356.6530761719
471.845245       296.4678649902
472.198944       124.8285675049
472.552582       144.8903045654
472.906128        55.7270393372
473.259705        64.6433639526
473.613220       138.2030639648
473.966675       236.2826538086
474.320129       164.9520416260
474.673553       401.2346801758
475.026917       213.9918365479
475.380249       144.8903045654
475.733521       258.5734558105
476.086761       225.1372375488
476.439911       258.5734558105
476.793091       151.5775451660
477.146210       483.7107238770
477.499298        44.5816345215
477.852356       245.1989746094
478.205353        64.6433639526
478.558350        80.2469406128
478.911285       133.7449035645
479.264160       341.0494995117
479.617035       234.0535736084
479.969757       263.0316467285
480.322540       358.8821411133
480.675262        71.3306121826
481.027985       149.3484649658
481.380615       260.8025512695
481.733246       229.5954132080
482.085815       274.1770324707
482.438324       289.7806091309
482.790833       133.7449035645
483.143280        78.0178604126
483.495667       171.6392822266
483.848022       162.7229614258
484.200348       381.1729736328
484.552673       133.7449035645
484.904907       109.2249984741
485.257111       303.1550903320
485.609283       100.3086700439
485.961456       318.7586669922
486.313538        71.3306121826
486.665588       251.8862304688
487.017548       325.4459228516
487.369507       162.7229614258
487.721466       314.3005065918
488.073334       147.1193847656
488.425232       265.2607116699
488.777039       365.5693969727
489.128815       229.5954132080
489.480560        40.1234703064
489.832245       456.9617309570
490.183868       218.4499969482
490.535461       109.2249984741
490.887054       189.4719390869
491.238586       287.5515441895
491.590057       265.2607116699
491.941528       225.1372375488
492.292938       167.1811218262
492.644318       312.0714416504
492.995667        84.7051010132
493.346954       271.9479675293
493.698181        44.5816345215
494.049377       581.7902832031
494.400543       249.6571350098
494.751678       124.8285675049
495.102783       381.1729736328
495.453827       802.4693603516
495.804871       200.6173400879
496.155853       191.7010192871
496.506775       118.1413269043
496.857666       133.7449035645
497.208466       220.6790771484
497.559265       211.7627563477
497.910065        84.7051010132
498.260773       104.7668380737
498.611481       532.7504882813
498.962128       202.8464355469
499.312744       205.0755157471
499.663300       180.5556182861
500.013855       376.7147827148
500.364349       534.9796142578
500.714752       118.1413269043
501.065155       133.7449035645
501.415527       191.7010192871
501.765869       341.0494995117
502.116150       927.2979736328
502.466400       133.7449035645
502.816620       341.0494995117
503.166779       216.2209167480
503.516907       298.6969299316
503.866943       147.1193847656
504.217010       115.9122467041
504.567017       234.0535736084
504.916962       361.1112365723
505.266876       213.9918365479
505.616791       200.6173400879
505.966644       296.4678649902
506.316437        95.8505096436
506.666199       329.9040832520
507.015930       300.9260253906
507.365570       202.8464355469
507.715210       187.2428588867
508.064789       236.2826538086
508.414368       343.2785644531
508.763885       336.5913391113
509.113373       142.6612243652
509.462830       247.4280548096
509.812225       365.5693969727
510.161591       401.2346801758
510.510895       140.4321441650
510.860107       104.7668380737
511.209381       124.8285675049
511.558563       356.6530761719
511.907715       113.6831665039
512.256836       222.9081573486
512.605896        89.1632690430
512.954956       131.5158233643
513.303955       196.1591796875
513.652832       133.7449035645
514.001831       207.3045959473
514.350647       265.2607116699
514.699463       396.7765197754
515.048279       149.3484649658
515.396973       156.0357208252
515.745728       399.0056152344
516.094360       249.6571350098
516.442993       374.4857177734
516.791565       292.0097045898
517.140137       247.4280548096
517.488586       209.5336761475
517.837036       111.4540786743
518.185425       144.8903045654
518.533875        95.8505096436
518.882202       198.3882598877
519.230469       164.9520416260
519.578735       156.0357208252
519.927002       227.3663330078
520.275146       332.1331481934
520.623291       102.5377578735
520.971313       249.6571350098
521.319336       209.5336761475
521.667419       314.3005065918
522.015381       352.1948852539
522.363281       334.3622436523
522.711182       113.6831665039
523.059021       247.4280548096
523.406860       216.2209167480
523.754639       185.0137786865
524.102356       276.4061279297
524.449951       309.8423461914
524.797607       213.9918365479
525.145203       140.4321441650
525.492798       305.3841857910
525.840332       343.2785644531
526.187805       394.5474548340
526.535217       220.6790771484
526.882629       216.2209167480
527.230042       276.4061279297
527.577332       144.8903045654
527.924500       207.3045959473
528.271729       182.7846984863
528.618896       983.0250244141
528.966125       191.7010192871
529.313232       169.4102020264
529.660278        66.8724517822
530.007324       131.5158233643
530.354309       207.3045959473
530.701233       100.3086700439
531.048096       352.1948852539
531.394958       118.1413269043
531.741760       222.9081573486
532.088562       118.1413269043
532.435303       430.2127685547
532.781982       247.4280548096
533.128601        73.5596923828
533.475281       171.6392822266
533.821838       225.1372375488
534.168335       200.6173400879
534.514832       173.8683624268
534.861206     65535.0000000000
535.207703       314.3005065918
535.554016       127.0576553345
535.900391       427.9836730957
536.246643       263.0316467285
536.592896       156.0357208252
536.939087       278.6351928711
537.285278       263.0316467285
537.631348       225.1372375488
537.977417       412.3800964355
538.323425       323.2168273926
538.669373       278.6351928711
539.015381       307.6132507324
539.361267       120.3704071045
539.707153       182.7846984863
540.052979       115.9122467041
540.398804       236.2826538086
540.744507       180.5556182861
541.090210       158.2648010254
541.435791       220.6790771484
541.781433       242.9698944092
542.127014       209.5336761475
542.472595       501.5433654785
542.818054       292.0097045898
543.163513       124.8285675049
543.508911       156.0357208252
543.854309        64.6433639526
544.199646       334.3622436523
544.544800       933.9852294922
544.890076       193.9300994873
545.235291       354.4239807129
545.580444       251.8862304688
545.925537       416.8382568359
546.270630       113.6831665039
546.615723       106.9959182739
546.960693       251.8862304688
547.305603       434.6709289551
547.650574       289.7806091309
547.995361       147.1193847656
548.340149       164.9520416260
548.684998       220.6790771484
549.029724       129.2867279053
549.374390       120.3704071045
549.719116       229.5954132080
550.063660       193.9300994873
550.408264       205.0755157471
550.752869       120.3704071045
551.097290       414.6091918945
551.441711       345.5076599121
551.786133       374.4857177734
552.130493         2.2290816307
552.474854        75.7887725830
552.819092       381.1729736328
553.163330       185.0137786865
553.507507       434.6709289551
553.851685       323.2168273926
554.195801       285.3224487305
554.539917       269.7188720703
554.883850       164.9520416260
555.227844       185.0137786865
555.571777       343.2785644531
555.915710       234.0535736084
556.259583       164.9520416260
556.603333       147.1193847656
556.947205       169.4102020264
557.290894       140.4321441650
557.634583        57.9561233521
557.978210       113.6831665039
558.321777       274.1770324707
558.665405       200.6173400879
559.008911       271.9479675293
559.352417       399.0056152344
559.695862       271.9479675293
560.039185       300.9260253906
560.382568       144.8903045654
560.725891       287.5515441895
561.069153       307.6132507324
561.412354       383.4020385742
561.755554       138.2030639648
562.098694        33.4362258911
562.441772       209.5336761475
562.784851       370.0275573730
563.127930        66.8724517822
563.470825       269.7188720703
563.813782       318.7586669922
564.156738       207.3045959473
564.499573       260.8025512695
564.842285       122.5994873047
565.185059       229.5954132080
565.527771       111.4540786743
565.870422       240.7408142090
566.213135       227.3663330078
566.555725       209.5336761475
566.898254       176.0974426270
567.240784       198.3882598877
567.583252        11.1454086304
567.925659       106.9959182739
568.268005       394.5474548340
568.610291       260.8025512695
568.952637       280.8642883301
569.294922       171.6392822266
569.637146       285.3224487305
569.979309       612.9974365234
570.321411       285.3224487305
570.663513       158.2648010254
571.005554       115.9122467041
571.347473       539.4377441406
571.689453       222.9081573486
572.031372       218.4499969482
572.373230       185.0137786865
572.715088       289.7806091309
573.056885       390.0892944336
573.398621       283.0933532715
573.740295       365.5693969727
574.082031        95.8505096436
574.423584       187.2428588867
574.765137       653.1209106445
575.106689       142.6612243652
575.448120       167.1811218262
575.789612       229.5954132080
576.130981       178.3265380859
576.472351       182.7846984863
576.813721       149.3484649658
577.154968       356.6530761719
577.496216       320.9877624512
577.837402       187.2428588867
578.178467       394.5474548340
578.519592       229.5954132080
578.860657       523.8341674805
579.201660       164.9520416260
579.542664       347.7367248535
579.883606       370.0275573730
580.224487       200.6173400879
580.565308       220.6790771484
580.906189       543.8959350586
581.246948       563.9576416016
581.587585       327.6749877930
581.928223       396.7765197754
582.268921       240.7408142090
582.609497        69.1015319824
582.950012       182.7846984863
583.290527       240.7408142090
583.630981       399.0056152344
583.971436      1179.1842041016
584.311829       220.6790771484
584.652100       329.9040832520
584.992371       374.4857177734
585.332642       644.2045898438
585.672852       185.0137786865
586.013000       300.9260253906
586.353088       142.6612243652
586.693176       178.3265380859
587.033264       441.3581542969
587.373230       285.3224487305
587.713196       287.5515441895
588.053040       601.8520507813
588.392883       283.0933532715
588.732727       187.2428588867
589.072510       158.2648010254
589.412231       349.9658203125
589.751892       419.0673522949
590.091553       403.4637756348
590.431152       263.0316467285
590.770752       122.5994873047
591.110229       318.7586669922
591.449707       586.2484741211
591.789124       392.3183593750
592.128479       381.1729736328
592.467834       519.3760375977
592.807129       485.9397888184
593.146423       320.9877624512
593.485596       385.6311340332
593.824768       336.5913391113
594.163879       229.5954132080
594.502991       341.0494995117
594.841980       160.4938812256
595.180969       229.5954132080
595.519897       327.6749877930
595.858887       534.9796142578
596.197693      2543.3820800781
596.536499       231.8244934082
596.875305       218.4499969482
597.214050       445.8163146973
597.552734       416.8382568359
597.891296       187.2428588867
598.229980       305.3841857910
598.568542       218.4499969482
598.907043       124.8285675049
599.245483       225.1372375488
599.583984       358.8821411133
599.922363       474.7943725586
600.260681       169.4102020264
600.598999       423.5255126953
600.937256       118.1413269043
601.275452        20.0617351532
601.613586       231.8244934082
601.951721       162.7229614258
602.289856       196.1591796875
602.627869       347.7367248535
602.965881      1139.0606689453
603.303833       532.7504882813
603.641724       115.9122467041
603.979614       312.0714416504
604.317444        84.7051010132
604.655151       251.8862304688
604.992859       260.8025512695
605.330566        62.4142837524
605.668274       401.2346801758
606.005859       211.7627563477
606.343445       298.6969299316
606.680908       434.6709289551
607.018433       113.6831665039
607.355835       213.9918365479
607.693237       468.1071472168
608.030579       298.6969299316
608.367859       434.6709289551
608.705078       220.6790771484
609.042297       180.5556182861
609.379456       514.9178466797
609.716614       120.3704071045
610.053650       334.3622436523
610.390686       401.2346801758
610.727722       229.5954132080
611.064575       352.1948852539
611.401550       278.6351928711
611.738403       327.6749877930
612.075256        64.6433639526
612.411987       312.0714416504
612.748779       584.0194091797
613.085449       612.9974365234
613.422058       164.9520416260
613.758667       441.3581542969
614.095215       552.8122558594
614.431702       641.9755249023
614.768127       256.3443908691
615.104614       285.3224487305
615.440979       307.6132507324
615.777283       209.5336761475
616.113586       588.4775390625
616.449829       425.7545776367
616.786011       120.3704071045
617.122192       249.6571350098
617.458374       173.8683624268
617.794373       363.3403015137
618.130371        93.6214294434
618.466370        49.0397949219
618.802246       104.7668380737
619.138184       358.8821411133
619.474060       269.7188720703
619.809875       414.6091918945
620.145630       209.5336761475
620.481323       276.4061279297
620.817017       167.1811218262
621.152588       122.5994873047
621.488220       450.2744750977
621.823792       104.7668380737
622.159241       332.1331481934
622.494690       494.8561096191
622.830078       329.9040832520
623.165466       387.8601989746
623.500793       387.8601989746
623.836060       164.9520416260
624.171265       479.2525634766
624.506470       300.9260253906
624.841553       149.3484649658
625.176697       508.2306213379
625.511719       439.1290893555
625.846741       396.7765197754
626.181702       448.0454101563
626.516663       305.3841857910
626.851563       120.3704071045
627.186401       274.1770324707
627.521118       285.3224487305
627.855896       521.6051025391
628.190552       142.6612243652
628.525269       182.7846984863
628.859863       280.8642883301
629.194458       211.7627563477
629.528992       584.0194091797
629.863403       151.5775451660
630.197815       459.1908264160
630.532288       169.4102020264
630.866516       247.4280548096
631.200867       296.4678649902
631.535156        98.0795898438
631.869324        57.9561233521
632.203491       169.4102020264
632.537659       227.3663330078
632.871704       162.7229614258
633.205750       127.0576553345
633.539795       450.2744750977
633.873718       205.0755157471
634.207520       307.6132507324
634.541443       278.6351928711
634.875244       193.9300994873
635.208984       305.3841857910
635.542725       200.6173400879
635.876404       385.6311340332
636.210022       419.0673522949
636.543640       506.0015258789
636.877197       456.9617309570
637.210571       144.8903045654
637.544067       182.7846984863
637.877502       151.5775451660
638.210815       124.8285675049
638.544189       269.7188720703
638.877441       405.6928710938
639.210693       162.7229614258
639.543884        75.7887725830
639.877014       287.5515441895
640.210144        91.3923492432
640.543091       436.8999938965
640.876099        86.9341812134
641.209106       140.4321441650
641.541992       220.6790771484
641.874939       305.3841857910
642.207703       494.8561096191
642.540527       285.3224487305
642.873230       343.2785644531
643.205994       260.8025512695
643.538574       543.8959350586
643.871155       343.2785644531
644.203674       158.2648010254
644.536255       111.4540786743
644.868713        66.8724517822
645.201172       216.2209167480
645.533508       383.4020385742
645.865845       156.0357208252
646.198120       352.1948852539
646.530396       356.6530761719
646.862610       798.0112304688
647.194702       225.1372375488
647.526855       316.5296020508
647.858887       109.2249984741
648.190857       207.3045959473
648.522827       403.4637756348
648.854797       211.7627563477
649.186707       218.4499969482
649.518555       358.8821411133
649.850342       305.3841857910
650.182007       530.5214233398
650.513733       102.5377578735
650.845398       158.2648010254
651.177063       225.1372375488
651.508606       265.2607116699
651.840088       254.1153106689
652.171631        42.3525505066
652.503052       577.3321533203
652.834412       374.4857177734
653.165771       526.0632934570
653.497070       361.1112365723
653.828308       334.3622436523
654.159485       483.7107238770
654.490662       176.0974426270
654.821838       474.7943725586
655.152832       173.8683624268
655.483887       399.0056152344
655.814880       298.6969299316
656.145813       176.0974426270
656.476685       312.0714416504
656.807495       385.6311340332
657.138306       258.5734558105
657.469116       182.7846984863
657.799744       263.0316467285
658.130493       448.0454101563
658.461121       164.9520416260
658.791687       115.9122467041
659.122192       180.5556182861
659.452698       140.4321441650
659.783142       610.7683715820
660.113464       771.2622680664
660.443787       374.4857177734
660.774109       160.4938812256
661.104370       240.7408142090
661.434570       238.5117340088
661.764771       358.8821411133
662.094849       256.3443908691
662.424988       588.4775390625
662.755005       633.0592041016
663.084900       160.4938812256
663.414856       274.1770324707
663.744751       341.0494995117
664.074585       285.3224487305
664.404419        75.7887725830
664.734131       229.5954132080
665.063904       263.0316467285
665.393555       247.4280548096
665.723206       131.5158233643
666.052734       470.3362121582
666.382202         2.2290816307
666.711670       381.1729736328
667.041138       358.8821411133
667.370544       242.9698944092
667.699829       367.7984619141
668.029175       227.3663330078
668.358459       352.1948852539
668.687622        82.4760208130
669.016846       499.3142700195
669.345947       432.4418334961
669.674927       196.1591796875
670.003967       138.2030639648
670.332947       156.0357208252
670.661865       269.7188720703
670.990784       133.7449035645
671.319641       287.5515441895
671.648438       207.3045959473
671.977112       178.3265380859
672.305847       563.9576416016
672.634521       343.2785644531
672.963135       566.1867065430
673.291687       231.8244934082
673.620178       303.1550903320
673.948669        80.2469406128
674.277100       570.6448974609
674.605469       220.6790771484
674.933899       325.4459228516
675.262085       211.7627563477
675.590332       156.0357208252
675.918579       173.8683624268
676.246704       249.6571350098
676.574829       276.4061279297
676.902893       131.5158233643
677.230896       555.0413208008
677.558899       463.6489868164
677.886841       265.2607116699
678.214661       104.7668380737
678.542480       180.5556182861
678.870239       390.0892944336
679.197998       178.3265380859
679.525696       260.8025512695
679.853394       138.2030639648
680.180969       296.4678649902
680.508484       265.2607116699
680.836060       211.7627563477
681.163452       176.0974426270
681.490845       209.5336761475
681.818237        53.4979591370
682.145569       416.8382568359
682.472839       147.1193847656
682.800110       427.9836730957
683.127319       198.3882598877
683.454468       193.9300994873
683.781494        73.5596923828
684.108582        20.0617351532
684.435608       271.9479675293
684.762451       153.8066253662
685.089355       352.1948852539
685.416199       247.4280548096
685.743103       423.5255126953
686.069824        78.0178604126
686.396606       187.2428588867
686.723267       142.6612243652
687.049927       205.0755157471
687.376465       327.6749877930
687.703003       300.9260253906
688.029419       164.9520416260
688.355957       122.5994873047
688.682312       604.0811157227
689.008667       182.7846984863
689.334961       448.0454101563
689.661316        95.8505096436
689.987427       427.9836730957
690.313660       193.9300994873
690.639771       332.1331481934
690.965881       173.8683624268
691.291809       160.4938812256
691.617798       561.7285766602
691.943726       425.7545776367
692.269714       234.0535736084
692.595459       320.9877624512
692.921326       405.6928710938
693.247009       269.7188720703
693.572754       234.0535736084
693.898438       287.5515441895
694.223999       122.5994873047
694.549561       138.2030639648
694.875061       144.8903045654
695.200562       276.4061279297
695.526001       147.1193847656
695.851379       287.5515441895
696.176697       370.0275573730
696.502014       240.7408142090
696.827271       167.1811218262
697.152405       178.3265380859
697.477539       704.3897705078
697.802612       109.2249984741
698.127625        71.3306121826
698.452698       648.6627807617
698.777649       207.3045959473
699.102539       220.6790771484
699.427429       510.4596862793
699.752258       407.9219360352
700.077026       269.7188720703
700.401733       303.1550903320
700.726379       153.8066253662
701.051025       294.2387695313
701.375610       699.9316406250
701.700134       385.6311340332
702.024658       791.3239746094
702.349060       274.1770324707
702.673462       171.6392822266
702.997864       180.5556182861
703.322144        75.7887725830
703.646362       318.7586669922
703.970520       220.6790771484
704.294739       254.1153106689
704.618896       294.2387695313
704.942932       135.9739837646
705.266968       229.5954132080
705.590942       207.3045959473
705.914917       213.9918365479
706.238770       180.5556182861
706.562622       153.8066253662
706.886292       156.0357208252
707.210083       135.9739837646
707.533813       256.3443908691
707.857422        75.7887725830
708.181030       135.9739837646
708.504578       305.3841857910
708.828064       100.3086700439
709.151550       160.4938812256
709.474976        69.1015319824
709.798340       211.7627563477
710.121582       595.1647949219
710.444885       209.5336761475
710.768127       258.5734558105
711.091248       147.1193847656
711.414429       180.5556182861
711.737488       185.0137786865
712.060547        80.2469406128
712.383484       276.4061279297
712.706482       229.5954132080
713.029358       503.7724609375
713.352112       294.2387695313
713.674927       392.3183593750
713.997681       229.5954132080
714.320435       361.1112365723
714.643066       559.4995117188
714.965698       704.3897705078
715.288269       481.4816284180
715.610779       316.5296020508
715.933289       131.5158233643
716.255737        89.1632690430
716.578003       557.2703857422
716.900330       135.9739837646
717.222595       399.0056152344
717.544861       138.2030639648
717.867065       240.7408142090
718.189209       557.2703857422
718.511292       258.5734558105
718.833313       312.0714416504
719.155334       138.2030639648
719.477234       280.8642883301
719.799133       225.1372375488
720.120972       512.6887817383
720.442749       804.6984863281
720.764587       432.4418334961
721.086304       106.9959182739
721.407898       213.9918365479
721.729553       151.5775451660
722.051147        91.3923492432
722.372681       115.9122467041
722.694092       494.8561096191
723.015503       534.9796142578
723.336914       234.0535736084
723.658264       205.0755157471
723.979492       213.9918365479
724.300781       352.1948852539
724.621948       251.8862304688
724.943115       314.3005065918
725.264160       229.5954132080
725.585205       153.8066253662
725.906189       180.5556182861
726.227173       144.8903045654
726.548035       296.4678649902
726.868896       211.7627563477
727.189697        98.0795898438
727.510498       267.4898071289
727.831177       532.7504882813
728.151855       227.3663330078
728.472473       597.3938598633
728.793091       376.7147827148
729.113525       769.0331420898
729.434021       376.7147827148
729.754456        84.7051010132
730.074829       240.7408142090
730.395142       176.0974426270
730.715454       236.2826538086
731.035706       358.8821411133
731.355896       441.3581542969
731.676025       198.3882598877
731.996033       222.9081573486
732.316101       316.5296020508
732.636108       610.7683715820
732.956055       381.1729736328
733.275940       334.3622436523
733.595825       289.7806091309
733.915649       256.3443908691
734.235413       240.7408142090
734.555054       584.0194091797
734.874817       338.8204040527
735.194336       508.2306213379
735.513855       127.0576553345
735.833435       111.4540786743
736.152893       218.4499969482
736.472290       249.6571350098
736.791687       278.6351928711
737.111023       423.5255126953
737.430298       205.0755157471
737.749512       363.3403015137
738.068665       327.6749877930
738.387817       303.1550903320
738.706909       218.4499969482
739.025879       345.5076599121
739.344910       162.7229614258
739.663879       213.9918365479
739.982788       182.7846984863
740.301636       167.1811218262
740.620422       325.4459228516
740.939148       294.2387695313
741.257874       160.4938812256
741.576477       158.2648010254
741.895020       118.1413269043
742.213623       167.1811218262
742.532166       474.7943725586
742.850586       254.1153106689
743.169006       249.6571350098
743.487366       416.8382568359
743.805725       189.4719390869
744.123962       187.2428588867
744.442200       127.0576553345
744.760315       358.8821411133
745.078430       229.5954132080
745.396484       160.4938812256
745.714539       769.0331420898
746.032532       173.8683624268
746.350464       127.0576553345
746.668335       367.7984619141
746.986206       138.2030639648
747.303955       104.7668380737
747.621643       156.0357208252
747.939331       320.9877624512
748.257019       227.3663330078
748.574585       365.5693969727
748.892151       336.5913391113
749.209656        78.0178604126
749.527100       171.6392822266
749.844482       234.0535736084
750.161804       309.8423461914
750.479126       156.0357208252
750.796326       106.9959182739
751.113525       229.5954132080
751.430725       492.6270446777
751.747803       213.9918365479
752.064880       305.3841857910
752.381897       193.9300994873
752.698853       463.6489868164
753.015747       271.9479675293
753.332703       265.2607116699
753.649475       260.8025512695
753.966187       740.0551147461
754.282898       213.9918365479
754.599609       216.2209167480
754.916199       196.1591796875
755.232788       185.0137786865
755.549316       229.5954132080
755.865784       392.3183593750
756.182190       419.0673522949
756.498596       263.0316467285
756.814941       318.7586669922
757.131165       234.0535736084
757.447388       115.9122467041
757.763611       425.7545776367
758.079712       222.9081573486
758.395813       318.7586669922
758.711853       365.5693969727
759.027832       280.8642883301
759.343811       285.3224487305
759.659668       541.6668090820
759.975464       213.9918365479
760.291260       147.1193847656
760.606995       249.6571350098
760.922668       499.3142700195
761.238342       481.4816284180
761.554016       307.6132507324
761.869507       176.0974426270
762.185059        86.9341812134
762.500488       256.3443908691
762.815918       158.2648010254
763.131165       271.9479675293
763.446533       269.7188720703
763.761719       733.3678588867
764.076965       276.4061279297
764.392151       461.4198913574
764.707214       249.6571350098
765.022339       229.5954132080
765.337341       450.2744750977
765.652283       399.0056152344
765.967224       361.1112365723
766.282043       352.1948852539
766.596863       423.5255126953
766.911621       271.9479675293
767.226379       548.3540649414
767.541016       160.4938812256
767.855591       363.3403015137
768.170227       211.7627563477
768.484741       164.9520416260
768.799194       528.2923583984
769.113647       318.7586669922
769.427979       372.2566223145
769.742310       356.6530761719
770.056580       312.0714416504
770.370850       434.6709289551
770.684998       329.9040832520
770.999084       149.3484649658
771.313232       220.6790771484
771.627258       245.1989746094
771.941223       361.1112365723
772.255066       189.4719390869
772.569031       104.7668380737
772.882813       131.5158233643
773.196594       383.4020385742
773.510376       269.7188720703
773.824036       240.7408142090
774.137695       104.7668380737
774.451294       334.3622436523
774.764832       180.5556182861
775.078308       167.1811218262
775.391724       374.4857177734
775.705078       298.6969299316
776.018433       185.0137786865
776.331726       196.1591796875
776.644958       193.9300994873
776.958130       124.8285675049
777.271301       414.6091918945
777.584412       247.4280548096
777.897461       220.6790771484
778.210510       234.0535736084
778.523315       133.7449035645
778.836304       374.4857177734
779.149109       477.0234680176
779.461914       220.6790771484
779.774658       597.3938598633
780.087402       236.2826538086
780.400024       196.1591796875
780.712585       193.9300994873
781.025146       178.3265380859
781.337646       338.8204040527
781.650085       298.6969299316
781.962463       260.8025512695
782.274841       280.8642883301
782.587158       343.2785644531
782.899414       135.9739837646
783.211609       448.0454101563
783.523743       276.4061279297
783.835938       347.7367248535
784.147949       374.4857177734
784.459900       365.5693969727
784.771851       445.8163146973
785.083801       160.4938812256
785.395630       338.8204040527
785.707397       407.9219360352
786.019226        98.0795898438
786.330933       343.2785644531
786.642578       258.5734558105
786.954224       278.6351928711
787.265747       182.7846984863
787.577209       100.3086700439
787.888672       135.9739837646
788.200073        49.0397949219
788.511414       193.9300994873
788.822754       392.3183593750
789.133972       470.3362121582
789.445190       144.8903045654
789.756409       144.8903045654
790.067505       414.6091918945
790.378540       218.4499969482
790.689514       283.0933532715
791.000488       191.7010192871
791.311401       167.1811218262
791.622314       207.3045959473
791.933105       218.4499969482
792.243896       200.6173400879
792.554565       550.5831909180
792.865234       298.6969299316
793.175842       265.2607116699
793.486389        55.7270393372
793.796875       316.5296020508
794.107300       407.9219360352
794.417786       133.7449035645
794.728088       341.0494995117
795.038452       240.7408142090
795.348694       129.2867279053
795.658936        86.9341812134
795.969055       111.4540786743
796.279175       416.8382568359
796.589172       403.4637756348
796.899231       430.2127685547
797.209167       341.0494995117
797.519104       439.1290893555
797.828979       481.4816284180
798.138794       334.3622436523
798.448547       209.5336761475
798.758301       236.2826538086
799.067932       156.0357208252
799.377563       423.5255126953
799.687073       472.5653076172
799.996582       307.6132507324
800.306030       167.1811218262
800.615479       209.5336761475
800.924805       472.5653076172
801.234192       316.5296020508
801.543457       387.8601989746
801.852600       193.9300994873
802.161743       430.2127685547
802.470886       229.5954132080
802.779907       363.3403015137
803.088867       209.5336761475
803.397827       327.6749877930
803.706787       468.1071472168
804.015686       570.6448974609
804.324463       356.6530761719
804.633179       254.1153106689
804.941956       300.9260253906
805.250610       122.5994873047
805.559204       363.3403015137
805.867676       182.7846984863
806.176270       312.0714416504
806.484680       211.7627563477
806.793091       506.0015258789
807.101440       521.6051025391
807.409729       352.1948852539
807.718018       229.5954132080
808.026184       240.7408142090
808.334351       138.2030639648
808.642456       320.9877624512
808.950439       327.6749877930
809.258484       209.5336761475
809.566467       278.6351928711
809.874329       200.6173400879
810.182190       178.3265380859
810.489990       773.4913330078
810.797791       470.3362121582
811.105469       267.4898071289
811.413147       156.0357208252
811.720642       149.3484649658
812.028198       407.9219360352
812.335693       298.6969299316
812.643188        71.3306121826
812.950562        84.7051010132
813.257935       354.4239807129
813.565186       251.8862304688
813.872498       265.2607116699
814.179626        28.9780616760
814.486816       338.8204040527
814.793823       309.8423461914
815.100830       287.5515441895
815.407837       225.1372375488
815.714783       269.7188720703
816.021667       452.5035705566
816.328552       180.5556182861
816.635315       630.8300781250
816.942078       202.8464355469
817.248779       222.9081573486
817.555359       109.2249984741
817.861938       394.5474548340
818.168457       314.3005065918
818.474976       200.6173400879
818.781372       381.1729736328
819.087769        95.8505096436
819.394104       686.5571289063
819.700378       236.2826538086
820.006592       191.7010192871
820.312744       552.8122558594
820.618896       283.0933532715
820.924927       365.5693969727
821.230957       189.4719390869
821.536926       218.4499969482
821.842896       300.9260253906
822.148804       191.7010192871
822.454590       227.3663330078
822.760376        42.3525505066
823.066040       637.5173339844
823.371704       213.9918365479
823.677307       278.6351928711
823.982910       167.1811218262
824.288391       171.6392822266
824.593872       151.5775451660
824.899292       200.6173400879
825.204651       231.8244934082
825.509949       144.8903045654
825.815186       269.7188720703
826.120422       327.6749877930
826.425598       314.3005065918
826.730652       327.6749877930
827.035706       142.6612243652
827.340759       249.6571350098
827.645630       271.9479675293
827.950623       127.0576553345
828.255432       140.4321441650
828.560242       100.3086700439
828.864990       338.8204040527
829.169739       494.8561096191
829.474304       461.4198913574
829.778870       292.0097045898
830.083435       352.1948852539
830.387878       258.5734558105
830.692383       508.2306213379
830.996765       381.1729736328
831.301086       401.2346801758
831.605408       247.4280548096
831.909668       180.5556182861
832.213867       153.8066253662
832.517883       213.9918365479
832.821960       347.7367248535
833.126038       374.4857177734
833.429993       283.0933532715
833.733948       271.9479675293
834.037842       390.0892944336
834.341614       427.9836730957
834.645386       356.6530761719
834.949158       280.8642883301
835.252808       325.4459228516
835.556335       358.8821411133
835.859924       216.2209167480
836.163513       254.1153106689
836.466980        86.9341812134
836.770325        46.8107147217
837.073730       312.0714416504
837.377075       171.6392822266
837.680298       213.9918365479
837.983521       314.3005065918
838.286682       102.5377578735
838.589722       452.5035705566
838.892761       320.9877624512
839.195801       151.5775451660
839.498779       392.3183593750
839.801636       158.2648010254
840.104492       218.4499969482
840.407288       265.2607116699
840.710022       200.6173400879
841.012695       278.6351928711
841.315369       283.0933532715
841.617920       300.9260253906
841.920410       274.1770324707
842.222961       182.7846984863
842.525391       263.0316467285
842.827759       309.8423461914
843.130127       227.3663330078
843.432373       334.3622436523
843.734619       238.5117340088
844.036804       222.9081573486
844.338867       352.1948852539
844.640930       115.9122467041
844.942993        86.9341812134
845.244934       115.9122467041
845.546814       225.1372375488
845.848755       218.4499969482
846.150513       124.8285675049
846.452332       269.7188720703
846.754028       450.2744750977
847.055664       488.1688842773
847.357239       358.8821411133
847.658813       662.0372314453
847.960327       269.7188720703
848.261780       265.2607116699
848.563110       341.0494995117
848.864563       434.6709289551
849.165771       118.1413269043
849.467041       176.0974426270
849.768250        66.8724517822
850.069397       158.2648010254
850.370422       343.2785644531
850.671448       193.9300994873
850.972473       327.6749877930
851.273376       412.3800964355
851.574280       144.8903045654
851.875122       936.2142944336
852.175842       341.0494995117
852.476624       358.8821411133
852.777222       104.7668380737
853.077881       274.1770324707
853.378418       173.8683624268
853.678955       378.9438781738
853.979370       147.1193847656
854.279785       251.8862304688
854.580200       387.8601989746
854.880493        78.0178604126
855.180725       267.4898071289
855.480957        89.1632690430
855.781067       416.8382568359
856.081116       133.7449035645
856.381165       247.4280548096
856.681152       151.5775451660
856.981140       176.0974426270
857.281006       200.6173400879
857.580872       762.3459472656
857.880676       439.1290893555
858.180420       185.0137786865
858.480103        53.4979591370
858.779724       109.2249984741
859.079224       341.0494995117
859.378723       238.5117340088
859.678223       196.1591796875
859.977661       454.7326660156
860.277039       410.1510314941
860.576355       387.8601989746
860.875610       271.9479675293
861.174805       287.5515441895
861.473999       425.7545776367
861.773071       207.3045959473
862.072083        75.7887725830
862.371094       231.8244934082
862.670044       423.5255126953
862.968933       202.8464355469
863.267761        98.0795898438
863.566589       274.1770324707
863.865356       448.0454101563
864.164001       205.0755157471
864.462646       320.9877624512
864.761230       216.2209167480
865.059692       387.8601989746
865.358154       115.9122467041
865.656616       294.2387695313
865.954956       316.5296020508
866.253357       189.4719390869
866.551575       363.3403015137
866.849792       234.0535736084
867.147949       242.9698944092
867.446106       135.9739837646
867.744080       173.8683624268
868.042053       205.0755157471
868.340027       448.0454101563
868.637878       314.3005065918
868.935791       307.6132507324
869.233582       407.9219360352
869.531311       365.5693969727
869.828979        80.2469406128
870.126648       187.2428588867
870.424255       193.9300994873
870.721741       173.8683624268
871.019165       345.5076599121
871.316589       292.0097045898
871.613953       365.5693969727
871.911316        66.8724517822
872.208557       370.0275573730
872.505798       287.5515441895
872.802979       490.3979492188
873.100037       122.5994873047
873.397156       142.6612243652
873.694092       167.1811218262
873.991028       169.4102020264
874.287964       198.3882598877
874.584778       180.5556182861
874.881592       343.2785644531
875.178284       361.1112365723
875.474976       200.6173400879
875.771606       106.9959182739
876.068237        86.9341812134
876.364746       213.9918365479
876.661194       225.1372375488
876.957581       265.2607116699
877.253967       405.6928710938
877.550293       265.2607116699
877.846497       109.2249984741
878.142761       421.2964172363
878.438904       292.0097045898
878.734985       240.7408142090
879.031067       231.8244934082
879.326965       127.0576553345
879.622925       263.0316467285
879.918823       537.2086791992
880.214661       209.5336761475
880.510498       289.7806091309
880.806213       474.7943725586
881.101868       285.3224487305
881.397522       323.2168273926
881.693115       550.5831909180
881.988586        42.3525505066
882.283997        28.9780616760
882.579407       131.5158233643
882.874817       341.0494995117
883.170105       267.4898071289
883.465332       387.8601989746
883.760559       708.8479614258
884.055725       390.0892944336
884.350769       312.0714416504
884.645813       129.2867279053
884.940857     65535.0000000000
885.235718       737.8260498047
885.530579       220.6790771484
885.825439       305.3841857910
886.120239       427.9836730957
886.414917       220.6790771484
886.709595       216.2209167480
887.004272       140.4321441650
887.298767       579.5612182617
887.593323       285.3224487305
887.887756       140.4321441650
888.182129       352.1948852539
888.476440       211.7627563477
888.770752       283.0933532715
889.065002       329.9040832520
