2.170000
190.096298         0.0000000000
190.479492         0.0000000000
190.862656     65535.0000000000
191.245789     65535.0000000000
191.628876     65535.0000000000
192.011948     65535.0000000000
192.394958       597.8631591797
192.777939       839.3079223633
193.160904      1292.3041992188
193.543823       786.4200439453
193.926697       379.4131774902
194.309555       531.1784667969
194.692368       588.6652832031
195.075150       452.9963378906
195.457886       294.3326416016
195.840607       319.6268615723
196.223282      1108.3463134766
196.605927       701.3394775391
196.988541       887.5968627930
197.371094      1312.9995117188
197.753632      1499.2568359375
198.136139      1161.2342529297
198.518600       924.3884277344
198.901031      1168.1326904297
199.283432       678.3447875977
199.665802       809.4147949219
200.048126       692.1416015625
200.430405       567.9700317383
200.812668       579.4674072266
201.194885       972.6774291992
201.577072       361.0173950195
201.959244       655.3500366211
202.341354       986.4742431641
202.723434       924.3884277344
203.105499       508.1837158203
203.487503       457.5952758789
203.869461      1018.6668701172
204.251434       655.3500366211
204.633331       365.6163330078
205.015198       662.2484130859
205.397049       508.1837158203
205.778854       602.4620971680
206.160614       779.5216064453
206.542343       471.3921203613
206.924042       452.9963378906
207.305710       708.2379150391
207.687332      1809.6857910156
208.068939       544.9752807617
208.450485       236.8457946777
208.832016       613.9594726563
209.213501       335.7231750488
209.594955       882.9979248047
209.976379       469.0926513672
210.357758       388.6110534668
210.739105      1108.3463134766
211.120422      1117.5441894531
211.501694       535.7774047852
211.882935       581.7668457031
212.264145       498.9858093262
212.645340       356.4184265137
213.026474      1223.3200683594
213.407562       538.0768432617
213.788620       344.9210510254
214.169662       407.0068664551
214.550659       409.3063354492
214.931610      1257.8121337891
215.312561       623.1574096680
215.693451      1255.5126953125
216.074295       639.2537231445
216.455109       492.0873718262
216.835922       407.0068664551
217.216660       597.8631591797
217.597382       388.6110534668
217.978058       181.6584320068
218.358704       418.5042114258
218.739304       846.2063598633
219.119888      1152.0363769531
219.500427       710.5374145508
219.880920       480.5900268555
220.261414       338.0226440430
220.641830      1404.9785156250
221.022232       515.0821533203
221.402603       216.1505279541
221.782944       223.0489501953
222.163223       678.3447875977
222.543488      1411.8768310547
222.923706      1069.2552490234
223.303894       814.0137329102
223.684036       740.4305419922
224.064163       869.2011108398
224.444244       590.9647827148
224.824295       609.3605346680
225.204300       377.1137084961
225.584274       878.3989868164
225.964203       666.8474121094
226.344131      1117.5441894531
226.723999       411.6058044434
227.103806       174.7600097656
227.483627       250.6426391602
227.863388      2396.0517578125
228.243118       869.2011108398
228.622787       439.1994934082
229.002472       705.9384155273
229.382080       673.7457885742
229.761688       547.2747802734
230.141220       862.3026733398
230.520721       556.4726562500
230.900208       455.2958068848
231.279663       551.8737182617
231.659073       979.5758056641
232.038452       853.1047363281
232.417786       857.7037353516
232.797073      1287.7053222656
233.176346       588.6652832031
233.555573       469.0926513672
233.934784       533.4779052734
234.313934       475.9910583496
234.693069       584.0663452148
235.072144       662.2484130859
235.451202       379.4131774902
235.830215       413.9052734375
236.209213       363.3168640137
236.588165       347.2205505371
236.967072       558.7720947266
237.345947       289.7337036133
237.724792      1016.3674316406
238.103577       664.5479125977
238.482361       480.5900268555
238.861084       648.4515991211
239.239777       586.3657836914
239.618454       328.8247375488
239.997070      1487.7595214844
240.375671       871.5005493164
240.754211       282.8352661133
241.132751       390.9105529785
241.511215      1037.0626220703
241.889694       699.0400390625
242.268097       768.0242309570
242.646469       282.8352661133
243.024811       984.1747436523
243.403122       526.5794677734
243.781387       673.7457885742
244.159622       342.6215820313
244.537827       280.5357971191
244.915985       494.3868713379
245.294113       763.4252929688
245.672195       577.1679077148
246.050262       420.8037109375
246.428268       367.9158020020
246.806274       650.7510986328
247.184219       482.8894958496
247.562119       517.3815917969
247.940002       862.3026733398
248.317841       227.6479034424
248.695648       958.8805541992
249.073425       604.7615966797
249.451157       280.5357971191
249.828842       319.6268615723
250.206512       715.1363525391
250.584152       699.0400390625
250.961731      4313.8129882813
251.339279       473.6915893555
251.716812       961.1800537109
252.094299      1142.8385009766
252.471725       434.6005554199
252.849136       793.3184204102
253.226517       338.0226440430
253.603867       864.6021118164
253.981171       294.3326416016
254.358429       280.5357971191
254.735672       758.8263549805
255.112869       517.3815917969
255.490021       602.4620971680
255.867172      1381.9837646484
256.244263       678.3447875977
256.621307       317.3273925781
256.998291       361.0173950195
257.375305      1023.2658081055
257.752228       735.8316040039
258.129120       190.8563232422
258.506012       374.8142089844
258.882843      1027.8647460938
259.259644      2655.8920898438
259.636414      1138.2395019531
260.013123       903.6931762695
260.389832       531.1784667969
260.766479       243.7442169189
261.143127       269.0384216309
261.519714       738.1311035156
261.896271       517.3815917969
262.272736       407.0068664551
262.649231       544.9752807617
263.025696       908.2921142578
263.402100       609.3605346680
263.778473       894.4953002930
264.154785       630.0557861328
264.531097        91.9789505005
264.907318       478.2905273438
265.283569       639.2537231445
265.659760       611.6600341797
266.035919       342.6215820313
266.412018       241.4447479248
266.788086       170.1610565186
267.164154       908.2921142578
267.540192       487.4884338379
267.916107       319.6268615723
268.292084       524.2800292969
268.667969       377.1137084961
269.043793       335.7231750488
269.419617       563.3710937500
269.795410       747.3289794922
270.171204       567.9700317383
270.546875       326.5252685547
270.922577       505.8842163086
271.298248       255.2415924072
271.673828       372.5147399902
272.049408       315.0278930664
272.424927       498.9858093262
272.800446      1027.8647460938
273.175934       577.1679077148
273.551361       259.8405456543
273.926727       860.0031738281
274.302063       266.7389526367
274.677399       954.2816162109
275.052673       926.6879272461
275.427948       209.2521057129
275.803131       604.7615966797
276.178314       275.9368591309
276.553436      1191.1274414063
276.928558       533.4779052734
277.303650       197.7547454834
277.678619       705.9384155273
278.053650      1154.3358154297
278.428589       563.3710937500
278.803528       885.2974243164
279.178375       218.4500122070
279.553253       699.0400390625
279.928070       482.8894958496
280.302826       827.8105468750
280.677582       521.9805297852
281.052277       246.0436859131
281.426941       600.1626586914
281.801544       968.0784301758
282.176147       800.2168579102
282.550720       358.7178955078
282.925232       418.5042114258
283.299683      2060.3286132813
283.674133       542.6757812500
284.048553       220.7494812012
284.422974       448.3973693848
284.797241       756.5268554688
285.171600       321.9263305664
285.545837       418.5042114258
285.920074       535.7774047852
286.294250      1000.2710571289
286.668396       570.2694702148
287.042511       372.5147399902
287.416626       220.7494812012
287.790649       538.0768432617
288.164673       620.8579101563
288.538635       919.7894897461
288.912567       305.8300170898
289.286438       239.1452636719
289.660309       321.9263305664
290.034149       839.3079223633
290.407959       770.3237304688
290.781677       365.6163330078
291.155396       305.8300170898
291.529083       232.2468566895
291.902710      1101.4478759766
292.276337       804.8157958984
292.649902      1331.3952636719
293.023407       719.7352905273
293.396912       860.0031738281
293.770386       756.5268554688
294.143829       354.1189575195
294.517181       604.7615966797
294.890533       779.5216064453
295.263824      1248.6142578125
295.637115       791.0189819336
296.010345       788.7194824219
296.383545       928.9874267578
296.756744       701.3394775391
297.129852       793.3184204102
297.502960      1000.2710571289
297.875977       726.6337280273
298.248993       271.3378906250
298.621979       864.6021118164
298.994934       427.7021179199
299.367859       860.0031738281
299.740723       147.1663208008
300.113556       271.3378906250
300.486359      2478.8327636719
300.859100       818.6126708984
301.231842      1172.7315673828
301.604492       413.9052734375
301.977173       588.6652832031
302.349792       372.5147399902
302.722351       446.0979003906
303.094910       356.4184265137
303.467377       379.4131774902
303.839874        85.0805282593
304.212311       574.8684692383
304.584717       289.7337036133
304.957062       533.4779052734
305.329376       533.4779052734
305.701630       498.9858093262
306.073853       510.4831848145
306.446106       374.8142089844
306.818268       825.5111083984
307.190399       186.2573699951
307.562500       225.3484344482
307.934540       434.6005554199
308.306610       331.1242065430
308.678558       149.4657897949
309.050507      1306.1010742188
309.422424       947.3831787109
309.794281      1170.4321289063
310.166138       390.9105529785
310.537933       163.2626342773
310.909729       648.4515991211
311.281464       788.7194824219
311.653107       922.0889892578
312.024780       708.2379150391
312.396393       227.6479034424
312.767975       131.0700073242
313.139496       899.0942382813
313.511047       466.7931823730
313.882507      1048.5600585938
314.253906       275.9368591309
314.625305      1085.3515625000
314.996643       574.8684692383
315.368011       584.0663452148
315.739258       949.6826782227
316.110504       338.0226440430
316.481720       151.7652740479
316.852905      1147.4373779297
317.223999       567.9700317383
317.595123       784.1205444336
317.966187       728.9331665039
318.337189      1800.4879150391
318.708191       595.5637207031
319.079163       802.5163574219
319.450073       374.8142089844
319.820923       289.7337036133
320.191742       604.7615966797
320.562561       676.0452880859
320.933319       469.0926513672
321.304047      1039.3621826172
321.674744       910.5916137695
322.045380       630.0557861328
322.416016      1115.2447509766
322.786560       837.0084228516
323.157135       853.1047363281
323.527618       287.4342346191
323.898071       607.0610961914
324.268494       407.0068664551
324.638885       807.1152954102
325.009277       338.0226440430
325.379578       512.7826538086
325.749847       597.8631591797
326.120117       402.4078979492
326.490295       450.6968688965
326.860443       551.8737182617
327.230591       195.4552764893
327.600708      1080.7526855469
327.970703       770.3237304688
328.340759       292.0331726074
328.710724        91.9789505005
329.080688      1101.4478759766
329.450592       648.4515991211
329.820435       367.9158020020
330.190277       728.9331665039
330.560089       701.3394775391
330.929810       427.7021179199
331.299561       241.4447479248
331.669220       538.0768432617
332.038879       232.2468566895
332.408447       756.5268554688
332.778046       390.9105529785
333.147583       657.6494750977
333.517059       257.5410766602
333.886505       124.1715850830
334.255951       397.8089599609
334.625336       229.9473724365
334.994629       328.8247375488
335.363983       512.7826538086
335.733246       181.6584320068
336.102478       772.6231689453
336.471680       521.9805297852
336.840820       338.0226440430
337.209961      1043.9610595703
337.578979      1200.3253173828
337.948059      1492.3585205078
338.317078       275.9368591309
338.686035       216.1505279541
339.054962       611.6600341797
339.423859       542.6757812500
339.792725      1055.4584960938
340.161560       379.4131774902
340.530334       335.7231750488
340.899078       432.3010559082
341.267761       388.6110534668
341.636444       655.3500366211
342.005066       538.0768432617
342.373657       370.2152709961
342.742218       547.2747802734
343.110718      1016.3674316406
343.479218      1007.1694946289
343.847626      1577.4389648438
344.216064       420.8037109375
344.584412       524.2800292969
344.952759       114.9736862183
345.321045       241.4447479248
345.689270       436.9000244141
346.057526       524.2800292969
346.425659       342.6215820313
346.793854       777.2221069336
347.161957       335.7231750488
347.529999       567.9700317383
347.898041       390.9105529785
348.266022       227.6479034424
348.634003      1172.7315673828
349.001892       593.2642211914
349.369781       561.0715942383
349.737610       496.6863403320
350.105408       618.5584716797
350.473145       526.5794677734
350.840912       717.4357910156
351.208618       409.3063354492
351.576233       264.4394836426
351.943878      1368.1868896484
352.311401       655.3500366211
352.678955       735.8316040039
353.046478       151.7652740479
353.413910      1025.5653076172
353.781372       280.5357971191
354.148743       409.3063354492
354.516083       498.9858093262
354.883392       457.5952758789
355.250641       402.4078979492
355.617920       961.1800537109
355.985077       439.1994934082
356.352234       296.6321105957
356.719360       703.6389770508
357.086426       521.9805297852
357.453491       662.2484130859
357.820496       715.1363525391
358.187469       519.6810913086
358.554382      1096.8489990234
358.921295       547.2747802734
359.288147       319.6268615723
359.654968       855.4042358398
360.021759       781.8211059570
360.388489       264.4394836426
360.755188       696.7405395508
361.121826       351.8194885254
361.488464       567.9700317383
361.855072       673.7457885742
362.221588       662.2484130859
362.588135       613.9594726563
362.954590       722.0347900391
363.321075       584.0663452148
363.687439       328.8247375488
364.053802       324.2257995605
364.420135       388.6110534668
364.786407       464.4937133789
365.152679        64.3852691650
365.518860       671.4463500977
365.885040       590.9647827148
366.251190       636.9542236328
366.617249       427.7021179199
366.983337       763.4252929688
367.349335       209.2521057129
367.715332       639.2537231445
368.081207       949.6826782227
368.447174       682.9437255859
368.813019       885.2974243164
369.178833       712.8368530273
369.544678       363.3168640137
369.910400       427.7021179199
370.276123       653.0505371094
370.641785       669.1468505859
371.007446      1032.4637451172
371.373016       832.4094848633
371.738586       887.5968627930
372.104126       512.7826538086
372.469574       356.4184265137
372.835022       696.7405395508
373.200439       278.2363281250
373.565796      1025.5653076172
373.931122       703.6389770508
374.296417       855.4042358398
374.661713       505.8842163086
375.026886       731.2326660156
375.392090       427.7021179199
375.757202       344.9210510254
376.122314       636.9542236328
376.487396       436.9000244141
376.852386       140.2678985596
377.217407       588.6652832031
377.582336       310.4289550781
377.947235      1179.6300048828
378.312103       565.6705322266
378.676941       866.9016113281
379.041779       370.2152709961
379.406494       190.8563232422
379.771240       227.6479034424
380.135925       676.0452880859
380.500549      1152.0363769531
380.865143      1720.0063476563
381.229706       590.9647827148
381.594269       722.0347900391
381.958679       377.1137084961
382.323181       448.3973693848
382.687561       524.2800292969
383.051971       650.7510986328
383.416321       616.2589721680
383.780579       597.8631591797
384.144867       443.7984313965
384.509033       703.6389770508
384.873260       701.3394775391
385.237366       611.6600341797
385.601501      1460.1658935547
385.965576      1437.1711425781
386.329559       742.7300415039
386.693573       427.7021179199
387.057526       101.1768493652
387.421417       954.2816162109
387.785309       287.4342346191
388.149109       570.2694702148
388.512970       377.1137084961
388.876678       517.3815917969
389.240417       853.1047363281
389.604065       623.1574096680
389.967712       450.6968688965
390.331360       216.1505279541
390.694885       648.4515991211
391.058411       452.9963378906
391.421906       717.4357910156
391.785370       524.2800292969
392.148743       685.2431640625
392.512115       830.1100463867
392.875488       869.2011108398
393.238739       434.6005554199
393.602051       273.6373901367
393.965240       388.6110534668
394.328430       512.7826538086
394.691559       482.8894958496
395.054657       917.4900512695
395.417725       342.6215820313
395.780731       402.4078979492
396.143738       418.5042114258
396.506653       827.8105468750
396.869568       551.8737182617
397.232422       436.9000244141
397.595245       386.3115844727
397.958069       183.9579010010
398.320770       386.3115844727
398.683533       641.5531616211
399.046204       450.6968688965
399.408813       731.2326660156
399.771454       354.1189575195
400.133972       876.0994873047
400.496521       574.8684692383
400.859009       425.4026489258
401.221436       326.5252685547
401.583832       354.1189575195
401.946198       758.8263549805
402.308563       958.8805541992
402.670807       469.0926513672
403.033051       728.9331665039
403.395294       597.8631591797
403.757416      1011.7684326172
404.119568      1237.1169433594
404.481659       294.3326416016
404.843719       581.7668457031
405.205719       498.9858093262
405.567719       772.6231689453
405.929657       402.4078979492
406.291534       135.6689453125
406.653442       294.3326416016
407.015228       882.9979248047
407.377014      1057.7579345703
407.738739       252.9421081543
408.100464       328.8247375488
408.462128       623.1574096680
408.823730       367.9158020020
409.185364       420.8037109375
409.546875       715.1363525391
409.908386      1062.3569335938
410.269867       471.3921203613
410.631287       436.9000244141
410.992676       349.5200195313
411.354034       133.3694763184
411.715363       774.9226684570
412.076630       942.7842407227
412.437866       248.3431701660
412.799072       609.3605346680
413.160217       282.8352661133
413.521362       289.7337036133
413.882416       786.4200439453
414.243469       439.1994934082
414.604462       899.0942382813
414.965424       607.0610961914
415.326355       427.7021179199
415.687225       255.2415924072
416.048096       864.6021118164
416.408875       220.7494812012
416.769653      1018.6668701172
417.130402       354.1189575195
417.491058       565.6705322266
417.851715       498.9858093262
418.212311       335.7231750488
418.572906       317.3273925781
418.933411       602.4620971680
419.293945       510.4831848145
419.654388      1138.2395019531
420.014801       446.0979003906
420.375183       450.6968688965
420.735504       579.4674072266
421.095825       682.9437255859
421.456055      1135.9400634766
421.816315       650.7510986328
422.176453       381.7126464844
422.536621       455.2958068848
422.896729       250.6426391602
423.256775       282.8352661133
423.616821       271.3378906250
423.976807       515.0821533203
424.336731       549.5742187500
424.696625       259.8405456543
425.056488       358.7178955078
425.416351      1018.6668701172
425.776093       641.5531616211
426.135864       446.0979003906
426.495575       590.9647827148
426.855225       832.4094848633
427.214874       342.6215820313
427.574432      1066.9558105469
427.934052       344.9210510254
428.293518       618.5584716797
428.653015      1871.7716064453
429.012421       480.5900268555
429.371826       234.5463256836
429.731232       779.5216064453
430.090485       687.5426635742
430.449799       768.0242309570
430.808990       538.0768432617
431.168213      1170.4321289063
431.527374       551.8737182617
431.886475       227.6479034424
432.245605       432.3010559082
432.604584       607.0610961914
432.963623       324.2257995605
433.322571       308.1294860840
433.681488       420.8037109375
434.040344       347.2205505371
434.399200       384.0121154785
434.758026       459.8947448730
435.116760       420.8037109375
435.475494       682.9437255859
435.834198       492.0873718262
436.192841       144.8668518066
436.551453       430.0015869141
436.910004       627.7563476563
437.268555       331.1242065430
437.627014       347.2205505371
437.985474       669.1468505859
438.343903       186.2573699951
438.702240       165.5621032715
439.060577       367.9158020020
439.418854       287.4342346191
439.777130       524.2800292969
440.135315       715.1363525391
440.493500       489.7879028320
440.851654      1133.6406250000
441.209717      1312.9995117188
441.567810       262.1400146484
441.925781       478.2905273438
442.283783       650.7510986328
442.641663       347.2205505371
442.999573       510.4831848145
443.357483       285.1347351074
443.715240       475.9910583496
444.073029       908.2921142578
444.430725       901.3937377930
444.788452       439.1994934082
445.146149       273.6373901367
445.503723       887.5968627930
445.861359       370.2152709961
446.218842       590.9647827148
446.576355        64.3852691650
446.933777       365.6163330078
447.291199       248.3431701660
447.648621       250.6426391602
448.005920       257.5410766602
448.363251       436.9000244141
448.720459       326.5252685547
449.077728       659.9489746094
449.434875       993.3726806641
449.792023       160.9631652832
450.149170       699.0400390625
450.506195       673.7457885742
450.863220       377.1137084961
451.220184       303.5305480957
451.577118       287.4342346191
451.933990       358.7178955078
452.290894       280.5357971191
452.647736       609.3605346680
453.004456       367.9158020020
453.361237       945.0837402344
453.717926       252.9421081543
454.074585       289.7337036133
454.431244       317.3273925781
454.787811       577.1679077148
455.144379       717.4357910156
455.500824       105.7757949829
455.857300       354.1189575195
456.213715       786.4200439453
456.570099       889.8963623047
456.926483       262.1400146484
457.282745       795.6179199219
457.639038      1027.8647460938
457.995209       358.7178955078
458.351440       903.6931762695
458.707550       901.3937377930
459.063660       669.1468505859
459.419769       441.4989624023
459.775757       627.7563476563
460.131744       528.8789672852
460.487671       692.1416015625
460.843597       894.4953002930
461.199493       289.7337036133
461.555267       692.1416015625
461.911072       416.2047424316
462.266785       443.7984313965
462.622498      1011.7684326172
462.978119       565.6705322266
463.333771       719.7352905273
463.689392       379.4131774902
464.044891       425.4026489258
464.400421       324.2257995605
464.755859       768.0242309570
465.111298       544.9752807617
465.466675       632.3552856445
465.821991       586.3657836914
466.177338       349.5200195313
466.532562       542.6757812500
466.887817       623.1574096680
467.242981       319.6268615723
467.598114       409.3063354492
467.953247       517.3815917969
468.308289       818.6126708984
468.663330       367.9158020020
469.018280      1255.5126953125
469.373230       342.6215820313
469.728119       430.0015869141
470.082977       386.3115844727
470.437836      1664.8189697266
470.792572       733.5321044922
471.147339       494.3868713379
471.502014       745.0294799805
471.856720       413.9052734375
472.211273       354.1189575195
472.565918       616.2589721680
472.920471       255.2415924072
473.274933       538.0768432617
473.629395       250.6426391602
473.983795       459.8947448730
474.338165       480.5900268555
474.692505       572.5689697266
475.046814       547.2747802734
475.401123       473.6915893555
475.755280       517.3815917969
476.109497       745.0294799805
476.463593       968.0784301758
476.817688     14555.6689453125
477.171783      2005.1411132813
477.525757       595.5637207031
477.879761      1322.1973876953
478.233673       510.4831848145
478.587585       128.7705383301
478.941406       131.0700073242
479.295258       733.5321044922
479.649048       540.3763427734
480.002747       986.4742431641
480.356445       533.4779052734
480.710052       632.3552856445
481.063690       533.4779052734
481.417236      1358.9890136719
481.770782       137.9684295654
482.124329      1069.2552490234
482.477722       544.9752807617
482.831177       294.3326416016
483.184509       223.0489501953
483.537842       816.3131713867
483.891144       349.5200195313
484.244385       328.8247375488
484.597626       469.0926513672
484.950714       409.3063354492
485.303894       846.2063598633
485.656921       193.1557922363
486.010010       811.7142333984
486.363068       811.7142333984
486.715973      1271.6090087891
487.068909       482.8894958496
487.421783       494.3868713379
487.774628       742.7300415039
488.127411       487.4884338379
488.480194       510.4831848145
488.832947       349.5200195313
489.185577       593.2642211914
489.538239       933.5863647461
489.890839       420.8037109375
490.243378       749.6284179688
490.595917       432.3010559082
490.948395       280.5357971191
491.300842       411.6058044434
491.653198       354.1189575195
492.005585       384.0121154785
492.357880       436.9000244141
492.710144      1172.7315673828
493.062439       202.3536987305
493.414581       869.2011108398
493.766754       717.4357910156
494.118835      1485.4600830078
494.470917       581.7668457031
494.822937       361.0173950195
495.174927       420.8037109375
495.526917       945.0837402344
495.878784       862.3026733398
496.230682       216.1505279541
496.582489       400.1084289551
496.934296       411.6058044434
497.285980       174.7600097656
497.637695      1002.5705566406
497.989410      4826.5952148438
498.340973      1126.7421875000
498.692596       705.9384155273
499.044128       623.1574096680
499.395630       586.3657836914
499.747101       296.6321105957
500.098480       331.1242065430
500.449921       439.1994934082
500.801208      1057.7579345703
501.152527      1301.5021972656
501.503754       558.7720947266
501.854980       586.3657836914
502.206177      1469.3637695313
502.557281       420.8037109375
502.908386        82.7810516357
503.259430      1209.5231933594
503.610443       712.8368530273
503.961365       689.8421020508
504.312317       365.6163330078
504.663239        82.7810516357
505.014069       365.6163330078
505.364899       312.7284240723
505.715607       436.9000244141
506.066376      1094.5495605469
506.417084       397.8089599609
506.767670       910.5916137695
507.118317      1214.1221923828
507.468842       441.4989624023
507.819397       204.6531677246
508.169830       430.0015869141
508.520294       517.3815917969
508.870697       354.1189575195
509.221039      1025.5653076172
509.571381       758.8263549805
509.921631       894.4953002930
510.271851       846.2063598633
510.622009       243.7442169189
510.972198       287.4342346191
511.322327      1878.6700439453
511.672394       347.2205505371
512.022461       609.3605346680
512.372375       473.6915893555
512.722351       510.4831848145
513.072266       926.6879272461
513.422058       282.8352661133
513.771912       204.6531677246
514.121704       425.4026489258
514.471436        89.6794738770
514.821167       894.4953002930
515.170776       347.2205505371
515.520447       689.8421020508
515.869995       418.5042114258
516.219543       218.4500122070
516.569031       292.0331726074
516.918518      1014.0679321289
517.267822       600.1626586914
517.617249       565.6705322266
517.966614       685.2431640625
518.315796       682.9437255859
518.665161       333.4237060547
519.014282       280.5357971191
519.363464       434.6005554199
519.712585       124.1715850830
520.061646       179.3589477539
520.410706       889.8963623047
520.759705       938.1853027344
521.108704       174.7600097656
521.457520       243.7442169189
521.806458       498.9858093262
522.155334      1352.0905761719
522.504089       475.9910583496
522.852844       749.6284179688
523.201538       657.6494750977
523.550232       294.3326416016
523.898804       216.1505279541
524.247437       588.6652832031
524.596008       841.6074218750
524.944458       400.1084289551
525.292969       400.1084289551
525.641357       843.9068603516
525.989746       627.7563476563
526.338074       324.2257995605
526.686401       692.1416015625
527.034607       512.7826538086
527.382813       289.7337036133
527.731018       257.5410766602
528.079102       528.8789672852
528.427246       533.4779052734
528.775330       448.3973693848
529.123291      1046.2606201172
529.471252       574.8684692383
529.819153       853.1047363281
530.167053       294.3326416016
530.514832       384.0121154785
530.862732       945.0837402344
531.210510      1830.3811035156
531.558167       933.5863647461
531.905884       388.6110534668
532.253479       223.0489501953
532.601074       489.7879028320
532.948608      1970.6490478516
533.296143       786.4200439453
533.643616       876.0994873047
533.991028       420.8037109375
534.338379       262.1400146484
534.685730       678.3447875977
535.033081      1494.6579589844
535.380371       669.1468505859
535.727478       271.3378906250
536.074707      1096.8489990234
536.421875       616.2589721680
536.768921       158.6636962891
537.115967       843.9068603516
537.463013       262.1400146484
537.809998       326.5252685547
538.156860       600.1626586914
538.503784       689.8421020508
538.850647       409.3063354492
539.197449       377.1137084961
539.544189       259.8405456543
539.890930       241.4447479248
540.237610       471.3921203613
540.584229       390.9105529785
540.930847       616.2589721680
541.277344       223.0489501953
541.623901       519.6810913086
541.970337       301.2310485840
542.316772       496.6863403320
542.663208       282.8352661133
543.009521      1027.8647460938
543.355835       289.7337036133
543.702026       841.6074218750
544.048279       788.7194824219
544.394470       303.5305480957
544.740601       526.5794677734
545.086731       317.3273925781
545.432739       434.6005554199
545.778809       498.9858093262
546.124695       896.7947387695
546.470703       319.6268615723
546.816589       997.9716186523
547.162415       977.2763671875
547.508240       643.8526611328
547.853943      1112.9453125000
548.199646       489.7879028320
548.545349       508.1837158203
548.890930      1131.3410644531
549.236633      1361.2884521484
549.582092       779.5216064453
549.927673       584.0663452148
550.273071      1455.5668945313
550.618530       243.7442169189
550.963928       388.6110534668
551.309204       227.6479034424
551.654602       565.6705322266
551.999756       850.8052978516
552.345093       216.1505279541
552.690186      1064.6563720703
553.035339       372.5147399902
553.380493       880.6984252930
553.725464       285.1347351074
554.070496       324.2257995605
554.415405       482.8894958496
554.760376      1329.0958251953
555.105225       728.9331665039
555.450073       223.0489501953
555.794922       165.5621032715
556.139648       634.6547851563
556.484375       289.7337036133
556.828979       310.4289550781
557.173645       485.1889648438
557.518311       370.2152709961
557.862793       225.3484344482
558.207275      1083.0521240234
558.551697       492.0873718262
558.896118       308.1294860840
559.240479       354.1189575195
559.584839      1349.7911376953
559.929199       418.5042114258
560.273376       800.2168579102
560.617676       517.3815917969
560.961792       563.3710937500
561.305908       156.3642120361
561.649963      1416.4758300781
561.994019       457.5952758789
562.338074       908.2921142578
562.682007       333.4237060547
563.025879       544.9752807617
563.369751       733.5321044922
563.713623       814.0137329102
564.057373       581.7668457031
564.401123       779.5216064453
564.744873       549.5742187500
565.088501       659.9489746094
565.432129       370.2152709961
565.775635       400.1084289551
566.119263       554.1731567383
566.462769       165.5621032715
566.806152       873.8000488281
567.149597       926.6879272461
567.492920       544.9752807617
567.836243       229.9473724365
568.179504       745.0294799805
568.522827       367.9158020020
568.866028      4060.8706054688
569.209106       728.9331665039
569.552307       839.3079223633
569.895325       671.4463500977
570.238403      1092.2500000000
570.581299       958.8805541992
570.924255       324.2257995605
571.267212       901.3937377930
571.609985       416.2047424316
571.952881       278.2363281250
572.295593       558.7720947266
572.638367      1158.9348144531
572.981079      1025.5653076172
573.323730       285.1347351074
573.666260       333.4237060547
574.008850       501.2852783203
574.351440       951.9821166992
574.693848       581.7668457031
575.036255      1248.6142578125
575.378723       848.5057983398
575.721008       846.2063598633
576.063354      1106.0468750000
576.405579       510.4831848145
576.747803      1110.6458740234
577.090027       512.7826538086
577.432129       363.3168640137
577.774231      1598.1342773438
578.116272       471.3921203613
578.458313       561.0715942383
578.800232       234.5463256836
579.142212       694.4411010742
579.484070       381.7126464844
579.825928      1191.1274414063
580.167725       308.1294860840
580.509460       225.3484344482
580.851196       643.8526611328
581.192810       577.1679077148
581.534485      1193.4268798828
581.876099       512.7826538086
582.217590       705.9384155273
582.559143       595.5637207031
582.900574       524.2800292969
583.242004       450.6968688965
583.583313       581.7668457031
583.924683       236.8457946777
584.265991       374.8142089844
584.607239       735.8316040039
584.948425       296.6321105957
585.289551       227.6479034424
585.630737       328.8247375488
585.971802       340.3221130371
586.312805      1168.1326904297
586.653870       894.4953002930
586.994751       551.8737182617
587.335693       616.2589721680
587.676453       678.3447875977
588.017334       400.1084289551
588.358154       956.5810546875
588.698853       480.5900268555
589.039551       475.9910583496
589.380188       689.8421020508
589.720825       344.9210510254
590.061340       379.4131774902
590.401917       627.7563476563
590.742432       731.2326660156
591.082825       547.2747802734
591.423218       625.4568481445
591.763550       561.0715942383
592.103882       678.3447875977
592.444092       305.8300170898
592.784363        45.9894752502
593.124512      1133.6406250000
593.464600      1007.1694946289
593.804749       482.8894958496
594.144775       377.1137084961
594.484802      1041.6616210938
594.824829      1432.5721435547
595.164734      1269.3095703125
595.504578       547.2747802734
595.844360       367.9158020020
596.184204       588.6652832031
596.523926       655.3500366211
596.863647       832.4094848633
597.203369       572.5689697266
597.542969       262.1400146484
597.882507       579.4674072266
598.222046       837.0084228516
598.561584      1549.8453369141
598.901001       687.5426635742
599.240417      1080.7526855469
599.579834       751.9279174805
599.919067       892.1958007813
600.258423       850.8052978516
600.597595       333.4237060547
600.936829       459.8947448730
601.276001       873.8000488281
601.615051       459.8947448730
601.954163       938.1853027344
602.293091       448.3973693848
602.632141       370.2152709961
602.971069       326.5252685547
603.309998       218.4500122070
603.648865      1126.7421875000
603.987610      1365.8874511719
604.326416       469.0926513672
604.665100       397.8089599609
605.003845       643.8526611328
605.342407       993.3726806641
605.680969       694.4411010742
606.019592       639.2537231445
606.358093       862.3026733398
606.696533       972.6774291992
607.034973       496.6863403320
607.373291       919.7894897461
607.711609       462.1942138672
608.049927       241.4447479248
608.388245       457.5952758789
608.726379       701.3394775391
609.064575       531.1784667969
609.402710      1025.5653076172
609.740723       850.8052978516
610.078796       411.6058044434
610.416748       301.2310485840
610.754761       795.6179199219
611.092590       386.3115844727
611.430481       305.8300170898
611.768311      1340.5932617188
612.106018       797.9174194336
612.443787      1234.8173828125
612.781494       365.6163330078
613.119141       464.4937133789
613.456726       344.9210510254
613.794250       379.4131774902
614.131775       457.5952758789
614.469299       292.0331726074
614.806763       315.0278930664
615.144043       409.3063354492
615.481384       549.5742187500
615.818726       577.1679077148
616.156006       662.2484130859
616.493225       781.8211059570
616.830322      1193.4268798828
617.167480       659.9489746094
617.504578       623.1574096680
617.841614       570.2694702148
618.178528       289.7337036133
618.515503       830.1100463867
618.852478      1759.0974121094
619.189270       397.8089599609
619.526184       147.1663208008
619.862854       567.9700317383
620.199646       616.2589721680
620.536316       961.1800537109
620.872986       393.2100219727
621.209595       358.7178955078
621.546143       703.6389770508
621.882629       781.8211059570
622.219116       882.9979248047
622.555542       418.5042114258
622.892029       556.4726562500
623.228333      1738.4022216797
623.564636      1007.1694946289
623.900818       285.1347351074
624.237061       225.3484344482
624.573242       710.5374145508
624.909363       315.0278930664
625.245483       692.1416015625
625.581482       749.6284179688
625.917480       942.7842407227
626.253418       367.9158020020
626.589355      1053.1589355469
626.925171       768.0242309570
627.261047       917.4900512695
627.596863       271.3378906250
627.932556      2191.3984375000
628.268250       436.9000244141
628.603882       448.3973693848
628.939514       800.2168579102
629.275024       791.0189819336
629.610596       356.4184265137
629.946045       402.4078979492
630.281494      1301.5021972656
630.616882       951.9821166992
630.952209       473.6915893555
631.287537       538.0768432617
631.622803      1319.8979492188
631.958008        94.2784271240
632.293213       533.4779052734
632.628296       264.4394836426
632.963379      1112.9453125000
633.298401      1050.8594970703
633.633423       722.0347900391
633.968384       673.7457885742
634.303284       285.1347351074
634.638123       961.1800537109
634.972900       257.5410766602
635.307739       505.8842163086
635.642456       567.9700317383
635.977112       694.4411010742
636.311829      1319.8979492188
636.646362      1073.8542480469
636.980957      1025.5653076172
637.315430       285.1347351074
637.649963       384.0121154785
637.984436       738.1311035156
638.318726       945.0837402344
638.653137       515.0821533203
638.987366       542.6757812500
639.321655       475.9910583496
639.655823      1788.9906005859
639.990051       761.1257934570
640.324158      1540.6474609375
640.658203       597.8631591797
640.992249       558.7720947266
641.326172       234.5463256836
641.660156       586.3657836914
641.994019       699.0400390625
642.327942       604.7615966797
642.661804       678.3447875977
642.995483       319.6268615723
643.329224       262.1400146484
643.662964       319.6268615723
643.996582       457.5952758789
644.330200       367.9158020020
644.663696       572.5689697266
644.997253       547.2747802734
645.330688       577.1679077148
645.664124       498.9858093262
645.997437       970.3779296875
646.330811      1172.7315673828
646.664124       968.0784301758
646.997375      1048.5600585938
647.330566       584.0663452148
647.663696       818.6126708984
647.996826       384.0121154785
648.329895       643.8526611328
648.662903       190.8563232422
648.995911       358.7178955078
649.328796       853.1047363281
649.661682       411.6058044434
649.994568       365.6163330078
650.327393       331.1242065430
650.660095       172.4605255127
650.992859       802.5163574219
651.325500       751.9279174805
651.658142       558.7720947266
651.990723       650.7510986328
652.323242       613.9594726563
652.655762       498.9858093262
652.988220       623.1574096680
653.320618       430.0015869141
653.652954       669.1468505859
653.985291      1667.1185302734
654.317566       708.2379150391
654.649780       938.1853027344
654.981995       993.3726806641
655.314148       797.9174194336
655.646240       558.7720947266
655.978271      1043.9610595703
656.310303       749.6284179688
656.642273       264.4394836426
656.974182       423.1031799316
657.306091       430.0015869141
657.637939       811.7142333984
657.969666       480.5900268555
658.301453       459.8947448730
658.633179       873.8000488281
658.964844      1110.6458740234
659.296448       264.4394836426
659.627991       974.9768676758
659.959534       508.1837158203
660.291016       250.6426391602
660.622437       758.8263549805
660.953796      1319.8979492188
661.285156       777.2221069336
661.616516      1285.4058837891
661.947754       395.5094909668
662.278931       430.0015869141
662.610107       938.1853027344
662.941284       848.5057983398
663.272339       719.7352905273
663.603394      1103.7474365234
663.934387       434.6005554199
664.265320       671.4463500977
664.596252       324.2257995605
664.927063       154.0647430420
665.257935       344.9210510254
665.588684       478.2905273438
665.919434       404.7073974609
666.250061       791.0189819336
666.580688       823.2116088867
666.911316       873.8000488281
667.241821       434.6005554199
667.572327       418.5042114258
667.902832       609.3605346680
668.233276       627.7563476563
668.563660       866.9016113281
668.893982       181.6584320068
669.224243       544.9752807617
669.554504       494.3868713379
669.884705       597.8631591797
670.214844       390.9105529785
670.544922       643.8526611328
670.875000       807.1152954102
671.205078       446.0979003906
671.534973       526.5794677734
671.864929       436.9000244141
672.194824       430.0015869141
672.524658       678.3447875977
672.854431       634.6547851563
673.184204      1168.1326904297
673.513916       563.3710937500
673.843567       482.8894958496
674.173218       692.1416015625
674.502747       347.2205505371
674.832275       372.5147399902
675.161804       926.6879272461
675.491211       958.8805541992
675.820679       655.3500366211
676.149963       462.1942138672
676.479248       407.0068664551
676.808533       657.6494750977
677.137756       183.9579010010
677.466919       733.5321044922
677.796021       724.3342285156
678.125122       751.9279174805
678.454163       342.6215820313
678.783142       356.4184265137
679.112122       319.6268615723
679.440979      1333.6948242188
679.769897       512.7826538086
680.098694      1345.1921386719
680.427490       882.9979248047
680.756165       632.3552856445
681.084900     43310.5898437500
681.413513      1278.5074462891
681.742065       938.1853027344
682.070679       416.2047424316
682.399170       446.0979003906
682.727600       540.3763427734
683.056030       958.8805541992
683.384399       639.2537231445
683.712708      1260.1115722656
684.040955      1087.6511230469
684.369263       839.3079223633
684.697388       634.6547851563
685.025574       689.8421020508
685.353638       381.7126464844
685.681702       508.1837158203
686.009766       823.2116088867
686.337708       540.3763427734
686.665588       400.1084289551
686.993469       653.0505371094
687.321289      1457.8663330078
687.649048       710.5374145508
687.976807       724.3342285156
688.304565       395.5094909668
688.632141       275.9368591309
688.959839       149.4657897949
689.287354       535.7774047852
689.614868       436.9000244141
689.942383       648.4515991211
690.269775       285.1347351074
690.597168       590.9647827148
690.924500       519.6810913086
691.251770       609.3605346680
691.578979       972.6774291992
691.906250       425.4026489258
692.233398       524.2800292969
692.560486       259.8405456543
692.887573      1496.9573974609
693.214539       471.3921203613
693.541565       239.1452636719
693.868469       384.0121154785
694.195374       503.5847473145
694.522217      1246.3148193359
694.849060       570.2694702148
695.175781       303.5305480957
695.502441       335.7231750488
695.829163      1186.5284423828
696.155823       390.9105529785
696.482300       639.2537231445
696.808899       367.9158020020
697.135315       915.1905517578
697.461792       558.7720947266
697.788147       556.4726562500
698.114563       791.0189819336
698.440857       848.5057983398
698.767029       938.1853027344
699.093323       466.7931823730
699.419495       452.9963378906
699.745605       664.5479125977
700.071655      1430.2727050781
700.397705       949.6826782227
700.723694       816.3131713867
701.049622       333.4237060547
701.375549       252.9421081543
701.701355      1030.1643066406
702.027222       673.7457885742
702.352905       933.5863647461
702.678711       602.4620971680
703.004395      1395.7805175781
703.329956       310.4289550781
703.655579       648.4515991211
703.981018       574.8684692383
704.306580       666.8474121094
704.632080       834.7089843750
704.957397       450.6968688965
705.282776       958.8805541992
705.608093       326.5252685547
705.933350       308.1294860840
706.258545       788.7194824219
706.583740       678.3447875977
706.908875       358.7178955078
707.233948       351.8194885254
707.559021       505.8842163086
707.883972       570.2694702148
708.208984       678.3447875977
708.533813       326.5252685547
708.858704      1094.5495605469
709.183533       590.9647827148
709.508240       873.8000488281
709.833008       625.4568481445
710.157654       593.2642211914
710.482300       503.5847473145
710.806885       593.2642211914
711.131409       489.7879028320
711.455933       250.6426391602
711.780334       692.1416015625
712.104797       991.0731811523
712.429138       400.1084289551
712.753479      1586.6368408203
713.077759       618.5584716797
713.401917       581.7668457031
713.726135       393.2100219727
714.050232       947.3831787109
714.374329       252.9421081543
714.698364       459.8947448730
715.022339       252.9421081543
715.346313       892.1958007813
715.670166       312.7284240723
715.994080      1112.9453125000
716.317871      1623.4284667969
716.641663       814.0137329102
716.965393       271.3378906250
717.289001       556.4726562500
717.612732      1400.3795166016
717.936279       625.4568481445
718.259827       655.3500366211
718.583313       326.5252685547
718.906738       464.4937133789
719.230225       372.5147399902
719.553528       740.4305419922
719.876892      1094.5495605469
720.200134       735.8316040039
720.523315       455.2958068848
720.846497       855.4042358398
721.169617       404.7073974609
721.492737       577.1679077148
721.815735       538.0768432617
722.138733       563.3710937500
722.461670       692.1416015625
722.784607       685.2431640625
723.107544       648.4515991211
723.430298       409.3063354492
723.753113      1358.9890136719
724.075745       827.8105468750
724.398438       754.2274169922
724.721008      1308.4005126953
725.043640       997.9716186523
725.366211      1138.2395019531
725.688660       662.2484130859
726.011169       471.3921203613
726.333496       420.8037109375
726.655884       588.6652832031
726.978149       857.7037353516
727.300476       333.4237060547
727.622681      1032.4637451172
727.944824       303.5305480957
728.266968      1209.5231933594
728.589050       772.6231689453
728.911133       772.6231689453
729.233032       885.2974243164
729.554993      1115.2447509766
729.876953       501.2852783203
730.198792       427.7021179199
730.520569       303.5305480957
730.842346       427.7021179199
731.164063       448.3973693848
731.485718       273.6373901367
731.807373      1326.7963867188
732.128967       738.1311035156
732.450439       542.6757812500
732.771973       409.3063354492
733.093323       250.6426391602
733.414795       565.6705322266
733.736145       892.1958007813
734.057373       370.2152709961
734.378662       687.5426635742
734.699890       701.3394775391
735.021057       342.6215820313
735.342163       427.7021179199
735.663269      1126.7421875000
735.984314       179.3589477539
736.305237       687.5426635742
736.626160      1106.0468750000
736.947083       535.7774047852
737.267883       321.9263305664
737.588745       620.8579101563
737.909485       356.4184265137
738.230225       190.8563232422
738.550781       363.3168640137
738.871460       538.0768432617
739.192017       882.9979248047
739.512573       804.8157958984
739.833069       653.0505371094
740.153442       761.1257934570
740.473877       315.0278930664
740.794128      1050.8594970703
741.114441       533.4779052734
741.434692       961.1800537109
741.754883       480.5900268555
742.075073       250.6426391602
742.395142       715.1363525391
742.715210      1032.4637451172
743.035217       786.4200439453
743.355225       659.9489746094
743.675049       731.2326660156
743.994995       340.3221130371
744.314880       517.3815917969
744.634583       278.2363281250
744.954407       809.4147949219
745.273987       586.3657836914
745.593689       577.1679077148
745.913330       756.5268554688
746.232849       370.2152709961
746.552368       512.7826538086
746.871826       572.5689697266
747.191223       565.6705322266
747.510559       561.0715942383
747.829956       666.8474121094
748.149231       395.5094909668
748.468384       469.0926513672
748.787659       521.9805297852
749.106750       365.6163330078
749.425842       722.0347900391
749.744873       616.2589721680
750.063904       963.4794921875
750.382874       588.6652832031
750.701721       609.3605346680
751.020630      1112.9453125000
751.339417       735.8316040039
751.658203       719.7352905273
751.976990       604.7615966797
752.295593       356.4184265137
752.614258       478.2905273438
752.932800       294.3326416016
753.251404       448.3973693848
753.569824       671.4463500977
753.888306       641.5531616211
754.206726       544.9752807617
754.525024       694.4411010742
754.843323       312.7284240723
755.161621       331.1242065430
755.479797       981.8753051758
755.797974       326.5252685547
756.116089       765.7247924805
756.434204      1002.5705566406
756.752197       262.1400146484
757.070190      1149.7369384766
757.388123       390.9105529785
757.705994       997.9716186523
758.023865      1000.2710571289
758.341675       457.5952758789
758.659363      2205.1953125000
758.977112       662.2484130859
759.294739       289.7337036133
759.612305       814.0137329102
759.929932       517.3815917969
760.247498       303.5305480957
760.564880       889.8963623047
760.882385       977.2763671875
761.199707      1536.0484619141
761.517090       487.4884338379
761.834290       450.6968688965
762.151611       850.8052978516
762.468811       473.6915893555
762.785889       446.0979003906
763.103027       788.7194824219
763.420044       613.9594726563
763.737061       940.4847412109
764.054077      1092.2500000000
764.370972       768.0242309570
764.687805      1432.5721435547
765.004639       754.2274169922
765.321411       595.5637207031
765.638123       673.7457885742
765.954834       485.1889648438
766.271484      1020.9663696289
766.588074       584.0663452148
766.904602       620.8579101563
767.221069       563.3710937500
767.537537      1135.9400634766
767.853882       448.3973693848
768.170288       542.6757812500
768.486572      1002.5705566406
768.802856       581.7668457031
769.119080       436.9000244141
769.435181       696.7405395508
769.751343       374.8142089844
770.067322       526.5794677734
770.383423       558.7720947266
770.699402      1271.6090087891
771.015320       567.9700317383
771.331238       273.6373901367
771.647095       947.3831787109
771.962891       551.8737182617
772.278625       604.7615966797
772.594299       797.9174194336
772.909973       602.4620971680
773.225586       604.7615966797
773.541138       434.6005554199
773.856567       200.0542144775
774.172119       257.5410766602
774.487549       809.4147949219
774.802856       269.0384216309
775.118286       641.5531616211
775.433472      1303.8016357422
775.748718       551.8737182617
776.063904       257.5410766602
776.379028       259.8405456543
776.694153       147.1663208008
777.009155       172.4605255127
777.324158       338.0226440430
777.639099      1368.1868896484
777.954041       255.2415924072
778.268921       338.0226440430
778.583740       475.9910583496
778.898499       292.0331726074
779.213196       172.4605255127
779.527832      1069.2552490234
779.842468      1030.1643066406
780.157043      1094.5495605469
780.471619       627.7563476563
780.786072       312.7284240723
781.100525       285.1347351074
781.414856       289.7337036133
781.729248       358.7178955078
782.043457       609.3605346680
782.357788       866.9016113281
782.671997       659.9489746094
782.986084       301.2310485840
783.300293       312.7284240723
783.614258       381.7126464844
783.928345       855.4042358398
784.242249      1020.9663696289
784.556213       673.7457885742
784.870117       630.0557861328
785.183899       673.7457885742
785.497681       669.1468505859
785.811340       308.1294860840
786.125061       905.9926757813
786.438721      1062.3569335938
786.752258       600.1626586914
787.065857       777.2221069336
787.379333       947.3831787109
787.692810       469.0926513672
788.006165       257.5410766602
788.319519       641.5531616211
788.632874       402.4078979492
788.946106       266.7389526367
789.259338       489.7879028320
789.572449       475.9910583496
789.885559      1147.4373779297
790.198608       365.6163330078
790.511719       170.1610565186
790.824707       478.2905273438
791.137573       315.0278930664
791.450500       402.4078979492
791.763306       480.5900268555
792.076111       572.5689697266
792.388855       878.3989868164
792.701538       933.5863647461
793.014221       797.9174194336
793.326782       482.8894958496
793.639343       462.1942138672
793.951843       170.1610565186
794.264282       912.8911132813
794.576721       972.6774291992
794.889099       823.2116088867
795.201416       777.2221069336
795.513611       154.0647430420
795.825867       981.8753051758
796.138000       703.6389770508
796.450195       632.3552856445
796.762268       567.9700317383
797.074280       349.5200195313
797.386292       664.5479125977
797.698181      1409.5773925781
798.010071       400.1084289551
798.321960       259.8405456543
798.633728      1441.7700195313
798.945496       163.2626342773
799.257202       595.5637207031
799.568787       793.3184204102
799.880432       795.6179199219
800.192017       400.1084289551
800.503540      1225.6195068359
800.815002       740.4305419922
801.126404       331.1242065430
801.437744       351.8194885254
801.749084      1290.0047607422
802.060364      1469.3637695313
802.371582       544.9752807617
802.682800       901.3937377930
802.993835       705.9384155273
803.304993       577.1679077148
803.615967      1361.2884521484
803.927002       473.6915893555
804.237976       602.4620971680
804.548828       896.7947387695
804.859741       344.9210510254
805.170471       250.6426391602
805.481201       542.6757812500
805.791931       503.5847473145
806.102600       600.1626586914
806.413208       407.0068664551
806.723755       648.4515991211
807.034241       726.6337280273
807.344727       825.5111083984
807.655151       439.1994934082
807.965515       349.5200195313
808.275879       340.3221130371
808.586182       678.3447875977
808.896362       432.3010559082
809.206604       600.1626586914
809.516663      1046.2606201172
809.826782       319.6268615723
810.136780       862.3026733398
810.446777      1188.8278808594
810.756775       786.4200439453
811.066650       722.0347900391
811.376465       285.1347351074
811.686279       381.7126464844
811.996033      1667.1185302734
812.305786       434.6005554199
812.615417      1110.6458740234
812.924988      1207.2237548828
813.234558       956.5810546875
813.544128       315.0278930664
813.853516       547.2747802734
814.162964       225.3484344482
814.472351      1241.7158203125
814.781616       531.1784667969
815.090942       611.6600341797
815.400146       515.0821533203
815.709351       823.2116088867
816.018433       993.3726806641
816.327515       708.2379150391
816.636597       324.2257995605
816.945557       618.5584716797
817.254578       705.9384155273
817.563416      1039.3621826172
817.872253       659.9489746094
818.181091       524.2800292969
818.489807       335.7231750488
818.798523       289.7337036133
819.107178      1103.7474365234
819.415833       912.8911132813
819.724365       505.8842163086
820.032837       287.4342346191
820.341370      1204.9241943359
820.649719       756.5268554688
820.958130       588.6652832031
821.266357       811.7142333984
821.574707       510.4831848145
821.882874       694.4411010742
822.191040       508.1837158203
822.499207      1186.5284423828
822.807251      1248.6142578125
823.115356       459.8947448730
823.423279      1062.3569335938
823.731262       259.8405456543
824.039124       563.3710937500
824.346985       485.1889648438
824.654846       632.3552856445
824.962524      1506.1552734375
825.270264       510.4831848145
825.577820       825.5111083984
825.885437      1855.6752929688
826.193054       850.8052978516
826.500488       363.3168640137
826.807983       726.6337280273
827.115356       653.0505371094
827.422729       344.9210510254
827.729980       310.4289550781
828.037292      1227.9189453125
828.344543       657.6494750977
828.651733       618.5584716797
828.958862       535.7774047852
829.265869       528.8789672852
829.572937       837.0084228516
829.879883       246.0436859131
830.186829       397.8089599609
830.493713       485.1889648438
830.800537       933.5863647461
831.107361       333.4237060547
831.414063       696.7405395508
831.720764       995.6721191406
832.027405       572.5689697266
832.333984       533.4779052734
832.640564       761.1257934570
832.947021       430.0015869141
833.253479       170.1610565186
833.559814       381.7126464844
833.866211       623.1574096680
834.172546       696.7405395508
834.478760      1066.9558105469
834.784973       450.6968688965
835.091125       393.2100219727
835.397278       979.5758056641
835.703247       246.0436859131
836.009277       436.9000244141
836.315247       901.3937377930
836.621155      2177.6015625000
836.927063       853.1047363281
837.232849      1087.6511230469
837.538635      1207.2237548828
837.844421       772.6231689453
838.150085       457.5952758789
838.455688       770.3237304688
838.761292       446.0979003906
839.066833       528.8789672852
839.372253      1722.3059082031
839.677734      1230.2185058594
839.983093       547.2747802734
840.288391       411.6058044434
840.593689       912.8911132813
840.898926       354.1189575195
841.204102       673.7457885742
841.509277       524.2800292969
841.814392       618.5584716797
842.119446       216.1505279541
842.424438      1209.5231933594
842.729370      1464.7647705078
843.034241      1717.7069091797
843.339111       864.6021118164
843.643982       761.1257934570
843.948669       788.7194824219
844.253479       303.5305480957
844.558105       485.1889648438
844.862671       232.2468566895
845.167236       620.8579101563
845.471741       397.8089599609
845.776245       344.9210510254
846.080627       255.2415924072
846.385071       365.6163330078
846.689331       873.8000488281
846.993591       834.7089843750
847.297791       469.0926513672
847.601990       174.7600097656
847.906128       604.7615966797
848.210205       625.4568481445
848.514282       841.6074218750
848.818237       250.6426391602
849.122131       124.1715850830
849.426025       556.4726562500
849.729919       786.4200439453
850.033691       689.8421020508
850.337402      1004.8700561523
850.641113       556.4726562500
850.944702       388.6110534668
851.248352       466.7931823730
851.551941       917.4900512695
851.855347      1053.1589355469
852.158813       282.8352661133
852.462219       430.0015869141
852.765564       494.3868713379
853.068848      1011.7684326172
853.372070       664.5479125977
853.675354       554.1731567383
853.978455       627.7563476563
854.281555       252.9421081543
854.584656       303.5305480957
854.887634       761.1257934570
855.190552       692.1416015625
855.493530       262.1400146484
855.796387       680.6442260742
856.099182       938.1853027344
856.401978       195.4552764893
856.704651       922.0889892578
857.007324       616.2589721680
857.309998       278.2363281250
857.612549       266.7389526367
857.915100       156.3642120361
858.217529       452.9963378906
858.519958       439.1994934082
858.822266      1016.3674316406
859.124634       443.7984313965
859.426941       358.7178955078
859.729187       896.7947387695
860.031372       549.5742187500
860.333435       197.7547454834
860.635559       544.9752807617
860.937622       715.1363525391
861.239563       853.1047363281
861.541504      1211.8226318359
861.843384       912.8911132813
862.145264       158.6636962891
862.446960       195.4552764893
862.748779       655.3500366211
863.050476       450.6968688965
863.352051       685.2431640625
863.653748       866.9016113281
863.955200       809.4147949219
864.256714       588.6652832031
864.558167       781.8211059570
864.859619      1060.0573730469
865.160950       374.8142089844
865.462219      1119.8437500000
865.763489       377.1137084961
866.064697       604.7615966797
866.365845       377.1137084961
866.666931       287.4342346191
866.967957       395.5094909668
867.269043       547.2747802734
867.570007       597.8631591797
867.870911       970.3779296875
868.171692       954.2816162109
868.472595       400.1084289551
868.773254       317.3273925781
869.074036       917.4900512695
869.374695       567.9700317383
869.675293      1411.8768310547
869.975891       517.3815917969
870.276367      1055.4584960938
870.576843       439.1994934082
870.877319       607.0610961914
871.177612       133.3694763184
871.477966       903.6931762695
871.778198       719.7352905273
872.078491       662.2484130859
872.378601       754.2274169922
872.678711       604.7615966797
872.978882       549.5742187500
873.278870       471.3921203613
873.578857       340.3221130371
873.878784       528.8789672852
874.178650       471.3921203613
874.478394       696.7405395508
874.778259       432.3010559082
875.078003       565.6705322266
875.377625       508.1837158203
875.677307       326.5252685547
875.976868      1103.7474365234
876.276428       687.5426635742
876.575928      1809.6857910156
876.875366       494.3868713379
877.174744       206.9526367188
877.474060      1579.7385253906
877.773376       370.2152709961
878.072571      1218.7210693359
878.371826       947.3831787109
878.670959       556.4726562500
878.970032       926.6879272461
879.269043      1004.8700561523
879.567993       482.8894958496
879.867004       804.8157958984
880.165894       820.9121093750
880.464722       303.5305480957
880.763550       452.9963378906
881.062256       269.0384216309
881.361023       160.9631652832
881.659607       627.7563476563
881.958252       751.9279174805
882.256836      1154.3358154297
882.555298      1158.9348144531
882.853760       678.3447875977
883.152100      1563.6422119141
883.450500      1395.7805175781
883.748779      1041.6616210938
884.047058      1354.3900146484
884.345276       754.2274169922
884.643372       377.1137084961
884.941528       420.8037109375
885.239502       924.3884277344
885.537598       480.5900268555
885.835510       641.5531616211
886.133423       754.2274169922
886.431335       310.4289550781
886.729065       354.1189575195
887.026855       209.2521057129
887.324524       195.4552764893
887.622253       482.8894958496
887.919800       544.9752807617
888.217407       430.0015869141
888.514954      1234.8173828125
888.812317       892.1958007813
889.109802       275.9368591309
889.407166       209.2521057129
889.704407       928.9874267578
890.001770       928.9874267578
890.298889       800.2168579102
890.596130       825.5111083984
890.893188       823.2116088867
891.190308       751.9279174805
891.487244       572.5689697266
