0.224000
190.489868         0.0000000000
190.870819         0.0000000000
191.251740      1070.7752685547
191.632629       997.4649047852
192.013474      1035.2308349609
192.394302      1044.1169433594
192.775101      1077.4398193359
193.155838      1081.8829345703
193.536575      1128.5349121094
193.917267      1106.3197021484
194.297943      1159.6362304688
194.678574      1077.4398193359
195.059174      1072.9968261719
195.439743      1181.8515625000
195.820282      1050.7814941406
196.200790      1135.1994628906
196.581268      1084.1043701172
196.961700      1164.0793457031
197.342117      1121.8703613281
197.722488      1137.4210205078
198.102829      1066.3321533203
198.483154      1152.9716796875
198.863434      1119.6488037109
199.243698      1124.0919189453
199.623901      1115.2058105469
200.004089      1088.5474853516
200.384247      1132.9780273438
200.764389      1144.0855712891
201.144485      1010.7940673828
201.524536      1095.2120361328
201.904572      1086.3259277344
202.284561      1144.0855712891
202.664520      1150.7501220703
203.044449      1079.6613769531
203.424362      1112.9842529297
203.804214      1088.5474853516
204.184067      1155.1932373047
204.563858      1070.7752685547
204.943649      1101.8765869141
205.323380      1084.1043701172
205.703094      1086.3259277344
206.082764      1115.2058105469
206.462418      1077.4398193359
206.842026      1099.6550292969
207.221588      1021.9016723633
207.601166      1141.8640136719
207.980667      1010.7940673828
208.360153      1137.4210205078
208.739609      1108.5411376953
209.119034      1075.2182617188
209.498428      1086.3259277344
209.877777      1124.0919189453
210.257111      1090.7690429688
210.636398      1068.5537109375
211.015656      1126.3133544922
211.394882      1061.8891601563
211.774094      1104.0981445313
212.153244      1086.3259277344
212.532394      1108.5411376953
212.911484      1130.7564697266
213.290543      1144.0855712891
213.669571      1110.7626953125
214.048584      1097.4335937500
214.427567      1115.2058105469
214.806488      1159.6362304688
215.185410      1095.2120361328
215.564270      1092.9904785156
215.943115      1150.7501220703
216.321930      1110.7626953125
216.700714      1108.5411376953
217.079437      1099.6550292969
217.458176      1099.6550292969
217.836838      1124.0919189453
218.215485      1090.7690429688
218.594101      1097.4335937500
218.972687      1070.7752685547
219.351227      1099.6550292969
219.729752      1164.0793457031
220.108246      1044.1169433594
220.486694      1064.1107177734
220.865128      1059.6676025391
221.243515      1139.6425781250
221.621872      1128.5349121094
222.000183      1119.6488037109
222.378494      1088.5474853516
222.756744      1137.4210205078
223.134964      1061.8891601563
223.513153      1048.5600585938
223.891327      1097.4335937500
224.269455      1112.9842529297
224.647552      1106.3197021484
225.025620      1055.2246093750
225.403656      1064.1107177734
225.781647      1152.9716796875
226.159622      1097.4335937500
226.537552      1097.4335937500
226.915436      1137.4210205078
227.293335      1132.9780273438
227.671158      1104.0981445313
228.048950      1044.1169433594
228.426727      1144.0855712891
228.804459      1150.7501220703
229.182175      1146.3071289063
229.559845      1190.7376708984
229.937500      1104.0981445313
230.315094      1097.4335937500
230.692673      1084.1043701172
231.070221      1144.0855712891
231.447723      1035.2308349609
231.825180      1108.5411376953
232.202652      1159.6362304688
232.580048      1139.6425781250
232.957428      1050.7814941406
233.334778      1184.0729980469
233.712097      1104.0981445313
234.089386      1141.8640136719
234.466614      1155.1932373047
234.843842      1148.5286865234
235.221024      1064.1107177734
235.598175      1121.8703613281
235.975281      1117.4272460938
236.352386      1124.0919189453
236.729431      1124.0919189453
237.106445      1108.5411376953
237.483414      1099.6550292969
237.860382      1070.7752685547
238.237305      1112.9842529297
238.614182      1184.0729980469
238.991043      1088.5474853516
239.367859      1097.4335937500
239.744644      1068.5537109375
240.121414      1070.7752685547
240.498138      1070.7752685547
240.874817      1015.2371215820
241.251480      1048.5600585938
241.628098      1128.5349121094
242.004700      1135.1994628906
242.381241      1097.4335937500
242.757782      1177.4084472656
243.134262      1115.2058105469
243.510727      1070.7752685547
243.887146      1232.9466552734
244.263535      1035.2308349609
244.639893      1035.2308349609
245.016220      1068.5537109375
245.392517      1141.8640136719
245.768768      1108.5411376953
246.145020      1195.1806640625
246.521194      1115.2058105469
246.897354      1124.0919189453
247.273483      1024.1231689453
247.649567      1059.6676025391
248.025650      1101.8765869141
248.401672      1081.8829345703
248.777664      1099.6550292969
249.153641      1115.2058105469
249.529556      1172.9654541016
249.905457      1126.3133544922
250.281326      1064.1107177734
250.657135      1075.2182617188
251.032959      1150.7501220703
251.408707      1115.2058105469
251.784424      1132.9780273438
252.160126      1092.9904785156
252.535797      1119.6488037109
252.911423      1115.2058105469
253.287018      1104.0981445313
253.662582      1112.9842529297
254.038116      1075.2182617188
254.413605      1121.8703613281
254.789063      1086.3259277344
255.164505      1181.8515625000
255.539886      1124.0919189453
255.915268      1115.2058105469
256.290588      1104.0981445313
256.665894      1086.3259277344
257.041168      1070.7752685547
257.416351      1175.1870117188
257.791565      1112.9842529297
258.166779      1115.2058105469
258.541870      1070.7752685547
258.916962      1053.0030517578
259.292023      1075.2182617188
259.667023      1141.8640136719
260.042053      1004.1295166016
260.416992      1135.1994628906
260.791931      1090.7690429688
261.166809      1035.2308349609
261.541687      1155.1932373047
261.916504      1075.2182617188
262.291321      1055.2246093750
262.666077      1077.4398193359
263.040802      1070.7752685547
263.415497      1057.4460449219
263.790161      1081.8829345703
264.164795      1150.7501220703
264.539368      1050.7814941406
264.913910      1104.0981445313
265.288452      1053.0030517578
265.662964      1108.5411376953
266.037384      1075.2182617188
266.411865      1108.5411376953
266.786224      1157.4147949219
267.160583      1130.7564697266
267.534912      1112.9842529297
267.909210      1121.8703613281
268.283447      1117.4272460938
268.657654      1135.1994628906
269.031860      1159.6362304688
269.406006      1144.0855712891
269.780151      1170.7438964844
270.154236      1130.7564697266
270.528290      1121.8703613281
270.902283      1086.3259277344
271.276306      1101.8765869141
271.650238      1166.3009033203
272.024170      1161.8577880859
272.398041      1079.6613769531
272.771881      1061.8891601563
273.145721      1119.6488037109
273.519531      1121.8703613281
273.893219      1004.1295166016
274.266937      1141.8640136719
274.640656      1117.4272460938
275.014282      1130.7564697266
275.387909      1101.8765869141
275.761475      1119.6488037109
276.135040      1077.4398193359
276.508514      1035.2308349609
276.882019      1072.9968261719
277.255463      1170.7438964844
277.628906      1110.7626953125
278.002258      1070.7752685547
278.375549      1090.7690429688
278.748901      1055.2246093750
279.122162      1128.5349121094
279.495392      1128.5349121094
279.868622      1172.9654541016
280.241791      1081.8829345703
280.614929      1095.2120361328
280.988007      1128.5349121094
281.361084      1141.8640136719
281.734131      1177.4084472656
282.107117      1106.3197021484
282.480072      1130.7564697266
282.853027      1079.6613769531
283.225952      1072.9968261719
283.598785      1186.2945556641
283.971619      1106.3197021484
284.344452      1141.8640136719
284.717194      1084.1043701172
285.089905      1157.4147949219
285.462616      1117.4272460938
285.835297      1168.5223388672
286.207886      1101.8765869141
286.580475      1126.3133544922
286.953064      1124.0919189453
287.325592      1139.6425781250
287.698059      1106.3197021484
288.070496      1026.3447265625
288.442963      1095.2120361328
288.815308      1117.4272460938
289.187683      1124.0919189453
289.559998      1137.4210205078
289.932281      1092.9904785156
290.304504      1137.4210205078
290.676727      1115.2058105469
291.048920      1084.1043701172
291.421082      1117.4272460938
291.793182      1108.5411376953
292.165222      1108.5411376953
292.537292      1097.4335937500
292.909332      1119.6488037109
293.281281      1088.5474853516
293.653198      1175.1870117188
294.025116      1108.5411376953
294.397003      1104.0981445313
294.768860      1150.7501220703
295.140656      1070.7752685547
295.512390      1130.7564697266
295.884125      1106.3197021484
296.255829      1097.4335937500
296.627502      1161.8577880859
296.999146      1168.5223388672
297.370728      1104.0981445313
297.742249      1135.1994628906
298.113831      1121.8703613281
298.485291      1181.8515625000
298.856781      1119.6488037109
299.228149      1072.9968261719
299.599579      1068.5537109375
299.970917      1121.8703613281
300.342224      1095.2120361328
300.713531      1119.6488037109
301.084778      1141.8640136719
301.455994      1119.6488037109
301.827148      1175.1870117188
302.198334      1079.6613769531
302.569427      1106.3197021484
302.940521      1159.6362304688
303.311554      1115.2058105469
303.682556      1146.3071289063
304.053528      1088.5474853516
304.424469      1115.2058105469
304.795380      1112.9842529297
305.166260      1132.9780273438
305.537048      1128.5349121094
305.907837      1146.3071289063
306.278625      1168.5223388672
306.649384      1110.7626953125
307.020050      1079.6613769531
307.390686      1119.6488037109
307.761353      1130.7564697266
308.131897      1077.4398193359
308.502502      1112.9842529297
308.872986      1146.3071289063
309.243500      1146.3071289063
309.613922      1035.2308349609
309.984344      1150.7501220703
310.354736      1132.9780273438
310.725098      1144.0855712891
311.095398      1175.1870117188
311.465637      1148.5286865234
311.835907      1148.5286865234
312.206116      1037.4523925781
312.576294      1170.7438964844
312.946411      1084.1043701172
313.316528      1099.6550292969
313.686584      1204.0667724609
314.056610      1141.8640136719
314.426605      1099.6550292969
314.796570      1186.2945556641
315.166504      1195.1806640625
315.536377      1141.8640136719
315.906250      1150.7501220703
316.276093      1112.9842529297
316.645844      1119.6488037109
317.015594      1095.2120361328
317.385315      1206.2883300781
317.755035      1121.8703613281
318.124603      1188.5161132813
318.494263      1188.5161132813
318.863831      1206.2883300781
319.233368      1210.7313232422
319.602875      1144.0855712891
319.972351      1272.9340820313
320.341797      1166.3009033203
320.711182      1301.8138427734
321.080536      1275.1556396484
321.449890      1248.4973144531
321.819183      1308.4785156250
322.188446      1232.9466552734
322.557648      1161.8577880859
322.926880      1277.3770751953
323.295990      1306.2569580078
323.665100      1350.6875000000
324.034210      1268.4909667969
324.403259      1399.5610351563
324.772247      1377.3458251953
325.141205      1375.1242675781
325.510193      1401.7825927734
325.879120      1450.6561279297
326.247955      1483.9790039063
326.616791      1543.9602050781
326.985596      1621.7136230469
327.354340      1639.4857177734
327.723053      1555.0677490234
328.091797      1592.8337402344
328.460449      1488.4219970703
328.829071      1552.8463134766
329.197632      1737.2329101563
329.566193      1770.5557861328
329.934753      1799.4355468750
330.303192      1781.6634521484
330.671631      1712.7961425781
331.040070      1670.5871582031
331.408478      1695.0239257813
331.776794      1726.1252441406
332.145081      1803.8786621094
332.513367      1794.9925537109
332.881592      1817.2077636719
333.249756      1861.6383056641
333.617920      1799.4355468750
333.986084      1746.1190185547
334.354156      1830.5369873047
334.722229      1892.7396240234
335.090240      1914.9549560547
335.458252      1914.9549560547
335.826202      1892.7396240234
336.194092      1874.9674072266
336.561951      1781.6634521484
336.929779      1797.2141113281
337.297577      1874.9674072266
337.665375      1841.6445312500
338.033142      1821.6508789063
338.400787      1954.9423828125
338.768463      2054.9111328125
339.136108      2048.2463378906
339.503693      2134.8859863281
339.871246      2121.5568847656
340.238770      2217.0822753906
340.606262      2217.0822753906
340.973755      2163.7658691406
341.341125      2272.6206054688
341.708527      2054.9111328125
342.075867      2188.2026367188
342.443146      2190.4240722656
342.810425      2223.7470703125
343.177673      2199.3100585938
343.544861      2199.3100585938
343.912018      2119.3352050781
344.279114      2141.5505371094
344.646271      2052.6894531250
345.013336      2021.5881347656
345.380341      2114.8920898438
345.747314      2152.6582031250
346.114258      2241.5190429688
346.481171      2232.6330566406
346.848022      2214.8608398438
347.214905      2297.0573730469
347.581726      2290.3928222656
347.948456      2230.4116210938
348.315186      2303.7219238281
348.681885      2292.6142578125
349.048584      2359.2600097656
349.415161      2274.8420410156
349.781738      2279.2851562500
350.148346      2394.8044433594
350.514862      2414.7980957031
350.881287      2443.6779785156
351.247742      2548.0895996094
351.614197      2472.5578613281
351.980530      2401.4689941406
352.346863      2481.4438476563
352.713165      2452.5639648438
353.079437      2479.2224121094
353.445679      2503.6591796875
353.811859      2652.5014648438
354.178009      2725.8117675781
354.544159      2741.3623046875
354.910217      2759.1345214844
355.276276      2781.3498535156
355.642303      2665.8305664063
356.008270      2723.5900878906
356.374176      2636.9506835938
356.740112      2632.5075683594
357.105988      2514.7668457031
357.471802      2399.2475585938
357.837585      2463.6716308594
358.203339      2374.8107910156
358.569092      2288.1711425781
358.934753      2254.8483886719
359.300415      2556.9758300781
359.666016      2608.0708007813
360.031616      2808.0080566406
360.397125      2854.6601562500
360.762634      2705.8178710938
361.128143      2670.2736816406
361.493530      2619.1784667969
361.858917      2728.0332031250
362.224274      2694.7104492188
362.589630      2839.1096191406
362.954895      2936.8566894531
363.320160      2976.8439941406
363.685394      2894.6477050781
364.050568      2941.2995605469
364.415680      2965.7363281250
364.780792      2912.4199218750
365.145874      2983.5085449219
365.510895      3032.3823242188
365.875854      3245.6486816406
366.240845      3354.5034179688
366.605774      3312.2944335938
366.970642      3350.0603027344
367.335480      3374.4970703125
367.700317      3274.5285644531
368.065125      3401.1555175781
368.429840      3294.5222167969
368.794525      3214.5473632813
369.159241      3281.1931152344
369.523834      3383.3833007813
369.888397      3558.8837890625
370.252991      3534.4470214844
370.617554      3496.6809082031
370.981995      3450.0290527344
371.346436      3478.9089355469
371.710846      3450.0290527344
372.075256      3552.2192382813
372.439545      3461.1367187500
372.803864      3276.7500000000
373.168121      3190.1105957031
373.532379      3196.7751464844
373.896545      3132.3508300781
374.260681      3012.3884277344
374.624847      3030.1606445313
374.988892      2992.3947753906
375.352936      3045.7114257813
375.716949      3292.3007812500
376.080933      3432.2568359375
376.444855      3436.6999511719
376.808716      3485.5734863281
377.172638      3585.5419921875
377.536469      3727.7197265625
377.900208      3821.0236816406
378.263947      3976.5305175781
378.627686      4107.6005859375
378.991364      3947.6506347656
379.354980      3578.8774414063
379.718628      3634.4155273438
380.082214      3490.0163574219
380.445709      3492.2380371094
380.809174      3869.8972167969
381.172668      3747.7133789063
381.536072      3787.7009277344
381.899475      3572.2128906250
382.262787      3316.7375488281
382.626129      3070.1481933594
382.989380      2979.0656738281
383.352631      2903.5336914063
383.715790      2883.5400390625
384.078979      2890.2045898438
384.442078      3030.1606445313
384.805145      3238.9841308594
385.168243      3427.8137207031
385.531250      3456.6936035156
385.894226      3536.6684570313
386.257141      3396.7124023438
386.620056      3507.7885742188
386.982941      3445.5859375000
387.345734      3567.7697753906
387.708527      3492.2380371094
388.071289      3372.2756347656
388.433990      3501.1240234375
388.796661      3554.4406738281
389.159332      3534.4470214844
389.521942      3732.1628417969
389.884491      3883.2265625000
390.247040      4020.9609375000
390.609528      4249.7783203125
390.971985      4218.6767578125
391.334412      4354.1899414063
391.696747      4574.1210937500
392.059143      4391.9555664063
392.421478      4085.3852539063
392.783691      3865.4543457031
393.145935      3290.0791015625
393.508148      3154.5661621094
393.870270      2847.9956054688
394.232391      3034.6037597656
394.594482      3403.3769531250
394.956573      3789.9223632813
395.318542      4169.8032226563
395.680511      4334.1962890625
396.042450      4356.4111328125
396.404388      4087.6066894531
396.766235      3487.7949218750
397.128021      3274.5285644531
397.489838      3345.6171875000
397.851563      3725.4980468750
398.213257      4176.4677734375
398.574951      4740.7353515625
398.936615      5118.3945312500
399.298187      5451.6235351563
399.659729      5362.7622070313
400.021271      5604.9086914063
400.382751      5536.0415039063
400.744202      5678.2192382813
401.105621      5640.4531250000
401.466980      5811.5107421875
401.828339      5869.2700195313
402.189606      6080.3149414063
402.550873      6038.1059570313
402.912140      5915.9223632813
403.273285      5789.2954101563
403.634430      5907.0361328125
403.995544      5949.2451171875
404.356659      5862.6054687500
404.717651      5918.1435546875
405.078674      5831.5043945313
405.439636      5867.0488281250
405.800568      5795.9599609375
406.161438      5833.7255859375
406.522278      5642.6748046875
406.883118      5784.8520507813
407.243866      5871.4916992188
407.604584      5727.0927734375
407.965302      6015.8906250000
408.325989      5942.5805664063
408.686584      6100.3085937500
409.047150      6329.1259765625
409.407715      6278.0307617188
409.768250      6313.5751953125
410.128723      5955.9096679688
410.489136      5751.5292968750
410.849518      5987.0112304688
411.209900      6011.4477539063
411.570190      6484.6328125000
411.930511      6651.2470703125
412.290741      6893.3935546875
412.650940      6780.0957031250
413.011078      6731.2221679688
413.371246      6577.9370117188
413.731354      6777.8740234375
414.091400      6737.8867187500
414.451385      6866.7348632813
414.811401      6808.9755859375
415.171356      6837.8554687500
415.531281      6851.1845703125
415.891113      6840.0766601563
416.250946      6893.3935546875
416.610718      7144.4257812500
416.970490      7051.1215820313
417.330200      6868.9565429688
417.689911      6988.9189453125
418.049530      6835.6337890625
418.409119      6964.4824218750
418.768707      6751.2158203125
419.128235      6753.4375000000
419.487701      6755.6586914063
419.847137      6842.2983398438
420.206573      6689.0131835938
420.565948      6717.8930664063
420.925232      7066.6723632813
421.284576      7351.0278320313
421.643860      7288.8247070313
422.003052      7335.4770507813
422.362213      7013.3559570313
422.721375      7106.6596679688
423.080536      6822.3046875000
423.439575      6860.0703125000
423.798584      6848.9628906250
424.157593      7033.3496093750
424.516571      6926.7163085938
424.875458      7093.3305664063
425.234314      7166.6411132813
425.593201      6995.5834960938
425.951965      6997.8051757813
426.310699      7031.1279296875
426.669495      7184.4130859375
427.028168      6980.0327148438
427.386810      6791.2031250000
427.745392      6846.7412109375
428.103973      6793.4248046875
428.462524      6817.8613281250
428.821045      6988.9189453125
429.179504      6788.9819335938
429.537903      6797.8676757813
429.896271      6429.0947265625
430.254608      5911.4790039063
430.612915      5760.4155273438
430.971222      5733.7573242188
431.329437      5795.9599609375
431.687622      6466.8603515625
432.045776      7146.6474609375
432.403900      7495.4267578125
432.761993      7328.8125000000
433.119995      7650.9335937500
433.477997      7748.6806640625
433.835968      7717.5795898438
434.193909      7450.9960937500
434.551758      7266.6098632813
434.909637      7570.9584960938
435.267395      7644.2690429688
435.625183      7977.4980468750
435.982910      8121.8969726563
436.340607      8452.9042968750
436.698273      8826.1201171875
437.055878      8517.3281250000
437.413452      8652.8417968750
437.770996      8583.9746093750
438.128479      8603.9677734375
438.485962      7961.9472656250
438.843384      7955.2827148438
439.200775      8119.6752929688
439.558136      8259.6318359375
439.915405      8566.2021484375
440.272705      8639.5126953125
440.629883      8652.8417968750
440.987091      8521.7714843750
441.344238      8963.8554687500
441.701355      9428.1542968750
442.058441      9361.5078125000
442.415436      9712.5087890625
442.772461      9881.3447265625
443.129425      9552.5595703125
443.486359      9768.0468750000
443.843231      9541.4521484375
444.200104      9716.9521484375
444.556885      9716.9521484375
444.913635      9803.5917968750
445.270355      9583.6611328125
445.627075      9576.9960937500
445.983704      9530.3437500000
446.340302      9381.5019531250
446.696869      9321.5205078125
447.053436      9610.3193359375
447.409912     10067.9531250000
447.766357     10119.0478515625
448.122803     10463.3847656250
448.479156     10410.0683593750
448.835510     10314.5429687500
449.191772     10427.8408203125
449.548096     10452.2773437500
449.904297     10672.2080078125
450.260437     10661.1005859375
450.616608     10945.4560546875
450.972687     10925.4619140625
451.328796     11000.9941406250
451.684814     10896.5820312500
452.040833     11132.0634765625
452.396729     10998.7724609375
452.752655     10618.8916015625
453.108551     10054.6240234375
453.464355     10070.1748046875
453.820160     10516.7011718750
454.175934     10601.1191406250
454.531616     10698.8662109375
454.887299     10738.8535156250
455.242950     10676.6513671875
455.598541     10510.0371093750
455.954102     10978.7783203125
456.309601     10889.9179687500
456.665131     11194.2666015625
457.020538     11285.3496093750
457.375977     11238.6972656250
457.731323     11376.4316406250
458.086670     11218.7031250000
458.441956     11045.4248046875
458.797211     11225.3681640625
459.152405     11258.6904296875
459.507538     11398.6474609375
459.862701     11594.1416015625
460.217773     11674.1162109375
460.572845     11627.4638671875
460.927856     11574.1474609375
461.282837     11798.5214843750
461.637756     12051.7753906250
461.992645     12098.4277343750
462.347504     12311.6943359375
462.702332     12329.4658203125
463.057129     12453.8710937500
463.411835     12587.1630859375
463.766541     12656.0302734375
464.121185     12431.6562500000
464.475830     12487.1943359375
464.830383     12613.8212890625
465.184937     12747.1132812500
465.539429     12771.5498046875
465.893921     12922.6132812500
466.248322     13366.9189453125
466.602753     13346.9248046875
466.957062     13435.7861328125
467.311371     13424.6777343750
467.665619     13542.4189453125
468.019897     13675.7109375000
468.374054     13613.5078125000
468.728180     13828.9960937500
469.082306     14308.8457031250
469.436371     14526.5546875000
469.790405     14575.4287109375
470.144379     14479.9023437500
470.498352     14439.9150390625
470.852264     14530.9980468750
471.206146     14968.6386718750
471.559967     15346.2978515625
471.913788     15319.6396484375
472.267487     15730.6210937500
472.621246     16041.6347656250
472.974915     16394.8574218750
473.328522     15981.6542968750
473.682129     16374.8642578125
474.035675     16730.3085937500
474.389191     16932.4667968750
474.742676     17065.7578125000
475.096130     17290.1328125000
475.449493     17516.7285156250
475.802856     17374.5507812500
476.156189     17583.3730468750
476.509460     17472.2968750000
476.862732     17516.7285156250
477.215912     17849.9570312500
477.569061     18263.1601562500
477.922150     18625.2695312500
478.275299     18869.6367187500
478.628296     19325.0488281250
478.981323     19611.6269531250
479.334259     19778.2402343750
479.687195     20167.0078125000
480.040070     20777.9277343750
480.392914     20864.5664062500
480.745728     20800.1425781250
481.098511     20913.4394531250
481.451202     22006.4316406250
481.803925     22124.1718750000
482.156525     22557.3691406250
482.509125     22395.1972656250
482.861694     22879.4902343750
483.214233     22706.2109375000
483.566711     22915.0351562500
483.919128     23217.1621093750
484.271576     23015.0039062500
484.623901     23079.4277343750
484.976257     23525.9550781250
485.328522     23197.1679687500
485.680786     22988.3457031250
486.032959     21819.8222656250
486.385132     20820.1367187500
486.737274     20977.8652343750
487.089325     21573.2343750000
487.441376     22204.1464843750
487.793396     23166.0664062500
488.145386     24114.6582031250
488.497284     24321.2597656250
488.849182     24392.3496093750
489.201019     24341.2539062500
489.552826     25094.3515625000
489.904572     25947.4179687500
490.256317     26827.1406250000
490.608002     26751.6093750000
490.959656     27062.6230468750
491.311249     26949.3242187500
491.662811     27098.1679687500
492.014343     26189.5625000000
492.365814     26087.3730468750
492.717285     26313.9687500000
493.068665     27600.2324218750
493.420044     27444.7246093750
493.771362     27682.4277343750
494.122650     27911.2460937500
494.473877     27844.5996093750
494.825104     29015.3437500000
495.176270     28762.0898437500
495.527374     29155.2988281250
495.878479     29093.0976562500
496.229492     28968.6914062500
496.580536     29208.6171875000
496.931458     29539.6230468750
497.282379     29872.8515625000
497.633270     29843.9726562500
497.984131     29746.2246093750
498.334900     29459.6484375000
498.685669     29204.1738281250
499.036377     29348.5722656250
499.387115     29610.7128906250
499.737701     29752.8906250000
500.088318     29695.1308593750
500.438904     29472.9785156250
500.789429     29399.6679687500
501.139893     28595.4746093750
501.490295     28444.4121093750
501.840729     28146.7265625000
502.191040     28515.5000000000
502.541382     28233.3671875000
502.891663     28608.8046875000
503.241913     28646.5703125000
503.592133     28080.0820312500
503.942322     27515.8144531250
504.292358     27031.5214843750
504.642395     27373.6367187500
504.992432     27844.5996093750
505.342468     28742.0957031250
505.692413     29228.6093750000
506.042358     30117.2207031250
506.392242     30383.8027343750
506.742035     30470.4433593750
507.091858     29912.8398437500
507.441528     30161.6503906250
507.791290     29810.6503906250
508.140961     30017.2519531250
508.490601     29995.0371093750
508.840210     30263.8417968750
509.189697     31527.8886718750
509.539215     31812.2441406250
509.888641     31610.0859375000
510.238098     31596.7558593750
510.587494     31936.6503906250
510.936859     32485.3671875000
511.286194     32489.8085937500
511.635498     33158.4882812500
511.984650     34087.0859375000
512.333862     33911.5859375000
512.682922     33507.2695312500
513.032043     33944.9101562500
513.381104     33751.6367187500
513.730164     33456.1718750000
514.079163     33696.0976562500
514.428040     33365.0898437500
514.776978     33398.4140625000
515.125793     33818.2812500000
515.474609     34095.9726562500
515.823425     34613.5859375000
516.172180     34669.1250000000
516.520813     34404.7656250000
516.869568     32409.8339843750
517.218079     30697.0390625000
517.566650     30752.5761718750
517.915161     31921.0996093750
518.263672     31863.3398437500
518.612183     31801.1367187500
518.960571     32216.5625000000
519.308899     33009.6445312500
519.657227     33778.2929687500
520.005554     35086.7734375000
520.353699     35484.4257812500
520.701904     35051.2265625000
521.050110     35622.1601562500
521.398254     35968.7187500000
521.746338     36652.9492187500
522.094421     36824.0039062500
522.442383     36752.9179687500
522.790222     36695.1562500000
523.138184     35684.3632812500
523.486145     35959.8320312500
523.833984     36559.6445312500
524.181763     36728.4804687500
524.529541     37565.9960937500
524.877197     37439.3671875000
525.224915     37454.9179687500
525.572449     37326.0703125000
525.920105     37203.8867187500
526.267639     37072.8164062500
526.615173     35142.3125000000
526.962646     34200.3828125000
527.309998     33967.1250000000
527.657410     34189.2773437500
528.004700     34651.3554687500
528.351990     35864.3046875000
528.699280     36110.8945312500
529.046509     36792.9023437500
529.393677     37852.5703125000
529.740845     37237.2109375000
530.087891     37110.5820312500
530.434998     37254.9804687500
530.781921     37446.0312500000
531.128906     37994.7500000000
531.475891     37963.6484375000
531.822815     37777.0390625000
532.169617     37872.5664062500
532.516418     36775.1328125000
532.863159     36446.3476562500
533.209839     36259.7382812500
533.556580     36981.7343750000
533.903198     36730.7031250000
534.249817     37106.1406250000
534.596436     37439.3671875000
534.942932     37801.4765625000
535.289368     37939.2109375000
535.635803     38485.7070312500
535.982178     39372.0937500000
536.328552     39583.1406250000
536.674805     38623.4414062500
537.021118     38021.4062500000
537.367371     38281.3281250000
537.713501     38414.6171875000
538.059692     39114.3984375000
538.405701     39032.2031250000
538.751831     39114.3984375000
539.097839     39085.5195312500
539.443787     38856.7031250000
539.789734     38194.6875000000
540.135620     37639.3046875000
540.481506     37343.8437500000
540.827209     36435.2382812500
541.173035     36113.1171875000
541.518799     36017.5937500000
541.864502     36688.4921875000
542.210144     36792.9023437500
542.555786     37217.2148437500
542.901245     37246.0937500000
543.246826     36979.5117187500
543.592285     36883.9882812500
543.937683     37310.5195312500
544.283142     38112.4921875000
544.628479     38436.8320312500
544.973816     38261.3320312500
545.319031     38305.7617187500
545.664307     38521.2500000000
546.009399     38183.5781250000
546.354614     38565.6796875000
546.699707     37961.4257812500
547.044739     38467.9335937500
547.389832     38394.6250000000
547.734802     38194.6875000000
548.079712     38534.5820312500
548.424622     38576.7890625000
548.769409     39067.7460937500
549.114258     39600.9140625000
549.459045     39316.5585937500
549.803772     39687.5507812500
550.148499     39954.1367187500
550.493103     40531.7304687500
550.837708     40140.7421875000
551.182190     40165.1796875000
551.526733     40558.3906250000
551.871216     40174.0664062500
552.215698     40982.6992187500
552.560120     41213.7382812500
552.904480     40627.2578125000
553.248718     40662.8007812500
553.592957     40773.8789062500
553.937195     40984.9218750000
554.281372     41036.0195312500
554.625549     40764.9921875000
554.969666     41829.1015625000
555.313721     41635.8281250000
555.657654     41291.4921875000
556.001709     41371.4687500000
556.345581     41658.0429687500
556.689514     40793.8710937500
557.033325     40460.6445312500
557.377197     40069.6523437500
557.720947     40200.7226562500
558.064575     40525.0664062500
558.408264     40385.1093750000
558.751892     40176.2890625000
559.095520     39232.1406250000
559.439087     38652.3203125000
559.782654     38605.6679687500
560.126099     38965.5546875000
560.469543     38645.6562500000
560.812927     39038.8671875000
561.156250     38958.8906250000
561.499512     39612.0195312500
561.842773     39107.7343750000
562.185974     38754.5117187500
562.529175     38354.6367187500
562.872314     38581.2304687500
563.215332     38907.7968750000
563.558472     38963.3359375000
563.901367     38532.3593750000
564.244385     38239.1171875000
564.587341     38145.8125000000
564.930237     38179.1367187500
565.273071     38208.0156250000
565.615845     38014.7421875000
565.958557     37543.7812500000
566.301331     36426.3515625000
566.643860     36655.1679687500
566.986511     36761.8046875000
567.329163     36901.7578125000
567.671692     36881.7656250000
568.014221     36321.9414062500
568.356628     34642.4687500000
568.699036     33731.6406250000
569.041321     33480.6093750000
569.383728     33000.7617187500
569.726013     32545.3476562500
570.068298     32312.0878906250
570.410461     32758.6132812500
570.752686     32509.8027343750
571.094727     32754.1718750000
571.436768     32676.4179687500
571.778809     32492.0312500000
572.120850     32405.3906250000
572.462769     32611.9941406250
572.804688     32754.1718750000
573.146606     32518.6894531250
573.488342     32034.3964843750
573.830139     32776.3867187500
574.171814     32589.7773437500
574.513550     31961.0859375000
574.855164     32203.2324218750
575.196838     31858.8964843750
575.538391     31663.4023437500
575.879883     31103.5781250000
576.221375     31227.9824218750
576.562744     31747.8203125000
576.904175     32096.5996093750
577.245483     32500.9179687500
577.586792     32736.3984375000
577.928101     32665.3105468750
578.269348     32527.5761718750
578.610535     32678.6386718750
578.951660     32669.7539062500
579.292664     33296.2226562500
579.633728     33929.3593750000
579.974792     34264.8085937500
580.315796     34977.9179687500
580.656677     35744.3437500000
580.997498     36153.1054687500
581.338379     36784.0195312500
581.679138     37497.1289062500
582.019897     38001.4140625000
582.360657     38574.5664062500
582.701294     38989.9921875000
583.041931     39358.7656250000
583.382507     39572.0312500000
583.723022     40109.6406250000
584.063538     40549.5039062500
584.403931     40427.3203125000
584.744385     40505.0742187500
585.084778     41071.5625000000
585.425110     40729.4453125000
585.765381     40416.2109375000
586.105591     40169.6210937500
586.445801     39856.3867187500
586.785889     39414.3046875000
587.125977     39387.6445312500
587.466064     38825.6015625000
587.806152     38030.2929687500
588.146118     35826.5390625000
588.486023     33967.1250000000
588.825928     31525.6679687500
589.165710     28853.1718750000
589.505554     26482.8046875000
589.845337     25134.3378906250
590.185120     24896.6347656250
590.524780     25785.2460937500
590.864441     27078.1738281250
591.203918     28173.3847656250
591.543518     28108.9609375000
591.882996     28399.9804687500
592.222473     28026.7656250000
592.561890     28599.9179687500
592.901306     29601.8261718750
593.240662     30714.8105468750
593.579895     31721.1621093750
593.919128     32847.4765625000
594.258301     32056.6113281250
594.597473     30394.9101562500
594.936646     28928.7050781250
595.275696     28708.7734375000
595.614807     29168.6289062500
595.953796     30830.3300781250
596.292725     31765.5917968750
596.631592     32327.6386718750
596.970398     32625.3222656250
597.309204     33089.6210937500
597.648010     32565.3417968750
597.986755     33056.2968750000
598.325500     33349.5390625000
598.664124     33933.8007812500
599.002686     34293.6875000000
599.341187     34462.5234375000
599.679749     35664.3710937500
600.018250     35906.5156250000
600.356628     36826.2265625000
600.695068     36837.3359375000
601.033386     37665.9648437500
601.371643     36839.5546875000
601.709900     37659.3007812500
602.048035     38165.8085937500
602.386292     38274.6601562500
602.724426     38867.8085937500
603.062500     39463.1796875000
603.400574     40005.2304687500
603.738525     41007.1367187500
604.076477     41231.5117187500
604.414307     41142.6523437500
604.752197     41533.6406250000
605.090027     41886.8632812500
605.427795     41695.8125000000
605.765564     41578.0703125000
606.103210     42200.0976562500
606.440857     41784.6718750000
606.778442     42262.3007812500
607.115967     42426.6914062500
607.453552     42804.3515625000
607.791016     42873.2187500000
608.128418     42380.0390625000
608.465820     42364.4882812500
608.803162     42453.3515625000
609.140442     42904.3203125000
609.477661     42599.9726562500
609.814880     43037.6132812500
610.152100     42411.1406250000
610.489258     42544.4335937500
610.826294     42677.7265625000
611.163269     42702.1601562500
611.500305     43150.9101562500
611.837219     43259.7656250000
612.174072     43184.2343750000
612.510986     43626.3164062500
612.847839     43104.2578125000
613.184570     43355.2890625000
613.521362     43670.7460937500
613.857971     43277.5351562500
614.194641     43419.7148437500
614.531189     43335.2968750000
614.867737     43739.6132812500
615.204285     44141.7109375000
615.540771     44097.2812500000
615.877197     44299.4375000000
616.213562     43937.3281250000
616.549927     43744.0585937500
616.886169     43124.2500000000
617.222351     43497.4687500000
617.558594     44070.6210937500
617.894775     44010.6406250000
618.230896     44486.0468750000
618.566956     45263.5820312500
618.902954     45034.7617187500
619.238953     45065.8632812500
619.574890     45550.1562500000
619.910767     45228.0351562500
620.246643     46018.8984375000
620.582458     46010.0117187500
620.918213     45896.7148437500
621.253967     46096.6523437500
621.589661     45712.3281250000
621.925232     45841.1757812500
622.260803     45210.2656250000
622.596375     45703.4414062500
622.931885     45359.1054687500
623.267334     45108.0742187500
623.602722     44914.8007812500
623.938110     44892.5859375000
624.273376     45081.4140625000
624.608643     44743.7421875000
624.943848     43943.9960937500
625.279114     43819.5898437500
625.614258     43375.2851562500
625.949341     43575.2226562500
626.284424     42671.0585937500
626.619446     43233.1054687500
626.954407     42508.8906250000
627.289307     42344.4960937500
627.624207     41238.1757812500
627.959045     38687.8671875000
628.293884     36270.8476562500
628.628601     35664.3710937500
628.963257     35804.3242187500
629.297913     36446.3476562500
629.632507     37446.0312500000
629.967102     37268.3125000000
630.301697     38234.6757812500
630.636169     38634.5468750000
630.970581     39572.0312500000
631.304993     40142.9648437500
631.639282     39969.6875000000
631.973572     39272.1250000000
632.307861     39667.5585937500
632.642090     39434.2968750000
632.976257     40507.2929687500
633.310425     41440.3359375000
633.644470     41920.1835937500
633.978516     42115.6796875000
634.312439     42695.4960937500
634.646423     43128.6953125000
634.980347     43564.1132812500
635.314209     43866.2421875000
635.648071     44719.3085937500
635.981812     44470.4960937500
636.315552     44803.7265625000
636.649170     45310.2343750000
636.982849     45467.9609375000
637.316406     46118.8671875000
637.649963     45607.9179687500
637.983521     46687.5781250000
638.317017     47278.5039062500
638.650391     47713.9218750000
638.983765     47856.1015625000
639.317078     48016.0507812500
639.650391     48002.7226562500
639.983643     48313.7343750000
640.316833     48566.9882812500
640.649963     48193.7734375000
640.983032     48111.5781250000
641.316101     48104.9101562500
641.649109     48358.1640625000
641.982056     48442.5820312500
642.315002     48871.3398437500
642.647888     49297.8710937500
642.980774     49420.0546875000
643.313538     49024.6250000000
643.646301     49277.8789062500
643.979004     49180.1289062500
644.311646     48931.3203125000
644.644226     48900.2187500000
644.976868     48478.1289062500
645.309387     48369.2734375000
645.641846     47565.0820312500
645.974243     46505.4140625000
646.306702     45228.0351562500
646.638977     43266.4296875000
646.971252     41609.1718750000
647.303528     39636.4570312500
647.635803     38738.9609375000
647.967957     37190.5585937500
648.300110     36186.4296875000
648.632141     36010.9257812500
648.964111     36901.7578125000
649.296082     36819.5625000000
649.628113     37492.6835937500
649.960022     38667.8710937500
650.291870     40398.4414062500
650.623718     42764.3632812500
650.955383     44439.3945312500
651.287109     44994.7773437500
651.618774     43270.8710937500
651.950378     41513.6445312500
652.281982     39816.3984375000
652.613586     40660.5781250000
652.945068     42502.2226562500
653.276489     44137.2656250000
653.607910     44934.7929687500
653.939209     45399.0937500000
654.270569     45692.3359375000
654.601807     45725.6562500000
654.933105     44386.0781250000
655.264221     43755.1640625000
655.595398     42451.1289062500
655.926453     41738.0195312500
656.257507     39734.2031250000
656.588440     37968.0898437500
656.919434     37206.1093750000
657.250366     38456.8281250000
657.581238     40393.9960937500
657.912048     42095.6835937500
658.242798     44215.0195312500
658.573486     45223.5937500000
658.904114     46134.4179687500
659.234802     47091.8945312500
659.565430     48007.1640625000
659.895996     48358.1640625000
660.226501     48606.9765625000
660.556946     49593.3320312500
660.887329     49713.2968750000
661.217712     50497.4960937500
661.547974     51175.0585937500
661.878296     51170.6171875000
662.208557     51752.6562500000
662.538757     52023.6835937500
662.868896     52212.5117187500
663.198975     52183.6328125000
663.528992     52132.5390625000
663.859009     51979.2539062500
664.188904     52014.7968750000
664.518860     51932.6015625000
664.848755     51839.2968750000
665.178589     52199.1835937500
665.508362     52428.0000000000
665.838013     52716.7968750000
666.167725     53036.6992187500
666.497375     52543.5195312500
666.826965     52783.4453125000
667.156494     52501.3085937500
667.486084     53165.5468750000
667.815552     52843.4257812500
668.144897     52927.8437500000
668.474304     53123.3359375000
668.803528     53070.0195312500
669.132813     53083.3515625000
669.462036     53485.4453125000
669.791260     53476.5585937500
670.120422     53323.2734375000
670.449463     53454.3437500000
670.778564     53478.7812500000
671.107544     53145.5546875000
671.436523     53343.2695312500
671.765381     53067.8007812500
672.094299     53045.5859375000
672.423157     53116.6718750000
672.751831     52841.2031250000
673.080627     53232.1914062500
673.409302     53398.8085937500
673.737976     53303.2812500000
674.066528     53383.2578125000
674.395081     53396.5859375000
674.723572     53185.5390625000
675.052002     53343.2695312500
675.380432     53198.8710937500
675.708801     53343.2695312500
676.037170     53447.6796875000
676.365417     53683.1601562500
676.693665     53463.2304687500
677.021851     53736.4804687500
677.349976     53456.5664062500
677.678040     53225.5273437500
678.006042     53412.1367187500
678.334106     53660.9453125000
678.662048     53381.0351562500
678.989929     53463.2304687500
679.317810     53223.3046875000
679.645630     53552.0937500000
679.973389     53458.7890625000
680.301086     53312.1679687500
680.628845     53201.0898437500
680.956482     53272.1796875000
681.283997     53156.6601562500
681.611572     53163.3242187500
681.939087     52867.8632812500
682.266541     53076.6875000000
682.593872     52832.3164062500
682.921265     52936.7304687500
683.248596     52485.7617187500
683.575806     52576.8437500000
683.903076     52656.8164062500
684.230286     52057.0039062500
684.557373     51657.1289062500
684.884399     51583.8203125000
685.211487     51928.1562500000
685.538513     52188.0742187500
685.865417     51643.8007812500
686.192261     51659.3515625000
686.519165     50801.8437500000
686.845947     47511.7656250000
687.172729     40533.9531250000
687.499451     31334.6152343750
687.826111     25640.8457031250
688.152771     24721.1347656250
688.479248     27062.6230468750
688.805847     28608.8046875000
689.132324     28810.9628906250
689.458801     28124.5117187500
689.785095     28642.1269531250
690.111511     29030.8945312500
690.437805     30043.9101562500
690.764038     31128.0136718750
691.090210     32223.2265625000
691.416443     33678.3242187500
691.742554     34804.6406250000
692.068604     35506.6406250000
692.394592     34766.8710937500
692.720581     34155.9531250000
693.046509     32834.1445312500
693.372375     31088.0273437500
693.698242     30077.2324218750
694.023987     28873.1660156250
694.349792     27982.3339843750
694.675476     27809.0546875000
695.001099     28422.1972656250
695.326721     29353.0156250000
695.652222     29908.3964843750
695.977783     30077.2324218750
696.303284     30734.8046875000
696.628723     33378.4179687500
696.954041     36601.8515625000
697.279358     39543.1523437500
697.604675     41171.5312500000
697.929871     41744.6835937500
698.255066     42053.4765625000
698.580200     40867.1835937500
698.905334     39525.3789062500
699.230286     36266.4023437500
699.555359     33942.6875000000
699.880310     32863.0273437500
700.205261     32660.8671875000
700.530029     31616.7500000000
700.854919     31056.9257812500
701.179688     30214.9667968750
701.504456     30246.0683593750
701.829102     30454.8925781250
702.153687     29901.7324218750
702.478271     30712.5898437500
702.802856     30015.0292968750
703.127319     31565.6542968750
703.451721     33667.2187500000
703.776123     36575.1953125000
704.100464     37956.9843750000
704.424805     37557.1093750000
704.749084     37945.8750000000
705.073303     37956.9843750000
705.397461     36912.8671875000
705.721558     36386.3632812500
706.045654     35639.9335937500
706.369690     35753.2304687500
706.693604     35415.5585937500
707.017578     36353.0429687500
707.341431     36701.8203125000
707.665283     37777.0390625000
707.989075     36828.4492187500
708.312805     37463.8046875000
708.636536     38439.0546875000
708.960144     39283.2343750000
709.283752     39991.9023437500
709.607361     39934.1406250000
709.930847     39672.0000000000
710.254333     39383.2031250000
710.577759     38941.1210937500
710.901062     39267.6835937500
711.224426     39367.6523437500
711.547668     40187.3945312500
711.870911     41076.0039062500
712.194153     41669.1523437500
712.517212     41800.2226562500
712.840332     42037.9257812500
713.163391     41307.0429687500
713.486389     40462.8632812500
713.809326     39800.8515625000
714.132202     40165.1796875000
714.455078     40220.7187500000
714.777893     38765.6171875000
715.100586     36681.8281250000
715.423401     35790.9960937500
715.746094     34495.8476562500
716.068604     33787.1796875000
716.391235     31536.7753906250
716.713745     27942.3476562500
717.036255     23381.5546875000
717.358643     18398.6738281250
717.681030     15257.4365234375
718.003418     13166.9814453125
718.325745     11754.0908203125
718.647888     10578.9042968750
718.970154      9912.4462890625
719.292297      9370.3945312500
719.614380      8712.8222656250
719.936401      8130.7832031250
720.258423      7617.6108398438
720.580383      7424.3378906250
720.902283      8190.7641601563
721.224182     10354.5302734375
721.545959     13184.7539062500
721.867737     15968.3251953125
722.189453     18836.3144531250
722.511169     20593.5410156250
722.832764     21897.5761718750
723.154419     21551.0175781250
723.475952     19336.1582031250
723.797424     17047.9863281250
724.118896     15050.8349609375
724.440247     13615.7294921875
724.761597     12487.1943359375
725.082886     11936.2558593750
725.404175     11643.0146484375
725.725342     11867.3886718750
726.046509     11596.3623046875
726.367615     11656.3437500000
726.688721     11722.9892578125
727.009644     12067.3261718750
727.330688     12538.2890625000
727.651611     12380.5615234375
727.972473     11340.8876953125
728.293274     11305.3427734375
728.614075     13009.2529296875
728.934814     14268.8574218750
729.255493     14117.7939453125
729.576172     12935.9423828125
729.896729     12784.8789062500
730.217285     13078.1201171875
730.537720     13109.2216796875
730.858215     12871.5185546875
731.178650     12802.6513671875
731.498962     13038.1328125000
731.819214     12815.9804687500
732.139526     14219.9843750000
732.459778     16612.5664062500
732.779846     19445.0117187500
733.100037     21408.8398437500
733.420105     22135.2792968750
733.740112     23828.0820312500
734.060059     25771.9160156250
734.380066     27802.3906250000
734.699890     29197.5078125000
735.019775     28773.1972656250
735.339478     28437.7460937500
735.659241     27749.0742187500
735.978943     27946.7890625000
736.298584     27024.8574218750
736.618164     26096.2597656250
736.937744     25794.1308593750
737.257263     25783.0234375000
737.576599     27127.0468750000
737.896057     28133.3984375000
738.215393     29330.8007812500
738.534729     29601.8261718750
738.853943     30001.7011718750
739.173157     30203.8593750000
739.492371     30954.7343750000
739.811523     30719.2539062500
740.130493     31803.3574218750
740.449524     33445.0664062500
740.768555     34342.5625000000
741.087463     35424.4453125000
741.406311     35973.1601562500
741.725159     36110.8945312500
742.043945     37272.7539062500
742.362610     37170.5625000000
742.681396     37632.6406250000
743.000061     37932.5468750000
743.318604     38576.7890625000
743.637146     40007.4531250000
743.955627     41195.9687500000
744.274109     41073.7851562500
744.592407     40784.9843750000
744.910828     40996.0312500000
745.229126     41409.2343750000
745.547424     41969.0585937500
745.865540     41724.6914062500
746.183777     42089.0195312500
746.501892     42055.6992187500
746.819946     42213.4257812500
747.137939     42151.2226562500
747.455872     42357.8242187500
747.773865     42280.0703125000
748.091736     42082.3554687500
748.409485     42357.8242187500
748.727295     42353.3828125000
749.045044     41940.1796875000
749.362671     41889.0820312500
749.680298     41882.4179687500
749.997925     41258.1718750000
750.315491     41491.4296875000
750.632874     41580.2929687500
750.950378     41606.9492187500
751.267822     41220.4062500000
751.585083     41069.3398437500
751.902405     40960.4843750000
752.219666     41718.0273437500
752.536865     41495.8750000000
752.854004     41049.3476562500
753.171082     41027.1328125000
753.488159     41462.5507812500
753.805176     41538.0820312500
754.122070     41495.8750000000
754.439026     41546.9687500000
754.755920     41351.4726562500
755.072693     41520.3085937500
755.389465     41222.6250000000
755.706177     41649.1601562500
756.022888     41409.2343750000
756.339478     41689.1445312500
756.656006     41531.4179687500
756.972595     41422.5625000000
757.289063     40962.7070312500
757.605408     41271.5000000000
757.921814     41462.5507812500
758.238159     40882.7343750000
758.554443     40753.8828125000
758.870667     40287.3632812500
759.186890     39207.7031250000
759.503052     35826.5390625000
759.819092     29719.5664062500
760.135132     21413.2832031250
760.451172     14515.4472656250
760.767029      9783.5976562500
761.082947      6649.0253906250
761.398804      4889.5776367188
761.714600      4192.0185546875
762.030396      4729.6274414063
762.346008      5478.2817382813
762.661682      5633.7885742188
762.977295      4698.5263671875
763.292908      3676.6245117188
763.608337      3110.1354980469
763.923828      2863.5463867188
764.239258      2916.8627929688
764.554626      3205.6611328125
764.869873      3663.2954101563
765.185181      4540.7978515625
765.500427      5682.6621093750
765.815491      7237.7299804688
766.130615      9119.3623046875
766.445740     11538.6035156250
766.760803     13842.3251953125
767.075745     16770.2949218750
767.390686     19387.2519531250
767.705566     22084.1835937500
768.020386     24801.1093750000
768.335144     27369.1933593750
768.649902     29377.4531250000
768.964539     31068.0332031250
769.279175     32125.4785156250
769.593750     33536.1484375000
769.908264     34142.6250000000
770.222839     35171.1914062500
770.537170     35706.5781250000
770.851624     36819.5625000000
771.165955     37783.7031250000
771.480286     38181.3593750000
771.794495     38101.3828125000
772.108704     37996.9726562500
772.422852     38503.4804687500
772.736938     38352.4140625000
773.050964     38892.2460937500
773.364990     38703.4179687500
773.678894     38812.2695312500
773.992798     39492.0585937500
774.306641     39161.0507812500
774.620422     38592.3398437500
774.934204     38616.7773437500
775.247864     38347.9726562500
775.561584     38561.2382812500
775.875183     38248.0039062500
776.188721     38694.5312500000
776.502197     38310.2070312500
776.815735     38441.2773437500
777.129150     38687.8671875000
777.442444     38461.2695312500
777.755737     38032.5156250000
778.069092     37839.2421875000
778.382324     37581.5468750000
778.695435     37803.6992187500
779.008545     37637.0820312500
779.321594     37357.1718750000
779.634644     37221.6601562500
779.947571     36788.4609375000
780.260498     36504.1054687500
780.573364     36561.8671875000
780.886169     35973.1601562500
781.198975     36524.0976562500
781.511719     35942.0585937500
781.824402     36095.3437500000
782.136963     35890.9648437500
782.449585     35893.1875000000
782.762146     35553.2929687500
783.074646     35717.6875000000
783.387024     34795.7539062500
783.699402     34984.5820312500
784.011719     34144.8476562500
784.324097     33462.8359375000
784.636230     33029.6406250000
784.948425     32703.0761718750
785.260620     32707.5195312500
785.572632     32423.1640625000
785.884644     32047.7265625000
786.196655     31276.8574218750
786.508667     30374.9179687500
786.820496     29575.1679687500
787.132324     28155.6132812500
787.444153     27802.3906250000
787.755859     26856.0214843750
788.067566     26609.4316406250
788.379211     26094.0371093750
788.690796     25725.2636718750
789.002319     25156.5546875000
789.313782     23632.5878906250
789.625305     22652.8945312500
789.936707     21930.8984375000
790.247986     21513.2519531250
790.559326     21910.9062500000
790.870605     21642.1015625000
791.181763     21837.5957031250
791.492920     21830.9296875000
791.803955     21659.8730468750
792.115051     21946.4492187500
792.426086     21906.4628906250
792.737000     21942.0058593750
793.047913     21968.6640625000
793.358765     21850.9238281250
793.669495     22690.6601562500
793.980347     23688.1250000000
794.291016     25012.1542968750
794.601685     24556.7421875000
794.912292     24585.6210937500
795.222778     23974.7031250000
795.533325     23728.1132812500
795.843811     23041.6621093750
796.154175     21730.9609375000
796.464539     19796.0136718750
796.774902     18874.0800781250
797.085022     18614.1621093750
797.395325     19129.5546875000
797.705505     19662.7207031250
798.015625     19771.5761718750
798.325623     19942.6347656250
798.635620     19611.6269531250
798.945618     19696.0449218750
799.255554     19660.5000000000
799.565369     19513.8789062500
799.875183     19069.5742187500
800.184998     17983.2480468750
800.494690     18058.7792968750
800.804321     17736.6582031250
801.113953     17967.6972656250
801.423462     17785.5332031250
801.732910     17101.3027343750
802.042419     16912.4726562500
802.351868     16745.8593750000
802.661255     16110.5019531250
802.970520     15495.1396484375
803.279785     15235.2216796875
803.588989     15726.1787109375
803.898193     16123.8320312500
804.207275     16217.1357421875
804.516357     15999.4257812500
804.825378     16299.3320312500
805.134277     16517.0410156250
805.443176     17312.3476562500
805.752136     18491.9785156250
806.060974     18634.1562500000
806.369629     18647.4843750000
806.678406     18607.4960937500
806.987061     18718.5742187500
807.295715     18720.7949218750
807.604187     18558.6230468750
807.912720     18505.3066406250
808.221191     18387.5664062500
808.529663     17661.1269531250
808.837952     17598.9238281250
809.146301     16885.8144531250
809.454590     16748.0800781250
809.762756     15895.0146484375
810.070923     14770.9228515625
810.379028     14704.2763671875
810.687073     14171.1103515625
810.995117     13624.6152343750
811.303040     12878.1826171875
811.611023     12211.7255859375
811.918884     11845.1738281250
812.226624     11378.6533203125
812.534424     10792.1708984375
812.842163     10465.6064453125
813.149719      9992.4218750000
813.457397      9330.4072265625
813.764954      8464.0117187500
814.072510      7710.9145507813
814.379883      7157.7548828125
814.687378      6722.3359375000
814.994690      6169.1762695313
815.302063      5669.3330078125
815.609314      5318.3320312500
815.916504      4936.2294921875
816.223694      4856.2543945313
816.530762      4589.6713867188
816.837830      4183.1323242188
817.144836      4145.3662109375
817.451843      4427.5000000000
817.758667      4500.8105468750
818.065552      4443.0507812500
818.372375      4314.2021484375
818.679138      4320.8671875000
818.985779      4345.3037109375
819.292480      4414.1708984375
819.599121      4658.5390625000
819.905701      4571.8994140625
820.212158      4989.5458984375
820.518616      5620.4594726563
820.825012      6677.9052734375
821.131348      8039.7006835938
821.437683      8195.2070312500
821.743896      7857.5356445313
822.050110      7944.1748046875
822.356262      7459.8823242188
822.662415      6711.2285156250
822.968445      5893.7070312500
823.274475      5018.4257812500
823.580322      4516.3613281250
823.886292      4465.2661132813
824.192200      4887.3559570313
824.497864      5207.2553710938
824.803711      6126.9672851563
825.109375      6880.0644531250
825.415039      7468.7685546875
825.720581      7702.0288085938
826.026184      7506.5346679688
826.331665      7219.9575195313
826.637146      7357.6923828125
826.942444      7993.0483398438
827.247803      8275.1826171875
827.553162      8155.2197265625
827.858398      7062.2294921875
828.163574      6493.5190429688
828.468750      6142.5175781250
828.773804      6124.7456054688
829.078796      6175.8408203125
829.383850      6149.1826171875
829.688782      6238.0434570313
829.993713      6431.3159179688
830.298462      6504.6264648438
830.603271      6700.1206054688
830.908020      6651.2470703125
831.212708      6709.0068359375
831.517273      6837.8554687500
831.821960      6855.6274414063
832.126465      6817.8613281250
832.430908      6884.5073242188
832.735352      7115.5458984375
833.039734      7171.0839843750
833.344116      7442.1103515625
833.648315      6968.9252929688
833.952576      7199.9638671875
834.256714      7335.4770507813
834.560913      7773.1176757813
834.864929      8088.5742187500
835.169006      8519.5498046875
835.472961      8677.2783203125
835.776917      8675.0566406250
836.080750      9072.7099609375
836.384583      9223.7734375000
836.688354      9528.1230468750
836.992004      9845.8007812500
837.295654      9868.0156250000
837.599365      9963.5419921875
837.902893      9876.9023437500
838.206360     10076.8388671875
838.509827     10119.0478515625
838.813293     10176.8076171875
839.116699     10343.4228515625
839.419922     10461.1630859375
839.723206     10769.9550781250
840.026428     11023.2089843750
840.329590     11269.7988281250
840.632690     11167.6083984375
840.935730     11096.5195312500
841.238708     11318.6718750000
841.541626     11060.9755859375
841.844543     11374.2099609375
842.147461     11467.5146484375
842.450256     11742.9833984375
842.752930     11854.0595703125
843.055664     12342.7949218750
843.358337     12198.3964843750
843.660889     11929.5917968750
843.963440     11694.1103515625
844.265930     11996.2373046875
844.568420     11909.5976562500
844.870728     11969.5791015625
845.173096     12069.5478515625
845.475403     12187.2880859375
845.777649     12338.3525390625
846.079834     12378.3398437500
846.381958     12527.1816406250
846.684021     12767.1064453125
846.986145     12969.2656250000
847.288025     13189.1962890625
847.589966     12873.7402343750
847.891846     12940.3857421875
848.193665     12709.3466796875
848.495483     12709.3466796875
848.797180     12798.2080078125
849.098877     12667.1376953125
849.400452     12560.5048828125
849.702026     12225.0546875000
850.003540     12262.8203125000
850.304993     11967.3574218750
850.606445     11776.3066406250
850.907776     11696.3310546875
851.209106     11711.8818359375
851.510315     11405.3115234375
851.811584     11385.3173828125
852.112671     11094.2978515625
852.413879     10956.5634765625
852.714844     10996.5507812500
853.015869     11107.6269531250
853.316833     10961.0068359375
853.617737     11129.8427734375
853.918579     11198.7099609375
854.219360     10827.7148437500
854.520142     10523.3662109375
854.820862     10081.2822265625
855.121399      9912.4462890625
855.421997      9963.5419921875
855.722595     10099.0546875000
856.023071     10154.5927734375
856.323486     10503.3720703125
856.623901     10385.6318359375
856.924255     10681.0947265625
857.224487     10647.7714843750
857.524719     10745.5185546875
857.824890     10776.6201171875
858.125000     10734.4111328125
858.425049     10949.8984375000
858.725098     10941.0126953125
859.025085     10861.0380859375
859.325012     10972.1142578125
859.624817     10807.7216796875
859.924683     10965.4492187500
860.224487     10807.7216796875
860.524170     10976.5576171875
860.823792     10767.7333984375
861.123474     10701.0878906250
861.422974     10918.7978515625
861.722412     10754.4042968750
862.021912     10863.2597656250
862.321350     10776.6201171875
862.620728     10841.0439453125
862.919983     10754.4042968750
863.219238     10425.6191406250
863.518433     10434.5048828125
863.817505     10252.3398437500
864.116638     10092.3896484375
864.415710     10392.2958984375
864.714722     10101.2763671875
865.013550     10125.7128906250
865.312439     10116.8271484375
865.611328     10234.5673828125
865.910156     10412.2900390625
866.208801     10436.7265625000
866.507507      9965.7626953125
866.806091      9905.7822265625
867.104614      9654.7500000000
867.403137      9394.8310546875
867.701660      9261.5390625000
868.000061      9412.6035156250
868.298401      9392.6093750000
868.596741      9328.1855468750
868.894958      9374.8369140625
869.193237      9477.0273437500
869.491333      9432.5966796875
869.789429      9679.1865234375
870.087524      9477.0273437500
870.385498      9517.0146484375
870.683411      9590.3251953125
870.981323      9363.7294921875
871.279236      9621.4267578125
871.576965      9543.6728515625
871.874695      9186.0078125000
872.172363      9341.5146484375
872.470032      9517.0146484375
872.767578      9212.6660156250
873.065125      9188.2294921875
873.362549      9141.5771484375
873.660034      9077.1533203125
873.957397      9083.8173828125
874.254700      9019.3935546875
874.552002      8870.5507812500
874.849182      8748.3671875000
875.146362      8815.0126953125
875.443481      8766.1396484375
875.740540      8648.3984375000
876.037476      8692.8291015625
876.334473      8601.7460937500
876.631348      8481.7841796875
876.928223      8201.8720703125
877.224976      8428.4677734375
877.521729      8281.8466796875
877.818420      8248.5234375000
878.115112      8352.9355468750
878.411621      7857.5356445313
878.708191      8075.2451171875
879.004700      8097.4599609375
879.301086      8030.8144531250
879.597473      7868.6430664063
879.893799      7806.4404296875
880.190063      7895.3012695313
880.486267      7579.8447265625
880.782471      7844.2060546875
881.078613      7684.2563476563
881.374695      7462.1040039063
881.670654      7251.0590820313
881.966614      7228.8437500000
882.262573      7144.4257812500
882.558350      7246.6157226563
882.854126      7242.1728515625
883.149902      7113.3242187500
883.445618      6993.3618164063
883.741211      6966.7036132813
884.036865      7048.9003906250
884.332336      6977.8115234375
884.627869      6717.8930664063
884.923218      6664.5761718750
885.218689      6675.6840820313
885.513977      6806.7539062500
885.809265      6697.8994140625
886.104492      6560.1645507813
886.399658      6982.2543945313
886.694763      6451.3100585938
886.989807      6400.2148437500
887.284790      6340.2333984375
887.579773      6406.8793945313
887.874695      6124.7456054688
888.169495      6142.5175781250
888.464355      6164.7329101563
888.759094      6066.9858398438
889.053772      6060.3212890625
889.348389      5920.3652343750
