0.441000
190.544205         0.0000000000
190.924866         0.0000000000
191.305481      1123.4571533203
191.686081      1040.9810791016
192.066635      1121.2280273438
192.447174      1081.1046142578
192.827667      1257.2020263672
193.208130      1139.0606689453
193.588577      1192.5587158203
193.968964      1145.7479248047
194.349350      1163.5805664063
194.729691      1239.3693847656
195.110001      1168.0388183594
195.490295      1168.0388183594
195.870529      1159.1224365234
196.250763      1172.4969482422
196.630936      1143.5189208984
197.011093      1183.6423339844
197.391220      1154.6643066406
197.771301      1176.9550781250
198.151367      1125.6862792969
198.531403      1217.0786132813
198.911407      1085.5627441406
199.291382      1161.3515625000
199.671295      1150.2061767578
200.051208      1154.6643066406
200.431076      1132.3734130859
200.810928      1225.9948730469
201.190735      1125.6862792969
201.570511      1210.3913574219
201.950272      1156.8933105469
202.329971      1141.2897949219
202.709671      1223.7658691406
203.089310      1132.3734130859
203.468933      1179.1842041016
203.848541      1168.0388183594
204.228073      1105.6245117188
204.607620      1098.9372558594
204.987106      1165.8096923828
205.366577      1190.3295898438
205.746017      1199.2459716797
206.125412      1199.2459716797
206.504776      1190.3295898438
206.884125      1194.7877197266
207.263428      1143.5189208984
207.642700      1121.2280273438
208.021942      1228.2239990234
208.401169      1105.6245117188
208.780334      1197.0168457031
209.159485      1223.7658691406
209.538605      1205.9331054688
209.917694      1217.0786132813
210.296753      1210.3913574219
210.675766      1174.7260742188
211.054764      1248.2857666016
211.433716      1254.9729003906
211.812637      1203.7041015625
212.191544      1156.8933105469
212.570404      1205.9331054688
212.949249      1168.0388183594
213.328033      1161.3515625000
213.706802      1152.4351806641
214.085556      1127.9152832031
214.464249      1094.4791259766
214.842926      1163.5805664063
215.221558      1192.5587158203
215.600174      1174.7260742188
215.978760      1161.3515625000
216.357300      1141.2897949219
216.735825      1250.5147705078
217.114288      1205.9331054688
217.492737      1170.2678222656
217.871185      1223.7658691406
218.249557      1212.6203613281
218.627914      1205.9331054688
219.006226      1223.7658691406
219.384521      1257.2020263672
219.762772      1150.2061767578
220.141006      1172.4969482422
220.519196      1116.7698974609
220.897354      1225.9948730469
221.275497      1230.4530029297
221.653580      1223.7658691406
222.031662      1152.4351806641
222.409698      1183.6423339844
222.787704      1199.2459716797
223.165680      1181.4132080078
223.543610      1123.4571533203
223.921524      1232.6821289063
224.299393      1223.7658691406
224.677231      1250.5147705078
225.055054      1212.6203613281
225.432816      1275.0346679688
225.810577      1190.3295898438
226.188278      1136.8316650391
226.565979      1176.9550781250
226.943634      1201.4749755859
227.321243      1098.9372558594
227.698837      1201.4749755859
228.076385      1319.6163330078
228.453903      1176.9550781250
228.831406      1279.4927978516
229.208847      1194.7877197266
229.586288      1181.4132080078
229.963669      1297.3255615234
230.341034      1192.5587158203
230.718369      1185.8714599609
231.095657      1219.3076171875
231.472916      1181.4132080078
231.850143      1230.4530029297
232.227356      1228.2239990234
232.604523      1141.2897949219
232.981659      1217.0786132813
233.358749      1201.4749755859
233.735825      1225.9948730469
234.112869      1199.2459716797
234.489868      1112.3117675781
234.866852      1228.2239990234
235.243790      1154.6643066406
235.620697      1134.6025390625
235.997589      1152.4351806641
236.374405      1118.9990234375
236.751221      1170.2678222656
237.128006      1165.8096923828
237.504745      1183.6423339844
237.881470      1217.0786132813
238.258133      1181.4132080078
238.634796      1165.8096923828
239.011414      1183.6423339844
239.388000      1261.6601562500
239.764557      1170.2678222656
240.141068      1208.1622314453
240.517563      1237.1402587891
240.893997      1183.6423339844
241.270432      1199.2459716797
241.646835      1239.3693847656
242.023178      1145.7479248047
242.399506      1172.4969482422
242.775787      1228.2239990234
243.152054      1147.9770507813
243.528290      1130.1444091797
243.904465      1179.1842041016
244.280640      1194.7877197266
244.656754      1201.4749755859
245.032852      1205.9331054688
245.408936      1170.2678222656
245.784943      1147.9770507813
246.160950      1188.1004638672
246.536911      1183.6423339844
246.912842      1201.4749755859
247.288757      1150.2061767578
247.664612      1163.5805664063
248.040451      1152.4351806641
248.416229      1121.2280273438
248.792023      1165.8096923828
249.167755      1210.3913574219
249.543457      1165.8096923828
249.919113      1139.0606689453
250.294754      1225.9948730469
250.670364      1257.2020263672
251.045944      1190.3295898438
251.421478      1156.8933105469
251.796982      1288.4091796875
252.172440      1239.3693847656
252.547897      1203.7041015625
252.923294      1170.2678222656
253.298676      1248.2857666016
253.673996      1234.9112548828
254.049316      1225.9948730469
254.424606      1145.7479248047
254.799850      1203.7041015625
255.175064      1210.3913574219
255.550217      1181.4132080078
255.925369      1136.8316650391
256.300476      1150.2061767578
256.675537      1141.2897949219
257.050598      1176.9550781250
257.425598      1152.4351806641
257.800598      1183.6423339844
258.175537      1225.9948730469
258.550446      1134.6025390625
258.925354      1147.9770507813
259.300171      1176.9550781250
259.674988      1243.8275146484
260.049774      1243.8275146484
260.424500      1205.9331054688
260.799225      1125.6862792969
261.173889      1127.9152832031
261.548553      1194.7877197266
261.923187      1221.5367431641
262.297760      1319.6163330078
262.672302      1252.7438964844
263.046814      1190.3295898438
263.421326      1154.6643066406
263.795776      1168.0388183594
264.170135      1221.5367431641
264.544525      1192.5587158203
264.918915      1183.6423339844
265.293243      1230.4530029297
265.667511      1132.3734130859
266.041748      1125.6862792969
266.415955      1156.8933105469
266.790161      1185.8714599609
267.164307      1225.9948730469
267.538422      1248.2857666016
267.912476      1176.9550781250
268.286530      1194.7877197266
268.660583      1185.8714599609
269.034546      1145.7479248047
269.408508      1297.3255615234
269.782440      1234.9112548828
270.156311      1259.4311523438
270.530151      1141.2897949219
270.903992      1141.2897949219
271.277710      1214.8494873047
271.651489      1225.9948730469
272.025208      1270.5765380859
272.398895      1257.2020263672
272.772552      1234.9112548828
273.146179      1161.3515625000
273.519745      1328.5325927734
273.893280      1172.4969482422
274.266815      1058.8137207031
274.640289      1176.9550781250
275.013733      1168.0388183594
275.387146      1217.0786132813
275.760529      1147.9770507813
276.133881      1250.5147705078
276.507202      1237.1402587891
276.880463      1232.6821289063
277.253723      1199.2459716797
277.626923      1228.2239990234
278.000122      1172.4969482422
278.373260      1101.1663818359
278.746338      1161.3515625000
279.119446      1168.0388183594
279.492493      1170.2678222656
279.865509      1174.7260742188
280.238495      1208.1622314453
280.611450      1205.9331054688
280.984314      1257.2020263672
281.357208      1199.2459716797
281.730072      1205.9331054688
282.102875      1194.7877197266
282.475647      1217.0786132813
282.848358      1112.3117675781
283.221069      1143.5189208984
283.593750      1201.4749755859
283.966400      1248.2857666016
284.339020      1223.7658691406
284.711548      1214.8494873047
285.084106      1188.1004638672
285.456635      1170.2678222656
285.829071      1214.8494873047
286.201508      1221.5367431641
286.573914      1163.5805664063
286.946320      1219.3076171875
287.318634      1261.6601562500
287.690948      1217.0786132813
288.063202      1188.1004638672
288.435425      1159.1224365234
288.807648      1272.8056640625
289.179810      1174.7260742188
289.551941      1225.9948730469
289.924011      1212.6203613281
290.296112      1223.7658691406
290.668121      1239.3693847656
291.040161      1230.4530029297
291.412109      1156.8933105469
291.783997      1259.4311523438
292.155914      1116.7698974609
292.527771      1266.1184082031
292.899597      1225.9948730469
293.271393      1163.5805664063
293.643127      1188.1004638672
294.014862      1087.7918701172
294.386566      1190.3295898438
294.758240      1277.2637939453
295.129852      1159.1224365234
295.501404      1205.9331054688
295.872955      1232.6821289063
296.244507      1172.4969482422
296.615997      1217.0786132813
296.987427      1203.7041015625
297.358826      1123.4571533203
297.730225      1254.9729003906
298.101593      1201.4749755859
298.472900      1259.4311523438
298.844177      1263.8892822266
299.215393      1217.0786132813
299.586609      1205.9331054688
299.957794      1201.4749755859
300.328918      1154.6643066406
300.700043      1261.6601562500
301.071136      1210.3913574219
301.442169      1141.2897949219
301.813171      1159.1224365234
302.184174      1275.0346679688
302.555115      1194.7877197266
302.925995      1152.4351806641
303.296844      1332.9908447266
303.667694      1174.7260742188
304.038483      1203.7041015625
304.409271      1210.3913574219
304.779968      1199.2459716797
305.150696      1243.8275146484
305.521362      1145.7479248047
305.891968      1154.6643066406
306.262543      1181.4132080078
306.633118      1210.3913574219
307.003632      1163.5805664063
307.374146      1141.2897949219
307.744598      1170.2678222656
308.114990      1134.6025390625
308.485413      1163.5805664063
308.855743      1174.7260742188
309.226074      1257.2020263672
309.596375      1237.1402587891
309.966614      1232.6821289063
310.336792      1217.0786132813
310.707001      1197.0168457031
311.077148      1176.9550781250
311.447235      1201.4749755859
311.817322      1210.3913574219
312.187347      1221.5367431641
312.557373      1250.5147705078
312.927368      1290.6383056641
313.297302      1270.5765380859
313.667175      1201.4749755859
314.037048      1279.4927978516
314.406891      1232.6821289063
314.776642      1286.1800537109
315.146423      1268.3474121094
315.516144      1261.6601562500
315.885864      1279.4927978516
316.255524      1317.3872070313
316.625153      1250.5147705078
316.994751      1364.1979980469
317.364288      1259.4311523438
317.733795      1272.8056640625
318.103302      1248.2857666016
318.472717      1355.2816162109
318.842133      1379.8015136719
319.211517      1468.9648437500
319.580872      1404.3214111328
319.950195      1417.6959228516
320.319489      1486.7974853516
320.688751      1486.7974853516
321.057922      1511.3173828125
321.427094      1535.8372802734
321.796234      1578.1898193359
322.165344      1680.7275390625
322.534393      1676.2694091797
322.903412      1656.2076416016
323.272430      1678.4984130859
323.641418      1515.7755126953
324.010315      1698.5601806641
324.379242      1769.8908691406
324.748077      1834.5341796875
325.116913      1997.2570800781
325.485657      2070.8168945313
325.854431      2055.2133789063
326.223145      2075.2749023438
326.591827      2166.6672363281
326.960480      2159.9799804688
327.329102      2365.0556640625
327.697693      2467.5932617188
328.066193      2665.9816894531
328.434723      2661.5234375000
328.803192      2793.0393066406
329.171600      3294.5827636719
329.540009      2721.7087402344
329.908386      2815.3300781250
330.276703      2953.5332031250
330.645050      3241.0847167969
331.013306      3517.4907226563
331.381500      3559.8432617188
331.749695      3479.5964355469
332.117859      3305.7280273438
332.485962      3241.0847167969
332.854034      3432.7856445313
333.222107      3468.4509277344
333.590118      3660.1520996094
333.958099      3805.0422363281
334.326050      3740.3989257813
334.693970      3838.4785156250
335.061859      3646.7775878906
335.429657      3542.0107421875
335.797455      3758.2316894531
336.165192      3851.8530273438
336.532959      4088.1357421875
336.900665      4079.2194824219
337.268341      3891.9765625000
337.635956      3682.4428710938
338.003571      3608.8830566406
338.371124      3620.0285644531
338.738647      3789.4387207031
339.106110      3807.2714843750
339.473572      4076.9902343750
339.840942      4331.1054687500
340.208344      4453.7050781250
340.575653      4652.0932617188
340.942993      4558.4721679688
341.310272      4683.3002929688
341.677521      4674.3842773438
342.044708      4830.4199218750
342.411865      4603.0537109375
342.778992      4667.6967773438
343.146088      4763.5473632813
343.513123      5044.4116210938
343.880157      4881.6889648438
344.247131      5091.2226562500
344.614105      4957.4775390625
344.981049      4752.4018554688
345.347900      4478.2250976563
345.714783      4324.4184570313
346.081573      4603.0537109375
346.448334      4888.3759765625
346.815094      5095.6806640625
347.181763      5120.2006835938
347.548431      5055.5571289063
347.915070      5302.9853515625
348.281677      5245.0292968750
348.648224      5169.2402343750
349.014771      5227.1962890625
349.381256      5051.0991210938
349.747711      5242.7998046875
350.114105      5338.6503906250
350.480469      5360.9414062500
350.846832      5360.9414062500
351.213135      5688.6162109375
351.579407      5889.2338867188
351.945679      6114.3710937500
352.311890      6103.2255859375
352.678040      5824.5903320313
353.044189      5780.0087890625
353.410278      5755.4887695313
353.776337      5918.2119140625
354.142303      5802.2993164063
354.508301      6205.7631835938
354.874268      6551.2709960938
355.240204      6595.8525390625
355.606079      6758.5756835938
355.971924      7019.3779296875
356.337738      6914.6113281250
356.703491      6798.6987304688
357.069244      6591.3945312500
357.434937      6486.6274414063
357.800598      6230.2832031250
358.166229      5822.3613281250
358.531830      5739.8852539063
358.897369      5681.9291992188
359.262909      5467.9370117188
359.628418      5369.8574218750
359.993866      5367.6284179688
360.359222      6187.9306640625
360.724609      6727.3681640625
361.089966      7133.0610351563
361.455261      7104.0830078125
361.820526      6785.3247070313
362.185760      6457.6494140625
362.550964      6482.1694335938
362.916138      6406.3803710938
363.281250      6669.4121093750
363.646332      7066.1889648438
364.011383      7295.7841796875
364.376404      7351.5112304688
364.741333      7393.8637695313
365.106293      7507.5468750000
365.471222      7565.5029296875
365.836090      7487.4853515625
366.200928      7632.3754882813
366.565735      8167.3549804688
366.930511      8766.9785156250
367.295227      8987.6572265625
367.659912      9139.2343750000
368.024536      9001.0312500000
368.389160      8927.4716796875
368.753723      8858.3701171875
369.118317      8693.4179687500
369.482819      8695.6474609375
369.847260      8581.9638671875
370.211731      8802.6435546875
370.576111      9099.1113281250
370.940460      9536.0107421875
371.304810      9480.2841796875
371.669098      8951.9921875000
372.033325      8920.7851562500
372.397522      8896.2646484375
372.761749      9322.0195312500
373.125885      8983.1992187500
373.489990      8566.3603515625
373.854065      8354.5976562500
374.218109      8379.1181640625
374.582092      7835.2221679688
374.946075      7532.0668945313
375.309998      7565.5029296875
375.673859      7585.5649414063
376.037720      7603.3974609375
376.401550      8165.1259765625
376.765320      8517.3212890625
377.129059      8907.4101562500
377.492798      8662.2109375000
377.856476      9043.3837890625
378.220062      9279.6669921875
378.583679      9874.8320312500
378.947205     10425.4150390625
379.310730     11103.0556640625
379.674225     11045.0996093750
380.037689     10347.3964843750
380.401093     10046.4707031250
380.764496      9290.8125000000
381.127838      9328.7070312500
381.491119      9754.4609375000
381.854370     10276.0664062500
382.217621     10021.9511718750
382.580811      9587.2802734375
382.943939      9036.6972656250
383.307068      8265.4345703125
383.670166      7728.2260742188
384.033203      7197.7045898438
384.396240      6669.4121093750
384.759216      6727.3681640625
385.122131      7104.0830078125
385.485016      7973.4248046875
385.847900      8720.1669921875
386.210724      9206.1074218750
386.573486      9181.5869140625
386.936279      8849.4541015625
387.298981      8916.3261718750
387.661652      9148.1513671875
388.024323      9462.4511718750
388.386902      9342.0810546875
388.749481      9339.8515625000
389.112000      9230.6269531250
389.474487      9137.0058593750
389.836945      9170.4414062500
390.199371      9832.4794921875
390.561737     10155.6962890625
390.924103     10944.7910156250
391.286407     11515.4355468750
391.648682     11437.4179687500
392.010925     11352.7128906250
392.373108     12170.7861328125
392.735291     12135.1201171875
393.097382     11771.7802734375
393.459473     10681.7587890625
393.821533      9671.9853515625
394.183533      7924.3852539063
394.545532      6847.7387695313
394.907471      6823.2187500000
395.269379      7732.6840820313
395.631256      9397.8085937500
395.993042     10594.8251953125
396.354828     11444.1054687500
396.716583     11860.9433593750
397.078308     11497.6035156250
397.439972     10151.2373046875
397.801636      8671.1279296875
398.163239      7752.7460937500
398.524841      8443.7607421875
398.886383     10322.8769531250
399.247833     12166.3271484375
399.609283     13606.3144531250
399.970703     14388.7216796875
400.332062     15113.1738281250
400.693420     15445.3066406250
401.054718     15726.1708984375
401.416016     15777.4394531250
401.777252     15986.9736328125
402.138458     16575.4511718750
402.499603     16762.6933593750
402.860718     17264.2363281250
403.221832     17493.8320312500
403.582855     17741.2597656250
403.943848     17438.1054687500
404.304810     17155.0117187500
404.665771     17027.9550781250
405.026642     17192.9062500000
405.387543     17050.2460937500
405.748352     16983.3730468750
406.109161     16635.6367187500
406.469849     17208.5097656250
406.830597     16834.0253906250
407.191223     16764.9238281250
407.551880     16557.6191406250
407.912476     16437.2480468750
408.273041     16704.7382812500
408.633575     17083.6816406250
408.994049     17313.2773437500
409.354492     17406.8984375000
409.714935     18338.6542968750
410.075287     18537.0429687500
410.435608     18369.8613281250
410.795868     17890.6093750000
411.156158     16840.7109375000
411.516388     16513.0371093750
411.876587     17123.8046875000
412.236725     18229.4296875000
412.596832     18782.2421875000
412.956909     19069.7929687500
413.316925     19439.8203125000
413.676910     19118.8339843750
414.036896     19294.9296875000
414.396820     18967.2558593750
414.756683     19109.9160156250
415.116547     19150.0410156250
415.476379     19025.2109375000
415.836121     18978.4003906250
416.195862     19065.3359375000
416.555542     19299.3886718750
416.915192     19475.4863281250
417.274811     19729.6015625000
417.634399     20090.7128906250
417.993927     20072.8808593750
418.353455     19466.5703125000
418.712891     19145.5820312500
419.072357     18817.9062500000
419.431763     19225.8281250000
419.791107     19257.0371093750
420.150452     19036.3574218750
420.509674     19326.1386718750
420.868927     19210.2246093750
421.228119     19203.5390625000
421.587280     19257.0371093750
421.946411     19916.8437500000
422.305542     20380.4941406250
422.664581     20512.0097656250
423.023621     19999.3203125000
423.382568     19789.7871093750
423.741516     19170.1015625000
424.100403     18661.8710937500
424.459259     18944.9648437500
424.818054     19546.8164062500
425.176880     19818.7656250000
425.535614     19493.3183593750
425.894348     19734.0605468750
426.252991     19216.9121093750
426.611633     19491.0898437500
426.970245     19437.5917968750
427.328796     19426.4472656250
427.687317     20170.9589843750
428.045807     19437.5917968750
428.404205     19016.2949218750
428.762604     18831.2812500000
429.121002     19611.4609375000
429.479340     19134.4375000000
429.837616     18989.5468750000
430.195892     18659.6425781250
430.554138     18193.7636718750
430.912292     17052.4746093750
431.270416     16377.0625000000
431.628510     15139.9228515625
431.986542     15037.3847656250
432.344574     16185.3613281250
432.702576     18508.0644531250
433.060516     19914.6152343750
433.418427     20286.8710937500
433.776306     20191.0214843750
434.134155     20442.9082031250
434.491913     21236.4609375000
434.849701     20801.7890625000
435.207397     19865.5761718750
435.565063     19832.1386718750
435.922729     20612.3183593750
436.280334     21182.9628906250
436.637909     21530.6992187500
436.995453     21972.0585937500
437.352936     23024.1835937500
437.710388     23202.5097656250
438.067780     23302.8203125000
438.425171     22778.9843750000
438.782471     22551.6191406250
439.139771     21811.5644531250
439.497040     21653.2988281250
439.854279     20491.9472656250
440.211426     21526.2421875000
440.568604     21956.4531250000
440.925720     22404.5000000000
441.282776     22469.1425781250
441.639801     22424.5605468750
441.996735     23102.2011718750
442.353699     23496.7500000000
442.710602     24421.8183593750
443.067505     24638.0390625000
443.424347     24856.4902343750
443.781128     25028.1289062500
444.137878     24646.9550781250
444.494629     24845.3437500000
444.851288     25103.9179687500
445.207916     25596.5449218750
445.564514     25400.3847656250
445.921051     25253.2656250000
446.277618     25226.5175781250
446.634094     24785.1582031250
446.990540     24684.8496093750
447.346985     24678.1621093750
447.703339     24887.6972656250
448.059692     25502.9238281250
448.416016     26713.3144531250
448.772186     26786.8730468750
449.128418     26450.2832031250
449.484589     26227.3750000000
449.840729     26354.4316406250
450.196838     26929.5351562500
450.552917     26809.1640625000
450.908966     27812.2519531250
451.264954     27645.0703125000
451.620880     28476.5175781250
451.976807     28329.3984375000
452.332611     28634.7832031250
452.688446     28614.7207031250
453.044250     27997.2656250000
453.399994     27344.1445312500
453.755707     26641.9843750000
454.111389     26314.3085937500
454.467041     26057.9648437500
454.822632     26280.8730468750
455.178192     26561.7363281250
455.533722     27304.0214843750
455.889130     26657.5878906250
456.244598     26477.0312500000
456.600006     27139.0683593750
456.955353     27462.2851562500
457.310699     27872.4375000000
457.665985     28026.2441406250
458.021240     28115.4062500000
458.376434     28220.1738281250
458.731628     28119.8652343750
459.086700     27464.5156250000
459.441772     27462.2851562500
459.796844     27622.7792968750
460.151886     27384.2675781250
460.506836     27653.9863281250
460.861786     27885.8105468750
461.216675     27141.2988281250
461.571533     27553.6777343750
461.926361     28447.5390625000
462.281158     28581.2851562500
462.635803     28423.0195312500
462.990540     28842.0878906250
463.345184     29174.2207031250
463.699829     29452.8554687500
464.054413     29321.3398437500
464.408936     29261.1542968750
464.763458     29243.3222656250
465.117920     29744.8652343750
465.472351     29290.1328125000
465.826752     29341.4023437500
466.181030     29330.2558593750
466.535339     29606.6621093750
466.889618     30567.3964843750
467.243866     30716.7441406250
467.598053     30591.9160156250
467.952209     29981.1484375000
468.306305     30063.6230468750
468.660370     30304.3652343750
469.014435     31160.3320312500
469.368439     31276.2441406250
469.722321     31684.1660156250
470.076263     31887.0136718750
470.430115     32486.6347656250
470.783966     32500.0097656250
471.137756     32424.2207031250
471.491516     32241.4375000000
471.845245     32219.1464843750
472.198944     32988.1796875000
472.552582     33596.7187500000
472.906128     34006.8710937500
473.259705     35422.3359375000
473.613220     36135.6406250000
473.966675     35981.8359375000
474.320129     34996.5820312500
474.673553     35979.6054687500
475.026917     36322.8867187500
475.380249     37038.4218750000
475.733521     37482.0078125000
476.086761     37965.7187500000
476.439911     37965.7187500000
476.793091     38219.8320312500
477.146210     37981.3203125000
477.499298     38362.4960937500
477.852356     38757.0429687500
478.205353     39075.8007812500
478.558350     40382.0429687500
478.911285     40939.3125000000
479.264160     41070.8281250000
479.617035     40983.8945312500
479.969757     41871.0703125000
480.322540     41951.3164062500
480.675262     43562.9414062500
481.027985     43732.3515625000
481.380615     44057.7968750000
481.733246     44363.1835937500
482.085815     44184.8554687500
482.438324     45185.7148437500
482.790833     45970.3515625000
483.143280     46376.0429687500
483.495667     45887.8750000000
483.848022     46569.9726562500
484.200348     46752.7578125000
484.552673     46971.2070312500
484.904907     47109.4101562500
485.257111     47276.5937500000
485.609283     47046.9960937500
485.961456     47125.0156250000
486.313538     46398.3359375000
486.665588     45635.9882812500
487.017548     42918.7382812500
487.369507     41788.5937500000
487.721466     42769.3906250000
488.073334     43986.4687500000
488.425232     44980.6367187500
488.777039     45892.3320312500
489.128815     47042.5390625000
489.480560     47831.6328125000
489.832245     47544.0820312500
490.183868     47831.6328125000
490.535461     48807.9726562500
490.887054     49960.4062500000
491.238586     50361.6406250000
491.590057     50573.4023437500
491.941528     50357.1835937500
492.292938     50519.9062500000
492.644318     50114.2148437500
492.995667     49071.0039062500
493.346954     48941.7148437500
493.698181     49498.9882812500
494.049377     50341.5781250000
494.400543     50484.2421875000
494.751678     50575.6328125000
495.102783     50729.4414062500
495.453827     51128.4453125000
495.804871     51538.5976562500
496.155853     51864.0429687500
496.506775     51828.3789062500
496.857666     51264.4179687500
497.208466     51469.4960937500
497.559265     52111.4687500000
497.910065     52022.3085937500
498.260773     52191.7187500000
498.611481     52312.0859375000
498.962128     51906.3945312500
499.312744     51041.5117187500
499.663300     50584.5507812500
500.013855     50867.6445312500
500.364349     51177.4843750000
500.714752     51264.4179687500
501.065155     51286.7109375000
501.415527     50515.4492187500
501.765869     49719.6640625000
502.116150     49715.2070312500
502.466400     49543.5664062500
502.816620     48952.8632812500
503.166779     49363.0117187500
503.516907     48995.2148437500
503.866943     49374.1562500000
504.217010     49320.6601562500
504.567017     48863.6992187500
504.916962     47925.2539062500
505.266876     48152.6210937500
505.616791     48099.1250000000
505.966644     49289.4531250000
506.316437     48957.3203125000
506.666199     50196.6875000000
507.015930     50638.0468750000
507.365570     50836.4375000000
507.715210     50372.7851562500
508.064789     50361.6406250000
508.414368     50176.6289062500
508.763885     49984.9257812500
509.113373     49942.5742187500
509.462830     49967.0937500000
509.812225     50464.1796875000
510.161591     51106.1562500000
510.510895     51215.3789062500
510.860107     51389.2460937500
511.209381     50718.2929687500
511.558563     51516.3046875000
511.907715     51694.6328125000
512.256836     51953.2070312500
512.605896     52428.0000000000
512.954956     52588.4921875000
513.303955     52131.5312500000
513.652832     51846.2109375000
514.001831     51913.0820312500
514.350647     52013.3906250000
514.699463     51913.0820312500
515.048279     51482.8710937500
515.396973     51188.6289062500
515.745728     51534.1367187500
516.094360     51959.8945312500
516.442993     51763.7343750000
516.791565     52358.8984375000
517.140137     52093.6367187500
517.488586     50943.4296875000
517.837036     49142.3320312500
518.185425     47617.6406250000
518.533875     48244.0156250000
518.882202     49173.5390625000
519.230469     48972.9218750000
519.578735     48732.1835937500
519.927002     48629.6445312500
520.275146     50268.0195312500
520.623291     50782.9375000000
520.971313     51418.2265625000
521.319336     51676.8007812500
521.667419     51638.9062500000
522.015381     51881.8750000000
522.363281     52287.5664062500
522.711182     52354.4414062500
523.059021     52448.0625000000
523.406860     52129.3046875000
523.754639     51928.6875000000
524.102356     51641.1328125000
524.449951     51569.8046875000
524.797607     52147.1367187500
525.145203     52443.6054687500
525.492798     52793.5703125000
525.840332     52485.9570312500
526.187805     52624.1601562500
526.535217     52222.9257812500
526.882629     52209.5507812500
527.230042     51728.0664062500
527.577332     50147.6484375000
527.924500     48781.2226562500
528.271729     48462.4648437500
528.618896     49441.0312500000
528.966125     49971.5507812500
529.313232     50265.7890625000
529.660278     50339.3515625000
530.007324     51023.6796875000
530.354309     51556.4296875000
530.701233     51387.0195312500
531.048096     50758.4179687500
531.394958     50945.6601562500
531.741760     51188.6289062500
532.088562     51384.7890625000
532.435303     51485.0976562500
532.781982     50914.4531250000
533.128601     50858.7265625000
533.475281     49869.0156250000
533.821838     49137.8750000000
534.168335     49013.0468750000
534.514832     49376.3867187500
534.861206     49672.8554687500
535.207703     49737.5000000000
535.554016     49572.5468750000
535.900391     49369.6992187500
536.246643     50205.6054687500
536.592896     50515.4492187500
536.939087     50914.4531250000
537.285278     50586.7773437500
537.631348     50078.5468750000
537.977417     49276.0781250000
538.323425     49258.2460937500
538.669373     49376.3867187500
539.015381     50156.5664062500
539.361267     49735.2695312500
539.707153     49913.5976562500
540.052979     49452.1757812500
540.398804     48865.9257812500
540.744507     48148.1640625000
541.090210     47998.8164062500
541.435791     47510.6445312500
541.781433     47285.5078125000
542.127014     46926.6250000000
542.472595     46966.7500000000
542.818054     47096.0351562500
543.163513     47327.8593750000
543.508911     47579.7460937500
543.854309     47013.5625000000
544.199646     47080.4335937500
544.544800     47267.6757812500
544.890076     47468.2929687500
545.235291     47506.1875000000
545.580444     47345.6953125000
545.925537     47599.8085937500
546.270630     47276.5937500000
546.615723     47053.6835937500
546.960693     46984.5820312500
547.305603     47053.6835937500
547.650574     47067.0585937500
547.995361     47408.1093750000
548.340149     46806.2578125000
548.684998     46092.9492187500
549.029724     45754.1289062500
549.374390     46304.7109375000
549.719116     46411.7070312500
550.063660     46968.9804687500
550.408264     46911.0234375000
550.752869     46590.0351562500
551.097290     46603.4101562500
551.441711     46003.7851562500
551.786133     46364.8984375000
552.130493     46358.2109375000
552.474854     46554.3710937500
552.819092     46536.5390625000
553.163330     46503.1015625000
553.507507     46286.8789062500
553.851685     45430.9140625000
554.195801     45792.0234375000
554.539917     45720.6914062500
554.883850     45834.3750000000
555.227844     45887.8750000000
555.571777     45800.9414062500
555.915710     46001.5585937500
556.259583     45763.0468750000
556.603333     45934.6835937500
556.947205     45283.7929687500
557.290894     45279.3359375000
557.634583     44788.9375000000
557.978210     44253.9570312500
558.321777     43955.2617187500
558.665405     43614.2109375000
559.008911     43814.8281250000
559.352417     43306.5976562500
559.695862     42778.3046875000
560.039185     42571.0000000000
560.382568     42102.8945312500
560.725891     42022.6484375000
561.069153     41599.1210937500
561.412354     41998.1289062500
561.755554     42544.2539062500
562.098694     42441.7148437500
562.441772     42062.7695312500
562.784851     41719.4921875000
563.127930     41391.8164062500
563.470825     41362.8398437500
563.813782     41356.1523437500
564.156738     41400.7343750000
564.499573     40738.6953125000
564.842285     40714.1757812500
565.185059     40143.5312500000
565.527771     40261.6718750000
565.870422     40694.1132812500
566.213135     39102.5507812500
566.555725     39416.8515625000
566.898254     38732.5234375000
567.240784     38516.3007812500
567.583252     38460.5742187500
567.925659     38418.2226562500
568.268005     38137.3593750000
568.610291     38407.0781250000
568.952637     37756.1835937500
569.294922     37448.5703125000
569.637146     36490.0664062500
569.979309     35912.7343750000
570.321411     36037.5625000000
570.663513     35475.8359375000
571.005554     35228.4062500000
571.347473     35348.7773437500
571.689453     34619.8671875000
572.031372     34198.5703125000
572.373230     33873.1250000000
572.715088     34269.9023437500
573.056885     34586.4296875000
573.398621     34695.6562500000
573.740295     34145.0742187500
574.082031     34240.9218750000
574.423584     34430.3945312500
574.765137     34136.1562500000
575.106689     33911.0195312500
575.448120     33757.2109375000
575.789612     33293.5625000000
576.130981     32981.4921875000
576.472351     33028.3007812500
576.813721     32555.7363281250
577.154968     33235.6054687500
577.496216     32303.8515625000
577.837402     32595.8613281250
578.178467     33023.8437500000
578.519592     32985.9492187500
578.860657     32696.1699218750
579.201660     32557.9667968750
579.542664     32350.6621093750
579.883606     32317.2246093750
580.224487     32722.9179687500
580.565308     33023.8437500000
580.906189     33327.0000000000
581.246948     33220.0039062500
581.587585     34249.8398437500
581.928223     33911.0195312500
582.268921     34149.5312500000
582.609497     34069.2851562500
582.950012     34515.1015625000
583.290527     34845.0039062500
583.630981     34889.5859375000
583.971436     35393.3593750000
584.311829     35114.7226562500
584.652100     35460.2304687500
584.992371     35464.6875000000
585.332642     35319.7968750000
585.672852     35386.6718750000
586.013000     34905.1875000000
586.353088     34651.0742187500
586.693176     34682.2812500000
587.033264     34089.3437500000
587.373230     34151.7578125000
587.713196     34011.3281250000
588.053040     34174.0507812500
588.392883     33710.4023437500
588.732727     33133.0703125000
589.072510     32060.8808593750
589.412231     30384.6113281250
589.751892     29613.3496093750
590.091553     27747.6074218750
590.431152     26289.7890625000
590.770752     26171.6464843750
591.110229     26196.1679687500
591.449707     26909.4726562500
591.789124     27696.3398437500
592.128479     28001.7226562500
592.467834     28157.7597656250
592.807129     27504.6386718750
593.146423     27707.4843750000
593.485596     28015.0976562500
593.824768     28282.5878906250
594.163879     28935.7089843750
594.502991     29183.1367187500
594.841980     28813.1093750000
595.180969     28019.5566406250
595.519897     27468.9726562500
595.858887     26864.8925781250
596.197693     27433.3085937500
596.536499     27361.9765625000
596.875305     28099.8027343750
597.214050     28211.2578125000
597.552734     28541.1621093750
597.891296     28240.2343750000
598.229980     27961.5996093750
598.568542     28331.6269531250
598.907043     28095.3457031250
599.245483     28090.8867187500
599.583984     28436.3945312500
599.922363     28561.2226562500
600.260681     28541.1621093750
600.598999     28940.1660156250
600.937256     28719.4882812500
601.275452     28746.2363281250
601.613586     28563.4511718750
601.951721     28572.3691406250
602.289856     29007.0390625000
602.627869     28822.0253906250
602.965881     28920.1054687500
603.303833     28958.0000000000
603.641724     28723.9453125000
603.979614     29274.5292968750
604.317444     29156.3886718750
604.655151     29617.8085937500
604.992859     29631.1816406250
605.330566     29912.0468750000
605.668274     29350.3183593750
606.005859     29504.1250000000
606.343445     29174.2207031250
606.680908     29548.7070312500
607.018433     29459.5429687500
607.355835     29388.2128906250
607.693237     29586.5996093750
608.030579     29087.2871093750
608.367859     29762.6972656250
608.705078     29085.0566406250
609.042297     29111.8066406250
609.379456     29472.9179687500
609.716614     29274.5292968750
610.053650     29033.7890625000
610.390686     28949.0839843750
610.727722     28661.5312500000
611.064575     28447.5390625000
611.401550     28291.5039062500
611.738403     28552.3066406250
612.075256     28576.8261718750
612.411987     28563.4511718750
612.748779     28795.2773437500
613.085449     28585.7421875000
613.422058     28351.6894531250
613.758667     28037.3886718750
614.095215     28576.8261718750
614.431702     27905.8730468750
614.768127     28327.1699218750
615.104614     28046.3046875000
615.440979     28088.6582031250
615.777283     28115.4062500000
616.113586     28235.7773437500
616.449829     28389.5839843750
616.786011     28017.3261718750
617.122192     27431.0781250000
617.458374     27061.0507812500
617.794373     27134.6113281250
618.130371     27562.5937500000
618.466370     27645.0703125000
618.802246     27881.3535156250
619.138184     28030.7011718750
619.474060     28340.5429687500
619.809875     28057.4511718750
620.145630     28211.2578125000
620.481323     28215.7148437500
620.817017     28197.8828125000
621.152588     28278.1289062500
621.488220     28235.7773437500
621.823792     28211.2578125000
622.159241     28340.5429687500
622.494690     28177.8203125000
622.830078     27968.2871093750
623.165466     27783.2734375000
623.500793     27604.9472656250
623.836060     27823.3964843750
624.171265     27370.8925781250
624.506470     27119.0078125000
624.841553     27335.2285156250
625.176697     27422.1621093750
625.511719     26833.6855468750
625.846741     27268.3554687500
626.181702     26419.0761718750
626.516663     25850.6601562500
626.851563     26423.5332031250
627.186401     26189.4804687500
627.521118     25986.6328125000
627.855896     26336.5996093750
628.190552     25436.0507812500
628.525269     24684.8496093750
628.859863     23802.1328125000
629.194458     22981.8320312500
629.528992     23507.8945312500
629.863403     23349.6308593750
630.197815     23795.4472656250
630.532288     23779.8437500000
630.866516     23260.4667968750
631.200867     23556.9355468750
631.535156     24183.3066406250
631.869324     24120.8925781250
632.203491     23911.3593750000
632.537659     24080.7695312500
632.871704     23766.4687500000
633.205750     23681.7636718750
633.539795     23804.3632812500
633.873718     24419.5898437500
634.207520     24682.6210937500
634.541443     24633.5820312500
634.875244     24615.7480468750
635.208984     24733.8906250000
635.542725     24876.5507812500
635.876404     24959.0273437500
636.210022     25173.0195312500
636.543640     24965.7148437500
636.877197     24981.3183593750
637.210571     24934.5078125000
637.544067     24934.5078125000
637.877502     25103.9179687500
638.210815     24941.1953125000
638.544189     25730.2890625000
638.877441     25645.5839843750
639.210693     25928.6777343750
639.543884     25460.5703125000
639.877014     25830.5976562500
640.210144     25505.1523437500
640.543091     25930.9062500000
640.876099     25754.8085937500
641.209106     24878.7792968750
641.541992     25239.8906250000
641.874939     25302.3046875000
642.207703     25048.1894531250
642.540527     24858.7187500000
642.873230     25090.5429687500
643.205994     25378.0937500000
643.538574     25063.7929687500
643.871155     25115.0625000000
644.203674     25019.2128906250
644.536255     24609.0605468750
644.868713     24905.5292968750
645.201172     24854.2597656250
645.533508     24930.0488281250
645.865845     24560.0214843750
646.198120     24225.6582031250
646.530396     23860.0898437500
646.862610     23523.4980468750
647.194702     22999.6640625000
647.526855     22395.5839843750
647.858887     22103.5742187500
648.190857     21735.7753906250
648.522827     21178.5039062500
648.854797     20496.4062500000
649.186707     20275.7265625000
649.518555     20220.0000000000
649.850342     20215.5410156250
650.182007     20159.8144531250
650.513733     20193.2500000000
650.845398     20248.9765625000
651.177063     21044.7597656250
651.508606     21722.4003906250
651.840088     22110.2597656250
652.171631     21873.9785156250
652.503052     20960.0546875000
652.834412     20893.1816406250
653.165771     20859.7460937500
653.497070     21046.9882812500
653.828308     21945.3085937500
654.159485     22101.3437500000
654.490662     21865.0625000000
654.821838     22050.0761718750
655.152832     21943.0800781250
655.483887     21833.8554687500
655.814880     21499.4921875000
656.145813     21285.5000000000
656.476685     20734.9179687500
656.807495     19983.7167968750
657.138306     19029.6699218750
657.469116     18510.2929687500
657.799744     18467.9414062500
658.130493     19384.0937500000
658.461121     19845.5136718750
658.791687     20271.2675781250
659.122192     20668.0449218750
659.452698     21147.2968750000
659.783142     21715.7128906250
660.113464     21561.9062500000
660.443787     21771.4394531250
660.774109     21787.0429687500
661.104370     22065.6796875000
661.434570     22469.1425781250
661.764771     22194.9648437500
662.094849     22408.9570312500
662.424988     22752.2363281250
662.755005     22770.0683593750
663.084900     22787.9023437500
663.414856     22631.8652343750
663.744751     22339.8554687500
664.074585     22473.6015625000
664.404419     22322.0234375000
664.734131     22582.8261718750
665.063904     22226.1738281250
665.393555     22598.4296875000
665.723206     22009.9511718750
666.052734     22658.6152343750
666.382202     22326.4824218750
666.711670     22478.0585937500
667.041138     22186.0488281250
667.370544     22585.0546875000
667.699829     21742.4628906250
668.029175     22116.9472656250
668.358459     22464.6855468750
668.687622     22179.3613281250
669.016846     22030.0136718750
669.345947     21858.3750000000
669.674927     21720.1718750000
670.003967     22054.5332031250
670.332947     21987.6621093750
670.661865     21635.4667968750
670.990784     21673.3613281250
671.319641     21604.2597656250
671.648438     21787.0429687500
671.977112     21325.6230468750
672.305847     21524.0117187500
672.634521     21341.2265625000
672.963135     21347.9140625000
673.291687     21421.4746093750
673.620178     21127.2363281250
673.948669     21024.6972656250
674.277100     21015.7812500000
674.605469     20982.3457031250
674.933899     20795.1015625000
675.262085     21029.1562500000
675.590332     21180.7343750000
675.918579     20942.2226562500
676.246704     20772.8125000000
676.574829     20650.2128906250
676.902893     20808.4765625000
677.230896     20819.6230468750
677.558899     20291.3300781250
677.886841     20420.6171875000
678.214661     20164.2714843750
678.542480     20362.6601562500
678.870239     20157.5859375000
679.197998     20413.9296875000
679.525696     20266.8105468750
679.853394     19972.5722656250
680.180969     20095.1718750000
680.508484     20063.9628906250
680.836060     19858.8886718750
681.163452     19885.6367187500
681.490845     19809.8476562500
681.818237     19783.0996093750
682.145569     19731.8300781250
682.472839     19611.4609375000
682.800110     19261.4941406250
683.127319     19437.5917968750
683.454468     19007.3789062500
683.781494     19136.6660156250
684.108582     19127.7500000000
684.435608     19087.6269531250
684.762451     18996.2343750000
685.089355     18753.2636718750
685.416199     18430.0468750000
685.743103     18706.4531250000
686.069824     18412.2148437500
686.396606     18577.1660156250
686.723267     18180.3906250000
687.049927     17801.4453125000
687.376465     17161.6992187500
687.703003     15327.1650390625
688.029419     12944.2773437500
688.355957     11319.2763671875
688.682312     11100.8261718750
689.008667     11497.6035156250
689.334961     11704.9072265625
689.661316     11967.9394531250
689.987427     11502.0615234375
690.313660     11617.9736328125
690.639771     11981.3134765625
690.965881     11972.3974609375
691.291809     12607.6855468750
691.617798     12897.4667968750
691.943726     13075.7929687500
692.269714     13006.6914062500
692.595459     13610.7724609375
692.921326     13639.7509765625
693.247009     13786.8701171875
693.572754     13590.7109375000
693.898438     13227.3701171875
694.223999     12759.2636718750
694.549561     12609.9150390625
694.875061     12502.9189453125
695.200562     12217.5966796875
695.526001     12253.2617187500
695.851379     12616.6015625000
696.176697     12578.7080078125
696.502014     12638.8925781250
696.827271     13129.2910156250
697.152405     13046.8144531250
697.477539     13713.3105468750
697.802612     14319.6201171875
698.127625     14745.3750000000
698.452698     14531.3828125000
698.777649     14589.3388671875
699.102539     14682.9609375000
699.427429     14575.9648437500
699.752258     14058.8173828125
700.077026     13258.5771484375
700.401733     13008.9199218750
700.726379     13289.7851562500
701.051025     13064.6474609375
701.375610     12835.0517578125
701.700134     12467.2539062500
702.024658     12567.5625000000
702.349060     12387.0068359375
702.673462     12342.4248046875
702.997864     12072.7060546875
703.322144     12404.8388671875
703.646362     12380.3193359375
703.970520     12632.2060546875
704.294739     13156.0400390625
704.618896     13376.7187500000
704.942932     13434.6748046875
705.266968     13532.7548828125
705.590942     13468.1113281250
705.914917     13646.4375000000
706.238770     13541.6708984375
706.562622     13129.2910156250
706.886292     13207.3085937500
707.210083     13287.5556640625
707.533813     13160.4980468750
707.857422     13234.0576171875
708.181030     13419.0712890625
708.504578     13548.3583984375
708.828064     13506.0058593750
709.151550     13597.3974609375
709.474976     13695.4775390625
709.798340     13713.3105468750
710.121582     13719.9970703125
710.444885     13675.4160156250
710.768127     13706.6230468750
711.091248     13534.9833984375
711.414429     13468.1113281250
711.737488     13548.3583984375
712.060547     13748.9755859375
712.383484     13864.8876953125
712.706482     13695.4775390625
713.029358     14181.4169921875
713.352112     13842.5966796875
713.674927     13811.3896484375
713.997681     13775.7246093750
714.320435     13503.7763671875
714.643066     13722.2265625000
714.965698     13414.6132812500
715.288269     13653.1250000000
715.610779     13049.0439453125
715.933289     12598.7695312500
716.255737     12482.8574218750
716.578003     12351.3417968750
716.900330     11854.2558593750
717.222595     11742.8017578125
717.544861     10325.1064453125
717.867065      9297.4990234375
718.189209      8488.3427734375
718.511292      7719.3095703125
718.833313      7445.1328125000
719.155334      6943.5893554688
719.477234      6776.4082031250
719.799133      6491.0859375000
720.120972      6268.1777343750
720.442749      6127.7456054688
720.764587      6038.5820312500
721.086304      5889.2338867188
721.407898      5960.5644531250
721.729553      6375.1733398438
722.051147      7072.8759765625
722.372681      7975.6542968750
722.694092      8499.4882812500
723.015503      9108.0273437500
723.336914      9250.6884765625
723.658264      9466.9101562500
723.979492      9186.0449218750
724.300781      8374.6601562500
724.621948      7792.8691406250
724.943115      7561.0449218750
725.264160      7235.5991210938
725.585205      7119.6865234375
725.906189      6948.0473632813
726.227173      6856.6552734375
726.548035      6885.6333007813
726.868896      6765.2626953125
727.189697      6740.7426757813
727.510498      6805.3862304688
727.831177      7121.9160156250
728.151855      7023.8364257813
728.472473      6829.9062500000
728.793091      6738.5136718750
729.113525      6812.0732421875
729.434021      7483.0268554688
729.754456      7467.4233398438
730.074829      7023.8364257813
730.395142      6809.8442382813
730.715454      6994.8583984375
731.035706      7075.1049804688
731.355896      7128.6030273438
731.676025      6988.1708984375
731.996033      7012.6909179688
732.316101      7070.6469726563
732.636108      7133.0610351563
732.956055      7436.2163085938
733.275940      8145.0644531250
733.595825      8450.4482421875
733.915649      8994.3447265625
734.235413      9143.6923828125
734.555054      9542.6982421875
734.874817      9694.2763671875
735.194336     10309.5029296875
735.513855     10204.7353515625
735.833435     10164.6123046875
736.152893      9986.2861328125
736.472290     10013.0351562500
736.791687      9812.4169921875
737.111023      9921.6425781250
737.430298      9576.1347656250
737.749512      9743.3154296875
738.068665      9618.4873046875
738.387817      9879.2900390625
738.706909     10142.3212890625
739.025879     10227.0263671875
739.344910     10171.2998046875
739.663879     10189.1318359375
739.982788     10233.7138671875
740.301636     10289.4404296875
740.620422     10298.3574218750
740.939148     10527.9521484375
741.257874     10561.3886718750
741.576477     10882.3769531250
741.895020     10909.1259765625
742.213623     10539.0976562500
742.532166     10911.3544921875
742.850586     10889.0634765625
743.169006     10880.1474609375
743.487366     10906.8964843750
743.805725     11145.4082031250
744.123962     11136.4921875000
744.442200     11341.5673828125
744.760315     11221.1972656250
745.078430     11430.7304687500
745.396484     11446.3339843750
745.714539     11388.3779296875
746.032532     11466.3955078125
746.350464     11268.0078125000
746.668335     11401.7529296875
746.986206     11225.6552734375
747.303955     11366.0869140625
747.621643     11080.7646484375
747.939331     11225.6552734375
748.257019     11328.1923828125
748.574585     11230.1132812500
748.892151     11098.5976562500
749.209656     11029.4960937500
749.527100     11062.9326171875
749.844482     11261.3203125000
750.161804     11074.0771484375
750.479126     10869.0019531250
750.796326     11049.5576171875
751.113525     10975.9980468750
751.430725     10926.9580078125
751.747803     10864.5439453125
752.064880     10561.3886718750
752.381897     10737.4863281250
752.698853     10942.5615234375
753.015747     10929.1875000000
753.332703     10817.7333984375
753.649475     10755.3193359375
753.966187     10608.1992187500
754.282898     10806.5878906250
754.599609     10576.9921875000
754.916199     10733.0283203125
755.232788     10677.3007812500
755.549316     10833.3369140625
755.865784     10837.7949218750
756.182190     10768.6933593750
756.498596     10721.8828125000
756.814941     10632.7197265625
757.131165     10704.0498046875
757.447388     10514.5781250000
757.763611     10744.1738281250
758.079712     10445.4765625000
758.395813     10592.5957031250
758.711853     10521.2656250000
759.027832     10200.2773437500
759.343811     10469.9960937500
759.659668     10173.5283203125
759.975464      9576.1347656250
760.291260      8403.6376953125
760.606995      6680.5576171875
760.922668      4977.5390625000
761.238342      3622.2575683594
761.554016      2601.3383789063
761.869507      2070.8168945313
762.185059      1903.6357421875
762.500488      2177.8127441406
762.815918      2585.7346191406
763.131165      3004.8020019531
763.446533      2951.3041992188
763.761719      2686.0434570313
764.076965      2385.1174316406
764.392151      2298.1831054688
764.707214      2244.6853027344
765.022339      2324.9321289063
765.337341      2619.1708984375
765.652283      2837.6208496094
765.967224      3214.3356933594
766.282043      3539.7817382813
766.596863      3965.5361328125
766.911621      4395.7490234375
767.226379      4888.3759765625
767.541016      5367.6284179688
767.855591      5869.1718750000
768.170227      6475.4819335938
768.484741      6798.6987304688
768.799194      7206.6210937500
769.113647      7719.3095703125
769.427979      8020.2358398438
769.742310      8176.2714843750
770.056580      8376.8886718750
770.370850      8410.3251953125
770.684998      8428.1572265625
770.999084      8729.0839843750
771.313232      8795.9560546875
771.627258      8853.9121093750
771.941223      8813.7890625000
772.255066      9032.2382812500
772.569031      8900.7226562500
772.882813      8769.2070312500
773.196594      8659.9824218750
773.510376      8740.2294921875
773.824036      8787.0400390625
774.137695      8780.3525390625
774.451294      8898.4941406250
774.764832      8662.2109375000
775.078308      8780.3525390625
775.391724      8568.5898437500
775.705078      8584.1933593750
776.018433      8490.5722656250
776.331726      8439.3027343750
776.644958      8570.8193359375
776.958130      8388.0341796875
777.271301      8323.3906250000
777.584412      8374.6601562500
777.897461      8236.4570312500
778.210510      8421.4707031250
778.523315      8252.0605468750
778.836304      8107.1699218750
779.149109      8033.6103515625
779.461914      7989.0283203125
779.774658      8263.2060546875
780.087402      7895.4072265625
780.400024      7848.5961914063
780.712585      7911.0107421875
781.025146      7879.8037109375
781.337646      7904.3232421875
781.650085      7781.7241210938
781.962463      7804.0146484375
782.274841      7804.0146484375
782.587158      7728.2260742188
782.899414      7656.8955078125
783.211609      7734.9130859375
783.523743      7725.9970703125
783.835938      7587.7939453125
784.147949      7496.4013671875
784.459900      7291.3261718750
784.771851      7355.9692382813
785.083801      7255.6606445313
785.395630      7226.6826171875
785.707397      7199.9335937500
786.019226      7034.9814453125
786.330933      7148.6645507813
786.642578      6905.6948242188
786.954224      6852.1967773438
787.265747      6778.6372070313
787.577209      6613.6850585938
787.888672      6379.6318359375
788.200073      6444.2749023438
788.511414      6314.9882812500
788.822754      6089.8510742188
789.133972      6312.7592773438
789.445190      6343.9663085938
789.756409      5958.3349609375
790.067505      5637.3476562500
790.378540      5599.4531250000
790.689514      5505.8315429688
791.000488      5512.5190429688
791.311401      5755.4887695313
791.622314      5474.6245117188
791.933105      5452.3334960938
792.243896      5748.8017578125
792.554565      5661.8671875000
792.865234      5423.3554687500
793.175842      5559.3295898438
793.486389      5499.1445312500
793.796875      5599.4531250000
794.107300      5617.2856445313
794.417786      5550.4130859375
794.728088      5722.0527343750
795.038452      5866.9428710938
795.348694      5701.9907226563
795.658936      5537.0385742188
795.969055      5483.5410156250
796.279175      5701.9907226563
796.589172      5385.4614257813
796.899231      5253.9453125000
797.209167      4939.6450195313
797.519104      4812.5874023438
797.828979      4794.7543945313
798.138794      4906.2084960938
798.448547      5151.4077148438
798.758301      5211.5927734375
799.067932      5169.2402343750
799.377563      5028.8081054688
799.687073      5097.9096679688
799.996582      5129.1166992188
800.306030      5131.3457031250
800.615479      4866.0849609375
800.924805      4848.2524414063
801.234192      4685.5297851563
801.543457      4703.3623046875
801.852600      4669.9257812500
802.161743      4623.1152343750
802.470886      4569.6171875000
802.779907      4547.3266601563
803.088867      4478.2250976563
803.397827      4431.4140625000
803.706787      4404.6655273438
804.015686      4547.3266601563
804.324463      4585.2207031250
804.633179      4337.7929687500
804.941956      4373.4580078125
805.250610      4351.1674804688
805.559204      4344.4799804688
805.867676      4502.7451171875
806.176270      4625.3442382813
806.484680      4790.2963867188
806.793091      4716.7368164063
807.101440      4665.4677734375
807.409729      4661.0097656250
807.718018      4649.8642578125
808.026184      4594.1372070313
808.334351      4520.5776367188
808.642456      4569.6171875000
808.950439      4527.2646484375
809.258484      4262.0039062500
809.566467      4357.8544921875
809.874329      4282.0659179688
810.182190      4054.6994628906
810.489990      4177.2988281250
810.797791      4032.4086914063
811.105469      4085.9067382813
811.413147      3949.9326171875
811.720642      3918.7255859375
812.028198      3760.4606933594
812.335693      3642.3193359375
812.643188      3468.4509277344
812.950562      3604.4250488281
813.257935      3343.6225585938
813.565186      3303.4990234375
813.872498      3270.0627441406
814.179626      3027.0927734375
814.486816      2969.1367187500
814.793823      2839.8500976563
815.100830      2842.0791015625
815.407837      2697.1887207031
815.714783      2637.0036621094
816.021667      2438.6152343750
816.328552      2438.6152343750
816.635315      2556.7565917969
816.942078      2434.1572265625
817.248779      2242.4560546875
817.555359      2309.3286132813
817.861938      2394.0336914063
818.168457      2394.0336914063
818.474976      2287.0378417969
818.781372      2394.0336914063
819.087769      2327.1611328125
819.394104      2451.9897460938
819.700378      2416.3244628906
820.006592      2275.8923339844
820.312744      2431.9279785156
820.618896      2414.0954589844
820.924927      2501.0295410156
821.230957      2623.6291503906
821.536926      2922.3259277344
821.842896      2995.8857421875
822.148804      2966.9077148438
822.454590      3000.3439941406
822.760376      2808.6428222656
823.066040      2770.7485351563
823.371704      2554.5275878906
823.677307      2293.7250976563
823.982910      2119.8566894531
824.288391      2093.1076660156
824.593872      2222.3942871094
824.899292      2217.9362792969
825.204651      2463.1352539063
825.509949      2688.2724609375
825.815186      2746.2285156250
826.120422      2806.4138183594
826.425598      2777.4357910156
826.730652      2701.6469726563
827.035706      2674.8979492188
827.340759      2746.2285156250
827.645630      2808.6428222656
827.950623      2755.1447753906
828.255432      2594.6511230469
828.560242      2561.2148437500
828.864990      2530.0075683594
829.169739      2429.6989746094
829.474304      2420.7827148438
829.778870      2480.9677734375
830.083435      2610.2546386719
830.387878      2378.4301757813
830.692383      2512.1750488281
830.996765      2405.1791992188
831.301086      2612.4836425781
831.605408      2545.6113281250
831.909668      2601.3383789063
832.213867      2550.0693359375
832.517883      2561.2148437500
832.821960      2541.1530761719
833.126038      2583.5056152344
833.429993      2581.2766113281
833.733948      2574.5893554688
834.037842      2552.2985839844
834.341614      2525.5495605469
834.645386      2534.4658203125
834.949158      2509.9458007813
835.252808      2594.6511230469
835.556335      2781.8937988281
835.859924      2759.6030273438
836.163513      2592.4218750000
836.466980      2632.5454101563
836.770325      2755.1447753906
837.073730      2864.3698730469
837.377075      2730.6250000000
837.680298      2799.7265625000
837.983521      2632.5454101563
838.286682      2732.8540039063
838.589722      2900.0351562500
838.892761      2797.4975585938
839.195801      2721.7087402344
839.498779      2830.9335937500
839.801636      2775.2065429688
840.104492      2766.2902832031
840.407288      2822.0173339844
840.710022      2786.3520507813
841.012695      2855.4536132813
841.315369      2837.6208496094
841.617920      2882.2026367188
841.920410      2813.1010742188
842.222961      2770.7485351563
842.525391      2866.5988769531
842.827759      2790.8103027344
843.130127      2862.1408691406
843.432373      2904.4934082031
843.734619      2839.8500976563
844.036804      2790.8103027344
844.338867      2859.9116210938
844.640930      2799.7265625000
844.942993      2819.7883300781
845.244934      2797.4975585938
845.546814      2906.7224121094
845.848755      2855.4536132813
846.150513      2875.5153808594
846.452332      2946.8459472656
846.754028      2998.1147460938
847.055664      2902.2644042969
847.357239      2906.7224121094
847.658813      2837.6208496094
847.960327      2799.7265625000
848.261780      2842.0791015625
848.563110      2864.3698730469
848.864563      2850.9953613281
849.165771      2797.4975585938
849.467041      2799.7265625000
849.768250      2766.2902832031
850.069397      2768.5192871094
850.370422      2746.2285156250
850.671448      2723.9377441406
850.972473      2701.6469726563
851.273376      2661.5234375000
851.574280      2641.4616699219
851.875122      2701.6469726563
852.175842      2603.5673828125
852.476624      2603.5673828125
852.777222      2523.3203125000
853.077881      2554.5275878906
853.378418      2623.6291503906
853.678955      2552.2985839844
853.979370      2558.9855957031
854.279785      2512.1750488281
854.580200      2579.0473632813
854.880493      2558.9855957031
855.180725      2445.3024902344
855.480957      2237.9980468750
855.781067      2327.1611328125
856.081116      2295.9541015625
856.381165      2382.8881835938
856.681152      2465.3642578125
856.981140      2512.1750488281
857.281006      2505.4877929688
857.580872      2599.1091308594
857.880676      2498.8005371094
858.180420      2550.0693359375
858.480103      2414.0954589844
858.779724      2505.4877929688
859.079224      2530.0075683594
859.378723      2547.8403320313
859.678223      2525.5495605469
859.977661      2525.5495605469
860.277039      2438.6152343750
860.576355      2443.0734863281
860.875610      2623.6291503906
861.174805      2456.4479980469
861.473999      2440.8444824219
861.773071      2425.2407226563
862.072083      2380.6591796875
862.371094      2438.6152343750
862.670044      2458.6770019531
862.968933      2409.6372070313
863.267761      2458.6770019531
863.566589      2407.4082031250
863.865356      2509.9458007813
864.164001      2394.0336914063
864.462646      2365.0556640625
864.761230      2353.9101562500
865.059692      2398.4919433594
865.358154      2398.4919433594
865.656616      2295.9541015625
865.954956      2293.7250976563
866.253357      2360.5974121094
866.551575      2253.6015625000
866.849792      2269.2050781250
867.147949      2302.6413574219
867.446106      2206.7907714844
867.744080      2269.2050781250
868.042053      2177.8127441406
868.340027      2262.5178222656
868.637878      2177.8127441406
868.935791      2237.9980468750
869.233582      2240.2270507813
869.531311      2244.6853027344
869.828979      2244.6853027344
870.126648      2142.1474609375
870.424255      2253.6015625000
870.721741      2202.3327636719
871.019165      2220.1652832031
871.316589      2209.0197753906
871.613953      2184.5000000000
871.911316      2197.8745117188
872.208557      2184.5000000000
872.505798      2217.9362792969
872.802979      2186.7290039063
873.100037      2164.4382324219
873.397156      2148.8347167969
873.694092      2186.7290039063
873.991028      2070.8168945313
874.287964      2073.0458984375
874.584778      2151.0637207031
874.881592      2131.0019531250
875.178284      2191.1872558594
875.474976      2126.5439453125
875.771606      2032.9224853516
876.068237      2086.4204101563
876.364746      2050.7551269531
876.661194      2079.7331542969
876.957581      2048.5261230469
877.253967      2106.4821777344
877.550293      2081.9621582031
877.846497      2037.3806152344
878.142761      2102.0239257813
878.438904      2028.4642333984
878.734985      2010.6315917969
879.031067      2026.2352294922
879.326965      2001.7153320313
879.622925      1963.8209228516
879.918823      2026.2352294922
880.214661      2037.3806152344
880.510498      2001.7153320313
880.806213      1950.4464111328
881.101868      1968.2790527344
881.397522      1950.4464111328
881.693115      1872.4285888672
881.988586      1959.3627929688
882.283997      1903.6357421875
882.579407      1941.5301513672
882.874817      1881.3448486328
883.170105      1881.3448486328
883.465332      1952.6755371094
883.760559      1966.0500488281
884.055725      1919.2392578125
884.350769      1888.0321044922
884.645813      1731.9964599609
884.940857      1834.5341796875
885.235718      1966.0500488281
885.530579      1850.1376953125
885.825439      1870.1994628906
886.120239      1845.6795654297
886.414917      1776.5780029297
886.709595      1867.9704589844
887.004272      1774.3489990234
887.298767      1843.4505615234
887.593323      1696.3311767578
887.887756      1671.8112792969
888.182129      1872.4285888672
888.476440      1763.2036132813
888.770752      1665.1240234375
889.065002      1763.2036132813
