0.364000
191.033081         0.0000000000
191.409973         0.0000000000
191.786819      1101.5457763672
192.163651      1208.4467773438
192.540451      1175.9117431641
192.917221      1134.0809326172
193.293961      1154.9963378906
193.670670      1227.0383300781
194.047348      1278.1649169922
194.423981      1271.1931152344
194.800613      1264.2213134766
195.177200      1264.2213134766
195.553757      1245.6297607422
195.930283      1206.1229248047
196.306778      1282.8127441406
196.683258      1201.4749755859
197.059677      1243.3059082031
197.436081      1278.1649169922
197.812454      1243.3059082031
198.188812      1268.8691406250
198.565125      1194.5031738281
198.941406      1224.7143554688
199.317673      1278.1649169922
199.693893      1257.2495117188
200.070099      1145.7005615234
200.446259      1157.3201904297
200.822388      1252.6016845703
201.198486      1178.2357177734
201.574570      1252.6016845703
201.950607      1215.4187011719
202.326614      1224.7143554688
202.702606      1215.4187011719
203.078568      1266.5452880859
203.454483      1238.6579589844
203.830383      1266.5452880859
204.206253      1289.7845458984
204.582077      1313.0239257813
204.957870      1210.7707519531
205.333633      1264.2213134766
205.709396      1201.4749755859
206.085098      1247.9537353516
206.460785      1138.7287597656
206.836426      1171.2639160156
207.212051      1199.1511230469
207.587646      1166.6159667969
207.963196      1166.6159667969
208.338730      1224.7143554688
208.714218      1157.3201904297
209.089691      1201.4749755859
209.465134      1194.5031738281
209.840530      1187.5313720703
210.215897      1194.5031738281
210.591263      1224.7143554688
210.966583      1238.6579589844
211.341858      1243.3059082031
211.717102      1166.6159667969
212.092331      1275.8409423828
212.467529      1182.8835449219
212.842697      1124.7851562500
213.217819      1224.7143554688
213.592926      1215.4187011719
213.968002      1240.9819335938
214.343018      1194.5031738281
214.718033      1238.6579589844
215.093018      1178.2357177734
215.467972      1280.4888916016
215.842880      1259.5734863281
216.217773      1143.3765869141
216.592636      1257.2495117188
216.967453      1168.9399414063
217.342255      1257.2495117188
217.717026      1206.1229248047
218.091766      1220.0665283203
218.466446      1240.9819335938
218.841125      1217.7425537109
219.215759      1189.8553466797
219.590378      1259.5734863281
219.964966      1261.8973388672
220.339508      1199.1511230469
220.714020      1271.1931152344
221.088516      1220.0665283203
221.462967      1217.7425537109
221.837402      1194.5031738281
222.211792      1222.3905029297
222.586166      1206.1229248047
222.960510      1306.0521240234
223.334793      1278.1649169922
223.709061      1143.3765869141
224.083313      1215.4187011719
224.457520      1234.0101318359
224.831696      1222.3905029297
225.205856      1231.6861572266
225.579987      1192.1793212891
225.954056      1250.2777099609
226.328110      1224.7143554688
226.702148      1127.1090087891
227.076126      1215.4187011719
227.450104      1227.0383300781
227.824036      1194.5031738281
228.197937      1192.1793212891
228.571823      1257.2495117188
228.945648      1247.9537353516
229.319473      1199.1511230469
229.693237      1261.8973388672
230.066986      1322.3197021484
230.440704      1227.0383300781
230.814392      1196.8271484375
231.188034      1252.6016845703
231.561661      1217.7425537109
231.935257      1252.6016845703
232.308823      1287.4606933594
232.682343      1220.0665283203
233.055847      1313.0239257813
233.429321      1208.4467773438
233.802750      1238.6579589844
234.176147      1285.1367187500
234.549530      1261.8973388672
234.922882      1247.9537353516
235.296188      1273.5170898438
235.669464      1215.4187011719
236.042725      1152.6723632813
236.415924      1152.6723632813
236.789139      1240.9819335938
237.162292      1196.8271484375
237.535416      1201.4749755859
237.908508      1250.2777099609
238.281570      1187.5313720703
238.654617      1210.7707519531
239.027618      1247.9537353516
239.400574      1196.8271484375
239.773514      1254.9255371094
240.146423      1227.0383300781
240.519302      1199.1511230469
240.892136      1196.8271484375
241.264969      1222.3905029297
241.637726      1194.5031738281
242.010498      1136.4047851563
242.383209      1215.4187011719
242.755905      1096.8979492188
243.128555      1222.3905029297
243.501190      1210.7707519531
243.873779      1196.8271484375
244.246353      1252.6016845703
244.618866      1210.7707519531
244.991379      1210.7707519531
245.363861      1231.6861572266
245.736282      1206.1229248047
246.108688      1196.8271484375
246.481079      1187.5313720703
246.853409      1268.8691406250
247.225723      1234.0101318359
247.598007      1194.5031738281
247.970261      1164.2919921875
248.342468      1257.2495117188
248.714645      1210.7707519531
249.086823      1192.1793212891
249.458954      1254.9255371094
249.831024      1189.8553466797
250.203094      1217.7425537109
250.575134      1189.8553466797
250.947113      1243.3059082031
251.319092      1215.4187011719
251.691025      1215.4187011719
252.062912      1217.7425537109
252.434784      1285.1367187500
252.806641      1210.7707519531
253.178452      1194.5031738281
253.550232      1185.2075195313
253.921967      1252.6016845703
254.293686      1227.0383300781
254.665359      1164.2919921875
255.037003      1175.9117431641
255.408630      1240.9819335938
255.780228      1222.3905029297
256.151764      1227.0383300781
256.523285      1206.1229248047
256.894806      1199.1511230469
257.266235      1201.4749755859
257.637695      1180.5595703125
258.009064      1266.5452880859
258.380432      1294.4324951172
258.751770      1141.0527343750
259.123077      1294.4324951172
259.494385      1210.7707519531
259.865601      1261.8973388672
260.236816      1273.5170898438
260.607941      1220.0665283203
260.979126      1196.8271484375
261.350220      1261.8973388672
261.721344      1271.1931152344
262.092346      1245.6297607422
262.463379      1178.2357177734
262.834351      1206.1229248047
263.205292      1234.0101318359
263.576233      1273.5170898438
263.947144      1208.4467773438
264.317993      1187.5313720703
264.688812      1215.4187011719
265.059631      1254.9255371094
265.430359      1234.0101318359
265.801117      1261.8973388672
266.171783      1217.7425537109
266.542450      1238.6579589844
266.913086      1178.2357177734
267.283691      1182.8835449219
267.654266      1259.5734863281
268.024811      1208.4467773438
268.395325      1264.2213134766
268.765778      1268.8691406250
269.136230      1224.7143554688
269.506653      1326.9675292969
269.877045      1275.8409423828
270.247375      1206.1229248047
270.617676      1199.1511230469
270.987946      1303.7282714844
271.358246      1217.7425537109
271.728424      1264.2213134766
272.098633      1250.2777099609
272.468781      1245.6297607422
272.838867      1271.1931152344
273.209015      1247.9537353516
273.579041      1285.1367187500
273.949066      1261.8973388672
274.319061      1213.0947265625
274.689056      1199.1511230469
275.058960      1264.2213134766
275.428864      1175.9117431641
275.798737      1231.6861572266
276.168579      1215.4187011719
276.538361      1257.2495117188
276.908142      1187.5313720703
277.277832      1240.9819335938
277.647583      1254.9255371094
278.017242      1215.4187011719
278.386902      1245.6297607422
278.756500      1292.1085205078
279.126038      1206.1229248047
279.495636      1240.9819335938
279.865143      1280.4888916016
280.234619      1227.0383300781
280.604065      1282.8127441406
280.973450      1215.4187011719
281.342834      1250.2777099609
281.712189      1222.3905029297
282.081512      1171.2639160156
282.450836      1247.9537353516
282.820038      1250.2777099609
283.189270      1364.1505126953
283.558502      1238.6579589844
283.927612      1164.2919921875
284.296722      1250.2777099609
284.665863      1266.5452880859
285.034912      1280.4888916016
285.403931      1208.4467773438
285.772919      1213.0947265625
286.141876      1224.7143554688
286.510834      1189.8553466797
286.879730      1208.4467773438
287.248596      1220.0665283203
287.617401      1166.6159667969
287.986206      1229.3623046875
288.354950      1282.8127441406
288.723724      1254.9255371094
289.092407      1206.1229248047
289.461060      1266.5452880859
289.829742      1275.8409423828
290.198334      1287.4606933594
290.566925      1240.9819335938
290.935455      1231.6861572266
291.303925      1259.5734863281
291.672394      1196.8271484375
292.040894      1261.8973388672
292.409271      1213.0947265625
292.777679      1213.0947265625
293.145996      1120.1372070313
293.514313      1247.9537353516
293.882599      1280.4888916016
294.250824      1213.0947265625
294.619049      1252.6016845703
294.987244      1224.7143554688
295.355377      1254.9255371094
295.723480      1306.0521240234
296.091614      1164.2919921875
296.459625      1299.0803222656
296.827667      1224.7143554688
297.195648      1299.0803222656
297.563599      1227.0383300781
297.931488      1285.1367187500
298.299408      1280.4888916016
298.667267      1243.3059082031
299.035095      1322.3197021484
299.402893      1289.7845458984
299.770599      1273.5170898438
300.138367      1196.8271484375
300.506042      1220.0665283203
300.873718      1220.0665283203
301.241333      1245.6297607422
301.608917      1287.4606933594
301.976471      1252.6016845703
302.344025      1213.0947265625
302.711487      1285.1367187500
303.078979      1236.3341064453
303.446411      1261.8973388672
303.813782      1278.1649169922
304.181183      1347.8830566406
304.548492      1178.2357177734
304.915771      1317.6718750000
305.283051      1273.5170898438
305.650299      1301.4042968750
306.017456      1222.3905029297
306.384644      1220.0665283203
306.751770      1227.0383300781
307.118896      1252.6016845703
307.485962      1189.8553466797
307.852966      1306.0521240234
308.219971      1280.4888916016
308.586945      1285.1367187500
308.953888      1331.6154785156
309.320801      1282.8127441406
309.687653      1345.5590820313
310.054504      1317.6718750000
310.421326      1273.5170898438
310.788086      1257.2495117188
311.154846      1303.7282714844
311.521515      1252.6016845703
311.888184      1271.1931152344
312.254822      1313.0239257813
312.621429      1257.2495117188
312.988007      1273.5170898438
313.354553      1306.0521240234
313.721039      1354.8548583984
314.087494      1345.5590820313
314.453949      1352.5308837891
314.820343      1338.5872802734
315.186737      1401.3334960938
315.553101      1475.6994628906
315.919373      1364.1505126953
316.285645      1306.0521240234
316.651886      1438.5164794922
317.018066      1471.0516357422
317.384308      1522.1782226563
317.750427      1566.3330078125
318.116516      1508.2346191406
318.482574      1550.0654296875
318.848633      1577.9526367188
319.214661      1587.2484130859
319.580627      1701.1213378906
319.946564      1675.5579833984
320.312439      1761.5437011719
320.678314      1808.0223388672
321.044159      1903.3037109375
321.410004      1877.7404785156
321.775757      1917.2474365234
322.141510      1963.7260742188
322.507202      1996.2612304688
322.872894      1968.3740234375
323.238525      2084.5708007813
323.604156      2158.9367675781
323.969696      2300.6967773438
324.335266      2423.8654785156
324.700745      2442.4570312500
325.066223      2572.5974121094
325.431702      2630.6958007813
325.797089      2702.7377929688
326.162445      2953.7229003906
326.527802      3097.8068847656
326.893097      3207.0319824219
327.258362      3190.7644042969
327.623657      3351.1159667969
327.988861      3318.5808105469
328.353973      3288.3698730469
328.719116      3325.5527343750
329.084259      3606.7490234375
329.449341      3843.7905273438
329.814392      4120.3388671875
330.179352      4317.8735351563
330.544312      4245.8315429688
330.909241      4315.5498046875
331.274170      4250.4794921875
331.639069      4334.1411132813
332.003906      4443.3662109375
332.368713      4836.1113281250
332.733459      4798.9282226563
333.098206      4894.2094726563
333.462921      4877.9418945313
333.827606      4664.1401367188
334.192230      4640.9008789063
334.556824      4773.3652343750
334.921356      4873.2944335938
335.285919      5121.9555664063
335.650452      5219.5605468750
336.014893      5117.3076171875
336.379333      4922.0966796875
336.743744      4845.4072265625
337.108124      4717.5903320313
337.472443      4696.6752929688
337.836731      4949.9843750000
338.201019      5040.6176757813
338.565247      5082.4487304688
338.929413      5247.4477539063
339.293579      5475.1938476563
339.657776      5433.3627929688
340.021851      5733.1508789063
340.385895      6023.6425781250
340.749908      5944.6289062500
341.113922      6046.8818359375
341.477875      6177.0224609375
341.841827      6058.5019531250
342.205688      5991.1074218750
342.569580      6353.6416015625
342.933380      6297.8671875000
343.297211      6416.3876953125
343.660950      6281.5996093750
344.024658      6193.2900390625
344.388367      5972.5161132813
344.752014      5865.6152343750
345.115601      5963.2202148438
345.479218      6158.4311523438
345.842804      6458.2187500000
346.206299      6567.4438476563
346.569763      6613.9223632813
346.933228      6651.1054687500
347.296661      6683.6406250000
347.660034      6588.3593750000
348.023407      6602.3027343750
348.386719      6665.0493164063
348.750000      6862.5834960938
349.113220      6909.0625000000
349.476471      7006.6674804688
349.839661      7183.2871093750
350.202820      7204.2021484375
350.565887      7436.5957031250
350.928955      7861.8764648438
351.292023      7627.1586914063
351.655029      7731.7358398438
352.018036      7648.0742187500
352.380981      7643.4262695313
352.743866      7550.4687500000
353.106720      7775.8906250000
353.469574      7985.0449218750
353.832397      8233.7060546875
354.195160      8575.3242187500
354.557892      8621.8037109375
354.920593      8731.0283203125
355.283234      8675.2539062500
355.645905      8689.1972656250
356.008514      8733.3525390625
356.371094      8366.1699218750
356.733612      8159.3398437500
357.096100      7899.0590820313
357.458588      7792.1582031250
357.820984      7462.1591796875
358.183411      7218.1459960938
358.545746      7094.9770507813
358.908081      7218.1459960938
359.270355      7559.7646484375
359.632629      7903.7070312500
359.994873      8705.4648437500
360.357056      8942.5068359375
360.719208      9102.8583984375
361.081329      8744.9716796875
361.443420      8668.2822265625
361.805481      8633.4228515625
362.167511      8645.0429687500
362.529480      8951.8027343750
362.891418      9391.0263671875
363.253326      9335.2519531250
363.615234      9669.8984375000
363.977081      9730.3212890625
364.338867     10071.9394531250
364.700653     10099.8271484375
365.062378     10111.4462890625
365.424103     10455.3886718750
365.785767     11017.7812500000
366.147430     11566.2304687500
366.509033     11905.5253906250
366.870605     11777.7089843750
367.232117     11961.2998046875
367.593628     11903.2011718750
367.955109     11849.7509765625
368.316559     11768.4130859375
368.677917     11587.1464843750
369.039307     11875.3144531250
369.400635     11893.9052734375
369.761902     12216.9326171875
370.123199     12500.4531250000
370.484436     12444.6787109375
370.845581     12384.2558593750
371.206726     12112.3554687500
371.567871     12251.7919921875
371.928955     12070.5244140625
372.290039     12151.8623046875
372.651062     11663.8359375000
373.011993     11489.5410156250
373.372955     11117.7109375000
373.733887     10692.4306640625
374.094788     10590.1777343750
374.455627     10638.9804687500
374.816406     10634.3320312500
375.177185     10792.3593750000
375.537903     11036.3730468750
375.898651     11635.9482421875
376.259338     12065.8769531250
376.619965     12193.6933593750
376.980530     12530.6640625000
377.341095     13123.2675781250
377.701660     13992.4199218750
378.062134     14429.3203125000
378.422607     14729.1074218750
378.783020     14631.5029296875
379.143402     14499.0380859375
379.503784     13590.3789062500
379.864105     13278.9716796875
380.224396     13302.2109375000
380.584656     13423.0556640625
380.944855     13676.3642578125
381.305054     13760.0263671875
381.665192     13104.6767578125
382.025299     12593.4101562500
382.385406     11491.8642578125
382.745453     10757.5009765625
383.105438     10183.4882812500
383.465424      9607.1523437500
383.825348      9395.6738281250
384.185272      9939.4755859375
384.545135     10522.7832031250
384.904968     11635.9482421875
385.264771     12326.1582031250
385.624512     12407.4951171875
385.984253     12584.1142578125
386.343964     12477.2138671875
386.703613     12728.1982421875
387.063232     12584.1142578125
387.422821     12930.3808593750
387.782379     12686.3681640625
388.141907     12716.5791015625
388.501404     12916.4375000000
388.860840     12797.9169921875
389.220215     12946.6484375000
389.579620     13873.8994140625
389.938995     14557.1367187500
390.298279     15142.7685546875
390.657562     15272.9091796875
391.016785     15879.4560546875
391.376007     16202.4833984375
391.735168     16393.0468750000
392.094299     15986.3574218750
392.453430     15082.3457031250
392.812469     14059.8144531250
393.171478     12275.0312500000
393.530457     10857.4296875000
393.889435     10295.0371093750
394.248383     10439.1210937500
394.607269     12098.4121093750
394.966125     13597.3505859375
395.324921     15033.5429687500
395.683655     15440.2324218750
396.042419     15637.7666015625
396.401154     14601.2910156250
396.759827     13520.6611328125
397.118469     12563.1992187500
397.477051     12161.1582031250
397.835632     13418.4082031250
398.194153     15305.4443359375
398.552673     17487.6191406250
398.911163     19026.0664062500
399.269592     20769.0175781250
399.627960     21777.6054687500
399.986328     22075.0703125000
400.344666     22356.2656250000
400.702942     22693.2363281250
401.061188     23041.8281250000
401.419403     23485.6992187500
401.777588     23783.1640625000
402.135712     23892.3886718750
402.493835     24473.3730468750
402.851929     24417.5976562500
403.209961     24285.1328125000
403.567932     24157.3164062500
403.925903     23759.9238281250
404.283905     23987.6699218750
404.641754     23646.0507812500
404.999634     24117.8105468750
405.357452     23776.1914062500
405.715210     23497.3183593750
406.072998     23627.4589843750
406.430725     23118.5175781250
406.788422     23574.0097656250
407.146027     23453.1640625000
407.503662     23167.3203125000
407.861237     24027.1757812500
408.218781     24096.8945312500
408.576294     24580.2734375000
408.933777     25479.6367187500
409.291168     25635.3398437500
409.648590     25570.2695312500
410.005951     24668.5839843750
410.363312     23506.6152343750
410.720612     23980.6972656250
411.077820     24352.5273437500
411.435059     25407.5957031250
411.792267     26248.8593750000
412.149384     26757.8007812500
412.506531     26418.5078125000
412.863586     27136.6035156250
413.220642     26887.9414062500
413.577606     26736.8867187500
413.934601     26523.0839843750
414.291565     26776.3925781250
414.648468     26392.9433593750
415.005310     26899.5625000000
415.362122     26732.2382812500
415.718903     26660.1972656250
416.075684     26955.3359375000
416.432434     27666.4609375000
416.789093     27931.3886718750
417.145752     27561.8828125000
417.502350     27122.6601562500
417.858948     26857.7304687500
418.215485     26413.8593750000
418.571991     26783.3652343750
418.928467     26516.1132812500
419.284882     27043.6464843750
419.641266     26595.1269531250
419.997650     27190.0546875000
420.354004     26379.0000000000
420.710266     26662.5195312500
421.066528     27482.8691406250
421.422760     27712.9394531250
421.778931     28312.5156250000
422.135071     28217.2343750000
422.491211     27192.3769531250
422.847260     26569.5625000000
423.203308     26309.2812500000
423.559296     26662.5195312500
423.915283     26718.2949218750
424.271210     26597.4492187500
424.627136     27368.9960937500
424.982971     27719.9121093750
425.338776     27441.0390625000
425.694611     27183.0820312500
426.050323     26994.8437500000
426.406036     27568.8554687500
426.761749     27592.0957031250
427.117371     27041.3222656250
427.472961     26764.7734375000
427.828552     26167.5214843750
428.184113     26778.7167968750
428.539581     26444.0703125000
428.895050     26846.1113281250
429.250458     25997.8750000000
429.605865     25007.8769531250
429.961212     24373.4433593750
430.316559     23343.9394531250
430.671814     22037.8867187500
431.027069     21566.1289062500
431.382263     22128.5214843750
431.737457     23525.2070312500
432.092590     25853.7910156250
432.447723     27803.5722656250
432.802734     27838.4316406250
433.157776     28540.2617187500
433.512756     28512.3730468750
433.867706     28707.5839843750
434.222656     28193.9941406250
434.577545     27626.9531250000
434.932373     28212.5859375000
435.287201     28898.1464843750
435.641968     29855.6093750000
435.996704     30418.0019531250
436.351410     30550.4648437500
436.706085     31482.3632812500
437.060699     31675.2500000000
437.415283     31856.5175781250
437.769867     31078.0000000000
438.124420     31040.8164062500
438.478882     30708.4941406250
438.833313     29713.8476562500
439.187714     29597.6523437500
439.542084     30022.9316406250
439.896454     30854.9003906250
440.250732     30806.0976562500
440.605011     31047.7871093750
440.959229     31449.8281250000
441.313416     32291.0937500000
441.667572     32586.2343750000
442.021698     33929.4687500000
442.375793     34180.4531250000
442.729858     34247.8476562500
443.083832     34859.0429687500
443.437836     34296.6523437500
443.791748     34710.3125000000
444.145630     34261.7929687500
444.499542     34617.3554687500
444.853363     34756.7890625000
445.207123     34717.2851562500
445.560883     34296.6523437500
445.914612     34120.0312500000
446.268280     33815.5976562500
446.621918     33573.9062500000
446.975555     34103.7656250000
447.329132     34958.9726562500
447.682678     36009.3906250000
448.036133     36692.6289062500
448.389618     36571.7851562500
448.743042     36065.1679687500
449.096405     37164.3867187500
449.449799     36406.7851562500
449.803101     36567.1367187500
450.156372     36655.4453125000
450.509613     37975.4414062500
450.862823     38619.1718750000
451.216003     39002.6210937500
451.569122     38751.6367187500
451.922211     38433.2578125000
452.275269     37921.9921875000
452.628296     38463.4687500000
452.981293     36576.4335937500
453.334229     36757.6992187500
453.687134     35765.3789062500
454.040009     36792.5585937500
454.392853     37192.2734375000
454.745636     37422.3437500000
455.098419     37011.0078125000
455.451172     37131.8515625000
455.803864     36901.7851562500
456.156464     37596.6406250000
456.509125     38307.7656250000
456.861694     39102.5507812500
457.214264     38777.1992187500
457.566742     39107.1992187500
457.919220     39123.4648437500
458.271667     39211.7773437500
458.624023     38233.3984375000
458.976379     37684.9492187500
459.328705     38286.8476562500
459.681000     38119.5273437500
460.033234     37908.0468750000
460.385468     38344.9492187500
460.737610     37980.0898437500
461.089752     38951.4960937500
461.441864     38902.6914062500
461.793945     39676.5625000000
462.145996     39846.2109375000
462.497955     40215.7148437500
462.849884     40087.8984375000
463.201813     40252.8984375000
463.553680     40557.3359375000
463.905518     40524.8007812500
464.257355     40636.3476562500
464.609100     40236.6328125000
464.960815     40185.5039062500
465.312531     40148.3203125000
465.664185     40087.8984375000
466.015778     40799.0234375000
466.367371     41517.1210937500
466.718903     41398.6015625000
467.070435     40789.7304687500
467.421906     40910.5742187500
467.773346     41300.9960937500
468.124725     41024.4453125000
468.476074     41886.6250000000
468.827393     42537.3281250000
469.178680     42748.8085937500
469.529938     43318.1718750000
469.881134     42834.7929687500
470.232330     43115.9882812500
470.583435     42925.4257812500
470.934540     42665.1445312500
471.285614     43192.6796875000
471.636627     43462.2539062500
471.987610     44905.4179687500
472.338562     45630.4882812500
472.689453     46364.8515625000
473.040375     46771.5390625000
473.391205     45907.0351562500
473.741974     46620.4843750000
474.092773     46292.8085937500
474.443481     48114.7773437500
474.794159     47631.3984375000
475.144806     48858.4335937500
475.495422     48832.8710937500
475.846039     48828.2226562500
476.196533     48498.2265625000
476.547028     48433.1562500000
476.897522     49072.2382812500
477.247925     49055.9687500000
477.598328     49569.5585937500
477.948700     50733.8515625000
478.299011     50863.9921875000
478.649231     51686.6640625000
478.999481     51986.4531250000
479.349701     52209.5507812500
479.699829     52228.1445312500
480.049988     52609.2695312500
480.400055     53092.6484375000
480.750153     53371.5195312500
481.100128     53127.5078125000
481.450104     54024.5468750000
481.800049     54108.2070312500
482.149963     54561.3750000000
482.499786     54672.9218750000
482.849670     54454.4726562500
483.199432     54909.9648437500
483.549194     54456.7968750000
483.898926     54977.3593750000
484.248566     54647.3593750000
484.598206     54961.0898437500
484.947815     55186.5117187500
485.297394     54921.5859375000
485.646912     54305.7421875000
485.996399     53371.5195312500
486.345825     51772.6523437500
486.695282     50877.9375000000
487.044617     51233.4960937500
487.393951     51926.0312500000
487.743286     52918.3515625000
488.092529     53829.3359375000
488.441711     54233.6992187500
488.790955     54823.9804687500
489.140076     54744.9648437500
489.489197     55102.8515625000
489.838257     55458.4140625000
490.187286     56222.9882812500
490.536316     56557.6367187500
490.885254     56569.2539062500
491.234161     56457.7070312500
491.583069     56529.7500000000
491.931915     56057.9882812500
492.280731     55772.1445312500
492.629486     55765.1718750000
492.978210     55583.9062500000
493.326874     56304.3281250000
493.675568     56462.3554687500
494.024200     56550.6640625000
494.372742     56885.3125000000
494.721313     56903.9023437500
495.069824     57424.4648437500
495.418274     57445.3789062500
495.766724     57517.4218750000
496.115112     57515.0976562500
496.463470     57487.2109375000
496.811768     57777.7031250000
497.160034     57859.0390625000
497.508301     57547.6328125000
497.856506     58056.5742187500
498.204651     57666.1523437500
498.552765     57275.7304687500
498.900848     57075.8750000000
499.248901     56971.2968750000
499.596924     57168.8320312500
499.944885     57484.8867187500
500.292816     56876.0156250000
500.640778     56769.1132812500
500.988556     56392.6367187500
501.336426     56013.8359375000
501.684204     56074.2578125000
502.031952     55974.3281250000
502.379700     55435.1757812500
502.727295     55642.0039062500
503.074982     56150.9453125000
503.422546     55948.7656250000
503.770081     55816.3007812500
504.117615     55391.0195312500
504.465088     55249.2617187500
504.812561     55167.9218750000
505.159943     55242.2890625000
505.507294     56113.7656250000
505.854645     56164.8906250000
506.201904     56813.2695312500
506.549194     56985.2382812500
506.896332     56959.6757812500
507.243591     57129.3242187500
507.590698     56485.5937500000
507.937775     56550.6640625000
508.284912     56267.1445312500
508.631836     56650.5937500000
508.978851     56664.5351562500
509.325806     57161.8593750000
509.672699     57303.6210937500
510.019592     57171.1562500000
510.366364     57505.8007812500
510.713196     57454.6757812500
511.059937     57329.1835937500
511.406677     57596.4335937500
511.753326     57842.7734375000
512.099976     57882.2812500000
512.446594     58024.0390625000
512.793091     57882.2812500000
513.139648     57719.6054687500
513.486145     57652.2109375000
513.832520     57415.1679687500
514.179016     57292.0000000000
514.525269     56973.6210937500
514.871704     57073.5507812500
515.217957     57257.1406250000
515.564209     57305.9414062500
515.910522     57419.8164062500
516.256531     57157.2109375000
516.602783     56822.5664062500
516.948853     55579.2578125000
517.294922     54624.1210937500
517.640930     54080.3203125000
517.986877     54538.1367187500
518.332886     54363.8398437500
518.678711     54556.7265625000
519.024658     54642.7109375000
519.370422     55000.5976562500
519.716248     55586.2304687500
520.062073     56095.1718750000
520.407715     56476.2968750000
520.753418     56587.8476562500
521.099060     56715.6640625000
521.444580     56776.0859375000
521.790222     56968.9726562500
522.135681     57168.8320312500
522.481201     56910.8750000000
522.826660     56850.4531250000
523.172058     56550.6640625000
523.517395     56787.7070312500
523.862671     56518.1289062500
524.208069     56748.1992187500
524.553284     57245.5195312500
524.898438     57075.8750000000
525.243591     57266.4375000000
525.588745     56892.2812500000
525.933899     56952.7031250000
526.278931     56406.5781250000
526.623962     55765.1718750000
526.968872     54812.3593750000
527.313904     53873.4882812500
527.658813     53973.4179687500
528.003601     54668.2773437500
528.348450     55114.4726562500
528.693237     55260.8789062500
529.037964     55588.5546875000
529.382751     55758.2031250000
529.727356     56030.1015625000
530.072021     55911.5820312500
530.416626     55504.8945312500
530.761169     55951.0898437500
531.105652     56034.7500000000
531.450134     56285.7343750000
531.794617     55934.8203125000
532.138916     55883.6953125000
532.483337     55232.9921875000
532.827637     54728.6992187500
533.171936     54119.8281250000
533.516174     54222.0781250000
533.860352     54454.4726562500
534.204529     54542.7812500000
534.548645     54726.3750000000
534.892700     54552.0781250000
535.236816     54735.6679687500
535.580750     55044.7539062500
535.924744     55005.2460937500
536.268738     55442.1484375000
536.612549     55372.4296875000
536.956421     55219.0468750000
537.300232     54747.2890625000
537.644043     54677.5703125000
537.987671     54707.7812500000
538.331421     54693.8398437500
538.675049     55126.0898437500
539.018677     54942.5000000000
539.362305     54514.8945312500
539.705750     54452.1484375000
540.049316     53931.5898437500
540.392822     53768.9140625000
540.736145     53208.8437500000
541.079590     53215.8164062500
541.422913     52897.4375000000
541.766235     53025.2539062500
542.109436     53232.0820312500
542.452698     53118.2109375000
542.795898     53438.9140625000
543.138977     53320.3945312500
543.482178     53171.6601562500
543.825195     53492.3632812500
544.168213     53587.6445312500
544.511230     53747.9960937500
544.854187     53576.0273437500
545.197083     53668.9843750000
545.539917     53699.1953125000
545.882813     53603.9140625000
546.225586     53569.0546875000
546.568359     53359.8984375000
546.911133     53448.2109375000
547.253662     53327.3632812500
547.596436     53194.8984375000
547.938965     53115.8867187500
548.281494     52627.8593750000
548.624084     52895.1132812500
548.966492     53299.4765625000
549.308960     53601.5898437500
549.651367     53232.0820312500
549.993713     53301.8007812500
550.336060     53408.7031250000
550.678345     53397.0820312500
551.020630     53443.5625000000
551.362732     53438.9140625000
551.704956     53390.1093750000
552.047058     53213.4921875000
552.389160     53541.1679687500
552.731262     53253.0000000000
553.073181     53255.3242187500
553.415161     53022.9296875000
553.757080     53022.9296875000
554.098999     53280.8867187500
554.440857     53008.9843750000
554.782593     52741.7343750000
555.124390     52825.3945312500
555.466125     53069.4062500000
555.807800     52725.4648437500
556.149414     52627.8593750000
556.491089     52497.7187500000
556.832642     52086.3828125000
557.174133     51905.1171875000
557.515686     51403.1445312500
557.857117     51833.0742187500
558.198486     51640.1875000000
558.539917     50664.1328125000
558.881165     50622.3046875000
559.222534     50069.2070312500
559.563782     49815.8984375000
559.904968     49451.0390625000
560.246216     49276.7421875000
560.587280     49813.5742187500
560.928406     49425.4765625000
561.269470     49534.6992187500
561.610474     49460.3359375000
561.951477     49165.1953125000
562.292297     48825.8984375000
562.633301     48289.0703125000
562.974121     48416.8867187500
563.315002     48454.0703125000
563.655762     48165.9023437500
563.996460     47749.9179687500
564.337158     48110.1289062500
564.677795     47629.0742187500
565.018433     47501.2578125000
565.359009     46980.6953125000
565.699524     46659.9921875000
566.040100     46204.5000000000
566.380493     45707.1757812500
566.720947     45086.6875000000
567.061340     44731.1250000000
567.401611     45412.0390625000
567.742004     45000.6992187500
568.082153     45044.8554687500
568.422424     44264.0117187500
568.762634     43789.9296875000
569.102722     42727.8906250000
569.442810     42200.3593750000
569.782898     41819.2304687500
570.122986     41642.6132812500
570.462830     41282.4023437500
570.802856     41231.2773437500
571.142761     40306.3515625000
571.482605     40266.8437500000
571.822449     40541.0664062500
572.162170     40257.5468750000
572.501953     40022.8281250000
572.841675     40129.7304687500
573.181274     40120.4335937500
573.520996     40266.8437500000
573.860474     39451.1406250000
574.200073     40264.5195312500
574.539551     39379.0976562500
574.878967     39056.0703125000
575.218384     38874.8046875000
575.557739     38925.9335937500
575.897156     38219.4570312500
576.236450     38361.2148437500
576.575684     38031.2148437500
576.914856     37984.7382812500
577.254089     38100.9335937500
577.593262     38152.0625000000
577.932251     38351.9179687500
578.271362     37715.1601562500
578.610352     37636.1484375000
578.949341     37652.4140625000
579.288330     38138.1171875000
579.627197     37782.5546875000
579.966064     37768.6132812500
580.304871     38444.8789062500
580.643677     38839.9453125000
580.982483     38853.8906250000
581.321045     39453.4648437500
581.659790     38865.5078125000
581.998413     39235.0156250000
582.336914     40018.1835937500
582.675476     40215.7148437500
583.013916     40271.4921875000
583.352478     40778.1093750000
583.690796     40492.2656250000
584.029175     40429.5195312500
584.367493     40536.4179687500
584.705811     40998.8828125000
585.044128     40615.4335937500
585.382202     40380.7148437500
585.720459     40573.6015625000
586.058594     40041.4218750000
586.396667     39762.5468750000
586.734802     39585.9296875000
587.072693     39413.9570312500
587.410767     39272.1992187500
587.748657     39016.5664062500
588.086487     38337.9765625000
588.424316     37273.6132812500
588.762146     35463.2656250000
589.099976     34317.5664062500
589.437622     32872.0781250000
589.775391     31707.7851562500
590.113037     31607.8574218750
590.450623     31624.1250000000
590.788208     31998.2773437500
591.125671     32379.4042968750
591.463196     32704.7539062500
591.800659     32918.5546875000
592.138062     32672.2187500000
592.475464     33067.2890625000
592.812683     33220.6679687500
593.150024     33787.7070312500
593.487244     33815.5976562500
593.824402     34047.9882812500
594.161621     33764.4687500000
594.498657     33571.5820312500
594.835815     32851.1640625000
595.172852     32493.2753906250
595.509827     33051.0195312500
595.846741     33236.9375000000
596.183655     33599.4687500000
596.520630     33541.3710937500
596.857422     33948.0585937500
597.194214     33896.9335937500
597.530945     33592.5000000000
597.867615     33673.8359375000
598.204346     33541.3710937500
598.540955     33680.8085937500
598.877563     33578.5546875000
599.214111     34089.8203125000
599.550598     33829.5390625000
599.887085     34103.7656250000
600.223450     34022.4257812500
600.559937     33797.0039062500
600.896240     34147.9179687500
601.232544     34164.1875000000
601.568787     33980.5937500000
601.905029     33971.3007812500
602.241272     34017.7773437500
602.577271     34536.0156250000
602.913452     34552.2851562500
603.249512     34352.4257812500
603.585510     34331.5117187500
603.921509     35084.4648437500
604.257385     34968.2695312500
604.593323     34933.4101562500
604.929199     35291.2968750000
605.264954     34573.1992187500
605.600830     34622.0000000000
605.936462     34840.4531250000
606.272217     35117.0000000000
606.607849     34838.1289062500
606.943420     34891.5781250000
607.278992     34875.3125000000
607.614502     34717.2851562500
607.950012     34394.2578125000
608.285461     34336.1562500000
608.620850     33894.6093750000
608.956177     34254.8203125000
609.291504     34396.5781250000
609.626831     34092.1445312500
609.962036     34047.9882812500
610.297302     33941.0898437500
610.632446     33866.7226562500
610.967529     33762.1445312500
611.302673     33817.9218750000
611.637634     34410.5234375000
611.972656     33931.7929687500
612.307617     34085.1718750000
612.642517     33752.8515625000
612.977356     33906.2304687500
613.312195     33622.7109375000
613.646973     33550.6679687500
613.981750     33622.7109375000
614.316406     33011.5156250000
614.651062     33181.1601562500
614.985657     33127.7109375000
615.320313     33731.9335937500
615.654846     33585.5273437500
615.989319     33473.9765625000
616.323792     32879.0507812500
616.658203     32651.3046875000
616.992615     32737.2890625000
617.326904     32686.1621093750
617.661194     32767.5000000000
617.995483     32879.0507812500
618.329712     33209.0468750000
618.663940     33320.5976562500
618.997925     33246.2304687500
619.332092     33339.1875000000
619.666077     33109.1210937500
620.000061     32883.6992187500
620.334045     33699.3984375000
620.667969     33355.4570312500
621.001892     33336.8632812500
621.335632     33150.9492187500
621.669495     32904.6132812500
622.003296     32709.4023437500
622.336914     32693.1347656250
622.670654     32049.4042968750
623.004272     32000.6015625000
623.337891     31909.9687500000
623.671387     31858.8417968750
624.004883     31414.9707031250
624.338440     31689.1953125000
624.671753     31091.9433593750
625.005249     30708.4941406250
625.338562     30940.8867187500
625.671814     30466.8046875000
626.005066     29995.0449218750
626.338257     30306.4531250000
626.671509     30364.5507812500
627.004578     29746.3828125000
627.337708     29537.2285156250
627.670776     28995.7519531250
628.003723     27715.2636718750
628.336731     26936.7441406250
628.669556     27041.3222656250
629.002502     26887.9414062500
629.335327     27229.5605468750
629.668152     27499.1367187500
630.000916     26690.4082031250
630.333618     27062.2382812500
630.666321     27111.0390625000
630.998962     27041.3222656250
631.331482     27496.8125000000
631.664063     26915.8300781250
631.996521     27180.7578125000
632.329102     27264.4199218750
632.661499     27073.8574218750
632.993835     27373.6445312500
633.326172     27724.5585937500
633.658447     27668.7851562500
633.990784     28254.4160156250
634.322937     27882.5859375000
634.655212     27977.8691406250
634.987244     28314.8398437500
635.319397     28105.6855468750
635.651489     28435.6835937500
635.983398     28605.3300781250
636.315430     28544.9082031250
636.647278     28219.5566406250
636.979187     28012.7265625000
637.311035     28872.5839843750
637.642761     29121.2441406250
637.974609     29139.8359375000
638.306335     28981.8085937500
638.637939     29181.6679687500
638.969604     29032.9355468750
639.301147     29030.6113281250
639.632751     29025.9628906250
639.964233     28644.8378906250
640.295715     28754.0625000000
640.627075     28821.4570312500
640.958496     28721.5273437500
641.289917     28895.8222656250
641.621094     28277.6562500000
641.952393     28421.7402343750
642.283569     28642.5136718750
642.614746     28551.8808593750
642.945923     28403.1484375000
643.276917     28247.4453125000
643.608093     28519.3457031250
643.939026     28428.7109375000
644.269958     28719.2031250000
644.600891     28619.2753906250
644.931763     28614.6269531250
645.262634     28242.7968750000
645.593384     28177.7265625000
645.924133     27622.3066406250
646.254822     27329.4902343750
646.585510     26767.0976562500
646.916199     26334.8457031250
647.246704     25677.1718750000
647.577271     25193.7929687500
647.907715     24752.2441406250
648.238220     24591.8925781250
648.568665     24306.0488281250
648.898987     24619.7812500000
649.229309     24310.6972656250
649.559570     24331.6113281250
649.889832     24638.3710937500
650.220093     24403.6542968750
650.550171     24947.4550781250
650.880310     25907.2402343750
651.210388     25932.8046875000
651.540405     25426.1855468750
651.870422     24770.8359375000
652.200317     24505.9082031250
652.530273     24573.3007812500
652.860046     24963.7226562500
653.189941     25591.1855468750
653.519775     25458.7207031250
653.849426     26039.7050781250
654.179199     25874.7050781250
654.508789     25749.2128906250
654.838440     25639.9882812500
655.168030     25047.3847656250
655.497498     24510.5546875000
655.827026     23955.1347656250
656.156372     23404.3613281250
656.485840     22807.1093750000
656.815247     22149.4355468750
657.144470     22240.0703125000
657.473755     22502.6738281250
657.802979     23067.3906250000
658.132202     23862.1777343750
658.461243     24280.4863281250
658.790466     24415.2734375000
659.119507     25175.2011718750
659.448486     25237.9472656250
659.777527     25203.0878906250
660.106384     25605.1289062500
660.435242     25653.9316406250
660.764160     25884.0019531250
661.092896     25890.9726562500
661.421692     25777.1015625000
661.750427     26441.7460937500
662.079102     26351.1132812500
662.407715     26325.5488281250
662.736328     26420.8300781250
663.064880     26344.1406250000
663.393311     26007.1699218750
663.721802     26062.9453125000
664.050232     26018.7890625000
664.378601     25946.7480468750
664.706970     25858.4375000000
665.035217     25705.0585937500
665.363525     25881.6777343750
665.691650     25811.9589843750
666.019897     26039.7050781250
666.347961     25674.8476562500
666.676086     25663.2285156250
667.004150     25449.4257812500
667.332092     25735.2695312500
667.660095     25574.9179687500
667.987915     25261.1875000000
668.315796     25435.4824218750
668.643677     25630.6933593750
668.971436     25282.1015625000
669.299133     25395.9746093750
669.626892     25233.2988281250
669.954468     25468.0175781250
670.282104     25000.9062500000
670.609619     24966.0468750000
670.937256     24794.0761718750
671.264587     24559.3574218750
671.592163     24473.3730468750
671.919495     24491.9628906250
672.246887     24050.4160156250
672.574097     24540.7656250000
672.901489     24064.3593750000
673.228699     24106.1914062500
673.555847     23857.5292968750
673.882996     23901.6835937500
674.210022     23759.9238281250
674.537109     24043.4433593750
674.864136     23460.1367187500
675.191101     23381.1230468750
675.518005     23541.4746093750
675.844849     23158.0253906250
676.171692     23211.4746093750
676.498535     23178.9394531250
676.825256     23213.7988281250
677.151978     23039.5039062500
677.478577     22832.6738281250
677.805237     22946.5468750000
678.131836     22920.9824218750
678.458435     22809.4335937500
678.784851     22848.9414062500
679.111328     22500.3496093750
679.437744     22649.0820312500
679.764099     22430.6328125000
680.090454     22293.5195312500
680.416687     22553.8007812500
680.742920     21833.3808593750
681.069153     22228.4492187500
681.395203     21821.7617187500
681.721313     21370.9179687500
682.047485     21575.4238281250
682.373474     21719.5078125000
682.699402     21531.2695312500
683.025391     21380.2128906250
683.351196     21277.9609375000
683.677063     20703.9472656250
684.002930     20813.1718750000
684.328674     20557.5390625000
684.654358     20762.0468750000
684.980042     20634.2304687500
685.305603     20294.9355468750
685.631287     20164.7949218750
685.956787     19953.3164062500
686.282288     19839.4433593750
686.607788     19000.5019531250
686.933167     17476.0000000000
687.258545     15672.6259765625
687.583923     14076.0820312500
687.909180     12958.2685546875
688.234375     12765.3818359375
688.559631     13195.3095703125
688.884766     13093.0566406250
689.209839     13130.2392578125
689.534973     12890.8740234375
689.859924     12935.0292968750
690.184937     12946.6484375000
690.509827     13002.4228515625
690.834717     13592.7031250000
691.159668     14189.9541015625
691.484436     14073.7578125000
691.809204     14083.0537109375
692.133911     14503.6855468750
692.458557     14331.7148437500
692.783142     14480.4462890625
693.107849     14387.4892578125
693.432312     14117.9121093750
693.756836     13913.4062500000
694.081238     13715.8720703125
694.405701     13488.1259765625
694.730164     13267.3515625000
695.054443     13532.2802734375
695.378723     13746.0830078125
695.702942     13799.5332031250
696.027100     13866.9277343750
696.351257     13997.0683593750
696.675476     14282.9121093750
696.999512     14833.6845703125
697.323486     14935.9384765625
697.647461     15472.7675781250
697.971375     15616.8515625000
698.295349     15619.1757812500
698.619202     15152.0644531250
698.942993     15105.5859375000
699.266724     14645.4462890625
699.590393     14645.4462890625
699.914124     14222.4892578125
700.237793     14131.8564453125
700.561340     14103.9687500000
700.884949     13966.8564453125
701.208374     13376.5771484375
701.531860     13276.6474609375
701.855286     13355.6611328125
702.178650     13306.8583984375
702.501953     13234.8164062500
702.825195     13325.4501953125
703.148499     13443.9707031250
703.471680     13769.3222656250
703.794861     13966.8564453125
704.117981     14222.4892578125
704.440979     14385.1650390625
704.764038     14647.7705078125
705.086975     14473.4746093750
705.409851     14361.9257812500
705.732849     14199.2500000000
706.055664     14220.1660156250
706.378479     14208.5458984375
706.701233     14164.3916015625
707.023926     14396.7851562500
707.346619     14301.5039062500
707.669250     14292.2080078125
707.991821     14217.8417968750
708.314392     14378.1933593750
708.636841     14666.3613281250
708.959290     14624.5302734375
709.281738     14501.3623046875
709.604065     14691.9248046875
709.926392     14515.3056640625
710.248657     14870.8681640625
710.570862     14803.4736328125
710.893066     14494.3906250000
711.215210     14687.2773437500
711.537292     14747.6992187500
711.859314     14782.5585937500
712.181335     14826.7128906250
712.503357     14710.5166015625
712.825256     14694.2490234375
713.147156     14812.7695312500
713.468994     14475.7988281250
713.790771     14675.6572265625
714.112488     14413.0527343750
714.434143     14380.5175781250
714.755859     14187.6308593750
715.077515     13839.0400390625
715.399109     13590.3789062500
715.720581     13539.2519531250
716.042053     13216.2255859375
716.363525     12907.1416015625
716.684875     12519.0449218750
717.006287     11271.0908203125
717.327576     10413.5585937500
717.648804      9479.3359375000
717.969971      8756.5917968750
718.291260      8575.3242187500
718.612366      8110.5375976563
718.933411      7810.7495117188
719.254395      7283.2163085938
719.575439      7399.4130859375
719.896362      6946.2456054688
720.217285      6834.6962890625
720.538147      6702.2319335938
720.859009      6839.3442382813
721.179749      7359.9062500000
721.500488      7759.6230468750
721.821228      8696.1689453125
722.141785      9077.2949218750
722.462402      9553.7021484375
722.782959      9869.7568359375
723.103455     10044.0527343750
723.423950      9630.3916015625
723.744385      9077.2949218750
724.064758      8663.6337890625
724.385071      8305.7480468750
724.705322      8073.3544921875
725.025574      8057.0869140625
725.345825      7919.9746093750
725.665955      7699.2006835938
725.986023      7820.0454101563
726.306091      7859.5522460938
726.626099      7622.5107421875
726.946045      7724.7641601563
727.266052      7833.9887695313
727.585938      7645.7500000000
727.905762      7668.9897460938
728.225525      7764.2709960938
728.545288      7620.1870117188
728.864990      7861.8764648438
729.184692      8010.6083984375
729.504333      7734.0595703125
729.823853      7829.3413085938
730.143372      7643.4262695313
730.462891      8008.2841796875
730.782410      7864.2001953125
731.101746      7908.3549804688
731.421143      7829.3413085938
731.740417      7748.0034179688
732.059631      7971.1010742188
732.378845      8394.0576171875
732.698059      8819.3378906250
733.017212      9232.9990234375
733.336304      9690.8144531250
733.655273      9811.6591796875
733.974304     10027.7851562500
734.293335     10348.4882812500
734.612183     10678.4873046875
734.931030     10785.3876953125
735.249878     10618.0644531250
735.568665     10513.4873046875
735.887329     10878.3457031250
736.206055     10657.5712890625
736.524658     10632.0078125000
736.843262     10304.3330078125
737.161804     10408.9101562500
737.480286     10534.4033203125
737.798828     10680.8105468750
738.117249     10876.0214843750
738.435608     10743.5576171875
738.753906     10899.2607421875
739.072205     10880.6689453125
739.390442     10982.9228515625
739.708618     11127.0068359375
740.026733     11092.1474609375
740.344849     11094.4716796875
740.662903     11552.2871093750
740.980957     11410.5273437500
741.298889     11419.8222656250
741.616821     11577.8505859375
741.934692     11554.6113281250
742.252502     11468.6250000000
742.570313     11429.1181640625
742.888062     11642.9208984375
743.205750     11531.3710937500
743.523438     11947.3564453125
743.841003     11847.4267578125
744.158569     12096.0878906250
744.476074     12251.7919921875
744.793518     12135.5947265625
745.111023     12182.0732421875
745.428345     12093.7636718750
745.745728     12168.1298828125
746.062988     12244.8203125000
746.380249     12233.2001953125
746.697449     12065.8769531250
747.014648     11954.3281250000
747.331726     11998.4824218750
747.648804     12028.6943359375
747.965759     11791.6523437500
748.282776     11952.0039062500
748.599731     11494.1884765625
748.916626     11680.1035156250
749.233459     11498.8369140625
749.550232     11491.8642578125
749.867004     11396.5830078125
750.183655     11452.3574218750
750.500366     11336.1611328125
750.816956     11498.8369140625
751.133545     11108.4150390625
751.450073     11140.9501953125
751.766479     11159.5419921875
752.083008     11254.8232421875
752.399414     11147.9218750000
752.715698     11043.3447265625
753.032043     10850.4580078125
753.348328     10817.9228515625
753.664429     11013.1337890625
753.980713     10952.7109375000
754.296814     10604.1210937500
754.612854     10690.1064453125
754.928833     10480.9521484375
755.244873     10638.9804687500
755.560852     10599.4726562500
755.876709     10650.5996093750
756.192505     10520.4589843750
756.508362     10643.6279296875
756.824097     10334.5439453125
757.139771     10378.6992187500
757.455505     10109.1230468750
757.771118     10162.5732421875
758.086670      9992.9257812500
758.402222     10071.9394531250
758.717712     10027.7851562500
759.033081      9760.5322265625
759.348511      9239.9707031250
759.663879      8473.0712890625
759.979187      7015.9633789063
760.294434      5891.1782226563
760.609619      4524.7036132813
760.924805      3725.2697753906
761.239929      3114.0744628906
761.554993      2821.2585449219
761.869995      2709.7097167969
762.184998      2774.7797851563
762.499939      2807.3149414063
762.814880      2744.5686035156
763.129700      2672.5266113281
763.444519      2428.5134277344
763.759277      2549.3581542969
764.073975      2461.0483398438
764.388672      2560.9777832031
764.703308      2705.0617675781
765.017883      2825.9064941406
765.332397      2921.1877441406
765.646851      3360.4118652344
765.961304      3757.8049316406
766.275696      4208.6484375000
766.590088      4536.3237304688
766.904358      5019.7021484375
767.218628      5500.7568359375
767.532776      5916.7416992188
767.846924      6323.4306640625
768.161072      7034.5551757813
768.475159      7178.6391601563
768.789185      7455.1875000000
769.103149      7768.9189453125
769.417114      8112.8613281250
769.731079      8143.0727539063
770.044861      8361.5224609375
770.358643      8621.8037109375
770.672363      8691.5214843750
770.986084      8656.6621093750
771.299683      8724.0566406250
771.613403      8907.6474609375
771.927002      8633.4228515625
772.240479      8870.4648437500
772.553955      8891.3798828125
772.867371      8889.0556640625
773.180847      8775.1835937500
773.494141      8784.4785156250
773.807434      8837.9296875000
774.120667      8844.9013671875
774.433899      8882.0839843750
774.747009      8814.6904296875
775.060181      8807.7187500000
775.373230      8693.8457031250
775.686218      8710.1132812500
775.999207      8640.3945312500
776.312073      8614.8320312500
776.624939      8849.5488281250
776.937866      8770.5351562500
777.250671      8672.9296875000
777.563416      8445.1845703125
777.876099      8775.1835937500
778.188721      8614.8320312500
778.501343      8487.0146484375
778.813904      8454.4804687500
779.126404      8412.6494140625
779.438904      8401.0292968750
779.751282      8310.3955078125
780.063660      8138.4248046875
780.376038      8284.8330078125
780.688293      8173.2836914063
781.000549      8201.1708984375
781.312683      8175.6074218750
781.624817      8059.4106445313
781.937012      7943.2138671875
782.249023      7954.8334960938
782.561035      8059.4106445313
782.872986      7992.0166015625
783.184937      7987.3686523438
783.496765      7871.1718750000
783.808655      7731.7358398438
784.120422      7720.1162109375
784.432129      7652.7221679688
784.743774      7715.4682617188
785.055420      7522.5815429688
785.367004      7429.6240234375
785.678589      7429.6240234375
785.990051      7520.2578125000
786.301514      7422.6523437500
786.612976      7338.9907226563
786.924316      6971.8085937500
787.235657      6881.1752929688
787.546936      6883.4990234375
787.858154      6804.4853515625
788.169312      6697.5839843750
788.480408      6439.6274414063
788.791504      6325.7543945313
789.102600      6256.0361328125
789.413513      6174.6987304688
789.724487      6104.9804687500
790.035400      5930.6850585938
790.346191      5974.8398437500
790.657043      5951.6005859375
790.967834      5884.2065429688
791.278564      5902.7978515625
791.589172      5944.6289062500
791.899780      5721.5307617188
792.210327      5916.7416992188
792.520935      5963.2202148438
792.831421      5972.5161132813
793.141846      5895.8261718750
793.452209      5809.8403320313
793.762573      5909.7700195313
794.072815      5774.9814453125
794.383118      5984.1357421875
794.693359      6009.6992187500
795.003479      5986.4594726563
795.313538      5893.5024414063
795.623596      5802.8686523438
795.933716      5793.5732421875
796.243652      5607.6582031250
796.553589      5442.6586914063
796.863464      5219.5605468750
797.173218      5277.6591796875
797.483032      5119.6313476563
797.792786      5354.3491210938
798.102478      5328.7856445313
798.412109      5386.8842773438
798.721741      5319.4902343750
799.031250      5438.0107421875
799.340820      5303.2226562500
799.650269      5365.9687500000
799.959656      5266.0395507813
800.269043      5166.1103515625
800.578369      5112.6596679688
800.887573      5121.9555664063
801.196899      5142.8710937500
801.505981      4949.9843750000
801.815186      4931.3925781250
802.124207      4884.9140625000
802.433289      4843.0830078125
802.742188      4705.9707031250
803.051270      4710.6186523438
803.360168      4613.0131835938
803.668945      4673.4355468750
803.977783      4798.9282226563
804.286499      4633.9287109375
804.595276      4668.7880859375
804.903931      4671.1118164063
805.212524      4708.2949218750
805.521057      4724.5625000000
805.829590      4898.8574218750
806.138062      4977.8715820313
806.446533      4882.5898437500
806.754944      4859.3505859375
807.063293      5012.7304687500
807.371521      4980.1953125000
807.679749      4949.9843750000
807.987976      4875.6181640625
808.296143      4852.3789062500
808.604248      4738.5058593750
808.912292      4768.7172851563
809.220276      4822.1674804688
809.528198      4394.5634765625
809.836182      4552.5908203125
810.144043      4394.5634765625
810.451843      4229.5639648438
810.759644      4148.2260742188
811.067322      4197.0288085938
811.375061      4090.1276855469
811.682678      3994.8464355469
811.990295      3906.5368652344
812.297791      3957.6633300781
812.605286      3778.7202148438
812.912720      3650.9038085938
813.220154      3583.5097656250
813.527527      3390.6230468750
813.834839      3420.8342285156
814.142029      3248.8627929688
814.449219      3032.7368164063
814.756409      2944.4272460938
815.063538      3009.4973144531
815.370605      2921.1877441406
815.677612      2702.7377929688
815.984619      2730.6250000000
816.291504      2646.9633789063
816.598389      2593.5129394531
816.905273      2567.9494628906
817.212036      2691.1181640625
817.518738      2607.4565429688
817.825439      2663.2309570313
818.132080      2616.7521972656
818.438721      2658.5830078125
818.745239      2563.3017578125
819.051758      2644.6394042969
819.358215      2630.6958007813
819.664612      2723.6533203125
819.971008      2639.9914550781
820.277344      2679.4985351563
820.583557      2839.8500976563
820.889771      2963.0187988281
821.195923      3058.3000488281
821.502075      3297.6655273438
821.808167      3051.3283691406
822.114197      3086.1872558594
822.420166      3058.3000488281
822.726074      2983.9340820313
823.031921      2628.3718261719
823.337769      2481.9638671875
823.643677      2361.1191406250
823.949402      2303.0207519531
824.255066      2437.8090820313
824.560730      2732.9489746094
824.866272      2872.3852539063
825.171936      3014.1452636719
825.477356      3121.0463867188
825.782837      3172.1728515625
826.088257      3039.7084960938
826.393616      2928.1596679688
826.698914      3058.3000488281
827.004272      3100.1308593750
827.309448      3000.2016601563
827.614624      3081.5395507813
827.919739      2997.8776855469
828.224854      2700.4138183594
828.529907      2616.7521972656
828.834839      2732.9489746094
829.139832      2744.5686035156
829.444702      2770.1320800781
829.749512      2730.6250000000
830.054260      2881.6809082031
830.359131      2863.0893554688
830.663818      2802.6669921875
830.968506      2923.5117187500
831.273071      2851.4697265625
831.577576      2837.5261230469
831.882080      2837.5261230469
832.186646      2691.1181640625
832.491028      2804.9909667969
832.795410      2909.5681152344
833.099731      2746.8925781250
833.403931      2798.0192871094
833.708191      2802.6669921875
834.012390      2730.6250000000
834.316467      2751.5405273438
834.620605      2837.5261230469
834.924622      2997.8776855469
835.228577      2986.2580566406
835.532593      3009.4973144531
835.836426      2946.7512207031
836.140320      2937.4553222656
836.444031      2946.7512207031
836.747803      2981.6101074219
837.051514      3032.7368164063
837.355225      3134.9899902344
837.658752      3004.8496093750
837.962341      3046.6804199219
838.265808      3081.5395507813
838.569336      3004.8496093750
838.872742      3042.0324707031
839.176147      3102.4548339844
839.479370      3030.4128417969
839.782715      3200.0600585938
840.085876      3128.0180664063
840.389038      3218.6516113281
840.692261      2969.9904785156
840.995300      3035.0607910156
841.298340      3079.2155761719
841.601257      3111.7504882813
841.904236      3190.7644042969
842.207153      3114.0744628906
842.509949      3167.5251464844
842.812805      3232.5952148438
843.115540      3290.6936035156
843.418152      3083.8632812500
843.720825      3053.6520996094
844.023438      3148.9335937500
844.325989      3079.2155761719
844.628540      3134.9899902344
844.930969      3125.6943359375
845.233337      3160.5532226563
845.535767      2944.4272460938
845.838013      3279.0739746094
846.140259      3209.3559570313
846.442505      3188.4404296875
846.744690      3232.5952148438
847.046753      3186.1164550781
847.348877      3193.0883789063
847.650879      3144.2856445313
847.952881      3153.5815429688
848.254761      3083.8632812500
848.556641      3046.6804199219
848.858459      3044.3564453125
849.160278      3088.5112304688
849.462036      3067.5957031250
849.763733      2990.9060058594
850.065308      2979.2861328125
850.366882      2956.0468750000
850.668518      2895.6245117188
850.969971      2902.5964355469
851.271423      2951.3989257813
851.572815      3035.0607910156
851.874084      2953.7229003906
852.175476      2825.9064941406
852.476685      2956.0468750000
852.777893      2956.0468750000
853.079041      2897.9484863281
853.380127      2932.8076171875
853.681213      2784.0756835938
853.982239      2849.1457519531
854.283203      2672.5266113281
854.584106      2719.0053710938
854.885010      2533.0905761719
855.185791      2509.8510742188
855.486572      2695.7661132813
855.787292      2714.3574218750
856.088013      2623.7238769531
856.388611      2721.3293457031
856.689148      2763.1601562500
856.989685      2723.6533203125
857.290161      2791.0473632813
857.590637      2853.7937011719
857.890991      2814.2868652344
858.191284      2651.6113281250
858.491577      2684.1462402344
858.791809      2774.7797851563
859.092041      2728.3010253906
859.392212      2763.1601562500
859.692261      2725.9772949219
859.992310      2677.1745605469
860.292297      2774.7797851563
860.592224      2804.9909667969
860.892151      2753.8645019531
861.191956      2781.7517089844
861.491760      2700.4138183594
861.791565      2705.0617675781
862.091248      2646.9633789063
862.390930      2770.1320800781
862.690552      2770.1320800781
862.990051      2758.5122070313
863.289551      2749.2165527344
863.589050      2642.3154296875
863.888428      2660.9069824219
864.187805      2607.4565429688
864.487122      2712.0336914063
864.786377      2665.5549316406
865.085632      2653.9350585938
865.384705      2556.3298339844
865.683838      2509.8510742188
865.982971      2556.3298339844
866.281982      2512.1750488281
866.580933      2440.1330566406
866.879883      2493.5834960938
867.178711      2330.9079589844
867.477600      2491.2595214844
867.776367      2412.2458496094
868.075134      2470.3442382813
868.373718      2528.4426269531
868.672424      2519.1469726563
868.970947      2523.7946777344
869.269531      2428.5134277344
869.568054      2444.7810058594
869.866455      2421.5415039063
870.164856      2484.2878417969
870.463196      2442.4570312500
870.761536      2386.6826171875
871.059753      2444.7810058594
871.357971      2384.3586425781
871.656067      2393.6542968750
871.954102      2379.7106933594
872.252197      2393.6542968750
872.550232      2328.5839843750
872.848206      2386.6826171875
873.146057      2344.8515625000
873.443848      2447.1047363281
873.741638      2361.1191406250
874.039429      2384.3586425781
874.337158      2298.3730468750
874.634827      2221.6831054688
874.932373      2298.3730468750
875.229980      2296.0490722656
875.527466      2124.0776367188
875.825012      2235.6267089844
876.122375      2217.0351562500
876.419739      2303.0207519531
876.717041      2254.2180175781
877.014282      2275.1335449219
877.311462      2296.0490722656
877.608704      2175.2043457031
877.905762      2172.8803710938
878.202881      2133.3735351563
878.499817      2140.3452148438
878.796814      2221.6831054688
879.093811      2163.5847167969
879.390625      2198.4436035156
879.687439      2170.5563964844
879.984253      2140.3452148438
880.280884      2200.7675781250
880.577637      2233.3027343750
880.874268      2098.5144042969
881.170837      2042.7399902344
881.467346      2091.5424804688
881.763855      2049.7116699219
882.060242      2070.6271972656
882.356567      2040.4160156250
882.652954      2086.8947753906
882.949280      2056.6835937500
883.245483      2007.8808593750
883.541626      1977.6696777344
883.837830      2138.0212402344
884.133911      2003.2330322266
884.429932      2033.4442138672
884.725952      2045.0638427734
885.021851      2084.5708007813
885.317688      2010.2048339844
885.613525      2038.0920410156
885.909363      2019.5006103516
886.205078      1991.6134033203
