0.067900
190.489868         0.0000000000
190.870819         0.0000000000
191.251740      1261.8264160156
191.632629      1197.4022216797
192.013474      1219.6174316406
192.394302      1255.1618652344
192.775101      1264.0479736328
193.155838      1341.8013916016
193.536575      1301.8138427734
193.917267      1335.1368408203
194.297943      1326.2507324219
194.678574      1368.4597167969
195.059174      1288.4847412109
195.439743      1406.2255859375
195.820282      1370.6811523438
196.200790      1324.0291748047
196.581268      1401.7825927734
196.961700      1330.6937255859
197.342117      1344.0228271484
197.722488      1377.3458251953
198.102829      1379.5672607422
198.483154      1390.6749267578
198.863434      1290.7062988281
199.243698      1310.6999511719
199.623901      1355.1304931641
200.004089      1244.0541992188
200.384247      1284.0417480469
200.764389      1361.7950439453
201.144485      1312.9215087891
201.524536      1337.3582763672
201.904572      1324.0291748047
202.284561      1275.1556396484
202.664520      1284.0417480469
203.044449      1335.1368408203
203.424362      1361.7950439453
203.804214      1348.4659423828
204.184067      1301.8138427734
204.563858      1299.5924072266
204.943649      1272.9340820313
205.323380      1261.8264160156
205.703094      1328.4721679688
206.082764      1264.0479736328
206.462418      1361.7950439453
206.842026      1279.5986328125
207.221588      1264.0479736328
207.601166      1315.1430664063
207.980667      1264.0479736328
208.360153      1352.9089355469
208.739609      1344.0228271484
209.119034      1317.3646240234
209.498428      1326.2507324219
209.877777      1321.8076171875
210.257111      1304.0354003906
210.636398      1290.7062988281
211.015656      1361.7950439453
211.394882      1317.3646240234
211.774094      1241.8327636719
212.153244      1346.2443847656
212.532394      1310.6999511719
212.911484      1261.8264160156
213.290543      1306.2569580078
213.669571      1344.0228271484
214.048584      1337.3582763672
214.427567      1281.8201904297
214.806488      1330.6937255859
215.185410      1270.7125244141
215.564270      1319.5860595703
215.943115      1310.6999511719
216.321930      1297.3708496094
216.700714      1232.9466552734
217.079437      1317.3646240234
217.458176      1306.2569580078
217.836838      1337.3582763672
218.215485      1310.6999511719
218.594101      1319.5860595703
218.972687      1344.0228271484
219.351227      1310.6999511719
219.729752      1330.6937255859
220.108246      1330.6937255859
220.486694      1295.1492919922
220.865128      1301.8138427734
221.243515      1326.2507324219
221.621872      1266.2695312500
222.000183      1332.9152832031
222.378494      1315.1430664063
222.756744      1230.7250976563
223.134964      1337.3582763672
223.513153      1312.9215087891
223.891327      1344.0228271484
224.269455      1368.4597167969
224.647552      1306.2569580078
225.025620      1364.0166015625
225.403656      1332.9152832031
225.781647      1272.9340820313
226.159622      1359.5736083984
226.537552      1357.3520507813
226.915436      1332.9152832031
227.293335      1346.2443847656
227.671158      1264.0479736328
228.048950      1286.2631835938
228.426727      1328.4721679688
228.804459      1304.0354003906
229.182175      1304.0354003906
229.559845      1319.5860595703
229.937500      1277.3770751953
230.315094      1337.3582763672
230.692673      1326.2507324219
231.070221      1306.2569580078
231.447723      1372.9027099609
231.825180      1317.3646240234
232.202652      1324.0291748047
232.580048      1264.0479736328
232.957428      1368.4597167969
233.334778      1279.5986328125
233.712097      1355.1304931641
234.089386      1355.1304931641
234.466614      1355.1304931641
234.843842      1346.2443847656
235.221024      1326.2507324219
235.598175      1321.8076171875
235.975281      1315.1430664063
236.352386      1348.4659423828
236.729431      1324.0291748047
237.106445      1297.3708496094
237.483414      1350.6875000000
237.860382      1346.2443847656
238.237305      1272.9340820313
238.614182      1321.8076171875
238.991043      1284.0417480469
239.367859      1326.2507324219
239.744644      1339.5798339844
240.121414      1346.2443847656
240.498138      1288.4847412109
240.874817      1297.3708496094
241.251480      1304.0354003906
241.628098      1308.4785156250
242.004700      1244.0541992188
242.381241      1379.5672607422
242.757782      1308.4785156250
243.134262      1348.4659423828
243.510727      1335.1368408203
243.887146      1388.4533691406
244.263535      1257.3834228516
244.639893      1364.0166015625
245.016220      1357.3520507813
245.392517      1324.0291748047
245.768768      1319.5860595703
246.145020      1381.7888183594
246.521194      1290.7062988281
246.897354      1310.6999511719
247.273483      1335.1368408203
247.649567      1286.2631835938
248.025650      1257.3834228516
248.401672      1366.2381591797
248.777664      1321.8076171875
249.153641      1315.1430664063
249.529556      1259.6048583984
249.905457      1330.6937255859
250.281326      1346.2443847656
250.657135      1364.0166015625
251.032959      1324.0291748047
251.408707      1324.0291748047
251.784424      1295.1492919922
252.160126      1337.3582763672
252.535797      1308.4785156250
252.911423      1312.9215087891
253.287018      1288.4847412109
253.662582      1317.3646240234
254.038116      1326.2507324219
254.413605      1335.1368408203
254.789063      1304.0354003906
255.164505      1299.5924072266
255.539886      1279.5986328125
255.915268      1288.4847412109
256.290588      1346.2443847656
256.665894      1324.0291748047
257.041168      1321.8076171875
257.416351      1370.6811523438
257.791565      1312.9215087891
258.166779      1304.0354003906
258.541870      1315.1430664063
258.916962      1319.5860595703
259.292023      1341.8013916016
259.667023      1355.1304931641
260.042053      1339.5798339844
260.416992      1366.2381591797
260.791931      1301.8138427734
261.166809      1226.2819824219
261.541687      1319.5860595703
261.916504      1315.1430664063
262.291321      1375.1242675781
262.666077      1319.5860595703
263.040802      1286.2631835938
263.415497      1284.0417480469
263.790161      1350.6875000000
264.164795      1277.3770751953
264.539368      1301.8138427734
264.913910      1344.0228271484
265.288452      1304.0354003906
265.662964      1279.5986328125
266.037384      1344.0228271484
266.411865      1324.0291748047
266.786224      1368.4597167969
267.160583      1290.7062988281
267.534912      1346.2443847656
267.909210      1352.9089355469
268.283447      1261.8264160156
268.657654      1317.3646240234
269.031860      1270.7125244141
269.406006      1304.0354003906
269.780151      1324.0291748047
270.154236      1355.1304931641
270.528290      1317.3646240234
270.902283      1406.2255859375
271.276306      1328.4721679688
271.650238      1344.0228271484
272.024170      1368.4597167969
272.398041      1244.0541992188
272.771881      1328.4721679688
273.145721      1346.2443847656
273.519531      1292.9278564453
273.893219      1368.4597167969
274.266937      1344.0228271484
274.640656      1328.4721679688
275.014282      1317.3646240234
275.387909      1326.2507324219
275.761475      1344.0228271484
276.135040      1352.9089355469
276.508514      1319.5860595703
276.882019      1366.2381591797
277.255463      1377.3458251953
277.628906      1346.2443847656
278.002258      1348.4659423828
278.375549      1328.4721679688
278.748901      1241.8327636719
279.122162      1315.1430664063
279.495392      1421.7762451172
279.868622      1359.5736083984
280.241791      1301.8138427734
280.614929      1368.4597167969
280.988007      1366.2381591797
281.361084      1317.3646240234
281.734131      1408.4471435547
282.107117      1279.5986328125
282.480072      1317.3646240234
282.853027      1321.8076171875
283.225952      1324.0291748047
283.598785      1279.5986328125
283.971619      1264.0479736328
284.344452      1306.2569580078
284.717194      1292.9278564453
285.089905      1312.9215087891
285.462616      1346.2443847656
285.835297      1246.2757568359
286.207886      1348.4659423828
286.580475      1246.2757568359
286.953064      1341.8013916016
287.325592      1288.4847412109
287.698059      1346.2443847656
288.070496      1370.6811523438
288.442963      1406.2255859375
288.815308      1321.8076171875
289.187683      1364.0166015625
289.559998      1292.9278564453
289.932281      1306.2569580078
290.304504      1279.5986328125
290.676727      1277.3770751953
291.048920      1355.1304931641
291.421082      1297.3708496094
291.793182      1270.7125244141
292.165222      1295.1492919922
292.537292      1257.3834228516
292.909332      1261.8264160156
293.281281      1344.0228271484
293.653198      1330.6937255859
294.025116      1279.5986328125
294.397003      1304.0354003906
294.768860      1359.5736083984
295.140656      1317.3646240234
295.512390      1299.5924072266
295.884125      1392.8964843750
296.255829      1361.7950439453
296.627502      1284.0417480469
296.999146      1372.9027099609
297.370728      1350.6875000000
297.742249      1281.8201904297
298.113831      1377.3458251953
298.485291      1355.1304931641
298.856781      1310.6999511719
299.228149      1339.5798339844
299.599579      1346.2443847656
299.970917      1379.5672607422
300.342224      1277.3770751953
300.713531      1386.2318115234
301.084778      1355.1304931641
301.455994      1399.5610351563
301.827148      1381.7888183594
302.198334      1359.5736083984
302.569427      1450.6561279297
302.940521      1466.2067871094
303.311554      1463.9852294922
303.682556      1610.6059570313
304.053528      1486.2005615234
304.424469      1506.1942138672
304.795380      1617.2705078125
305.166260      1568.3969726563
305.537048      1708.3530273438
305.907837      1641.7072753906
306.278625      1768.3342285156
306.649384      1779.4418945313
307.020050      1757.2265625000
307.390686      1841.6445312500
307.761353      1861.6383056641
308.131897      1939.3917236328
308.502502      1986.0437011719
308.872986      2006.0374755859
309.243500      1990.4868164063
309.613922      2074.9047851563
309.984344      2099.3415527344
310.354736      2201.5317382813
310.725098      2257.0698242188
311.095398      2501.4377441406
311.465637      2594.7416992188
311.835907      2605.8493652344
312.206116      2750.2485351563
312.576294      2796.9006347656
312.946411      2856.8815917969
313.316528      2936.8566894531
313.686584      3061.2619628906
314.056610      3147.9016113281
314.426605      3081.2558593750
314.796570      3170.1166992188
315.166504      3350.0603027344
315.536377      3223.4333496094
315.906250      3283.4145507813
316.276093      3261.1992187500
316.645844      3629.9726562500
317.015594      3587.7636718750
317.385315      3900.9985351563
317.755035      4029.8471679688
318.124603      4012.0749511719
318.494263      3874.3403320313
318.863831      4098.7143554688
319.233368      4167.5815429688
319.602875      4343.0820312500
319.972351      4529.6904296875
320.341797      4600.7792968750
320.711182      4896.2421875000
321.080536      4860.6977539063
321.449890      4774.0581054688
321.819183      4685.1972656250
322.188446      4840.7041015625
322.557648      4671.8681640625
322.926880      4696.3046875000
323.295990      4745.1782226563
323.665100      4865.1406250000
324.034210      5222.8061523438
324.403259      5420.5219726563
324.772247      5738.2001953125
325.141205      5718.2065429688
325.510193      6075.8720703125
325.879120      6644.5825195313
326.247955      6973.3681640625
326.616791      7139.9829101563
326.985596      7137.7612304688
327.354340      7273.2744140625
327.723053      7184.4130859375
328.091797      7106.6596679688
328.460449      7071.1152343750
328.829071      7228.8437500000
329.197632      7550.9648437500
329.566193      8099.6816406250
329.934753      8272.9609375000
330.303192      8008.5991210938
330.671631      7857.5356445313
331.040070      7613.1674804688
331.408478      7539.8574218750
331.776794      7622.0537109375
332.145081      7724.2441406250
332.513367      7835.3203125000
332.881592      7926.4028320313
333.249756      7759.7880859375
333.617920      7901.9658203125
333.986084      7757.5668945313
334.354156      7906.4091796875
334.722229      7937.5102539063
335.090240      8064.1372070313
335.458252      7993.0483398438
335.826202      7586.5092773438
336.194092      7157.7548828125
336.561951      6868.9565429688
336.929779      6937.8237304688
337.297577      7248.8374023438
337.665375      7399.9013671875
338.033142      8119.6752929688
338.400787      8379.5937500000
338.768463      8459.5683593750
339.136108      8988.2919921875
339.503693      9263.7607421875
339.871246      9494.7998046875
340.238770      9901.3388671875
340.606262     10036.8515625000
340.973755      9572.5527343750
341.341125      9228.2167968750
341.708527      9050.4941406250
342.075867      9041.6083984375
342.443146      9219.3300781250
342.810425      9479.2490234375
343.177673      9503.6855468750
343.544861      9390.3876953125
343.912018      8688.3857421875
344.279114      8288.5117187500
344.646271      8295.1757812500
345.013336      8484.0058593750
345.380341      8821.6777343750
345.747314      9230.4384765625
346.114258      9228.2167968750
346.481171      9174.9003906250
346.848022      9401.4960937500
347.214905      9445.9257812500
347.581726      9370.3945312500
347.948456      9443.7050781250
348.315186      9217.1093750000
348.681885      9408.1601562500
349.048584      9437.0400390625
349.415161      9206.0009765625
349.781738      9574.7744140625
350.148346      9783.5976562500
350.514862     10483.3789062500
350.881287     11040.9814453125
351.247742     10594.4550781250
351.614197     10410.0683593750
351.980530     10212.3525390625
352.346863     10170.1435546875
352.713165      9805.8134765625
353.079437     10025.7441406250
353.445679     10665.5439453125
353.811859     11298.6787109375
354.178009     11523.0527343750
354.544159     11774.0849609375
354.910217     11851.8378906250
355.276276     11818.5156250000
355.642303     11596.3623046875
356.008270     11451.9638671875
356.374176     11052.0888671875
356.740112     10698.8662109375
357.105988      9892.4531250000
357.471802      9605.8759765625
357.837585      9372.6162109375
358.203339      9128.2480468750
358.569092      8843.8925781250
358.934753      8790.5761718750
359.300415      9654.7500000000
359.666016     10674.4296875000
360.031616     11609.6923828125
360.397125     11774.0849609375
360.762634     11287.5703125000
361.128143     10894.3603515625
361.493530     10689.9804687500
361.858917     10545.5810546875
362.224274     11034.3164062500
362.589630     11425.3056640625
362.954895     11976.2431640625
363.320160     12058.4404296875
363.685394     12002.9023437500
364.050568     12198.3964843750
364.415680     12262.8203125000
364.780792     12333.9091796875
365.145874     12451.6503906250
365.510895     13244.7343750000
365.875854     14088.9140625000
366.240845     14499.8964843750
366.605774     14530.9980468750
366.970642     14619.8583984375
367.335480     14730.9355468750
367.700317     14464.3525390625
368.065125     13957.8447265625
368.429840     13749.0205078125
368.794525     13833.4384765625
369.159241     13991.1669921875
369.523834     14495.4531250000
369.888397     14868.6699218750
370.252991     15190.7910156250
370.617554     14397.7060546875
370.981995     14108.9082031250
371.346436     14346.6113281250
371.710846     14566.5419921875
372.075256     13957.8447265625
372.439545     13666.8242187500
372.803864     13220.2978515625
373.168121     13213.6328125000
373.532379     12182.8457031250
373.896545     11656.3437500000
374.260681     11769.6416015625
374.624847     11620.7998046875
374.988892     11725.2109375000
375.352936     12147.3007812500
375.716949     13195.8613281250
376.080933     13537.9755859375
376.444855     13671.2675781250
376.808716     14204.4335937500
377.172638     14448.8017578125
377.536469     15159.6894531250
377.900208     16217.1357421875
378.263947     16861.3789062500
378.627686     16774.7382812500
378.991364     16290.4462890625
379.354980     15101.9296875000
379.718628     14306.6240234375
380.082214     14195.5478515625
380.445709     14704.2763671875
380.809174     15326.3037109375
381.172668     15410.7216796875
381.536072     14768.7011718750
381.899475     13635.7226562500
382.262787     12653.8085937500
382.626129     11554.1533203125
382.989380     10490.0429687500
383.352631      9959.0986328125
383.715790      9879.1240234375
384.078979     10207.9091796875
384.442078     11276.4628906250
384.805145     12400.5546875000
385.168243     13171.4238281250
385.531250     13393.5771484375
385.894226     12980.3730468750
386.257141     13184.7539062500
386.620056     12758.2207031250
386.982941     13382.4687500000
387.345734     13493.5458984375
387.708527     13282.5009765625
388.071289     13393.5771484375
388.433990     12860.4111328125
388.796661     13202.5253906250
389.159332     13444.6718750000
389.521942     14257.7500000000
389.884491     15226.3349609375
390.247040     16012.7548828125
390.609528     16261.5664062500
390.971985     16459.2812500000
391.334412     16774.7382812500
391.696747     16905.8085937500
392.059143     16710.3144531250
392.421478     15168.5751953125
392.783691     13724.5839843750
393.145935     11427.5263671875
393.508148      9714.7304687500
393.870270      9230.4384765625
394.232391     10207.9091796875
394.594482     12325.0234375000
394.956573     14060.0341796875
395.318542     15850.5839843750
395.680511     16263.7880859375
396.042450     16052.7431640625
396.404388     14020.0468750000
396.766235     11965.1357421875
397.128021     10876.5888671875
397.489838     11496.3945312500
397.851563     13466.8867187500
398.213257     15575.1152343750
398.574951     17878.8359375000
398.936615     19547.2031250000
399.298187     20560.2187500000
399.659729     20777.9277343750
400.021271     21244.4472656250
400.382751     22004.2089843750
400.744202     21319.9804687500
401.105621     22093.0703125000
401.466980     22584.0273437500
401.828339     22255.2421875000
402.189606     22670.6679687500
402.550873     23146.0742187500
402.912140     22777.3007812500
403.273285     22124.1718750000
403.634430     22088.6269531250
403.995544     22037.5332031250
404.356659     22068.6328125000
404.717651     21768.7285156250
405.078674     21708.7460937500
405.439636     22044.1972656250
405.800568     21604.3339843750
406.161438     21299.9863281250
406.522278     20786.8125000000
406.883118     21088.9414062500
407.243866     21166.6933593750
407.604584     21293.3203125000
407.965302     21286.6562500000
408.325989     21699.8613281250
408.686584     22681.7753906250
409.047150     23439.3144531250
409.407715     23354.8964843750
409.768250     22866.1621093750
410.128723     21531.0253906250
410.489136     21135.5937500000
410.849518     21706.5253906250
411.209900     22619.5722656250
411.570190     23288.2519531250
411.930511     24134.6523437500
412.290741     24547.8554687500
412.650940     24225.7343750000
413.011078     24174.6406250000
413.371246     23650.3593750000
413.731354     24063.5625000000
414.091400     24299.0449218750
414.451385     24187.9687500000
414.811401     24048.0136718750
415.171356     23992.4746093750
415.531281     24212.4062500000
415.891113     24179.0820312500
416.250946     24463.4375000000
416.610718     24598.9511718750
416.970490     24561.1855468750
417.330200     24476.7675781250
417.689911     24116.8808593750
418.049530     23030.5546875000
418.409119     23474.8593750000
418.768707     23423.7636718750
419.128235     23552.6132812500
419.487701     23470.4160156250
419.847137     23637.0312500000
420.206573     23174.9531250000
420.565948     23350.4531250000
420.925232     23543.7265625000
421.284576     24829.9902343750
421.643860     24758.9003906250
422.003052     24921.0722656250
422.362213     23454.8652343750
422.721375     22901.7050781250
423.080536     22555.1484375000
423.439575     22772.8574218750
423.798584     23030.5546875000
424.157593     23234.9335937500
424.516571     23474.8593750000
424.875458     23199.3906250000
425.234314     22886.1542968750
425.593201     22601.7988281250
425.951965     22750.6425781250
426.310699     22599.5781250000
426.669495     23274.9218750000
427.028168     22390.7539062500
427.386810     22064.1914062500
427.745392     21922.0136718750
428.103973     22155.2734375000
428.462524     21879.8046875000
428.821045     21988.6582031250
429.179504     21215.5683593750
429.537903     21364.4101562500
429.896271     20158.1210937500
430.254608     18580.8378906250
430.612915     17476.7402343750
430.971222     17363.4433593750
431.329437     18232.0585937500
431.687622     20209.2167968750
432.045776     22339.6601562500
432.403900     22903.9277343750
432.761993     23094.9785156250
433.119995     23994.6953125000
433.477997     23677.0175781250
433.835968     23217.1621093750
434.193909     22779.5214843750
434.551758     22310.7792968750
434.909637     23350.4531250000
435.267395     23643.6953125000
435.625183     24412.3437500000
435.982910     25392.0351562500
436.340607     25936.3085937500
436.698273     26542.7851562500
437.055878     26296.1972656250
437.413452     25896.3222656250
437.770996     25369.8203125000
438.128479     24725.5781250000
438.485962     23914.7207031250
438.843384     23996.9179687500
439.200775     24194.6328125000
439.558136     24954.3945312500
439.915405     25405.3652343750
440.272705     25700.8281250000
440.629883     25618.6308593750
440.987091     25807.4609375000
441.344238     26258.4296875000
441.701355     27258.1171875000
442.058441     27393.6308593750
442.415436     27693.5351562500
442.772461     28068.9746093750
443.129425     28622.1328125000
443.486359     28122.2910156250
443.843231     28375.5449218750
444.200104     28000.1074218750
444.556885     28000.1074218750
444.913635     28284.4609375000
445.270355     27962.3398437500
445.627075     27124.8261718750
445.983704     27171.4785156250
446.340302     26862.6855468750
446.696869     27131.4902343750
447.053436     27526.9218750000
447.409912     28362.2148437500
447.766357     28866.5019531250
448.122803     29870.6308593750
448.479156     29168.6289062500
448.835510     28810.9628906250
449.191772     28759.8691406250
449.548096     29093.0976562500
449.904297     29228.6093750000
450.260437     29181.9589843750
450.616608     29912.8398437500
450.972687     30150.5429687500
451.328796     30063.9042968750
451.684814     29875.0742187500
452.040833     29421.8828125000
452.396729     28879.8300781250
452.752655     28026.7656250000
453.108551     27420.2890625000
453.464355     27191.4707031250
453.820160     27635.7753906250
454.175934     27764.6250000000
454.531616     28306.6777343750
454.887299     28504.3925781250
455.242950     27920.1308593750
455.598541     28426.6386718750
455.954102     28777.6406250000
456.309601     28677.6718750000
456.665131     28993.1289062500
457.020538     29479.6425781250
457.375977     29186.4003906250
457.731323     29515.1875000000
458.086670     29153.0781250000
458.441956     28513.2792968750
458.797211     28784.3046875000
459.152405     28755.4257812500
459.507538     29046.4453125000
459.862701     28844.2871093750
460.217773     29057.5527343750
460.572845     29815.0937500000
460.927856     29448.5410156250
461.282837     29981.7070312500
461.637756     30399.3535156250
461.992645     30730.3613281250
462.347504     30832.5507812500
462.702332     31381.2675781250
463.057129     31343.5019531250
463.411835     31365.7167968750
463.766541     31472.3515625000
464.121185     31867.7832031250
464.475830     31536.7753906250
464.830383     31230.2050781250
465.184937     31054.7031250000
465.539429     31154.6718750000
465.893921     31587.8691406250
466.248322     32300.9804687500
466.602753     31938.8710937500
466.957062     31772.2558593750
467.311371     31887.7753906250
467.665619     32163.2460937500
468.019897     32727.5117187500
468.374054     32960.7734375000
468.728180     33187.3671875000
469.082306     34406.9843750000
469.436371     34358.1132812500
469.790405     33931.5781250000
470.144379     33513.9335937500
470.498352     34322.5664062500
470.852264     34426.9804687500
471.206146     34546.9414062500
471.559967     35597.7226562500
471.913788     36173.0976562500
472.267487     37328.2929687500
472.621246     37490.4648437500
472.974915     37394.9375000000
473.328522     37379.3867187500
473.682129     38163.5859375000
474.035675     38156.9218750000
474.389191     38723.4101562500
474.742676     39638.6796875000
475.096130     40051.8828125000
475.449493     39794.1835937500
475.802856     40220.7187500000
476.156189     40440.6484375000
476.509460     40613.9296875000
476.862732     40336.2382812500
477.215912     41151.5351562500
477.569061     42217.8710937500
477.922150     43295.3085937500
478.275299     43901.7851562500
478.628296     43617.4296875000
478.981323     43939.5507812500
479.334259     44281.6679687500
479.687195     44992.5546875000
480.040070     45092.5234375000
480.392914     45718.9921875000
480.745728     45883.3867187500
481.098511     46207.7304687500
481.451202     46949.7187500000
481.803925     47414.0156250000
482.156525     47414.0156250000
482.509125     47591.7382812500
482.861694     48044.9296875000
483.214233     47876.0937500000
483.566711     48213.7656250000
483.919128     47929.4101562500
484.271576     48038.2656250000
484.623901     48073.8085937500
484.976257     48455.9140625000
485.328522     47545.0859375000
485.680786     46558.7304687500
486.032959     43908.4492187500
486.385132     42466.6796875000
486.737274     42619.9648437500
487.089325     43895.1210937500
487.441376     44557.1367187500
487.793396     46778.6601562500
488.145386     47442.8984375000
488.497284     48229.3164062500
488.849182     47947.1835937500
489.201019     48213.7656250000
489.552826     49395.6171875000
489.904572     50290.8945312500
490.256317     50557.4765625000
490.608002     51430.5351562500
490.959656     51108.4140625000
491.311249     50826.2812500000
491.662811     50590.7968750000
492.014343     49528.9101562500
492.365814     49322.3085937500
492.717285     49966.5507812500
493.068665     50588.5781250000
493.420044     50672.9960937500
493.771362     50819.6171875000
494.122650     51481.6289062500
494.473877     51783.7578125000
494.825104     51934.8203125000
495.176270     52121.4296875000
495.527374     52188.0742187500
495.878479     52143.6445312500
496.229492     51586.0429687500
496.580536     51985.9179687500
496.931458     52232.5078125000
497.282379     52563.5117187500
497.633270     52667.9257812500
497.984131     52392.4570312500
498.334900     51403.8750000000
498.685669     50908.4765625000
499.036377     51448.3085937500
499.387115     51908.1640625000
499.737701     52085.8867187500
500.088318     51745.9921875000
500.438904     51357.2265625000
500.789429     50524.1523437500
501.139893     50317.5507812500
501.490295     50348.6523437500
501.840729     49793.2695312500
502.191040     49977.6562500000
502.541382     50075.4062500000
502.891663     50586.3554687500
503.241913     50881.8203125000
503.592133     50684.1015625000
503.942322     50175.3750000000
504.292358     49586.6679687500
504.642395     50401.9687500000
504.992432     50461.9492187500
505.342468     51128.4062500000
505.692413     51903.7187500000
506.042358     52532.4101562500
506.392242     52487.9804687500
506.742035     52208.0703125000
507.091858     52090.3281250000
507.441528     51774.8710937500
507.791290     51717.1132812500
508.140961     51308.3515625000
508.490601     51288.3593750000
508.840210     51494.9609375000
509.189697     52183.6328125000
509.539215     52254.7226562500
509.888641     52108.1015625000
510.238098     51877.0625000000
510.587494     52077.0000000000
510.936859     52236.9492187500
511.286194     52254.7226562500
511.635498     52687.9179687500
511.984650     53098.9023437500
512.333862     52752.3437500000
512.682922     52674.5898437500
513.032043     52223.6210937500
513.381104     52356.9101562500
513.730164     51719.3320312500
514.079163     51925.9335937500
514.428040     51832.6328125000
514.776978     51670.4609375000
515.125793     52092.5507812500
515.474609     51845.9609375000
515.823425     52392.4570312500
516.172180     52334.6953125000
516.520813     51646.0234375000
516.869568     49355.6289062500
517.218079     47505.1015625000
517.566650     48249.3125000000
517.915161     48786.9218750000
518.263672     48549.2148437500
518.612183     48813.5781250000
518.960571     48744.7109375000
519.308899     50344.2109375000
519.657227     50515.2656250000
520.005554     51561.6054687500
520.353699     51992.5820312500
520.701904     51941.4843750000
521.050110     52141.4218750000
521.398254     52205.8476562500
521.746338     52699.0273437500
522.094421     53047.8046875000
522.442383     52647.9296875000
522.790222     52492.4257812500
523.138184     51932.6015625000
523.486145     51774.8710937500
523.833984     52610.1640625000
524.181763     52794.5507812500
524.529541     52996.7109375000
524.877197     52912.2929687500
525.224915     53125.5585937500
525.572449     53112.2304687500
525.920105     52883.4140625000
526.267639     52312.4804687500
526.615173     50806.2851562500
526.962646     50019.8671875000
527.309998     49457.8203125000
527.657410     49935.4492187500
528.004700     50881.8203125000
528.351990     51543.8320312500
528.699280     52054.7851562500
529.046509     52683.4765625000
529.393677     53078.9062500000
529.740845     52552.4062500000
530.087891     52441.3281250000
530.434998     52663.4804687500
530.781921     52727.9062500000
531.128906     53145.5546875000
531.475891     53267.7382812500
531.822815     53032.2539062500
532.169617     52761.2304687500
532.516418     51859.2890625000
532.863159     51479.4101562500
533.209839     50875.1523437500
533.556580     51079.5351562500
533.903198     51237.2617187500
534.249817     51492.7382812500
534.596436     51543.8320312500
534.942932     51617.1445312500
535.289368     52103.6562500000
535.635803     52228.0625000000
535.982178     52539.0781250000
536.328552     52712.3554687500
536.674805     51788.1992187500
537.021118     50939.5781250000
537.367371     51057.3203125000
537.713501     51168.3945312500
538.059692     51374.9960937500
538.405701     51363.8906250000
538.751831     51372.7773437500
539.097839     51108.4140625000
539.443787     50577.4687500000
539.789734     50313.1093750000
540.135620     49668.8671875000
540.481506     49313.4218750000
540.827209     48909.1054687500
541.173035     48940.2070312500
541.518799     49235.6679687500
541.864502     49302.3125000000
542.210144     49815.4843750000
542.555786     49508.9140625000
542.901245     49651.0937500000
543.246826     49295.6484375000
543.592285     48842.4570312500
543.937683     49677.7500000000
544.283142     49708.8515625000
544.628479     50279.7851562500
544.973816     49913.2343750000
545.319031     49895.4609375000
545.664307     49986.5429687500
546.009399     49513.3593750000
546.354614     49831.0351562500
546.699707     49731.0664062500
547.044739     49682.1953125000
547.389832     49546.6835937500
547.734802     48764.7031250000
548.079712     48802.4687500000
548.424622     48726.9375000000
548.769409     49086.8242187500
549.114258     49086.8242187500
549.459045     48695.8359375000
549.803772     49080.1601562500
550.148499     49535.5742187500
550.493103     49166.8007812500
550.837708     48400.3750000000
551.182190     48880.2226562500
551.526733     48689.1718750000
551.871216     48880.2226562500
552.215698     48937.9843750000
552.560120     48962.4218750000
552.904480     48689.1718750000
553.248718     48464.7968750000
553.592957     48327.0625000000
553.937195     48629.1914062500
554.281372     48471.4648437500
554.625549     48344.8359375000
554.969666     48813.5781250000
555.313721     48653.6289062500
555.657654     48167.1132812500
556.001709     48009.3867187500
556.345581     48118.2421875000
556.689514     47576.1875000000
557.033325     46629.8203125000
557.377197     46689.8007812500
557.720947     46780.8828125000
558.064575     46618.7109375000
558.408264     46705.3515625000
558.751892     45876.7226562500
559.095520     45263.5820312500
559.439087     44672.6562500000
559.782654     44821.4960937500
560.126099     44248.3437500000
560.469543     44417.1796875000
560.812927     44841.4921875000
561.156250     44799.2812500000
561.499512     45323.5625000000
561.842773     45034.7617187500
562.185974     44332.7617187500
562.529175     43850.6914062500
562.872314     44312.7695312500
563.215332     44508.2617187500
563.558472     44474.9375000000
563.901367     43706.2929687500
564.244385     44210.5781250000
564.587341     43959.5468750000
564.930237     44050.6289062500
565.273071     43772.9375000000
565.615845     42968.7460937500
565.958557     42922.0937500000
566.301331     41980.1679687500
566.643860     42413.3632812500
566.986511     42204.5390625000
567.329163     42282.2929687500
567.671692     42819.9023437500
568.014221     41658.0429687500
568.356628     40780.5429687500
568.699036     40180.7304687500
569.041321     40549.5039062500
569.383728     40529.5117187500
569.726013     40560.6093750000
570.068298     40309.5781250000
570.410461     40445.0937500000
570.752686     40125.1914062500
571.094727     39725.3164062500
571.436768     39585.3632812500
571.778809     39740.8671875000
572.120850     40176.2890625000
572.462769     39687.5507812500
572.804688     39785.3007812500
573.146606     40393.9960937500
573.488342     39598.6914062500
573.830139     40356.2304687500
574.171814     39876.3828125000
574.513550     39858.6093750000
574.855164     39763.0820312500
575.196838     39420.9687500000
575.538391     38887.8007812500
575.879883     38276.8828125000
576.221375     37908.1093750000
576.562744     38474.5976562500
576.904175     38512.3632812500
577.245483     38818.9335937500
577.586792     39343.2148437500
577.928101     38698.9726562500
578.269348     38654.5429687500
578.610535     37863.6796875000
578.951660     38136.9257812500
579.292664     37910.3320312500
579.633728     38199.1289062500
579.974792     38092.4960937500
580.315796     39032.2031250000
580.656677     38301.3203125000
580.997498     38776.7265625000
581.338379     38778.9492187500
581.679138     38703.4179687500
582.019897     38725.6328125000
582.360657     38978.8867187500
582.701294     39169.9375000000
583.041931     38921.1250000000
583.382507     39005.5429687500
583.723022     38738.9609375000
584.063538     38981.1054687500
584.403931     39096.6250000000
584.744385     38992.2148437500
585.084778     38783.3906250000
585.425110     38141.3710937500
585.765381     37983.6406250000
586.105591     37081.7031250000
586.445801     37221.6601562500
586.785889     36981.7343750000
587.125977     37430.4804687500
587.466064     36581.8593750000
587.806152     36770.6875000000
588.146118     35984.2695312500
588.486023     34944.5937500000
588.825928     33222.9140625000
589.165710     31898.8828125000
589.505554     30426.0117187500
589.845337     30194.9746093750
590.185120     30319.3789062500
590.524780     30963.6210937500
590.864441     32134.3652343750
591.203918     31967.7500000000
591.543518     32349.8535156250
591.882996     32034.3964843750
592.222473     31730.0468750000
592.561890     32045.5039062500
592.901306     32538.6835937500
593.240662     32840.8085937500
593.579895     32623.1015625000
593.919128     32900.7929687500
594.258301     32238.7773437500
594.597473     31665.6230468750
594.936646     31410.1484375000
595.275696     31650.0722656250
595.614807     31425.6992187500
595.953796     31961.0859375000
596.292725     32380.9550781250
596.631592     32438.7148437500
596.970398     32376.5117187500
597.309204     32689.7460937500
597.648010     32143.2519531250
597.986755     32245.4414062500
598.325500     32258.7714843750
598.664124     32067.7187500000
599.002686     31887.7753906250
599.341187     32061.0546875000
599.679749     32307.6445312500
600.018250     32345.4101562500
600.356628     32498.6953125000
600.695068     32085.4921875000
601.033386     32476.4804687500
601.371643     30512.6523437500
601.709900     31807.8007812500
602.048035     31772.2558593750
602.386292     31450.1347656250
602.724426     31663.4023437500
603.062500     31874.4472656250
603.400574     32387.6191406250
603.738525     32181.0175781250
604.076477     32254.3281250000
604.414307     32129.9218750000
604.752197     32440.9355468750
605.090027     31996.6308593750
605.427795     32245.4414062500
605.765564     31723.3828125000
606.103210     31870.0039062500
606.440857     31463.4648437500
606.778442     31108.0214843750
607.115967     31445.6933593750
607.453552     31294.6289062500
607.791016     31538.9960937500
608.128418     30801.4492187500
608.465820     30561.5253906250
608.803162     30461.5566406250
609.140442     30339.3730468750
609.477661     30419.3476562500
609.814880     30505.9863281250
610.152100     29937.2773437500
610.489258     29806.2070312500
610.826294     29852.8593750000
611.163269     29750.6679687500
611.500305     29895.0683593750
611.837219     29957.2695312500
612.174072     29586.2753906250
612.510986     29175.2929687500
612.847839     28926.4824218750
613.184570     29261.9335937500
613.521362     28995.3496093750
613.857971     28264.4687500000
614.194641     28631.0195312500
614.531189     28506.6152343750
614.867737     28535.4941406250
615.204285     28531.0507812500
615.540771     28346.6640625000
615.877197     28288.9042968750
616.213562     27789.0625000000
616.549927     28177.8281250000
616.886169     27435.8398437500
617.222351     27406.9589843750
617.558594     27286.9960937500
617.894775     27706.8652343750
618.230896     28419.9746093750
618.566956     28017.8789062500
618.902954     28066.7519531250
619.238953     27877.9218750000
619.574890     27964.5625000000
619.910767     27902.3593750000
620.246643     28475.5136718750
620.582458     28020.0996093750
620.918213     27762.4023437500
621.253967     28195.6015625000
621.589661     27680.2070312500
621.925232     27329.2050781250
622.260803     27522.4785156250
622.596375     27444.7246093750
622.931885     27024.8574218750
623.267334     27078.1738281250
623.602722     26731.6152343750
623.938110     26993.7558593750
624.273376     26545.0078125000
624.608643     26742.7226562500
624.943848     26196.2285156250
625.279114     25920.7578125000
625.614258     25585.3085937500
625.949341     25536.4355468750
626.284424     25756.3652343750
626.619446     25958.5253906250
626.954407     25922.9804687500
627.289307     25805.2402343750
627.624207     25143.2246093750
627.959045     24661.1542968750
628.293884     24121.3222656250
628.628601     24287.9375000000
628.963257     24432.3359375000
629.297913     24159.0898437500
629.632507     24310.1523437500
629.967102     24121.3222656250
630.301697     24267.9433593750
630.636169     24085.7792968750
630.970581     24219.0703125000
631.304993     24265.7226562500
631.639282     23801.4238281250
631.973572     23810.3085937500
632.307861     23521.5117187500
632.642090     23628.1445312500
632.976257     23848.0761718750
633.310425     24016.9121093750
633.644470     23988.0312500000
633.978516     23999.1386718750
634.312439     23661.4667968750
634.646423     23470.4160156250
634.980347     24107.9941406250
635.314209     23923.6074218750
635.648071     23810.3085937500
635.981812     23632.5878906250
636.315552     23563.7207031250
636.649170     23619.2578125000
636.982849     23665.9101562500
637.316406     23306.0234375000
637.649963     23317.1308593750
637.983521     23494.8535156250
638.317017     23783.6503906250
638.650391     23785.8730468750
638.983765     23714.7832031250
639.317078     23612.5937500000
639.650391     23161.6250000000
639.983643     23046.1054687500
640.316833     23103.8652343750
640.649963     22935.0292968750
640.983032     22775.0781250000
641.316101     22399.6406250000
641.649109     22617.3496093750
641.982056     22430.7421875000
642.315002     22332.9960937500
642.647888     22279.6777343750
642.980774     22430.7421875000
643.313538     22106.4003906250
643.646301     22241.9121093750
643.979004     22490.7226562500
644.311646     22255.2421875000
644.644226     22033.0898437500
644.976868     21813.1582031250
645.309387     21697.6386718750
645.641846     21635.4355468750
645.974243     21126.7070312500
646.306702     20860.1230468750
646.638977     20760.1542968750
646.971252     20093.6972656250
647.303528     19960.4062500000
647.635803     19907.0898437500
647.967957     19609.4042968750
648.300110     19082.9042968750
648.632141     19038.4726562500
648.964111     19165.0996093750
649.296082     19293.9492187500
649.628113     18949.6113281250
649.960022     18880.7441406250
650.291870     19382.8085937500
650.623718     19778.2402343750
650.955383     19707.1523437500
651.287109     19933.7480468750
651.618774     19427.2402343750
651.950378     19322.8281250000
652.281982     19025.1445312500
652.613586     19340.5996093750
652.945068     19309.5000000000
653.276489     19249.5175781250
653.607910     19356.1503906250
653.939209     19193.9804687500
654.270569     19356.1503906250
654.601807     19507.2148437500
654.933105     18922.9531250000
655.264221     18900.7382812500
655.595398     18385.3437500000
655.926453     17530.0566406250
656.257507     16792.5097656250
656.588440     15939.4453125000
656.919434     16154.9326171875
657.250366     16490.3828125000
657.581238     16863.5996093750
657.912048     17347.8925781250
658.242798     17772.2031250000
658.573486     18018.7929687500
658.904114     18047.6718750000
659.234802     18540.8515625000
659.565430     18609.7187500000
659.895996     18325.3632812500
660.226501     18238.7246093750
660.556946     18631.9335937500
660.887329     18598.6113281250
661.217712     18567.5097656250
661.547974     18420.8886718750
661.878296     18478.6484375000
662.208557     18778.5546875000
662.538757     18651.9277343750
662.868896     18380.9023437500
663.198975     18749.6738281250
663.528992     17998.7988281250
663.859009     18238.7246093750
664.188904     18149.8632812500
664.518860     18114.3183593750
664.848755     17983.2480468750
665.178589     17896.6093750000
665.508362     17916.6035156250
665.838013     17858.8437500000
666.167725     18127.6484375000
666.497375     17541.1640625000
666.826965     17518.9492187500
667.156494     17630.0253906250
667.486084     17647.7988281250
667.815552     17501.1777343750
668.144897     17501.1777343750
668.474304     17225.7089843750
668.803528     17243.4804687500
669.132813     17254.5878906250
669.462036     17430.0878906250
669.791260     17250.1445312500
670.120422     17243.4804687500
670.449463     17201.2714843750
670.778564     16852.4921875000
671.107544     17114.6328125000
671.436523     16588.1308593750
671.765381     16819.1699218750
672.094299     16423.7382812500
672.423157     16685.8769531250
672.751831     16448.1738281250
673.080627     16450.3964843750
673.409302     16370.4208984375
673.737976     16394.8574218750
674.066528     16170.4833984375
674.395081     16206.0283203125
674.723572     16212.6923828125
675.052002     15977.2109375000
675.380432     16119.3886718750
675.708801     16301.5537109375
676.037170     16110.5019531250
676.365417     15819.4824218750
676.693665     15832.8115234375
677.021851     15983.8750000000
677.349976     15572.8935546875
677.678040     15828.3691406250
678.006042     15795.0458984375
678.334106     15735.0644531250
678.662048     15706.1845703125
678.989929     15506.2470703125
679.317810     15479.5888671875
679.645630     15304.0888671875
679.973389     15344.0761718750
680.301086     15181.9052734375
680.628845     14904.2138671875
680.956482     15324.0820312500
681.283997     15095.2656250000
681.611572     14968.6386718750
681.939087     15095.2656250000
682.266541     14893.1064453125
682.593872     15133.0312500000
682.921265     14950.8662109375
683.248596     14782.0302734375
683.575806     14493.2314453125
683.903076     14846.4541015625
684.230286     14559.8779296875
684.557373     14528.7763671875
684.884399     14162.2246093750
685.211487     14284.4082031250
685.538513     14046.7050781250
685.865417     13968.9521484375
686.192261     14013.3828125000
686.519165     13644.6093750000
686.845947     12862.6318359375
687.172729     11698.5527343750
687.499451     10736.6328125000
687.826111     10507.8154296875
688.152771     10576.6826171875
688.479248     11145.3935546875
688.805847     11049.8671875000
689.132324     11012.1015625000
689.458801     11100.9628906250
689.785095     11216.4814453125
690.111511     11280.9062500000
690.437805     11520.8310546875
690.764038     11458.6279296875
691.090210     11565.2617187500
691.416443     11711.8818359375
691.742554     11869.6103515625
692.068604     11951.8066406250
692.394592     11738.5400390625
692.720581     11549.7109375000
693.046509     11391.9824218750
693.372375     11123.1777343750
693.698242     11152.0576171875
694.023987     10983.2216796875
694.349792     10838.8222656250
694.675476     10805.5000000000
695.001099     10827.7148437500
695.326721     11043.2031250000
695.652222     11054.3105468750
695.977783     10969.8925781250
696.303284     11176.4941406250
696.628723     11429.7480468750
696.954041     11869.6103515625
697.279358     12076.2119140625
697.604675     11991.7939453125
697.929871     11791.8574218750
698.255066     11827.4013671875
698.580200     11900.7119140625
698.905334     11583.0332031250
699.230286     11338.6660156250
699.555359     11178.7158203125
699.880310     10934.3486328125
700.205261     11038.7597656250
700.530029     10727.7460937500
700.854919     10718.8603515625
701.179688     10809.9423828125
701.504456     10656.6572265625
701.829102     10585.5683593750
702.153687     10501.1503906250
702.478271     10572.2392578125
702.802856     10416.7324218750
703.127319     10445.6123046875
703.451721     10823.2714843750
703.776123     10829.9365234375
704.100464     11220.9248046875
704.424805     11127.6210937500
704.749084     11227.5898437500
705.073303     11056.5322265625
705.397461     11047.6455078125
705.721558     11083.1904296875
706.045654     10985.4433593750
706.369690     11125.3994140625
706.693604     11147.6142578125
707.017578     11234.2539062500
707.341431     11152.0576171875
707.665283     11216.4814453125
707.989075     11098.7412109375
708.312805     10963.2275390625
708.636536     11129.8427734375
708.960144     11089.8544921875
709.283752     11023.2089843750
709.607361     11029.8740234375
709.930847     11205.3740234375
710.254333     11009.8798828125
710.577759     11052.0888671875
710.901062     11105.4052734375
711.224426     11060.9755859375
711.547668     10961.0068359375
711.870911     11092.0761718750
712.194153     10972.1142578125
712.517212     11074.3046875000
712.840332     10605.5625000000
713.163391     10763.2910156250
713.486389     10783.2841796875
713.809326     10625.5556640625
714.132202     10614.4482421875
714.455078     10667.7646484375
714.777893     10505.5937500000
715.100586     10254.5615234375
715.423401     10152.3710937500
715.746094     10021.3007812500
716.068604     10039.0732421875
716.391235      9710.2880859375
716.713745      9121.5830078125
717.036255      8552.8730468750
717.358643      7742.0161132813
717.681030      7495.4267578125
718.003418      7264.3881835938
718.325745      6928.9379882813
718.647888      6589.0444335938
718.970154      6533.5063476563
719.292297      6380.2211914063
719.614380      6342.4550781250
719.936401      6151.4038085938
720.258423      6086.9794921875
720.580383      6271.3662109375
720.902283      6473.5249023438
721.224182      7162.1977539063
721.545959      7628.7182617188
721.867737      7766.4531250000
722.189453      8130.7832031250
722.511169      8332.9414062500
722.832764      8357.3789062500
723.154419      8133.0043945313
723.475952      7733.1298828125
723.797424      7231.0654296875
724.118896      7128.8750000000
724.440247      7022.2416992188
724.761597      6655.6904296875
725.082886      6808.9755859375
725.404175      6720.1142578125
725.725342      6804.5322265625
726.046509      6631.2534179688
726.367615      6775.6523437500
726.688721      6902.2792968750
727.009644      7046.6787109375
727.330688      6953.3745117188
727.651611      6742.3295898438
727.972473      6817.8613281250
728.293274      6597.9306640625
728.614075      7035.5708007813
728.934814      6846.7412109375
729.255493      6751.2158203125
729.576172      6564.6074218750
729.896729      6695.6777343750
730.217285      6795.6464843750
730.537720      6833.4121093750
730.858215      6653.4687500000
731.178650      6771.2094726563
731.498962      6808.9755859375
731.819214      6797.8676757813
732.139526      6902.2792968750
732.459778      7215.5146484375
732.779846      7773.1176757813
733.100037      7726.4653320313
733.420105      7897.5229492188
733.740112      7915.2949218750
734.060059      8232.9736328125
734.380066      8352.9355468750
734.699890      8295.1757812500
735.019775      8319.6123046875
735.339478      8266.2958984375
735.659241      8224.0869140625
735.978943      8175.2133789063
736.298584      8028.5927734375
736.618164      8001.9345703125
736.937744      7919.7382812500
737.257263      8090.7954101563
737.576599      8168.5488281250
737.896057      8290.7324218750
738.215393      8341.8281250000
738.534729      8437.3535156250
738.853943      8137.4477539063
739.173157      8317.3916015625
739.492371      8257.4101562500
739.811523      8290.7324218750
740.130493      8528.4365234375
740.449524      8468.4550781250
740.768555      8375.1503906250
741.087463      8359.6005859375
741.406311      8330.7207031250
741.725159      8466.2333984375
742.043945      8412.9169921875
742.362610      8299.6191406250
742.681396      8419.5810546875
743.000061      8495.1132812500
743.318604      8317.3916015625
743.637146      8583.9746093750
743.955627      8555.0947265625
744.274109      8450.6826171875
744.592407      8375.1503906250
744.910828      8497.3349609375
745.229126      8517.3281250000
745.547424      8468.4550781250
745.865540      8426.2460937500
746.183777      8410.6953125000
746.501892      8346.2714843750
746.819946      8339.6064453125
747.137939      8290.7324218750
747.455872      8399.5878906250
747.773865      8370.7080078125
748.091736      8184.0996093750
748.409485      8352.9355468750
748.727295      8164.1059570313
749.045044      8128.5615234375
749.362671      8021.9282226563
749.680298      8117.4541015625
749.997925      7941.9536132813
750.315491      8019.7070312500
750.632874      8019.7070312500
750.950378      7910.8520507813
751.267822      7990.8271484375
751.585083      7899.7446289063
751.902405      7833.0986328125
752.219666      7806.4404296875
752.536865      8039.7006835938
752.854004      7673.1489257813
753.171082      7742.0161132813
753.488159      7784.2250976563
753.805176      7770.8959960938
754.122070      7961.9472656250
754.439026      7693.1425781250
754.755920      7715.3579101563
755.072693      7841.9848632813
755.389465      7815.3266601563
755.706177      7739.7944335938
756.022888      7668.7055664063
756.339478      7755.3452148438
756.656006      7768.6743164063
756.972595      7719.8007812500
757.289063      7702.0288085938
757.605408      7915.2949218750
757.921814      7586.5092773438
758.238159      7573.1801757813
758.554443      7664.2626953125
758.870667      7562.0727539063
759.186890      7237.7299804688
759.503052      6693.4560546875
759.819092      5715.9848632813
760.135132      4563.0131835938
760.451172      3729.9411621094
760.767029      3103.4709472656
761.082947      2699.1533203125
761.398804      2763.5776367188
761.714600      3003.5024414063
762.030396      3454.4719238281
762.346008      3614.4218750000
762.661682      3616.6433105469
762.977295      3505.5671386719
763.292908      3334.5097656250
763.608337      3301.1867675781
763.923828      3381.1616210938
764.239258      3534.4470214844
764.554626      3494.4594726563
764.869873      3767.7070312500
765.185181      4049.8408203125
765.500427      4347.5253906250
765.815491      4607.4438476563
766.130615      4829.5961914063
766.445740      5038.4194335938
766.760803      5242.7998046875
767.075745      5549.3706054688
767.390686      5711.5419921875
767.705566      5984.7895507813
768.020386      6138.0747070313
768.335144      6360.2275390625
768.649902      6544.6137695313
768.964539      6529.0634765625
769.279175      6457.9746093750
769.593750      6517.9555664063
769.908264      6753.4375000000
770.222839      6662.3549804688
770.537170      6673.4624023438
770.851624      6895.6147460938
771.165955      6715.6713867188
771.480286      6760.1020507813
771.794495      6711.2285156250
772.108704      6664.5761718750
772.422852      6633.4750976563
772.736938      6733.4433593750
773.050964      6811.1967773438
773.364990      6629.0317382813
773.678894      6784.5385742188
773.992798      6700.1206054688
774.306641      6762.3232421875
774.620422      6609.0380859375
774.934204      6629.0317382813
775.247864      6395.7714843750
775.561584      6540.1708984375
775.875183      6480.1894531250
776.188721      6553.5000000000
776.502197      6564.6074218750
776.815735      6540.1708984375
777.129150      6429.0947265625
777.442444      6342.4550781250
777.755737      6571.2724609375
778.069092      6386.8857421875
778.382324      6362.4487304688
778.695435      6440.2021484375
779.008545      6153.6254882813
779.321594      6260.2587890625
779.634644      6095.8657226563
779.947571      6122.5239257813
780.260498      5987.0112304688
780.573364      6142.5175781250
780.886169      5949.2451171875
781.198975      5973.6816406250
781.511719      6002.5615234375
781.824402      5893.7070312500
782.136963      5842.6118164063
782.449585      5849.2763671875
782.762146      5904.8144531250
783.074646      5807.0673828125
783.387024      5740.4218750000
783.699402      5782.6308593750
784.011719      5653.7822265625
784.324097      5693.7695312500
784.636230      5729.3139648438
784.948425      5616.0161132813
785.260620      5633.7885742188
785.572632      5500.4970703125
785.884644      5549.3706054688
786.196655      5520.4907226563
786.508667      5331.6611328125
786.820496      5429.4082031250
787.132324      5229.4707031250
787.444153      5300.5595703125
787.755859      5147.2744140625
788.067566      5267.2368164063
788.379211      5029.5336914063
788.690796      5102.8437500000
789.002319      5025.0903320313
789.313782      4894.0205078125
789.625305      4871.8051757813
789.936707      4818.4887695313
790.247986      4718.5200195313
790.559326      4702.9692382813
790.870605      4738.5136718750
791.181763      4634.1020507813
791.492920      4700.7480468750
791.803955      4691.8618164063
792.115051      4600.7792968750
792.426086      4545.2412109375
792.737000      4638.5449218750
793.047913      4487.4814453125
793.358765      4474.1523437500
793.669495      4660.7602539063
793.980347      4618.5512695313
794.291016      4625.2158203125
794.601685      4705.1909179688
794.912292      4680.7539062500
795.222778      4429.7216796875
795.533325      4551.9057617188
795.843811      4505.2534179688
796.154175      4394.1772460938
796.464539      4229.7841796875
796.774902      4285.3227539063
797.085022      4280.8793945313
797.395325      4203.1259765625
797.705505      4305.3164062500
798.015625      4360.8544921875
798.325623      4323.0883789063
798.635620      4223.1196289063
798.945618      4247.5566406250
799.255554      4156.4741210938
799.565369      4116.4868164063
799.875183      4163.1386718750
800.184998      4094.2714843750
800.494690      4052.0625000000
800.804321      4167.5815429688
801.113953      4100.9360351563
801.423462      3965.4228515625
801.732910      4027.6254882813
802.042419      3976.5305175781
802.351868      4047.6193847656
802.661255      3896.5556640625
802.970520      3781.0363769531
803.279785      3832.1313476563
803.588989      3881.0048828125
803.898193      3905.4416503906
804.207275      3969.8659667969
804.516357      3936.5429687500
804.825378      3816.5808105469
805.134277      3912.1062011719
805.443176      3918.7707519531
805.752136      3925.4355468750
806.060974      3927.6569824219
806.369629      3989.8596191406
806.678406      3943.2075195313
806.987061      3929.8784179688
807.295715      3878.7834472656
807.604187      3743.2702636719
807.912720      3954.3151855469
808.221191      3812.1376953125
808.529663      3865.4543457031
808.837952      3683.2890625000
809.146301      3701.0612792969
809.454590      3623.3078613281
809.762756      3572.2128906250
810.070923      3612.2004394531
810.379028      3516.6748046875
810.687073      3565.5483398438
810.995117      3450.0290527344
811.303040      3381.1616210938
811.611023      3361.1679687500
811.918884      3445.5859375000
812.226624      3363.3894042969
812.534424      3258.9777832031
812.842163      3198.9965820313
813.149719      3174.5598144531
813.457397      3154.5661621094
813.764954      3007.9453125000
814.072510      2934.6350097656
814.379883      2945.7426757813
814.687378      2859.1032714844
814.994690      2774.6853027344
815.302063      2592.5202636719
815.609314      2621.3999023438
815.916504      2672.4951171875
816.223694      2628.0646972656
816.530762      2554.7541503906
816.837830      2463.6716308594
817.144836      2590.2985839844
817.451843      2539.2036132813
817.758667      2636.9506835938
818.065552      2499.2160644531
818.372375      2516.9882812500
818.679138      2468.1147460938
818.985779      2481.4438476563
819.292480      2583.6340332031
819.599121      2668.0520019531
819.905701      2561.4187011719
820.212158      2661.3874511719
820.518616      2688.0456542969
820.825012      2779.1284179688
821.131348      2730.2546386719
821.437683      2756.9130859375
821.743896      2785.7929687500
822.050110      2830.2233886719
822.356262      2650.2797851563
822.662415      2623.6215820313
822.968445      2499.2160644531
823.274475      2470.3361816406
823.580322      2463.6716308594
823.886292      2472.5578613281
824.192200      2510.3237304688
824.497864      2641.3937988281
824.803711      2639.1721191406
825.109375      2674.7165527344
825.415039      2803.5651855469
825.720581      2736.9194335938
826.026184      2750.2485351563
826.331665      2603.6276855469
826.637146      2832.4448242188
826.942444      2810.2297363281
827.247803      2688.0456542969
827.553162      2752.4699707031
827.858398      2530.3173828125
828.163574      2625.8430175781
828.468750      2610.2924804688
828.773804      2594.7416992188
829.078796      2548.0895996094
829.383850      2552.5327148438
829.688782      2596.9631347656
829.993713      2477.0009765625
830.298462      2601.4062500000
830.603271      2583.6340332031
830.908020      2490.3300781250
831.212708      2696.9318847656
831.517273      2590.2985839844
831.821960      2576.9694824219
832.126465      2559.1972656250
832.430908      2590.2985839844
832.735352      2554.7541503906
833.039734      2530.3173828125
833.344116      2576.9694824219
833.648315      2545.8681640625
833.952576      2563.6403808594
834.256714      2536.9819335938
834.560913      2674.7165527344
834.864929      2716.9255371094
835.169006      2619.1784667969
835.472961      2645.8366699219
835.776917      2645.8366699219
836.080750      2619.1784667969
836.384583      2599.1848144531
836.688354      2623.6215820313
836.992004      2703.5964355469
837.295654      2685.8242187500
837.599365      2748.0268554688
837.902893      2630.2861328125
838.206360      2770.2421875000
838.509827      2625.8430175781
838.813293      2643.6152343750
839.116699      2699.1533203125
839.419922      2808.0080566406
839.723206      2703.5964355469
840.026428      2694.7104492188
840.329590      2683.6027832031
840.632690      2543.6467285156
840.935730      2652.5014648438
841.238708      2674.7165527344
841.541626      2703.5964355469
841.844543      2652.5014648438
842.147461      2623.6215820313
842.450256      2665.8305664063
842.752930      2663.6088867188
843.055664      2639.1721191406
843.358337      2568.0834960938
843.660889      2625.8430175781
843.963440      2685.8242187500
844.265930      2599.1848144531
844.568420      2601.4062500000
844.870728      2568.0834960938
845.173096      2581.4125976563
845.475403      2621.3999023438
845.777649      2616.9570312500
846.079834      2603.6276855469
846.381958      2621.3999023438
846.684021      2632.5075683594
846.986145      2554.7541503906
847.288025      2519.2097167969
847.589966      2548.0895996094
847.891846      2465.8933105469
848.193665      2563.6403808594
848.495483      2532.5390625000
848.797180      2494.7729492188
849.098877      2441.4565429688
849.400452      2452.5639648438
849.702026      2499.2160644531
850.003540      2363.7031250000
850.304993      2341.4877929688
850.606445      2428.1271972656
850.907776      2434.7919921875
851.209106      2448.1210937500
851.510315      2428.1271972656
851.811584      2305.9433593750
852.112671      2323.7155761719
852.413879      2385.9182128906
852.714844      2372.5891113281
853.015869      2410.3549804688
853.316833      2417.0197753906
853.617737      2377.0322265625
853.918579      2283.7280273438
854.219360      2321.4941406250
854.520142      2179.3164062500
854.820862      2185.9809570313
855.121399      2172.6518554688
855.421997      2217.0822753906
855.722595      2263.7343750000
856.023071      2128.2214355469
856.323486      2245.9621582031
856.623901      2263.7343750000
856.924255      2257.0698242188
857.224487      2214.8608398438
857.524719      2212.6394042969
857.824890      2270.3989257813
858.125000      2210.4177246094
858.425049      2308.1650390625
858.725098      2232.6330566406
859.025085      2328.1586914063
859.325012      2328.1586914063
859.624817      2157.1010742188
859.924683      2239.2976074219
860.224487      2170.4304199219
860.524170      2268.1774902344
860.823792      2219.3039550781
861.123474      2301.5002441406
861.422974      2183.7595214844
861.722412      2150.4365234375
862.021912      2210.4177246094
862.321350      2117.1137695313
862.620728      2223.7470703125
862.919983      2197.0886230469
863.219238      2157.1010742188
863.518433      2185.9809570313
863.817505      2141.5505371094
864.116638      2139.3291015625
864.415710      2185.9809570313
864.714722      2137.1074218750
865.013550      2103.7846679688
865.312439      2130.4428710938
865.611328      2172.6518554688
865.910156      2134.8859863281
866.208801      2121.5568847656
866.507507      2106.0061035156
866.806091      2059.3540039063
867.104614      2037.1387939453
867.403137      2101.5629882813
867.701660      2099.3415527344
868.000061      2023.8096923828
868.298401      2070.4616699219
868.596741      1990.4868164063
868.894958      2057.1325683594
869.193237      2003.8159179688
869.491333      2030.4742431641
869.789429      2094.8984375000
870.087524      2061.5756835938
870.385498      2110.4492187500
870.683411      1999.3729248047
870.981323      2063.7971191406
871.279236      2043.8033447266
871.576965      2052.6894531250
871.874695      1959.3853759766
872.172363      2048.2463378906
872.470032      2003.8159179688
872.767578      2066.0185546875
873.065125      1999.3729248047
873.362549      1970.4930419922
873.660034      1990.4868164063
873.957397      2012.7020263672
874.254700      1970.4930419922
874.552002      2086.0124511719
874.849182      1917.1763916016
875.146362      1966.0500488281
875.443481      1954.9423828125
875.740540      1972.7145996094
876.037476      1968.2714843750
876.334473      1959.3853759766
876.631348      1952.7208251953
876.928223      1934.9486083984
877.224976      1974.9361572266
877.521729      1939.3917236328
877.818420      2021.5881347656
878.115112      1959.3853759766
878.411621      1921.6195068359
878.708191      1932.7271728516
879.004700      1914.9549560547
879.301086      1894.9611816406
879.597473      1946.0562744141
879.893799      1839.4230957031
880.190063      1803.8786621094
880.486267      1832.7584228516
880.782471      1883.8535156250
881.078613      1823.8724365234
881.374695      1828.3154296875
881.670654      1868.3028564453
881.966614      1914.9549560547
882.262573      1817.2077636719
882.558350      1803.8786621094
882.854126      1848.3092041016
883.149902      1819.4293212891
883.445618      1826.0938720703
883.741211      1819.4293212891
884.036865      1774.9987792969
884.332336      1854.9737548828
884.627869      1870.5244140625
884.923218      1739.4544677734
885.218689      1819.4293212891
885.513977      1797.2141113281
885.809265      1834.9799804688
886.104492      1788.3280029297
886.399658      1879.4105224609
886.694763      1732.7897949219
886.989807      1852.7521972656
887.284790      1797.2141113281
887.579773      1726.1252441406
887.874695      1755.0051269531
888.169495      1817.2077636719
888.464355      1739.4544677734
888.759094      1721.6822509766
889.053772      1666.1440429688
889.348389      1683.9162597656
