0.278000
190.260635         0.0000000000
190.642441         0.0000000000
191.024216      1016.6901855469
191.405975      1084.0206298828
191.787704      1097.4868164063
192.169403      1075.0433349609
192.551071      1086.2650146484
192.932724      1106.4642333984
193.314331      1137.8850097656
193.695923      1164.8172607422
194.077499      1124.4189453125
194.459030      1039.1336669922
194.840546      1104.2198486328
195.222031      1113.1972656250
195.603485      1126.6633300781
195.984909      1115.4415283203
196.366302      1193.9937744141
196.747681      1133.3963623047
197.129028      1176.0390625000
197.510345      1149.1068115234
197.891647      1106.4642333984
198.272919      1079.5319824219
198.654175      1191.7493896484
199.035355      1135.6407470703
199.416550      1108.7084960938
199.797714      1124.4189453125
200.178848      1110.9528808594
200.559937      1124.4189453125
200.941025      1158.0842285156
201.322083      1081.7763671875
201.703079      1146.8624267578
202.084091      1137.8850097656
202.465057      1128.9077148438
202.845993      1207.4598388672
203.226898      1167.0616455078
203.607788      1176.0390625000
203.988647      1189.5051269531
204.369461      1099.7310791016
204.750275      1151.3511962891
205.131042      1131.1519775391
205.511795      1142.3737792969
205.892517      1104.2198486328
206.273209      1090.7537841797
206.653870      1090.7537841797
207.034515      1122.1745605469
207.415115      1095.2424316406
207.795700      1128.9077148438
208.176254      1180.5277099609
208.556778      1167.0616455078
208.937271      1155.8398437500
209.317749      1075.0433349609
209.698196      1133.3963623047
210.078613      1119.9302978516
210.459000      1106.4642333984
210.839371      1180.5277099609
211.219696      1095.2424316406
211.600006      1113.1972656250
211.980286      1097.4868164063
212.360535      1126.6633300781
212.740768      1158.0842285156
213.120956      1211.9486083984
213.501129      1092.9980468750
213.881256      1117.6859130859
214.261383      1092.9980468750
214.641464      1126.6633300781
215.021530      1110.9528808594
215.401550      1182.7720947266
215.781570      1113.1972656250
216.161530      1110.9528808594
216.541504      1072.7989501953
216.921402      1214.1929931641
217.301315      1106.4642333984
217.681152      1191.7493896484
218.061005      1090.7537841797
218.440811      1135.6407470703
218.820587      1081.7763671875
219.200348      1128.9077148438
219.580078      1149.1068115234
219.959763      1097.4868164063
220.339432      1153.5954589844
220.719070      1142.3737792969
221.098694      1160.3286132813
221.478271      1126.6633300781
221.857819      1070.5545654297
222.237366      1209.7042236328
222.616867      1135.6407470703
222.996338      1092.9980468750
223.375778      1090.7537841797
223.755188      1084.0206298828
224.134583      1146.8624267578
224.513947      1070.5545654297
224.893265      1079.5319824219
225.272583      1151.3511962891
225.651855      1180.5277099609
226.031097      1131.1519775391
226.410339      1153.5954589844
226.789520      1090.7537841797
227.168686      1095.2424316406
227.547806      1088.5093994141
227.926926      1077.2875976563
228.306015      1101.9754638672
228.685059      1196.2381591797
229.064087      1191.7493896484
229.443069      1099.7310791016
229.822037      1176.0390625000
230.200989      1066.0659179688
230.579895      1153.5954589844
230.958786      1176.0390625000
231.337631      1131.1519775391
231.716461      1110.9528808594
232.095261      1122.1745605469
232.474030      1092.9980468750
232.852783      1068.3101806641
233.231476      1070.5545654297
233.610184      1160.3286132813
233.988831      1099.7310791016
234.367462      1155.8398437500
234.746048      1153.5954589844
235.124649      1176.0390625000
235.503159      1191.7493896484
235.881683      1178.2833251953
236.260162      1229.9034423828
236.638641      1149.1068115234
237.017075      1167.0616455078
237.395477      1104.2198486328
237.773834      1135.6407470703
238.152176      1101.9754638672
238.530502      1068.3101806641
238.908783      1110.9528808594
239.287048      1070.5545654297
239.665268      1092.9980468750
240.043472      1209.7042236328
240.421661      1084.0206298828
240.799805      1182.7720947266
241.177902      1162.5728759766
241.556000      1113.1972656250
241.934052      1070.5545654297
242.312088      1119.9302978516
242.690094      1061.5771484375
243.068054      1131.1519775391
243.446014      1198.4825439453
243.823929      1234.3920898438
244.201813      1117.6859130859
244.579666      1072.7989501953
244.957504      1070.5545654297
245.335297      1140.1293945313
245.713074      1144.6181640625
246.090820      1191.7493896484
246.468536      1169.3059082031
246.846207      1126.6633300781
247.223862      1173.7946777344
247.601501      1124.4189453125
247.979095      1146.8624267578
248.356674      1099.7310791016
248.734222      1140.1293945313
249.111725      1149.1068115234
249.489212      1110.9528808594
249.866669      1126.6633300781
250.244095      1135.6407470703
250.621506      1162.5728759766
250.998871      1084.0206298828
251.376221      1128.9077148438
251.753510      1140.1293945313
252.130814      1115.4415283203
252.508057      1117.6859130859
252.885284      1155.8398437500
253.262466      1191.7493896484
253.639648      1223.1702880859
254.016769      1191.7493896484
254.393906      1135.6407470703
254.770966      1110.9528808594
255.148026      1097.4868164063
255.525040      1146.8624267578
255.902054      1088.5093994141
256.278992      1084.0206298828
256.655945      1137.8850097656
257.032837      1187.2607421875
257.409729      1162.5728759766
257.786591      1171.5502929688
258.163391      1068.3101806641
258.540161      1119.9302978516
258.916962      1126.6633300781
259.293701      1066.0659179688
259.670380      1171.5502929688
260.047058      1153.5954589844
260.423706      1128.9077148438
260.800323      1185.0163574219
261.176880      1142.3737792969
261.553436      1149.1068115234
261.929962      1124.4189453125
262.306488      1126.6633300781
262.682953      1068.3101806641
263.059387      1198.4825439453
263.435791      1180.5277099609
263.812195      1162.5728759766
264.188507      1142.3737792969
264.564850      1135.6407470703
264.941132      1202.9711914063
265.317413      1101.9754638672
265.693634      1149.1068115234
266.069885      1113.1972656250
266.446045      1133.3963623047
266.822174      1088.5093994141
267.198273      1119.9302978516
267.574371      1158.0842285156
267.950439      1095.2424316406
268.326447      1187.2607421875
268.702454      1193.9937744141
269.078430      1169.3059082031
269.454376      1146.8624267578
269.830292      1119.9302978516
270.206146      1126.6633300781
270.582001      1092.9980468750
270.957825      1137.8850097656
271.333618      1162.5728759766
271.709381      1075.0433349609
272.085144      1209.7042236328
272.460815      1220.9260253906
272.836487      1140.1293945313
273.212128      1108.7084960938
273.587769      1137.8850097656
273.963348      1128.9077148438
274.338898      1151.3511962891
274.714447      1108.7084960938
275.089935      1113.1972656250
275.465393      1081.7763671875
275.840820      1108.7084960938
276.216278      1126.6633300781
276.591644      1126.6633300781
276.966949      1124.4189453125
277.342285      1097.4868164063
277.717590      1146.8624267578
278.092834      1176.0390625000
278.468048      1126.6633300781
278.843262      1160.3286132813
279.218445      1119.9302978516
279.593567      1113.1972656250
279.968658      1117.6859130859
280.343781      1119.9302978516
280.718811      1151.3511962891
281.093842      1097.4868164063
281.468811      1196.2381591797
281.843781      1209.7042236328
282.218719      1169.3059082031
282.593628      1068.3101806641
282.968506      1243.3695068359
283.343353      1097.4868164063
283.718170      1178.2833251953
284.092896      1110.9528808594
284.467682      1095.2424316406
284.842407      1117.6859130859
285.217102      1180.5277099609
285.591766      1193.9937744141
285.966400      1151.3511962891
286.340973      1189.5051269531
286.715576      1176.0390625000
287.090118      1155.8398437500
287.464630      1110.9528808594
287.839081      1158.0842285156
288.213562      1185.0163574219
288.587982      1149.1068115234
288.962372      1135.6407470703
289.336731      1099.7310791016
289.711060      1178.2833251953
290.085327      1146.8624267578
290.459625      1191.7493896484
290.833862      1133.3963623047
291.208069      1155.8398437500
291.582275      1119.9302978516
291.956421      1158.0842285156
292.330505      1191.7493896484
292.704620      1086.2650146484
293.078705      1176.0390625000
293.452698      1108.7084960938
293.826691      1092.9980468750
294.200684      1117.6859130859
294.574615      1133.3963623047
294.948517      1086.2650146484
295.322388      1155.8398437500
295.696259      1216.4372558594
296.070068      1142.3737792969
296.443848      1128.9077148438
296.817596      1205.2155761719
297.191345      1167.0616455078
297.565063      1211.9486083984
297.938690      1169.3059082031
298.312317      1106.4642333984
298.685913      1182.7720947266
299.059540      1124.4189453125
299.433044      1104.2198486328
299.806549      1119.9302978516
300.180054      1126.6633300781
300.553528      1178.2833251953
300.926910      1211.9486083984
301.300323      1158.0842285156
301.673676      1198.4825439453
302.046997      1256.8355712891
302.420319      1149.1068115234
302.793579      1193.9937744141
303.166809      1211.9486083984
303.540039      1158.0842285156
303.913208      1274.7904052734
304.286377      1261.3242187500
304.659454      1274.7904052734
305.032593      1200.7268066406
305.405609      1256.8355712891
305.778656      1229.9034423828
306.151611      1355.5869140625
306.524597      1272.5460205078
306.897522      1330.8990478516
307.270416      1380.2747802734
307.643280      1413.9400634766
308.016144      1409.4512939453
308.388916      1407.2070312500
308.761749      1418.4287109375
309.134460      1431.8947753906
309.507202      1461.0714111328
309.879913      1467.8044433594
310.252563      1595.7322998047
310.625153      1584.5106201172
310.997742      1658.5740966797
311.370361      1645.1080322266
311.742859      1647.3522949219
312.115356      1633.8862304688
312.487823      1620.4201660156
312.860291      1784.2576904297
313.232697      1734.8819580078
313.605042      1914.4299316406
313.977386      1921.1629638672
314.349731      1860.5655517578
314.721985      1916.6741943359
315.094269      1934.6290283203
315.466492      1995.2264404297
315.838684      2055.8239746094
316.210846      2087.2448730469
316.582977      2170.2856445313
316.955048      2286.9919433594
317.327148      2439.6076660156
317.699158      2495.7163085938
318.071167      2396.9650878906
318.443176      2347.5893554688
318.815125      2327.3901367188
319.187012      2394.7207031250
319.558868      2598.9565429688
319.930756      2466.5397949219
320.302582      2607.9338378906
320.674347      2641.5991210938
321.046112      2668.5312500000
321.417847      2581.0017089844
321.789581      2738.1059570313
322.161224      2679.7529296875
322.532867      2708.9294433594
322.904419      2513.6711425781
323.276031      2673.0200195313
323.647583      2832.3686523438
324.019073      3110.6679687500
324.390533      3045.5820312500
324.762024      3191.4645996094
325.133423      3166.7768554688
325.504791      3460.7866210938
325.876129      3503.4291992188
326.247467      3752.5520019531
326.618774      3721.1311035156
326.990021      3801.9277343750
327.361237      3786.2172851563
327.732452      3905.1677246094
328.103607      3626.8684082031
328.474731      3730.1083984375
328.845825      3929.8554687500
329.216919      4156.5346679688
329.587952      4405.6577148438
329.958954      4329.3496093750
330.329926      4354.0375976563
330.700867      4194.6889648438
331.071808      4073.4938964844
331.442688      4178.9785156250
331.813507      4165.5122070313
332.184357      4136.3354492188
332.555115      4297.9287109375
332.925873      4275.4853515625
333.296570      4253.0419921875
333.667267      4208.1547851563
334.037994      4203.6660156250
334.408600      4367.5034179688
334.779144      4468.4995117188
335.149750      4486.4541015625
335.520294      4405.6577148438
335.890778      4324.8608398438
336.261230      4165.5122070313
336.631683      4075.7382812500
337.002106      4145.3129882813
337.372498      4174.4897460938
337.742798      4392.1914062500
338.113129      4540.3183593750
338.483429      4681.7124023438
338.853668      4744.5541992188
339.223907      4928.5908203125
339.594086      4982.4550781250
339.964233      5153.0258789063
340.334381      5166.4921875000
340.704437      5141.8041992188
341.074493      4973.4780273438
341.444519      5009.3876953125
341.814545      5040.8085937500
342.184509      5096.9169921875
342.554413      5200.1572265625
342.924347      5422.3476562500
343.294220      5346.0400390625
343.664032      5175.4692382813
344.033813      4847.7944335938
344.403595      4762.5092773438
344.773346      4888.1928710938
345.143036      5130.5825195313
345.512695      5433.5693359375
345.882385      5357.2617187500
346.251984      5440.3027343750
346.621552      5487.4340820313
346.991089      5574.9633789063
347.360626      5532.3208007813
347.730103      5435.8139648438
348.099548      5509.8774414063
348.468964      5460.5014648438
348.838379      5496.4111328125
349.207764      5521.0991210938
349.577057      5655.7602539063
349.946320      6001.3896484375
350.315582      6259.4902343750
350.684845      6201.1367187500
351.054047      6046.2768554688
351.423157      6055.2543945313
351.792328      5967.7246093750
352.161438      5958.7470703125
352.530487      5976.7021484375
352.899506      6154.0058593750
353.268524      6459.2373046875
353.637512      6755.4912109375
354.006409      6928.3061523438
354.375336      7116.8315429688
354.744232      7027.0576171875
355.113068      7042.7680664063
355.481873      6843.0209960938
355.850616      6715.0927734375
356.219391      6430.0605468750
356.588135      6131.5620117188
356.956818      5707.3798828125
357.325470      5705.1357421875
357.694031      5716.3574218750
358.062653      5462.7460937500
358.431213      5478.4565429688
358.799713      5509.8774414063
359.168182      6320.0874023438
359.536652      6843.0209960938
359.905090      7161.7182617188
360.273438      6979.9262695313
360.641785      6739.7807617188
361.010132      6566.9658203125
361.378448      6596.1425781250
361.746704      6571.4545898438
362.114899      7080.9218750000
362.483124      7112.3427734375
362.851288      7619.5659179688
363.219421      7743.0048828125
363.587463      7514.0810546875
363.955566      7922.5527343750
364.323608      7830.5346679688
364.691589      7976.4169921875
365.059540      8310.8251953125
365.427490      8694.6093750000
365.795410      9163.6777343750
366.163269      9453.1992187500
366.531067      9367.9140625000
366.898895      9536.2402343750
367.266693      9531.7509765625
367.634430      9264.6738281250
368.002106      9309.5605468750
368.369812      8988.6191406250
368.737457      8941.4873046875
369.105042      9379.1357421875
369.472595      9608.0595703125
369.840149      9973.8876953125
370.207672      9614.7919921875
370.575134      9156.9453125000
370.942566      9188.3662109375
371.309998      9408.3125000000
371.677399      9365.6689453125
372.044708      8880.8896484375
372.411987      8770.9169921875
372.779297      8813.5595703125
373.146576      8625.0341796875
373.513794      8043.7475585938
373.880951      8057.2138671875
374.248077      8214.3183593750
374.615204      8151.4765625000
374.982300      8434.2646484375
375.349365      9011.0625000000
375.716339      9338.7373046875
376.083374      9565.4160156250
376.450317      9596.8369140625
376.817230      9904.3134765625
377.184082     10362.1601562500
377.550964     10815.5185546875
377.917786     11668.3720703125
378.284576     11722.2363281250
378.651306     11302.5429687500
379.018036     10817.7636718750
379.384735     10216.2773437500
379.751373      9933.4892578125
380.117981     10209.5449218750
380.484589     10730.2333984375
380.851166     10943.4472656250
381.217651     10822.2519531250
381.584137      9751.6972656250
381.950623      8952.7089843750
382.317017      8315.3134765625
382.683411      7671.1855468750
383.049774      7601.6108398438
383.416107      7404.1079101563
383.782410      7727.2944335938
384.148651      8499.3505859375
384.514832      9222.0312500000
384.881042      9924.5126953125
385.247223     10164.6572265625
385.613342     10166.9023437500
385.979401      9677.6337890625
386.345459      9964.9101562500
386.711517     10243.2099609375
387.077484     10054.6845703125
387.443420     10254.4316406250
387.809357     10115.2822265625
388.175262     10148.9472656250
388.541107     10409.2919921875
388.906891     10582.1064453125
389.272705     11246.4335937500
389.638489     11971.3583984375
390.004211     12462.8710937500
390.369873     12781.5693359375
390.735535     12871.3427734375
391.101196     13131.6875000000
391.466766     13535.6699218750
391.832336     13273.0810546875
392.197815     12182.3281250000
392.563324     10683.1025390625
392.928802      9138.9902343750
393.294189      7909.0869140625
393.659607      7716.0727539063
394.024963      8636.2558593750
394.390289     10272.3867187500
394.755554     11987.0693359375
395.120789     12918.4746093750
395.486023     13322.4570312500
395.851227     12781.5693359375
396.216370     11699.7929687500
396.581482     10101.8164062500
396.946564      9208.5644531250
397.311646      9740.4755859375
397.676636     11596.5527343750
398.041626     14215.7080078125
398.406586     15607.2050781250
398.771515     17063.7871093750
399.136383     17746.0703125000
399.501221     18212.8945312500
399.866058     18439.5742187500
400.230865     18731.3378906250
400.595581     19142.0546875000
400.960297     19285.6933593750
401.324982     19611.1230468750
401.689636     20221.5859375000
402.054230     20315.8496093750
402.418793     20547.0175781250
402.783356     20286.6718750000
403.147919     20044.2832031250
403.512360     20134.0566406250
403.876770     20403.3789062500
404.241211     20403.3789062500
404.605621     20111.6132812500
404.969910     20089.1699218750
405.334229     20630.0585937500
405.698517     20257.4960937500
406.062775     20039.7949218750
406.426971     19660.5000000000
406.791107     19822.0917968750
407.155273     20342.7812500000
407.519379     20567.2167968750
407.883484     20852.2480468750
408.247498     21265.2089843750
408.611481     21853.2285156250
408.975464     22293.1210937500
409.339417     22908.0722656250
409.703308     21673.6796875000
410.067169     20757.9863281250
410.431030     20697.3886718750
410.794800     20870.2031250000
411.158569     22483.8906250000
411.522278     23408.5625000000
411.885986     23680.1289062500
412.249664     23947.2070312500
412.613312     23776.6367187500
412.976868     23691.3515625000
413.340454     23323.2773437500
413.703979     23574.6445312500
414.067474     23493.8476562500
414.430908     23648.7070312500
414.794342     23475.8925781250
415.157745     23828.2558593750
415.521088     23742.9707031250
415.884369     23653.1972656250
416.247711     24445.4511718750
416.610931     24135.7324218750
416.974152     24167.1523437500
417.337341     23471.4042968750
417.700500     23258.1914062500
418.063629     22973.1582031250
418.426697     23377.1425781250
418.789703     23392.8515625000
419.152740     23677.8847656250
419.515717     23729.5039062500
419.878662     23211.0605468750
420.241577     23356.9433593750
420.604431     23644.2187500000
420.967285     24272.6367187500
421.330109     24717.0175781250
421.692841     24548.6914062500
422.055603     24427.4980468750
422.418335     23619.5312500000
422.780975     23579.1328125000
423.143585     23145.9746093750
423.506226     23493.8476562500
423.868774     23749.7031250000
424.231293     24189.5957031250
424.593811     24169.3964843750
424.956238     23850.6992187500
425.318665     23830.5000000000
425.681091     23686.8613281250
426.043427     23971.8945312500
426.405731     23749.7031250000
426.768036     23128.0195312500
427.130310     23422.0292968750
427.492493     22661.1933593750
427.854675     22986.6250000000
428.216858     22834.0097656250
428.578979     23038.2441406250
428.941040     22452.4707031250
429.303040     21469.4453125000
429.665070     20437.0449218750
430.027069     19514.6171875000
430.389008     18426.1074218750
430.750885     18246.5585937500
431.112762     19550.5253906250
431.474640     21202.3671875000
431.836395     23289.6113281250
432.198181     23832.7441406250
432.559937     24357.9218750000
432.921600     24449.9414062500
433.283264     24966.1406250000
433.644867     24351.1894531250
434.006500     23852.9433593750
434.368073     23756.4375000000
434.729553     24153.6875000000
435.091034     24885.3437500000
435.452515     25783.0839843750
435.813934     26561.8730468750
436.175293     27223.9570312500
436.536621     27672.8261718750
436.897949     27055.6308593750
437.259277     26647.1582031250
437.620483     26400.2792968750
437.981659     25498.0507812500
438.342865     24434.2304687500
438.704010     24631.7324218750
439.065125     24813.5253906250
439.426178     25731.4648437500
439.787201     26566.3613281250
440.148224     26543.9179687500
440.509186     26530.4531250000
440.870087     26999.5214843750
441.230988     27722.2011718750
441.591858     28370.8183593750
441.952667     28750.1132812500
442.313416     28689.5156250000
442.674194     28687.2714843750
443.034912     29053.1015625000
443.395630     28642.3847656250
443.756226     28808.4667968750
444.116852     29241.6269531250
444.477417     29035.1464843750
444.837982     28768.0683593750
445.198456     29154.0957031250
445.558960     29026.1679687500
445.919403     28292.2656250000
446.279816     28523.4335937500
446.640106     28642.3847656250
447.000458     29362.8203125000
447.360779     29930.6406250000
447.721039     30085.5019531250
448.081207     30680.2539062500
448.441406     29995.7285156250
448.801575     31158.3007812500
449.161713     30182.0078125000
449.521759     30592.7246093750
449.881805     31288.4726562500
450.241852     31378.2460937500
450.601837     31955.0449218750
450.961792     32222.1210937500
451.321655     32262.5195312500
451.681549     31485.9746093750
452.041382     31189.7207031250
452.401184     31068.5273437500
452.760895     29445.8613281250
453.120636     29037.3906250000
453.480347     29488.5039062500
453.840027     29818.4238281250
454.199585     30112.4335937500
454.559174     30336.8691406250
454.918762     30619.6562500000
455.278290     29874.5332031250
455.637726     30462.5527343750
455.997162     30303.2031250000
456.356598     31169.5214843750
456.715973     30675.7656250000
457.075287     31254.8066406250
457.434570     31400.6894531250
457.793854     30554.5703125000
458.153107     30314.4257812500
458.512268     30072.0351562500
458.871429     30864.2910156250
459.230560     30529.8828125000
459.589661     30480.5078125000
459.948639     30000.2167968750
460.307678     30042.8593750000
460.666687     30505.1953125000
461.025635     31313.1601562500
461.384491     31454.5546875000
461.743378     31315.4042968750
462.102264     32390.4492187500
462.461060     31880.9804687500
462.819794     32329.8515625000
463.178497     32370.2500000000
463.537231     32540.8203125000
463.895905     31656.5468750000
464.254456     31257.0527343750
464.613068     31151.5683593750
464.971649     31553.3066406250
465.330170     31569.0156250000
465.688568     32323.1171875000
466.047028     33070.4843750000
466.405457     32605.9062500000
466.763855     32071.7500000000
467.122192     32114.3925781250
467.480438     33043.5546875000
467.838715     32969.4921875000
468.196960     33510.3789062500
468.555176     33963.7382812500
468.913269     34547.2695312500
469.271393     34033.3125000000
469.629486     34385.6757812500
469.987549     34455.2500000000
470.345520     33959.2500000000
470.703491     34500.1367187500
471.061462     34839.0351562500
471.419342     35703.1093750000
471.777191     36564.9375000000
472.135040     37184.3789062500
472.492828     38360.4179687500
472.850586     37999.0781250000
473.208282     37942.9687500000
473.565979     38438.9687500000
473.923615     39296.3125000000
474.281281     39363.6406250000
474.638794     40126.7187500000
474.996338     40793.2929687500
475.353851     41255.6289062500
475.711334     40878.5781250000
476.068726     41114.2343750000
476.426117     41684.2968750000
476.783478     41801.0039062500
477.140808     43122.9257812500
477.498077     43652.5937500000
477.855316     44029.6445312500
478.212555     44220.4140625000
478.569763     44770.2773437500
478.926819     44837.6093750000
479.283936     45721.8828125000
479.641022     46094.4453125000
479.998077     46296.4375000000
480.355011     47366.9921875000
480.711975     47292.9257812500
481.068939     47391.6796875000
481.425842     48082.9375000000
481.782623     48805.6171875000
482.139435     48659.7343750000
482.496216     48902.1250000000
482.852966     48931.3007812500
483.209717     49373.4375000000
483.566315     49171.4492187500
483.922943     49124.3164062500
484.279572     49065.9648437500
484.636139     49191.6484375000
484.992615     49229.8007812500
485.349121     47975.2109375000
485.705566     46475.9843750000
486.062012     44456.0703125000
486.418304     43778.2773437500
486.774689     44828.6328125000
487.130981     46296.4375000000
487.487274     47674.4648437500
487.843445     48863.9726562500
488.199615     49474.4335937500
488.555786     49434.0351562500
488.911957     49788.6445312500
489.267975     50143.2500000000
489.624023     50800.8437500000
489.980042     51557.1914062500
490.336029     51741.2265625000
490.691925     51624.5195312500
491.047821     51534.7460937500
491.403687     51258.6914062500
491.759521     50706.5820312500
492.115265     50239.7578125000
492.471008     50708.8281250000
492.826752     51079.1445312500
493.182434     51705.3164062500
493.538025     51884.8671875000
493.893646     51676.1406250000
494.249207     52183.3632812500
494.604736     52672.6328125000
494.960205     52847.6914062500
495.315674     52944.1992187500
495.671082     52616.5234375000
496.026489     52928.4882812500
496.381775     52755.6718750000
496.737091     53016.0195312500
497.092377     53253.9179687500
497.447632     52995.8203125000
497.802795     53114.7695312500
498.157959     52306.8046875000
498.513062     52015.0390625000
498.868195     52250.6953125000
499.223175     52641.2109375000
499.578217     52452.6875000000
499.933167     52652.4335937500
500.288116     52185.6093750000
500.643036     51563.9218750000
500.997833     51554.9453125000
501.352692     51146.4765625000
501.707489     51144.2304687500
502.062225     50969.1718750000
502.416901     51678.3867187500
502.771606     51738.9843750000
503.126221     52109.3007812500
503.480865     51743.4726562500
503.835358     51065.6796875000
504.189941     51308.0664062500
504.544434     51725.5156250000
504.898865     52138.4765625000
505.253265     52706.2968750000
505.607635     53067.6367187500
505.961975     53516.5078125000
506.316315     53159.6562500000
506.670532     52605.3007812500
507.024750     52993.5742187500
507.378967     52582.8593750000
507.733154     52237.2304687500
508.087189     52019.5273437500
508.441315     52493.0859375000
508.795349     52621.0117187500
509.149353     53033.9726562500
509.503265     53260.6523437500
509.857208     52621.0117187500
510.211121     52982.3515625000
510.565002     52643.4570312500
510.918762     53069.8828125000
511.272583     52946.4414062500
511.626312     53440.1992187500
511.980042     53446.9335937500
512.333618     53024.9960937500
512.687256     52899.3125000000
513.040894     52497.5742187500
513.394470     52270.8945312500
513.747925     52030.7500000000
514.101440     51972.3945312500
514.454895     52086.8554687500
514.808289     51958.9296875000
515.161621     51918.5312500000
515.514893     52239.4726562500
515.868225     52127.2539062500
516.221497     51393.3515625000
516.574707     50080.4101562500
516.927856     48700.1328125000
517.281006     48011.1171875000
517.634155     48895.3906250000
517.987183     48881.9257812500
518.340210     49083.9179687500
518.693237     49350.9960937500
519.046204     49983.9023437500
519.399048     50836.7539062500
519.751892     51335.0000000000
520.104736     51608.8125000000
520.457520     51923.0195312500
520.810364     51945.4648437500
521.163025     52185.6093750000
521.515686     52522.2617187500
521.868408     52333.7343750000
522.221008     52603.0585937500
522.573547     52279.8710937500
522.926086     52021.7695312500
523.278625     51844.4687500000
523.631042     52295.5820312500
523.983459     52964.3984375000
524.335815     53516.5078125000
524.688171     53099.0585937500
525.040527     52876.8671875000
525.392761     53184.3437500000
525.744934     52760.1601562500
526.097168     52223.7617187500
526.449341     51364.1757812500
526.801453     50500.1015625000
527.153503     49977.1679687500
527.505554     50908.5742187500
527.857544     51088.1210937500
528.209534     52026.2578125000
528.561462     52246.2070312500
528.913330     53033.9726562500
529.265198     53096.8125000000
529.617004     52917.2656250000
529.968750     52775.8710937500
530.320496     52722.0078125000
530.672180     53262.8945312500
531.023804     53581.5937500000
531.375488     53332.4726562500
531.727051     53027.2382812500
532.078613     52751.1835937500
532.430115     51853.4453125000
532.781555     51195.8515625000
533.132996     51146.4765625000
533.484375     51637.9882812500
533.835815     51911.7968750000
534.187073     51626.7656250000
534.538330     51848.9570312500
534.889587     52104.8125000000
535.240784     52439.2187500000
535.591919     52614.2773437500
535.942993     52333.7343750000
536.294128     52185.6093750000
536.645203     51828.7578125000
536.996155     51137.4960937500
537.347107     51458.4375000000
537.698120     51687.3632812500
538.049011     51667.1640625000
538.399841     51386.6210937500
538.750610     51705.3164062500
539.101440     51536.9921875000
539.452209     51234.0039062500
539.802856     50502.3476562500
540.153503     50271.1796875000
540.504150     49703.3593750000
540.854736     49521.5664062500
541.205261     49476.6796875000
541.555786     49721.3125000000
541.906250     50616.8085937500
542.256714     50643.7421875000
542.607056     50639.2500000000
542.957458     50598.8554687500
543.307739     50740.2460937500
543.658020     50780.6445312500
544.008240     51133.0078125000
544.358398     51011.8125000000
544.708618     51117.2968750000
545.058777     51040.9921875000
545.408813     51128.5195312500
545.758850     51265.4257812500
546.108887     50955.7070312500
546.458862     50803.0898437500
546.808716     50762.6914062500
547.158691     50675.1601562500
547.508545     50544.9882812500
547.858337     50116.3203125000
548.208069     50129.7851562500
548.557800     50791.8671875000
548.907532     50713.3164062500
549.257202     50291.3789062500
549.606812     50484.3906250000
549.956360     50201.6054687500
550.305908     50253.2226562500
550.655457     50378.9062500000
551.004883     50096.1210937500
551.354309     50244.2460937500
551.703674     50242.0039062500
552.053040     50446.2382812500
552.402405     50347.4882812500
552.751587     49683.1601562500
553.100830     49763.9570312500
553.450012     50042.2539062500
553.799255     50015.3242187500
554.148254     49739.2695312500
554.497375     50051.2343750000
554.846436     49671.9375000000
555.195435     49992.8789062500
555.544373     49851.4843750000
555.893250     49725.8007812500
556.242188     49321.8203125000
556.591003     49003.1210937500
556.939758     48073.9609375000
557.288574     48446.5234375000
557.637268     47986.4296875000
557.985962     48112.1132812500
558.334595     47831.5703125000
558.683228     47732.8203125000
559.031799     47335.5703125000
559.380310     46475.9843750000
559.728760     46859.7695312500
560.077209     47028.0937500000
560.425659     47445.5429687500
560.774048     47277.2148437500
561.122314     48114.3593750000
561.470581     47180.7109375000
561.818909     47016.8710937500
562.167114     46862.0117187500
562.515259     46963.0078125000
562.863342     46978.7187500000
563.211487     47225.5976562500
563.559570     46496.1835937500
563.907532     46720.6171875000
564.255554     46395.1875000000
564.603455     46707.1523437500
564.951355     46493.9375000000
565.299255     46094.4453125000
565.647095     45757.7929687500
565.994812     45432.3632812500
566.342590     45167.5273437500
566.690308     45627.6210937500
567.037903     45495.2031250000
567.385620     45870.0117187500
567.733154     45068.7773437500
568.080750     44597.4648437500
568.428162     44303.4531250000
568.775696     44539.1093750000
569.123108     43430.4023437500
569.470520     43190.2578125000
569.817810     43639.1250000000
570.165161     43051.1054687500
570.512451     43138.6367187500
570.859680     42429.4218750000
571.206787     41859.3593750000
571.554016     42492.2656250000
571.901062     42599.9921875000
572.248169     43136.3906250000
572.595154     42804.2304687500
572.942200     43246.3671875000
573.289124     43053.3515625000
573.636047     42938.8906250000
573.982849     42721.1875000000
574.329712     43003.9765625000
574.676514     42079.3046875000
575.023315     41863.8476562500
575.369995     41480.0625000000
575.716675     41163.6093750000
576.063293     41462.1093750000
576.409912     41291.5390625000
576.756409     41583.3046875000
577.102966     41720.2070312500
577.449402     40804.5117187500
577.795898     40732.6953125000
578.142273     40858.3789062500
578.488647     40620.4765625000
578.834961     40274.8476562500
579.181213     40274.8476562500
579.527405     40319.7343750000
579.873596     40647.4101562500
580.219788     40840.4218750000
580.565918     40674.3398437500
580.911926     40541.9257812500
581.258057     40795.5351562500
581.604065     40667.6093750000
581.949951     40609.2539062500
582.295898     41239.9179687500
582.641724     41450.8867187500
582.987610     41044.6601562500
583.333435     40705.7617187500
583.679199     41076.0781250000
584.024902     40853.8906250000
584.370544     40842.6679687500
584.716187     40479.0820312500
585.061829     40185.0742187500
585.407349     39662.1406250000
585.752869     39655.4062500000
586.098328     38890.0820312500
586.443787     38683.6054687500
586.789124     38867.6406250000
587.134521     38672.3828125000
587.479858     38746.4453125000
587.825134     38243.7109375000
588.170288     37067.6718750000
588.515564     35476.4296875000
588.860657     34253.2578125000
589.205872     32929.0937500000
589.550842     32302.9179687500
589.895935     32843.8085937500
590.240906     33158.0156250000
590.585876     33813.3671875000
590.930786     33990.6679687500
591.275635     34221.8359375000
591.620483     34453.0039062500
591.965271     34008.6250000000
592.310059     34697.6406250000
592.654724     34172.4609375000
592.999451     34850.2539062500
593.344055     34675.1953125000
593.688660     35065.7109375000
594.033203     34138.7968750000
594.377686     33972.7148437500
594.722229     33593.4179687500
595.066528     33622.5976562500
595.411011     33757.2578125000
595.755371     34127.5742187500
596.099670     33923.3398437500
596.443848     34352.0078125000
596.788147     34181.4375000000
597.132324     34464.2265625000
597.476501     34264.4804687500
597.820618     33909.8710937500
598.164612     33916.6054687500
598.508667     34096.1523437500
598.852661     34470.9609375000
599.196655     34286.9218750000
599.540466     34327.3203125000
599.884338     34221.8359375000
600.228210     34080.4414062500
600.571960     34031.0664062500
600.915710     34141.0390625000
601.259460     34080.4414062500
601.603088     33950.2695312500
601.946716     33862.7421875000
602.290283     33532.8203125000
602.633850     34010.8671875000
602.977295     34242.0351562500
603.320801     34206.1250000000
603.664124     34571.9570312500
604.007568     34132.0625000000
604.350952     34574.1992187500
604.694214     34280.1914062500
605.037415     34403.6289062500
605.380676     34639.2851562500
605.723816     34055.7539062500
606.066956     33921.0937500000
606.410034     33790.9218750000
606.753052     33748.2812500000
607.096130     33923.3398437500
607.439087     34165.7265625000
607.781921     33761.7460937500
608.124878     33739.3007812500
608.467712     33339.8085937500
608.810547     33018.8671875000
609.153259     33137.8164062500
609.495972     32917.8710937500
609.838684     33288.1875000000
610.181335     32711.3906250000
610.523865     32534.0859375000
610.866516     32857.2734375000
611.209045     33005.3984375000
611.551453     33039.0664062500
611.893921     32578.9726562500
612.236267     32293.9414062500
612.578674     32296.1855468750
612.920959     32067.2617187500
613.263306     31946.0664062500
613.605469     31676.7460937500
613.947632     31494.9531250000
614.289795     31099.9472656250
614.631958     31575.7500000000
614.973938     31039.3496093750
615.315979     30929.3769531250
615.657959     30763.2949218750
615.999939     30359.3125000000
616.341858     30029.3925781250
616.683716     29849.8457031250
617.025513     29434.6406250000
617.367310     29872.2890625000
617.708984     29816.1796875000
618.050720     30352.5800781250
618.392395     29508.7031250000
618.734070     29843.1113281250
619.075500     29677.0292968750
619.417114     29302.2246093750
619.758606     29840.8671875000
620.100098     29616.4316406250
620.441467     29347.1113281250
620.782776     29730.8945312500
621.124146     29169.8066406250
621.465393     28862.3320312500
621.806641     29185.5175781250
622.147888     28909.4628906250
622.489014     28211.4707031250
622.830139     28404.4843750000
623.171204     28061.0976562500
623.512207     28002.7460937500
623.853271     27650.3828125000
624.194214     27289.0429687500
624.535095     27576.3183593750
624.875916     27264.3554687500
625.216797     27062.3632812500
625.557617     26788.5527343750
625.898315     26763.8652343750
626.239075     26656.1367187500
626.579712     26501.2753906250
626.920349     26685.3125000000
627.260864     25789.8164062500
627.601440     25731.4648437500
627.941895     25439.6992187500
628.282410     25367.8789062500
628.622803     25071.6250000000
628.963135     24802.3027343750
629.303528     25024.4941406250
629.643799     24806.7929687500
629.984070     24939.2089843750
630.324219     25046.9375000000
630.664429     25006.5390625000
631.004517     24896.5664062500
631.344604     24914.5214843750
631.684631     24611.5332031250
632.024597     25008.7832031250
632.364624     24389.3437500000
632.704529     24636.2207031250
633.044373     24301.8144531250
633.384155     24676.6191406250
633.723999     24566.6464843750
634.063782     24757.4160156250
634.403442     24465.6503906250
634.743042     24699.0625000000
635.082764     24391.5878906250
635.422302     24703.5527343750
635.761841     24028.0039062500
636.101318     24023.5136718750
636.440796     24102.0664062500
636.780212     24326.5019531250
637.119507     24490.3398437500
637.458862     24205.3066406250
637.798157     24483.6054687500
638.137451     23953.9394531250
638.476563     23897.8300781250
638.815735     23648.7070312500
639.154907     23731.7480468750
639.494019     23783.3691406250
639.833008     23745.2148437500
640.171997     23527.5136718750
640.510925     23229.0136718750
640.849854     23112.3085937500
641.188660     22899.0957031250
641.527527     22939.4941406250
641.866333     22721.7910156250
642.205078     23184.1269531250
642.543762     22908.0722656250
642.882446     23269.4121093750
643.221008     22724.0351562500
643.559570     22571.4199218750
643.898071     22654.4609375000
644.236572     22611.8183593750
644.575073     22474.9140625000
644.913452     22492.8671875000
645.251831     22095.6191406250
645.590149     21875.6718750000
645.928406     21696.1250000000
646.266602     21245.0097656250
646.604858     21121.5703125000
646.942932     20717.5878906250
647.281128     20275.4511718750
647.619141     20349.5136718750
647.957214     20143.0351562500
648.295166     20143.0351562500
648.633057     20055.5039062500
648.970947     19819.8476562500
649.308838     20183.4335937500
649.646606     19958.9980468750
649.984436     19954.5097656250
650.322144     20176.6992187500
650.659851     20257.4960937500
650.997498     20163.2343750000
651.335022     20143.0351562500
651.672607     19941.0429687500
652.010132     19819.8476562500
652.347595     20048.7714843750
652.684998     19617.8574218750
653.022461     19956.7539062500
653.359802     19990.4179687500
653.697021     19970.2187500000
654.034302     19970.2187500000
654.371521     19815.3593750000
654.708740     19575.2148437500
655.045837     19537.0605468750
655.382935     18722.3613281250
655.719971     18286.9570312500
656.057007     17252.3125000000
656.393921     16924.6367187500
656.730835     16742.8457031250
657.067749     17126.6289062500
657.404602     17575.4980468750
657.741333     18053.5449218750
658.078064     18141.0742187500
658.414795     18767.2480468750
658.751465     18731.3378906250
659.088074     18832.3339843750
659.424683     18834.5781250000
659.761230     19052.2812500000
660.097717     19052.2812500000
660.434143     19231.8281250000
660.770569     19155.5214843750
661.106934     19016.3710937500
661.443298     19258.7617187500
661.779541     19139.8105468750
662.115784     19254.2714843750
662.451965     18827.8457031250
662.788086     18904.1542968750
663.124268     19090.4355468750
663.460266     18603.4101562500
663.796265     18659.5195312500
664.132324     18540.5683593750
664.468201     18367.7539062500
664.804077     18500.1699218750
665.139954     18780.7148437500
665.475769     18762.7597656250
665.811523     18421.6191406250
666.147278     18206.1601562500
666.482971     18311.6445312500
666.818542     18300.4238281250
667.154236     18199.4277343750
667.489685     18033.3457031250
667.825195     18194.9394531250
668.160706     18136.5859375000
668.496094     18120.8750000000
668.831421     17921.1289062500
669.166809     17773.0019531250
669.502136     17891.9531250000
669.837402     17436.3496093750
670.172546     17824.6210937500
670.507751     17436.3496093750
670.842834     17508.1679687500
671.177917     17443.0820312500
671.512878     17254.5566406250
671.847961     17223.1367187500
672.182861     17014.4121093750
672.517761     16965.0351562500
672.852600     17133.3613281250
673.187439     17297.1992187500
673.522217     17097.4531250000
673.856934     16738.3574218750
674.191650     16534.1210937500
674.526306     16702.4472656250
674.860901     16534.1210937500
675.195435     16527.3886718750
675.529968     16307.4414062500
675.864441     16435.3691406250
676.198853     16491.4785156250
676.533264     16237.8671875000
676.867554     16208.6904296875
677.201843     16385.9941406250
677.536133     15986.5000000000
677.870361     16226.6445312500
678.204529     16047.0966796875
678.538635     16038.1201171875
678.872742     15809.1962890625
679.206787     15842.8613281250
679.540710     15831.6396484375
679.874695     15887.7480468750
680.208618     15885.5039062500
680.542480     15346.8603515625
680.876282     15521.9189453125
681.210083     15578.0283203125
681.543823     15551.0957031250
681.877502     15277.2851562500
682.211121     15459.0771484375
682.544739     15281.7744140625
682.878357     15414.1904296875
683.211853     15059.5830078125
683.545227     15270.5517578125
683.878723     14722.9306640625
684.212097     14909.2119140625
684.545471     14666.8222656250
684.878723     14536.6503906250
685.212036     14572.5595703125
685.545227     14552.3603515625
685.878418     14375.0566406250
686.211487     14011.4726562500
686.544556     13216.9726562500
686.877625     12375.3417968750
687.210632     11592.0634765625
687.543518     11356.4072265625
687.876465     11318.2529296875
688.209290     11345.1855468750
688.542114     11704.2812500000
688.874878     11535.9550781250
689.207642     11562.8876953125
689.540344     11825.4765625000
689.872986     11650.4169921875
690.205566     11973.6035156250
690.538147     11944.4267578125
690.870667     12101.5312500000
691.203125     12267.6132812500
691.535461     12274.3457031250
691.867920     12287.8125000000
692.200256     12290.0566406250
692.532593     12038.6894531250
692.864807     11948.9150390625
693.196960     11843.4306640625
693.529114     11702.0371093750
693.861267     11569.6201171875
694.193420     11430.4707031250
694.525391     11814.2548828125
694.857361     11455.1582031250
695.189270     11594.3085937500
695.521240     11688.5712890625
695.853027     11706.5253906250
696.184814     11841.1865234375
696.516663     12103.7753906250
696.848389     12189.0605468750
697.179993     12433.6943359375
697.511658     12159.8837890625
697.843262     12150.9072265625
698.174805     12200.2822265625
698.506287     11908.5166015625
698.837708     11807.5214843750
699.169189     11654.9052734375
699.500549     11737.9462890625
699.831787     11479.8466796875
700.163147     11448.4257812500
700.494385     11190.3251953125
700.825562     11221.7460937500
701.156677     10981.6005859375
701.487793     11019.7548828125
701.818848     11174.6152343750
702.149902     10936.7138671875
702.480774     11089.3300781250
702.811768     11336.2080078125
703.142639     11066.8857421875
703.473511     11369.8730468750
703.804199     11475.3574218750
704.135010     11414.7597656250
704.465759     11526.9775390625
704.796387     11513.5117187500
705.126953     11733.4580078125
705.457520     11273.3662109375
705.788086     11320.4980468750
706.118591     11493.3125000000
706.448975     11138.7050781250
706.779419     11592.0634765625
707.109741     11764.8789062500
707.440063     11601.0410156250
707.770325     11711.0146484375
708.100525     11526.9775390625
708.430725     11661.6386718750
708.760864     11158.9042968750
709.090942     11419.2490234375
709.420959     11562.8876953125
709.750916     11538.1992187500
710.080933     11347.4296875000
710.410828     11401.2939453125
710.740662     11484.3349609375
711.070496     11446.1806640625
711.400269     11457.4033203125
711.729980     11430.4707031250
712.059631     11327.2304687500
712.389282     11484.3349609375
712.718872     11253.1669921875
713.048462     11439.4482421875
713.377930     11035.4648437500
713.707397     11116.2617187500
714.036865     11154.4160156250
714.366211     11066.8857421875
714.695435     10775.1210937500
715.024780     10624.7490234375
715.354004     10750.4326171875
715.683228     10559.6630859375
716.012329     10386.8486328125
716.341431     10074.8837890625
716.670532      9291.6054687500
716.999573      8710.3193359375
717.328430      8084.1459960938
717.657349      8039.2587890625
717.986267      7662.2084960938
718.315125      7211.0942382813
718.643860      6964.2158203125
718.972656      6988.9033203125
719.301331      6840.7763671875
719.630005      6596.1425781250
719.958557      6690.4052734375
720.287170      6600.6313476563
720.615662      6903.6181640625
720.944214      7238.0263671875
721.272583      7693.6293945313
721.600952      8212.0742187500
721.929321      8398.3544921875
722.257629      8728.2744140625
722.585876      8732.7626953125
722.914063      8557.7041015625
723.242188      8306.3369140625
723.570313      7749.7377929688
723.898376      7642.0092773438
724.226440      7642.0092773438
724.554382      7368.1987304688
724.882324      7282.9130859375
725.210266      7188.6503906250
725.538025      7363.7099609375
725.865784      7294.1352539063
726.193604      7208.8496093750
726.521301      7332.2890625000
726.848938      7195.3837890625
727.176514      7312.0898437500
727.504150      7094.3881835938
727.831726      7161.7182617188
728.159119      7271.6914062500
728.486572      7453.4838867188
728.813965      7273.9360351563
729.141357      7356.9770507813
729.468567      7282.9130859375
729.795837      7199.8725585938
730.123108      7211.0942382813
730.450317      7150.4965820313
730.777344      7143.7636718750
731.104431      6988.9033203125
731.431519      7339.0219726563
731.758484      7509.5927734375
732.085388      7668.9414062500
732.412292      7879.9101562500
732.739136      7949.4848632813
733.065979      8072.9243164063
733.392639      8440.9970703125
733.719421      8470.1738281250
734.046082      8620.5458984375
734.372681      8773.1611328125
734.699219      8752.9619140625
735.025757      8813.5595703125
735.352234      8521.7939453125
735.678711      8741.7402343750
736.005127      8591.3691406250
736.331482      8463.4414062500
736.657715      8555.4589843750
736.984009      8598.1015625000
737.310181      8663.1884765625
737.636353      8827.0253906250
737.962524      8501.5947265625
738.288574      8672.1650390625
738.614624      8663.1884765625
738.940613      8696.8535156250
739.266541      8598.1015625000
739.592407      8611.5683593750
739.918274      8800.0937500000
740.244080      9060.4375000000
740.569824      9060.4375000000
740.895569      8818.0478515625
741.221191      8916.7998046875
741.546753      8732.7626953125
741.872375      8687.8759765625
742.197937      8667.6767578125
742.523376      8959.4423828125
742.848816      9024.5283203125
743.174194      8885.3789062500
743.499573      9037.9941406250
743.824890      8925.7773437500
744.150085      8961.6865234375
744.475342      8856.2021484375
744.800476      8865.1796875000
745.125610      9011.0625000000
745.450623      8687.8759765625
745.775696      8977.3964843750
746.100708      8970.6640625000
746.425598      8952.7089843750
746.750427      9188.3662109375
747.075256      8880.8896484375
747.400085      8797.8486328125
747.724915      8735.0068359375
748.049561      8681.1425781250
748.374207      8912.3105468750
748.698853      8620.5458984375
749.023438      8559.9482421875
749.347900      8669.9208984375
749.672363      8434.2646484375
749.996765      8694.6093750000
750.321167      8602.5908203125
750.645508      8416.3095703125
750.969788      8465.6855468750
751.294067      8492.6171875000
751.618286      8501.5947265625
751.942383      8274.9160156250
752.266479      8241.2500000000
752.590576      8283.8925781250
752.914551      8322.0468750000
753.238525      8342.2460937500
753.562439      8234.5175781250
753.886292      8265.9384765625
754.210144      8198.6074218750
754.533936      8106.5893554688
754.857666      8113.3222656250
755.181335      8099.8564453125
755.505005      8072.9243164063
755.828613      8007.8378906250
756.152100      8052.7250976563
756.475586      7936.0190429688
756.799133      8108.8339843750
757.122498      7720.5615234375
757.445862      7852.9780273438
757.769165      7763.2041015625
758.092468      7830.5346679688
758.415710      7684.6518554688
758.738831      7473.6831054688
759.061951      6955.2382812500
759.385071      6477.1918945313
759.708130      5399.9042968750
760.031067      4448.3002929688
760.354004      3824.3710937500
760.676941      3357.5463867188
760.999817      2993.9619140625
761.322632      3110.6679687500
761.645386      3272.2612304688
761.968079      3458.5422363281
762.290771      3373.2568359375
762.613342      3350.8134765625
762.935974      3391.2116699219
763.258484      3445.0761718750
763.580994      3359.7907714844
763.903381      3586.4699707031
764.225830      3615.6467285156
764.548157      3727.8640136719
764.870422      3842.3259277344
765.192688      4039.8286132813
765.514832      4277.7294921875
765.837036      4407.9018554688
766.159119      4677.2236328125
766.481140      5031.8310546875
766.803223      5229.3334960938
767.125183      5420.1035156250
767.447144      5671.4707031250
767.768982      5723.0903320313
768.090820      5947.5253906250
768.412659      6026.0776367188
768.734314      6138.2954101563
769.056091      6241.5351562500
769.377686      6418.8388671875
769.699280      6324.5761718750
770.020813      6389.6621093750
770.342346      6355.9970703125
770.663757      6531.0561523438
770.985229      6481.6806640625
771.306580      6542.2778320313
771.627869      6515.3457031250
771.949158      6425.5717773438
772.270386      6425.5717773438
772.591553      6501.8798828125
772.912659      6479.4360351563
773.233765      6412.1059570313
773.554810      6557.9882812500
773.875793      6477.1918945313
774.196716      6434.5493164063
774.517578      6338.0424804688
774.838440      6389.6621093750
775.159302      6382.9291992188
775.480042      6409.8613281250
775.800659      6347.0195312500
776.121399      6436.7934570313
776.441956      6376.1962890625
776.762573      6293.1552734375
777.083008      6416.5942382813
777.403503      6268.4672851563
777.723999      6234.8022460938
778.044373      6207.8701171875
778.364624      6073.2089843750
778.684937      6293.1552734375
779.005188      6113.6074218750
779.325378      6162.9829101563
779.645447      6362.7299804688
779.965637      6232.5576171875
780.285706      6221.3359375000
780.605652      6189.9150390625
780.925598      6201.1367187500
781.245483      6364.9746093750
781.565369      6147.2724609375
781.885193      6250.5126953125
782.204895      6192.1596679688
782.524658      6178.6933593750
782.844299      6219.0917968750
783.163940      6160.7387695313
783.483582      6158.4941406250
783.803040      6178.6933593750
784.122559      6225.8247070313
784.442017      6064.2314453125
784.761414      6151.7612304688
785.080688      5904.8828125000
785.400024      6021.5888671875
785.719238      5965.4804687500
786.038452      5882.4394531250
786.357544      5877.9506835938
786.676697      5738.8007812500
786.995789      5738.8007812500
787.314758      5741.0454101563
787.633728      5803.8872070313
787.952637      5673.7148437500
788.271484      5646.7827148438
788.590271      5570.4746093750
788.908997      5482.9453125000
789.227783      5449.2797851563
789.546448      5431.3251953125
789.865112      5422.3476562500
790.183655      5330.3295898438
790.502197      5386.4379882813
790.820679      5271.9765625000
791.139099      5314.6191406250
791.457520      5204.6459960938
791.775879      5276.4648437500
792.094116      5265.2431640625
792.412415      5348.2841796875
792.730530      5233.8222656250
793.048767      5119.3608398438
793.366821      5200.1572265625
793.684937      5227.0893554688
794.002869      5159.7587890625
794.320862      5363.9946289063
794.638733      5179.9580078125
794.956665      5168.7363281250
795.274414      5177.7138671875
795.592224      5065.4960937500
795.909912      5135.0712890625
796.227661      4998.1655273438
796.545227      4921.8579101563
796.862854      4836.5727539063
797.180359      4867.9936523438
797.497864      4955.5229492188
797.815308      4876.9707031250
798.132629      4971.2333984375
798.450012      5078.9624023438
798.767273      4986.9438476563
799.084595      4995.9213867188
799.401733      4787.1967773438
799.718933      4755.7758789063
800.036011      4726.5996093750
800.353027      4775.9750976563
800.670044      4657.0249023438
800.987000      4668.2465820313
801.303894      4630.0922851563
801.620850      4641.3144531250
801.937561      4551.5400390625
802.254333      4576.2280273438
802.571106      4515.6308593750
802.887817      4558.2734375000
803.204346      4495.4316406250
803.520935      4439.3227539063
803.837463      4517.8750000000
804.153992      4401.1689453125
804.470337      4437.0786132813
804.786743      4511.1420898438
805.103027      4497.6757812500
805.419434      4639.0698242188
805.735535      4488.6982421875
806.051758      4544.8071289063
806.367920      4562.7622070313
806.684021      4526.8525390625
807.000000      4565.0063476563
807.316040      4652.5361328125
807.632019      4443.8115234375
807.947876      4520.1191406250
808.263672      4423.6123046875
808.579529      4443.8115234375
808.895325      4284.4628906250
809.211060      4396.6801757813
809.526611      4311.3950195313
809.842224      4181.2226562500
810.157837      4232.8427734375
810.473389      4030.8513183594
810.788757      4019.6293945313
811.104187      4021.8737792969
811.419617      4021.8737792969
811.734924      3878.2355957031
812.050171      3875.9912109375
812.365417      3824.3710937500
812.680542      3739.0859375000
812.995728      3635.8457031250
813.310852      3691.9545898438
813.625854      3541.5830078125
813.940796      3294.7045898438
814.255798      3359.7907714844
814.570679      3216.1523437500
814.885498      3171.2653808594
815.200256      3005.1835937500
815.515015      2971.5183105469
815.829651      3045.5820312500
816.144287      2823.3913574219
816.458923      2825.6357421875
816.773438      2850.3234863281
817.087952      2836.8574218750
817.402344      2814.4140625000
817.716797      2904.1879882813
818.031189      2789.7260742188
818.345520      2917.6540527344
818.659668      2825.6357421875
818.973877      2924.3869628906
819.288086      2904.1879882813
819.602173      2816.6582031250
819.916199      2854.8122558594
820.230225      2881.7443847656
820.544189      3137.6003417969
820.858154      3222.8854980469
821.171997      3281.2385253906
821.485779      3186.9758300781
821.799561      3186.9758300781
822.113281      3117.4011230469
822.426880      3029.8715820313
822.740540      2859.3010253906
823.054138      2592.2233886719
823.367676      2522.6484375000
823.681152      2639.3547363281
823.994568      2643.8435058594
824.307922      2825.6357421875
824.621277      2933.3645019531
824.934509      2890.7219238281
825.247742      3056.8037109375
825.560913      3182.4873046875
825.874146      3038.8488769531
826.187134      3083.7358398438
826.500183      3047.8261718750
826.813171      3110.6679687500
827.126160      3124.1340332031
827.439026      2962.5410156250
827.751831      2870.5227050781
828.064636      2946.8305664063
828.377380      2870.5227050781
828.690063      2870.5227050781
829.002686      2863.7895507813
829.315308      2789.7260742188
829.627869      2841.3461914063
829.940308      2872.7670898438
830.252808      2935.6088867188
830.565125      2800.9477539063
830.877563      2798.7036132813
831.189880      2980.4958496094
831.502075      2758.3051757813
831.814270      2800.9477539063
832.126465      2787.4816894531
832.438599      2765.0383300781
832.750549      2848.0791015625
833.062622      2926.6313476563
833.374512      2861.5451660156
833.686462      2807.6809082031
833.998291      2769.5268554688
834.310120      2836.8574218750
834.621887      2881.7443847656
834.933594      2944.5861816406
835.245239      2915.4096679688
835.556885      3018.6496582031
835.868408      3038.8488769531
836.179932      2872.7670898438
836.491333      2913.1652832031
836.802795      2794.2148437500
837.114197      2942.3417968750
837.425537      2967.0297851563
837.736694      2969.2739257813
838.047913      2791.9704589844
838.359131      2942.3417968750
838.670227      2967.0297851563
838.981262      2931.1201171875
839.292358      2904.1879882813
839.603333      2993.9619140625
839.914246      2989.4731445313
840.225037      3065.7810058594
840.535889      3029.8715820313
840.846680      3025.3828125000
841.157410      2890.7219238281
841.468079      3020.8940429688
841.778687      2910.9208984375
842.089233      2971.5183105469
842.399780      2971.5183105469
842.710266      3007.4279785156
843.020691      2861.5451660156
843.331055      2964.7854003906
843.641418      2841.3461914063
843.951721      2899.6992187500
844.261841      2890.7219238281
844.572083      2890.7219238281
844.882202      2919.8984375000
845.192261      2861.5451660156
845.502258      2895.2104492188
845.812256      2890.7219238281
846.122192      2895.2104492188
846.432068      2886.2331542969
846.741882      2901.9436035156
847.051636      2919.8984375000
847.361389      2926.6313476563
847.671143      2839.1018066406
847.980713      2729.1286621094
848.290283      2910.9208984375
848.599792      2843.5905761719
848.909302      2800.9477539063
849.218689      2695.4633789063
849.528076      2708.9294433594
849.837463      2643.8435058594
850.146790      2549.5808105469
850.455933      2563.0468750000
850.765137      2717.9069824219
851.074280      2643.8435058594
851.383362      2675.2644042969
851.692383      2648.3320312500
852.001343      2668.5312500000
852.310303      2720.1513671875
852.619202      2684.2416992188
852.927979      2740.3503417969
853.236816      2603.4450683594
853.545532      2581.0017089844
853.854248      2473.2729492188
854.162842      2464.2954101563
854.471436      2338.6118164063
854.779968      2387.9875488281
855.088440      2506.9379882813
855.396851      2437.3632812500
855.705200      2547.3364257813
856.013611      2527.1372070313
856.321899      2462.0510253906
856.630127      2556.3137207031
856.938293      2576.5129394531
857.246399      2536.1147460938
857.554504      2403.6979980469
857.862549      2475.5173339844
858.170471      2518.1599121094
858.478394      2596.7121582031
858.786316      2536.1147460938
859.094177      2596.7121582031
859.401917      2637.1103515625
859.709656      2536.1147460938
860.017334      2527.1372070313
860.324951      2488.9833984375
860.632507      2484.4946289063
860.940063      2477.7614746094
861.247559      2448.5849609375
861.555054      2462.0510253906
861.862366      2381.2546386719
862.169739      2419.4084472656
862.476990      2455.3181152344
862.784241      2374.5214843750
863.091370      2511.4267578125
863.398499      2437.3632812500
863.705627      2414.9196777344
864.012634      2450.8293457031
864.319519      2426.1416015625
864.626526      2379.0102539063
864.933350      2419.4084472656
865.240234      2383.4987792969
865.546936      2387.9875488281
865.853699      2352.0781250000
866.160400      2284.7475585938
866.466980      2219.6613769531
866.773560      2138.8647460938
867.080078      2257.8154296875
867.386536      2127.6430664063
867.692993      2313.9240722656
867.999329      2174.7744140625
868.305664      2197.2180175781
868.611938      2185.9960937500
868.918152      2177.0187988281
869.224304      2194.9736328125
869.530457      2096.2221679688
869.836487      2150.0866699219
870.142517      2161.3083496094
870.448547      2233.1274414063
870.754395      2152.3308105469
871.060242      2320.6572265625
871.366089      2280.2587890625
871.671814      2150.0866699219
871.977539      2161.3083496094
872.283203      2168.0412597656
872.588806      2201.7065429688
872.894409      2239.8605957031
873.199890      2161.3083496094
873.505371      2219.6613769531
873.810730      2069.2900390625
874.116150      2253.3266601563
874.421387      2067.0456542969
874.726685      2100.7109375000
875.031860      2177.0187988281
875.337097      2111.9326171875
875.642090      2127.6430664063
875.947205      2132.1318359375
876.252197      2150.0866699219
876.557129      2064.8012695313
876.862000      2089.4892578125
877.166870      2076.0229492188
877.471680      2120.9099121094
877.776428      2098.4665527344
878.081116      2116.4213867188
878.385742      2042.3577880859
878.690369      2035.6247558594
878.994873      2100.7109375000
879.299316      2125.3986816406
879.603821      2082.7561035156
879.908203      2051.3352050781
880.212585      2010.9368896484
880.516846      2060.3125000000
880.821106      2024.4030761719
881.125244      2102.9553222656
881.429382      1995.2264404297
881.733459      1999.7152099609
882.037537      2093.9777832031
882.341492      2010.9368896484
882.645447      2049.0908203125
882.949280      1905.4525146484
883.253113      1945.8508300781
883.556885      1986.2490234375
883.860657      1927.8959960938
884.164307      1943.6064453125
884.467896      2046.8465576172
884.771484      1889.7420654297
885.075073      1981.7603759766
885.378540      1986.2490234375
885.681885      1950.3394775391
885.985291      1889.7420654297
886.288635      1883.0090332031
886.591858      1918.9185791016
886.895020      1847.0993652344
887.198242      1894.2307128906
887.501343      1867.2985839844
887.804443      1826.9002685547
888.107422      1853.8325195313
888.410400      1815.6785888672
888.713257      1874.0316162109
889.016174      1799.9681396484
889.318909      1869.5429687500
889.621643      1842.6107177734
889.924377      1862.8098144531
890.227051      1829.1446533203
890.529602      1813.4342041016
890.832153      1802.2124023438
891.134705      1817.9228515625
891.437134      1808.9454345703
891.739441      1768.5472412109
892.041870      1743.8593750000
892.344116      1784.2576904297
892.646362      1739.3706054688
892.948486      1768.5472412109
893.250671      1734.8819580078
893.552734      1784.2576904297
893.854797      1689.9949951172
894.156738      1674.2845458984
894.458618      1636.1306152344
894.760559      1629.3975830078
895.062378      1586.7548828125
895.364136      1640.6192626953
895.665894      1496.9809570313
895.967590      1532.8905029297
896.269165      1541.8679199219
896.570679      1595.7322998047
896.872192      1548.6009521484
897.173706      1503.7139892578
897.475159      1443.1165771484
897.776428      1476.7818603516
898.077759      1510.4470214844
