0.075500
190.544205         0.0000000000
190.924866         0.0000000000
191.305481      1034.2938232422
191.686081      1014.2321166992
192.066635      1067.7301025391
192.447174      1040.9810791016
192.827667      1139.0606689453
193.208130      1020.9193725586
193.588577      1049.8974609375
193.968964      1110.0826416016
194.349350      1103.3953857422
194.729691      1063.2719726563
195.110001      1034.2938232422
195.490295      1090.0208740234
195.870529      1176.9550781250
196.250763      1025.3775634766
196.630936      1096.7081298828
197.011093      1116.7698974609
197.391220      1107.8535156250
197.771301      1074.4173583984
198.151367      1052.1265869141
198.531403      1116.7698974609
198.911407      1112.3117675781
199.291382      1054.3555908203
199.671295      1067.7301025391
200.051208      1069.9592285156
200.431076      1065.5009765625
200.810928      1110.0826416016
201.190735      1090.0208740234
201.570511      1072.1882324219
201.950272      1090.0208740234
202.329971      1118.9990234375
202.709671      1067.7301025391
203.089310      1054.3555908203
203.468933      1054.3555908203
203.848541      1116.7698974609
204.228073      1040.9810791016
204.607620      1040.9810791016
204.987106      1040.9810791016
205.366577      1038.7520751953
205.746017      1052.1265869141
206.125412       991.9413452148
206.504776      1027.6066894531
206.884125      1038.7520751953
207.263428       969.6505126953
207.642700      1098.9372558594
208.021942      1012.0030517578
208.401169      1018.6903076172
208.780334      1023.1484985352
209.159485      1069.9592285156
209.538605      1040.9810791016
209.917694      1025.3775634766
210.296753      1152.4351806641
210.675766      1067.7301025391
211.054764      1027.6066894531
211.433716      1087.7918701172
211.812637      1116.7698974609
212.191544      1092.2500000000
212.570404      1049.8974609375
212.949249      1090.0208740234
213.328033      1058.8137207031
213.706802      1103.3953857422
214.085556      1076.6464843750
214.464249      1061.0428466797
214.842926      1038.7520751953
215.221558      1047.6683349609
215.600174      1016.4612426758
215.978760      1052.1265869141
216.357300      1029.8356933594
216.735825      1005.3157958984
217.114288      1083.3336181641
217.492737      1065.5009765625
217.871185      1034.2938232422
218.249557      1034.2938232422
218.627914      1025.3775634766
219.006226      1034.2938232422
219.384521      1049.8974609375
219.762772      1116.7698974609
220.141006      1081.1046142578
220.519196       987.4831542969
220.897354      1112.3117675781
221.275497      1047.6683349609
221.653580      1069.9592285156
222.031662       960.7341918945
222.409698      1023.1484985352
222.787704      1074.4173583984
223.165680      1087.7918701172
223.543610      1045.4393310547
223.921524      1063.2719726563
224.299393      1067.7301025391
224.677231      1027.6066894531
225.055054      1034.2938232422
225.432816      1147.9770507813
225.810577      1087.7918701172
226.188278      1107.8535156250
226.565979      1076.6464843750
226.943634      1058.8137207031
227.321243      1036.5229492188
227.698837      1078.8754882813
228.076385      1067.7301025391
228.453903      1012.0030517578
228.831406      1018.6903076172
229.208847      1083.3336181641
229.586288      1032.0648193359
229.963669      1054.3555908203
230.341034      1058.8137207031
230.718369      1156.8933105469
231.095657      1150.2061767578
231.472916      1040.9810791016
231.850143       998.6285400391
232.227356      1098.9372558594
232.604523       978.5668334961
232.981659      1034.2938232422
233.358749      1045.4393310547
233.735825      1049.8974609375
234.112869      1054.3555908203
234.489868      1043.2102050781
234.866852      1049.8974609375
235.243790       994.1704101563
235.620697      1056.5847167969
235.997589      1103.3953857422
236.374405      1020.9193725586
236.751221      1110.0826416016
237.128006      1067.7301025391
237.504745      1098.9372558594
237.881470      1045.4393310547
238.258133      1020.9193725586
238.634796      1069.9592285156
239.011414      1029.8356933594
239.388000      1043.2102050781
239.764557      1029.8356933594
240.141068      1049.8974609375
240.517563      1107.8535156250
240.893997      1014.2321166992
241.270432      1076.6464843750
241.646835      1012.0030517578
242.023178      1074.4173583984
242.399506       940.6724243164
242.775787      1043.2102050781
243.152054      1025.3775634766
243.528290      1121.2280273438
243.904465      1081.1046142578
244.280640      1127.9152832031
244.656754      1056.5847167969
245.032852      1038.7520751953
245.408936      1107.8535156250
245.784943      1032.0648193359
246.160950      1038.7520751953
246.536911      1036.5229492188
246.912842      1085.5627441406
247.288757      1012.0030517578
247.664612      1052.1265869141
248.040451      1063.2719726563
248.416229      1054.3555908203
248.792023      1078.8754882813
249.167755      1069.9592285156
249.543457       996.3994750977
249.919113      1040.9810791016
250.294754       994.1704101563
250.670364      1049.8974609375
251.045944      1074.4173583984
251.421478      1005.3157958984
251.796982      1052.1265869141
252.172440      1074.4173583984
252.547897      1032.0648193359
252.923294      1023.1484985352
253.298676      1061.0428466797
253.673996      1087.7918701172
254.049316      1074.4173583984
254.424606      1087.7918701172
254.799850      1016.4612426758
255.175064      1087.7918701172
255.550217      1116.7698974609
255.925369      1014.2321166992
256.300476      1078.8754882813
256.675537      1023.1484985352
257.050598      1074.4173583984
257.425598      1101.1663818359
257.800598      1027.6066894531
258.175537      1034.2938232422
258.550446       980.7958984375
258.925354      1034.2938232422
259.300171      1065.5009765625
259.674988      1090.0208740234
260.049774      1103.3953857422
260.424500      1005.3157958984
260.799225      1074.4173583984
261.173889      1047.6683349609
261.548553      1032.0648193359
261.923187      1040.9810791016
262.297760      1087.7918701172
262.672302      1034.2938232422
263.046814      1029.8356933594
263.421326      1012.0030517578
263.795776      1074.4173583984
264.170135      1063.2719726563
264.544525      1034.2938232422
264.918915      1076.6464843750
265.293243      1096.7081298828
265.667511      1043.2102050781
266.041748      1090.0208740234
266.415955      1096.7081298828
266.790161      1083.3336181641
267.164307      1014.2321166992
267.538422      1047.6683349609
267.912476      1110.0826416016
268.286530      1065.5009765625
268.660583      1074.4173583984
269.034546      1092.2500000000
269.408508      1090.0208740234
269.782440      1094.4791259766
270.156311      1078.8754882813
270.530151      1020.9193725586
270.903992      1096.7081298828
271.277710      1125.6862792969
271.651489      1083.3336181641
272.025208      1016.4612426758
272.398895      1056.5847167969
272.772552      1069.9592285156
273.146179      1076.6464843750
273.519745      1159.1224365234
273.893280      1114.5407714844
274.266815      1081.1046142578
274.640289      1040.9810791016
275.013733      1065.5009765625
275.387146      1063.2719726563
275.760529      1072.1882324219
276.133881      1085.5627441406
276.507202      1083.3336181641
276.880463      1072.1882324219
277.253723      1049.8974609375
277.626923      1078.8754882813
278.000122      1074.4173583984
278.373260      1045.4393310547
278.746338      1136.8316650391
279.119446      1074.4173583984
279.492493      1054.3555908203
279.865509      1029.8356933594
280.238495      1036.5229492188
280.611450      1074.4173583984
280.984314      1029.8356933594
281.357208      1000.8576660156
281.730072      1078.8754882813
282.102875      1000.8576660156
282.475647      1076.6464843750
282.848358      1052.1265869141
283.221069      1061.0428466797
283.593750      1036.5229492188
283.966400      1105.6245117188
284.339020      1143.5189208984
284.711548      1087.7918701172
285.084106      1069.9592285156
285.456635      1047.6683349609
285.829071      1043.2102050781
286.201508      1027.6066894531
286.573914      1127.9152832031
286.946320      1058.8137207031
287.318634      1125.6862792969
287.690948      1040.9810791016
288.063202      1027.6066894531
288.435425      1023.1484985352
288.807648      1040.9810791016
289.179810      1014.2321166992
289.551941      1092.2500000000
289.924011      1094.4791259766
290.296112      1043.2102050781
290.668121      1036.5229492188
291.040161      1085.5627441406
291.412109      1043.2102050781
291.783997      1092.2500000000
292.155914      1103.3953857422
292.527771      1009.7739868164
292.899597      1058.8137207031
293.271393      1045.4393310547
293.643127      1047.6683349609
294.014862      1045.4393310547
294.386566      1076.6464843750
294.758240      1043.2102050781
295.129852      1061.0428466797
295.501404      1025.3775634766
295.872955      1092.2500000000
296.244507      1054.3555908203
296.615997      1145.7479248047
296.987427      1069.9592285156
297.358826      1081.1046142578
297.730225      1063.2719726563
298.101593      1072.1882324219
298.472900      1061.0428466797
298.844177      1023.1484985352
299.215393      1020.9193725586
299.586609      1087.7918701172
299.957794      1078.8754882813
300.328918      1058.8137207031
300.700043      1012.0030517578
301.071136      1063.2719726563
301.442169      1061.0428466797
301.813171      1056.5847167969
302.184174      1058.8137207031
302.555115      1047.6683349609
302.925995      1092.2500000000
303.296844      1072.1882324219
303.667694      1029.8356933594
304.038483      1029.8356933594
304.409271      1052.1265869141
304.779968      1045.4393310547
305.150696      1085.5627441406
305.521362      1049.8974609375
305.891968      1000.8576660156
306.262543      1114.5407714844
306.633118      1025.3775634766
307.003632      1023.1484985352
307.374146       987.4831542969
307.744598      1043.2102050781
308.114990      1036.5229492188
308.485413      1083.3336181641
308.855743      1003.0867309570
309.226074      1076.6464843750
309.596375      1094.4791259766
309.966614      1074.4173583984
310.336792      1087.7918701172
310.707001      1049.8974609375
311.077148      1049.8974609375
311.447235      1105.6245117188
311.817322      1036.5229492188
312.187347      1007.5449218750
312.557373      1092.2500000000
312.927368      1083.3336181641
313.297302      1038.7520751953
313.667175      1090.0208740234
314.037048      1054.3555908203
314.406891      1047.6683349609
314.776642      1009.7739868164
315.146423      1072.1882324219
315.516144      1054.3555908203
315.885864      1020.9193725586
316.255524      1029.8356933594
316.625153      1061.0428466797
316.994751      1034.2938232422
317.364288      1061.0428466797
317.733795      1018.6903076172
318.103302      1074.4173583984
318.472717      1040.9810791016
318.842133      1076.6464843750
319.211517      1040.9810791016
319.580872      1047.6683349609
319.950195      1127.9152832031
320.319489      1056.5847167969
320.688751      1118.9990234375
321.057922      1027.6066894531
321.427094      1032.0648193359
321.796234      1067.7301025391
322.165344      1020.9193725586
322.534393      1067.7301025391
322.903412      1083.3336181641
323.272430      1020.9193725586
323.641418      1087.7918701172
324.010315      1058.8137207031
324.379242      1038.7520751953
324.748077      1078.8754882813
325.116913      1012.0030517578
325.485657      1065.5009765625
325.854431      1029.8356933594
326.223145      1038.7520751953
326.591827      1038.7520751953
326.960480      1076.6464843750
327.329102      1025.3775634766
327.697693      1116.7698974609
328.066193      1056.5847167969
328.434723      1049.8974609375
328.803192      1085.5627441406
329.171600      1147.9770507813
329.540009       998.6285400391
329.908386      1049.8974609375
330.276703      1094.4791259766
330.645050      1049.8974609375
331.013306      1127.9152832031
331.381500      1049.8974609375
331.749695      1096.7081298828
332.117859       994.1704101563
332.485962      1043.2102050781
332.854034      1132.3734130859
333.222107      1018.6903076172
333.590118      1116.7698974609
333.958099      1069.9592285156
334.326050      1012.0030517578
334.693970      1078.8754882813
335.061859      1049.8974609375
335.429657      1087.7918701172
335.797455      1016.4612426758
336.165192      1052.1265869141
336.532959       978.5668334961
336.900665      1020.9193725586
337.268341      1085.5627441406
337.635956      1058.8137207031
338.003571      1034.2938232422
338.371124      1061.0428466797
338.738647      1009.7739868164
339.106110      1007.5449218750
339.473572      1074.4173583984
339.840942      1123.4571533203
340.208344      1072.1882324219
340.575653      1078.8754882813
340.942993      1040.9810791016
341.310272      1025.3775634766
341.677521      1063.2719726563
342.044708      1076.6464843750
342.411865      1112.3117675781
342.778992      1052.1265869141
343.146088      1007.5449218750
343.513123      1054.3555908203
343.880157      1023.1484985352
344.247131      1061.0428466797
344.614105      1087.7918701172
344.981049      1005.3157958984
345.347900      1025.3775634766
345.714783      1040.9810791016
346.081573      1087.7918701172
346.448334      1103.3953857422
346.815094      1036.5229492188
347.181763      1014.2321166992
347.548431      1076.6464843750
347.915070      1096.7081298828
348.281677      1107.8535156250
348.648224      1009.7739868164
349.014771      1118.9990234375
349.381256      1072.1882324219
349.747711      1069.9592285156
350.114105      1096.7081298828
350.480469      1014.2321166992
350.846832      1116.7698974609
351.213135      1000.8576660156
351.579407      1065.5009765625
351.945679      1078.8754882813
352.311890      1065.5009765625
352.678040      1018.6903076172
353.044189      1016.4612426758
353.410278      1072.1882324219
353.776337      1076.6464843750
354.142303      1045.4393310547
354.508301      1061.0428466797
354.874268      1020.9193725586
355.240204      1105.6245117188
355.606079      1027.6066894531
355.971924      1065.5009765625
356.337738      1114.5407714844
356.703491      1096.7081298828
357.069244      1023.1484985352
357.434937      1092.2500000000
357.800598      1014.2321166992
358.166229      1092.2500000000
358.531830      1092.2500000000
358.897369      1018.6903076172
359.262909      1063.2719726563
359.628418      1065.5009765625
359.993866      1110.0826416016
360.359222      1025.3775634766
360.724609      1130.1444091797
361.089966      1034.2938232422
361.455261      1052.1265869141
361.820526      1040.9810791016
362.185760      1065.5009765625
362.550964      1063.2719726563
362.916138      1090.0208740234
363.281250      1139.0606689453
363.646332      1052.1265869141
364.011383      1056.5847167969
364.376404      1029.8356933594
364.741333      1029.8356933594
365.106293      1087.7918701172
365.471222      1101.1663818359
365.836090      1112.3117675781
366.200928      1061.0428466797
366.565735      1043.2102050781
366.930511      1069.9592285156
367.295227      1092.2500000000
367.659912      1065.5009765625
368.024536      1043.2102050781
368.389160      1052.1265869141
368.753723      1065.5009765625
369.118317      1054.3555908203
369.482819      1092.2500000000
369.847260      1087.7918701172
370.211731      1029.8356933594
370.576111      1012.0030517578
370.940460       987.4831542969
371.304810      1034.2938232422
371.669098       998.6285400391
372.033325      1085.5627441406
372.397522      1065.5009765625
372.761749      1101.1663818359
373.125885      1032.0648193359
373.489990      1094.4791259766
373.854065      1052.1265869141
374.218109      1027.6066894531
374.582092      1036.5229492188
374.946075      1076.6464843750
375.309998      1074.4173583984
375.673859      1043.2102050781
376.037720      1052.1265869141
376.401550      1054.3555908203
376.765320      1025.3775634766
377.129059      1034.2938232422
377.492798      1034.2938232422
377.856476      1023.1484985352
378.220062      1076.6464843750
378.583679      1034.2938232422
378.947205      1110.0826416016
379.310730      1012.0030517578
379.674225      1025.3775634766
380.037689      1083.3336181641
380.401093      1076.6464843750
380.764496      1085.5627441406
381.127838      1018.6903076172
381.491119      1049.8974609375
381.854370      1027.6066894531
382.217621      1047.6683349609
382.580811      1103.3953857422
382.943939      1105.6245117188
383.307068      1003.0867309570
383.670166      1012.0030517578
384.033203      1007.5449218750
384.396240      1094.4791259766
384.759216      1023.1484985352
385.122131      1056.5847167969
385.485016      1052.1265869141
385.847900       938.4433593750
386.210724      1110.0826416016
386.573486      1023.1484985352
386.936279      1023.1484985352
387.298981      1047.6683349609
387.661652      1038.7520751953
388.024323      1003.0867309570
388.386902      1074.4173583984
388.749481      1076.6464843750
389.112000      1092.2500000000
389.474487      1090.0208740234
389.836945       991.9413452148
390.199371      1116.7698974609
390.561737      1132.3734130859
390.924103      1092.2500000000
391.286407      1063.2719726563
391.648682      1094.4791259766
392.010925      1036.5229492188
392.373108      1047.6683349609
392.735291      1043.2102050781
393.097382      1069.9592285156
393.459473      1123.4571533203
393.821533      1094.4791259766
394.183533      1054.3555908203
394.545532      1005.3157958984
394.907471      1012.0030517578
395.269379      1085.5627441406
395.631256      1134.6025390625
395.993042      1052.1265869141
396.354828      1052.1265869141
396.716583      1087.7918701172
397.078308      1061.0428466797
397.439972       989.7122192383
397.801636      1014.2321166992
398.163239      1098.9372558594
398.524841      1043.2102050781
398.886383      1005.3157958984
399.247833      1067.7301025391
399.609283      1038.7520751953
399.970703      1112.3117675781
400.332062      1054.3555908203
400.693420      1061.0428466797
401.054718       942.9015502930
401.416016      1065.5009765625
401.777252      1110.0826416016
402.138458      1105.6245117188
402.499603      1038.7520751953
402.860718      1032.0648193359
403.221832      1127.9152832031
403.582855      1078.8754882813
403.943848      1020.9193725586
404.304810      1018.6903076172
404.665771      1056.5847167969
405.026642       987.4831542969
405.387543      1152.4351806641
405.748352      1043.2102050781
406.109161      1020.9193725586
406.469849      1023.1484985352
406.830597      1052.1265869141
407.191223      1012.0030517578
407.551880      1009.7739868164
407.912476      1045.4393310547
408.273041      1081.1046142578
408.633575      1056.5847167969
408.994049      1016.4612426758
409.354492       998.6285400391
409.714935      1092.2500000000
410.075287      1087.7918701172
410.435608      1147.9770507813
410.795868      1107.8535156250
411.156158      1043.2102050781
411.516388      1023.1484985352
411.876587      1174.7260742188
412.236725      1072.1882324219
412.596832      1067.7301025391
412.956909      1016.4612426758
413.316925      1085.5627441406
413.676910      1103.3953857422
414.036896      1038.7520751953
414.396820      1072.1882324219
414.756683       985.2540893555
415.116547      1054.3555908203
415.476379      1127.9152832031
415.836121      1090.0208740234
416.195862       989.7122192383
416.555542      1076.6464843750
416.915192      1038.7520751953
417.274811      1092.2500000000
417.634399      1094.4791259766
417.993927      1092.2500000000
418.353455      1038.7520751953
418.712891      1067.7301025391
419.072357      1105.6245117188
419.431763      1074.4173583984
419.791107      1009.7739868164
420.150452      1016.4612426758
420.509674      1047.6683349609
420.868927      1040.9810791016
421.228119      1081.1046142578
421.587280      1098.9372558594
421.946411      1025.3775634766
422.305542      1067.7301025391
422.664581      1123.4571533203
423.023621      1081.1046142578
423.382568      1009.7739868164
423.741516      1012.0030517578
424.100403      1023.1484985352
424.459259      1040.9810791016
424.818054      1125.6862792969
425.176880      1072.1882324219
425.535614      1083.3336181641
425.894348      1065.5009765625
426.252991       991.9413452148
426.611633      1101.1663818359
426.970245      1110.0826416016
427.328796      1049.8974609375
427.687317      1072.1882324219
428.045807      1101.1663818359
428.404205      1047.6683349609
428.762604      1127.9152832031
429.121002      1110.0826416016
429.479340      1045.4393310547
429.837616      1130.1444091797
430.195892      1056.5847167969
430.554138      1061.0428466797
430.912292      1123.4571533203
431.270416      1083.3336181641
431.628510      1029.8356933594
431.986542      1038.7520751953
432.344574      1134.6025390625
432.702576      1040.9810791016
433.060516      1069.9592285156
433.418427       998.6285400391
433.776306      1061.0428466797
434.134155      1150.2061767578
434.491913      1065.5009765625
434.849701       991.9413452148
435.207397      1072.1882324219
435.565063      1014.2321166992
435.922729      1045.4393310547
436.280334      1009.7739868164
436.637909      1027.6066894531
436.995453      1147.9770507813
437.352936      1107.8535156250
437.710388      1107.8535156250
438.067780      1061.0428466797
438.425171      1032.0648193359
438.782471      1074.4173583984
439.139771      1038.7520751953
439.497040      1103.3953857422
439.854279      1090.0208740234
440.211426      1025.3775634766
440.568604      1083.3336181641
440.925720      1034.2938232422
441.282776      1049.8974609375
441.639801      1054.3555908203
441.996735      1081.1046142578
442.353699      1016.4612426758
442.710602       991.9413452148
443.067505      1005.3157958984
443.424347      1063.2719726563
443.781128      1065.5009765625
444.137878      1029.8356933594
444.494629      1098.9372558594
444.851288      1076.6464843750
445.207916      1003.0867309570
445.564514      1052.1265869141
445.921051      1036.5229492188
446.277618      1078.8754882813
446.634094      1061.0428466797
446.990540      1085.5627441406
447.346985      1105.6245117188
447.703339      1074.4173583984
448.059692       989.7122192383
448.416016      1096.7081298828
448.772186      1005.3157958984
449.128418      1052.1265869141
449.484589      1116.7698974609
449.840729      1061.0428466797
450.196838      1007.5449218750
450.552917      1025.3775634766
450.908966      1072.1882324219
451.264954      1159.1224365234
451.620880      1063.2719726563
451.976807      1092.2500000000
452.332611      1083.3336181641
452.688446      1061.0428466797
453.044250      1067.7301025391
453.399994      1034.2938232422
453.755707      1043.2102050781
454.111389      1007.5449218750
454.467041      1065.5009765625
454.822632      1023.1484985352
455.178192      1061.0428466797
455.533722      1036.5229492188
455.889130      1025.3775634766
456.244598      1065.5009765625
456.600006      1003.0867309570
456.955353      1009.7739868164
457.310699      1023.1484985352
457.665985       989.7122192383
458.021240      1054.3555908203
458.376434      1096.7081298828
458.731628      1045.4393310547
459.086700      1063.2719726563
459.441772      1081.1046142578
459.796844      1098.9372558594
460.151886      1127.9152832031
460.506836      1078.8754882813
460.861786      1063.2719726563
461.216675      1078.8754882813
461.571533      1065.5009765625
461.926361      1085.5627441406
462.281158      1058.8137207031
462.635803      1025.3775634766
462.990540      1094.4791259766
463.345184      1081.1046142578
463.699829      1090.0208740234
464.054413      1063.2719726563
464.408936      1101.1663818359
464.763458      1074.4173583984
465.117920      1014.2321166992
465.472351      1083.3336181641
465.826752      1009.7739868164
466.181030      1020.9193725586
466.535339      1087.7918701172
466.889618      1036.5229492188
467.243866      1036.5229492188
467.598053      1056.5847167969
467.952209      1081.1046142578
468.306305      1078.8754882813
468.660370      1092.2500000000
469.014435      1003.0867309570
469.368439      1078.8754882813
469.722321      1056.5847167969
470.076263       980.7958984375
470.430115      1090.0208740234
470.783966      1063.2719726563
471.137756      1078.8754882813
471.491516      1072.1882324219
471.845245      1054.3555908203
472.198944      1047.6683349609
472.552582      1032.0648193359
472.906128      1009.7739868164
473.259705      1067.7301025391
473.613220      1067.7301025391
473.966675      1034.2938232422
474.320129       983.0250244141
474.673553      1045.4393310547
475.026917      1141.2897949219
475.380249       994.1704101563
475.733521       958.5051269531
476.086761      1058.8137207031
476.439911      1038.7520751953
476.793091      1121.2280273438
477.146210      1078.8754882813
477.499298      1045.4393310547
477.852356      1052.1265869141
478.205353      1056.5847167969
478.558350      1045.4393310547
478.911285      1016.4612426758
479.264160      1056.5847167969
479.617035      1029.8356933594
479.969757      1067.7301025391
480.322540      1090.0208740234
480.675262      1136.8316650391
481.027985      1061.0428466797
481.380615      1049.8974609375
481.733246      1078.8754882813
482.085815      1085.5627441406
482.438324      1136.8316650391
482.790833      1087.7918701172
483.143280      1072.1882324219
483.495667      1043.2102050781
483.848022      1018.6903076172
484.200348      1036.5229492188
484.552673      1038.7520751953
484.904907      1040.9810791016
485.257111       991.9413452148
485.609283      1023.1484985352
485.961456      1072.1882324219
486.313538      1063.2719726563
486.665588      1032.0648193359
487.017548      1061.0428466797
487.369507      1045.4393310547
487.721466       945.1306152344
488.073334       987.4831542969
488.425232      1076.6464843750
488.777039      1085.5627441406
489.128815      1065.5009765625
489.480560      1003.0867309570
489.832245      1076.6464843750
490.183868      1049.8974609375
490.535461      1118.9990234375
490.887054      1092.2500000000
491.238586      1096.7081298828
491.590057      1096.7081298828
491.941528      1074.4173583984
492.292938      1107.8535156250
492.644318      1005.3157958984
492.995667       971.8795776367
493.346954      1058.8137207031
493.698181      1076.6464843750
494.049377      1036.5229492188
494.400543      1045.4393310547
494.751678      1116.7698974609
495.102783      1094.4791259766
495.453827      1067.7301025391
495.804871      1096.7081298828
496.155853      1078.8754882813
496.506775      1052.1265869141
496.857666      1125.6862792969
497.208466      1003.0867309570
497.559265      1049.8974609375
497.910065      1025.3775634766
498.260773      1023.1484985352
498.611481      1056.5847167969
498.962128      1101.1663818359
499.312744      1083.3336181641
499.663300      1105.6245117188
500.013855      1090.0208740234
500.364349      1087.7918701172
500.714752      1029.8356933594
501.065155      1045.4393310547
501.415527      1085.5627441406
501.765869      1029.8356933594
502.116150      1076.6464843750
502.466400      1032.0648193359
502.816620      1054.3555908203
503.166779      1052.1265869141
503.516907      1069.9592285156
503.866943      1007.5449218750
504.217010      1105.6245117188
504.567017      1116.7698974609
504.916962      1049.8974609375
505.266876      1020.9193725586
505.616791      1127.9152832031
505.966644      1121.2280273438
506.316437      1036.5229492188
506.666199      1083.3336181641
507.015930      1074.4173583984
507.365570      1096.7081298828
507.715210       980.7958984375
508.064789      1007.5449218750
508.414368      1047.6683349609
508.763885       989.7122192383
509.113373      1072.1882324219
509.462830      1016.4612426758
509.812225      1074.4173583984
510.161591      1090.0208740234
510.510895      1032.0648193359
510.860107      1032.0648193359
511.209381      1094.4791259766
511.558563      1065.5009765625
511.907715      1105.6245117188
512.256836      1094.4791259766
512.605896      1036.5229492188
512.954956      1027.6066894531
513.303955      1076.6464843750
513.652832      1056.5847167969
514.001831      1040.9810791016
514.350647      1090.0208740234
514.699463      1069.9592285156
515.048279       980.7958984375
515.396973      1049.8974609375
515.745728      1112.3117675781
516.094360      1083.3336181641
516.442993      1078.8754882813
516.791565      1049.8974609375
517.140137      1065.5009765625
517.488586      1087.7918701172
517.837036       987.4831542969
518.185425      1112.3117675781
518.533875      1103.3953857422
518.882202      1040.9810791016
519.230469      1014.2321166992
519.578735      1061.0428466797
519.927002      1016.4612426758
520.275146      1027.6066894531
520.623291      1105.6245117188
520.971313      1056.5847167969
521.319336      1072.1882324219
521.667419      1072.1882324219
522.015381      1027.6066894531
522.363281      1061.0428466797
522.711182      1074.4173583984
523.059021      1029.8356933594
523.406860      1040.9810791016
523.754639      1049.8974609375
524.102356      1023.1484985352
524.449951      1065.5009765625
524.797607      1103.3953857422
525.145203      1101.1663818359
525.492798      1067.7301025391
525.840332      1072.1882324219
526.187805      1027.6066894531
526.535217      1036.5229492188
526.882629      1067.7301025391
527.230042      1114.5407714844
527.577332      1029.8356933594
527.924500      1081.1046142578
528.271729      1061.0428466797
528.618896      1118.9990234375
528.966125      1083.3336181641
529.313232      1052.1265869141
529.660278      1105.6245117188
530.007324      1049.8974609375
530.354309      1101.1663818359
530.701233      1078.8754882813
531.048096      1007.5449218750
531.394958      1025.3775634766
531.741760      1056.5847167969
532.088562      1018.6903076172
532.435303      1027.6066894531
532.781982      1023.1484985352
533.128601      1092.2500000000
533.475281      1040.9810791016
533.821838      1043.2102050781
534.168335      1020.9193725586
534.514832       996.3994750977
534.861206      1063.2719726563
535.207703      1018.6903076172
535.554016      1049.8974609375
535.900391      1056.5847167969
536.246643      1127.9152832031
536.592896      1103.3953857422
536.939087      1040.9810791016
537.285278      1045.4393310547
537.631348      1047.6683349609
537.977417      1096.7081298828
538.323425      1078.8754882813
538.669373      1074.4173583984
539.015381      1083.3336181641
539.361267      1101.1663818359
539.707153      1056.5847167969
540.052979      1083.3336181641
540.398804      1103.3953857422
540.744507      1056.5847167969
541.090210      1114.5407714844
541.435791      1038.7520751953
541.781433      1114.5407714844
542.127014      1125.6862792969
542.472595      1005.3157958984
542.818054      1058.8137207031
543.163513      1101.1663818359
543.508911      1009.7739868164
543.854309      1098.9372558594
544.199646      1107.8535156250
544.544800      1085.5627441406
544.890076       980.7958984375
545.235291      1056.5847167969
545.580444      1027.6066894531
545.925537      1012.0030517578
546.270630      1078.8754882813
546.615723      1016.4612426758
546.960693      1045.4393310547
547.305603      1032.0648193359
547.650574      1096.7081298828
547.995361      1087.7918701172
548.340149      1110.0826416016
548.684998      1083.3336181641
549.029724      1081.1046142578
549.374390      1085.5627441406
549.719116      1020.9193725586
550.063660      1049.8974609375
550.408264      1034.2938232422
550.752869      1036.5229492188
551.097290      1063.2719726563
551.441711      1027.6066894531
551.786133      1112.3117675781
552.130493      1121.2280273438
552.474854      1067.7301025391
552.819092      1152.4351806641
553.163330      1101.1663818359
553.507507      1081.1046142578
553.851685      1072.1882324219
554.195801      1052.1265869141
554.539917      1072.1882324219
554.883850      1012.0030517578
555.227844      1101.1663818359
555.571777      1040.9810791016
555.915710      1132.3734130859
556.259583      1056.5847167969
556.603333      1116.7698974609
556.947205      1061.0428466797
557.290894      1040.9810791016
557.634583      1052.1265869141
557.978210      1027.6066894531
558.321777      1074.4173583984
558.665405      1116.7698974609
559.008911      1078.8754882813
559.352417      1083.3336181641
559.695862      1029.8356933594
560.039185      1083.3336181641
560.382568      1016.4612426758
560.725891      1078.8754882813
561.069153      1061.0428466797
561.412354      1121.2280273438
561.755554      1143.5189208984
562.098694      1114.5407714844
562.441772      1103.3953857422
562.784851      1032.0648193359
563.127930      1083.3336181641
563.470825      1038.7520751953
563.813782      1116.7698974609
564.156738      1081.1046142578
564.499573      1103.3953857422
564.842285      1063.2719726563
565.185059      1025.3775634766
565.527771      1081.1046142578
565.870422      1049.8974609375
566.213135      1007.5449218750
566.555725      1056.5847167969
566.898254      1023.1484985352
567.240784      1069.9592285156
567.583252      1043.2102050781
567.925659      1094.4791259766
568.268005      1018.6903076172
568.610291       989.7122192383
568.952637      1025.3775634766
569.294922      1003.0867309570
569.637146      1040.9810791016
569.979309      1085.5627441406
570.321411      1047.6683349609
570.663513      1116.7698974609
571.005554      1040.9810791016
571.347473      1130.1444091797
571.689453      1069.9592285156
572.031372      1085.5627441406
572.373230      1123.4571533203
572.715088      1047.6683349609
573.056885       985.2540893555
573.398621      1063.2719726563
573.740295      1069.9592285156
574.082031      1116.7698974609
574.423584      1065.5009765625
574.765137      1072.1882324219
575.106689      1025.3775634766
575.448120       987.4831542969
575.789612      1009.7739868164
576.130981       967.4214477539
576.472351      1065.5009765625
576.813721      1065.5009765625
577.154968      1123.4571533203
577.496216      1123.4571533203
577.837402      1045.4393310547
578.178467      1085.5627441406
578.519592      1094.4791259766
578.860657      1090.0208740234
579.201660      1143.5189208984
579.542664      1067.7301025391
579.883606      1107.8535156250
580.224487      1016.4612426758
580.565308      1045.4393310547
580.906189      1121.2280273438
581.246948      1114.5407714844
581.587585      1036.5229492188
581.928223      1049.8974609375
582.268921       991.9413452148
582.609497      1005.3157958984
582.950012      1038.7520751953
583.290527      1078.8754882813
583.630981      1098.9372558594
583.971436      1023.1484985352
584.311829      1052.1265869141
584.652100      1074.4173583984
584.992371      1000.8576660156
585.332642      1112.3117675781
585.672852      1076.6464843750
586.013000      1065.5009765625
586.353088      1020.9193725586
586.693176      1074.4173583984
587.033264      1085.5627441406
587.373230      1025.3775634766
587.713196       996.3994750977
588.053040      1065.5009765625
588.392883      1038.7520751953
588.732727      1063.2719726563
589.072510      1063.2719726563
589.412231      1054.3555908203
589.751892      1087.7918701172
590.091553      1083.3336181641
590.431152      1090.0208740234
590.770752      1038.7520751953
591.110229      1034.2938232422
591.449707      1003.0867309570
591.789124      1056.5847167969
592.128479      1061.0428466797
592.467834      1081.1046142578
592.807129      1094.4791259766
593.146423      1094.4791259766
593.485596      1003.0867309570
593.824768      1040.9810791016
594.163879      1065.5009765625
594.502991      1052.1265869141
594.841980      1058.8137207031
595.180969      1090.0208740234
595.519897      1083.3336181641
595.858887      1136.8316650391
596.197693      1145.7479248047
596.536499      1040.9810791016
596.875305      1061.0428466797
597.214050      1032.0648193359
597.552734      1043.2102050781
597.891296      1005.3157958984
598.229980      1078.8754882813
598.568542      1043.2102050781
598.907043      1040.9810791016
599.245483      1143.5189208984
599.583984      1047.6683349609
599.922363      1023.1484985352
600.260681      1047.6683349609
600.598999      1087.7918701172
600.937256      1136.8316650391
601.275452      1074.4173583984
601.613586      1078.8754882813
601.951721      1065.5009765625
602.289856      1107.8535156250
602.627869      1105.6245117188
602.965881      1036.5229492188
603.303833      1045.4393310547
603.641724       983.0250244141
603.979614      1087.7918701172
604.317444      1029.8356933594
604.655151      1074.4173583984
604.992859      1063.2719726563
605.330566      1072.1882324219
605.668274      1067.7301025391
606.005859      1040.9810791016
606.343445      1098.9372558594
606.680908      1043.2102050781
607.018433      1083.3336181641
607.355835      1056.5847167969
607.693237      1087.7918701172
608.030579      1078.8754882813
608.367859      1110.0826416016
608.705078      1049.8974609375
609.042297      1092.2500000000
609.379456      1018.6903076172
609.716614      1069.9592285156
610.053650      1092.2500000000
610.390686      1016.4612426758
610.727722      1063.2719726563
611.064575      1012.0030517578
611.401550       994.1704101563
611.738403      1058.8137207031
612.075256      1012.0030517578
612.411987      1054.3555908203
612.748779      1090.0208740234
613.085449      1098.9372558594
613.422058      1058.8137207031
613.758667      1081.1046142578
614.095215      1000.8576660156
614.431702      1025.3775634766
614.768127      1029.8356933594
615.104614      1058.8137207031
615.440979      1007.5449218750
615.777283      1045.4393310547
616.113586      1038.7520751953
616.449829      1081.1046142578
616.786011      1049.8974609375
617.122192      1034.2938232422
617.458374       987.4831542969
617.794373      1085.5627441406
618.130371      1081.1046142578
618.466370      1090.0208740234
618.802246      1043.2102050781
619.138184      1081.1046142578
619.474060      1076.6464843750
619.809875      1083.3336181641
620.145630      1065.5009765625
620.481323      1069.9592285156
620.817017      1085.5627441406
621.152588      1078.8754882813
621.488220      1032.0648193359
621.823792      1110.0826416016
622.159241      1003.0867309570
622.494690      1121.2280273438
622.830078      1047.6683349609
623.165466      1074.4173583984
623.500793      1029.8356933594
623.836060      1110.0826416016
624.171265      1074.4173583984
624.506470      1125.6862792969
624.841553      1094.4791259766
625.176697      1065.5009765625
625.511719      1078.8754882813
625.846741      1101.1663818359
626.181702      1078.8754882813
626.516663      1045.4393310547
626.851563      1105.6245117188
627.186401      1090.0208740234
627.521118      1018.6903076172
627.855896      1029.8356933594
628.190552      1040.9810791016
628.525269      1000.8576660156
628.859863      1110.0826416016
629.194458      1083.3336181641
629.528992      1085.5627441406
629.863403      1112.3117675781
630.197815      1054.3555908203
630.532288      1069.9592285156
630.866516       989.7122192383
631.200867      1052.1265869141
631.535156      1056.5847167969
631.869324      1020.9193725586
632.203491       978.5668334961
632.537659      1016.4612426758
632.871704      1049.8974609375
633.205750      1063.2719726563
633.539795      1036.5229492188
633.873718      1096.7081298828
634.207520      1040.9810791016
634.541443      1105.6245117188
634.875244      1085.5627441406
635.208984      1076.6464843750
635.542725      1040.9810791016
635.876404      1087.7918701172
636.210022      1058.8137207031
636.543640       996.3994750977
636.877197      1040.9810791016
637.210571      1052.1265869141
637.544067      1090.0208740234
637.877502      1038.7520751953
638.210815      1163.5805664063
638.544189      1052.1265869141
638.877441      1065.5009765625
639.210693      1032.0648193359
639.543884      1054.3555908203
639.877014      1090.0208740234
640.210144      1090.0208740234
640.543091      1074.4173583984
640.876099      1045.4393310547
641.209106      1043.2102050781
641.541992      1094.4791259766
641.874939      1003.0867309570
642.207703      1045.4393310547
642.540527      1069.9592285156
642.873230       983.0250244141
643.205994      1061.0428466797
643.538574      1076.6464843750
643.871155      1127.9152832031
644.203674      1087.7918701172
644.536255      1072.1882324219
644.868713      1078.8754882813
645.201172      1045.4393310547
645.533508      1081.1046142578
645.865845      1020.9193725586
646.198120      1043.2102050781
646.530396      1098.9372558594
646.862610      1034.2938232422
647.194702      1069.9592285156
647.526855      1045.4393310547
647.858887      1081.1046142578
648.190857      1081.1046142578
648.522827      1043.2102050781
648.854797      1025.3775634766
649.186707      1061.0428466797
649.518555      1090.0208740234
649.850342      1168.0388183594
650.182007      1078.8754882813
650.513733      1063.2719726563
650.845398      1116.7698974609
651.177063       985.2540893555
651.508606      1074.4173583984
651.840088      1067.7301025391
652.171631      1145.7479248047
652.503052      1103.3953857422
652.834412      1134.6025390625
653.165771      1083.3336181641
653.497070      1069.9592285156
653.828308      1136.8316650391
654.159485      1074.4173583984
654.490662      1134.6025390625
654.821838      1076.6464843750
655.152832      1065.5009765625
655.483887      1023.1484985352
655.814880      1040.9810791016
656.145813      1096.7081298828
656.476685      1096.7081298828
656.807495      1038.7520751953
657.138306      1092.2500000000
657.469116      1043.2102050781
657.799744      1058.8137207031
658.130493      1074.4173583984
658.461121      1069.9592285156
658.791687      1083.3336181641
659.122192      1105.6245117188
659.452698      1067.7301025391
659.783142      1049.8974609375
660.113464      1114.5407714844
660.443787      1003.0867309570
660.774109       951.8178710938
661.104370      1065.5009765625
661.434570      1081.1046142578
661.764771      1098.9372558594
662.094849      1116.7698974609
662.424988      1107.8535156250
662.755005      1052.1265869141
663.084900      1025.3775634766
663.414856      1054.3555908203
663.744751      1067.7301025391
664.074585      1069.9592285156
664.404419      1054.3555908203
664.734131      1054.3555908203
665.063904      1065.5009765625
665.393555      1067.7301025391
665.723206       967.4214477539
666.052734      1072.1882324219
666.382202      1074.4173583984
666.711670      1014.2321166992
667.041138      1038.7520751953
667.370544      1040.9810791016
667.699829      1043.2102050781
668.029175      1069.9592285156
668.358459      1067.7301025391
668.687622      1049.8974609375
669.016846      1110.0826416016
669.345947      1032.0648193359
669.674927      1000.8576660156
670.003967      1020.9193725586
670.332947      1081.1046142578
670.661865      1134.6025390625
670.990784      1096.7081298828
671.319641      1067.7301025391
671.648438      1078.8754882813
671.977112      1065.5009765625
672.305847      1090.0208740234
672.634521      1090.0208740234
672.963135      1110.0826416016
673.291687      1061.0428466797
673.620178      1049.8974609375
673.948669      1043.2102050781
674.277100      1007.5449218750
674.605469      1074.4173583984
674.933899      1110.0826416016
675.262085      1047.6683349609
675.590332      1067.7301025391
675.918579      1083.3336181641
676.246704      1023.1484985352
676.574829      1085.5627441406
676.902893      1034.2938232422
677.230896      1016.4612426758
677.558899      1029.8356933594
677.886841      1092.2500000000
678.214661      1123.4571533203
678.542480      1090.0208740234
678.870239      1101.1663818359
679.197998      1014.2321166992
679.525696      1005.3157958984
679.853394      1067.7301025391
680.180969      1003.0867309570
680.508484      1049.8974609375
680.836060      1056.5847167969
681.163452      1092.2500000000
681.490845      1078.8754882813
681.818237      1069.9592285156
682.145569      1083.3336181641
682.472839      1003.0867309570
682.800110      1090.0208740234
683.127319      1012.0030517578
683.454468      1058.8137207031
683.781494      1094.4791259766
684.108582      1036.5229492188
684.435608      1094.4791259766
684.762451      1072.1882324219
685.089355      1061.0428466797
685.416199      1040.9810791016
685.743103       991.9413452148
686.069824      1058.8137207031
686.396606      1072.1882324219
686.723267      1043.2102050781
687.049927      1081.1046142578
687.376465      1130.1444091797
687.703003      1016.4612426758
688.029419      1110.0826416016
688.355957      1112.3117675781
688.682312      1161.3515625000
689.008667      1092.2500000000
689.334961      1054.3555908203
689.661316      1065.5009765625
689.987427      1069.9592285156
690.313660      1087.7918701172
690.639771      1025.3775634766
690.965881      1000.8576660156
691.291809      1085.5627441406
691.617798      1032.0648193359
691.943726      1078.8754882813
692.269714      1058.8137207031
692.595459      1025.3775634766
692.921326      1032.0648193359
693.247009      1014.2321166992
693.572754      1018.6903076172
693.898438      1056.5847167969
694.223999      1081.1046142578
694.549561      1085.5627441406
694.875061      1083.3336181641
695.200562      1083.3336181641
695.526001      1003.0867309570
695.851379      1081.1046142578
696.176697      1020.9193725586
696.502014      1090.0208740234
696.827271      1032.0648193359
697.152405      1087.7918701172
697.477539      1096.7081298828
697.802612      1072.1882324219
698.127625      1058.8137207031
698.452698      1090.0208740234
698.777649      1025.3775634766
699.102539      1094.4791259766
699.427429      1092.2500000000
699.752258      1034.2938232422
700.077026      1110.0826416016
700.401733      1049.8974609375
700.726379       998.6285400391
701.051025      1072.1882324219
701.375610      1121.2280273438
701.700134      1074.4173583984
702.024658       994.1704101563
702.349060      1092.2500000000
702.673462      1069.9592285156
702.997864      1014.2321166992
703.322144      1085.5627441406
703.646362      1141.2897949219
703.970520      1058.8137207031
704.294739      1034.2938232422
704.618896      1121.2280273438
704.942932      1061.0428466797
705.266968      1061.0428466797
705.590942      1069.9592285156
705.914917      1087.7918701172
706.238770      1036.5229492188
706.562622      1052.1265869141
706.886292      1018.6903076172
707.210083      1040.9810791016
707.533813      1034.2938232422
707.857422      1098.9372558594
708.181030      1054.3555908203
708.504578      1061.0428466797
708.828064      1065.5009765625
709.151550       991.9413452148
709.474976      1025.3775634766
709.798340      1116.7698974609
710.121582      1076.6464843750
710.444885      1105.6245117188
710.768127      1072.1882324219
711.091248      1025.3775634766
711.414429      1065.5009765625
711.737488      1101.1663818359
712.060547      1038.7520751953
712.383484      1085.5627441406
712.706482      1101.1663818359
713.029358      1049.8974609375
713.352112      1081.1046142578
713.674927      1101.1663818359
713.997681      1047.6683349609
714.320435      1174.7260742188
714.643066      1101.1663818359
714.965698      1087.7918701172
715.288269      1069.9592285156
715.610779      1032.0648193359
715.933289      1052.1265869141
716.255737      1054.3555908203
716.578003      1085.5627441406
716.900330      1072.1882324219
717.222595      1034.2938232422
717.544861      1036.5229492188
717.867065      1063.2719726563
718.189209      1047.6683349609
718.511292      1072.1882324219
718.833313      1067.7301025391
719.155334      1020.9193725586
719.477234      1043.2102050781
719.799133      1083.3336181641
720.120972      1025.3775634766
720.442749      1054.3555908203
720.764587      1061.0428466797
721.086304      1025.3775634766
721.407898      1067.7301025391
721.729553      1098.9372558594
722.051147      1065.5009765625
722.372681      1130.1444091797
722.694092      1067.7301025391
723.015503      1047.6683349609
723.336914      1174.7260742188
723.658264      1090.0208740234
723.979492      1061.0428466797
724.300781      1065.5009765625
724.621948      1016.4612426758
724.943115      1101.1663818359
725.264160      1023.1484985352
725.585205      1043.2102050781
725.906189      1032.0648193359
726.227173      1083.3336181641
726.548035      1067.7301025391
726.868896      1058.8137207031
727.189697      1003.0867309570
727.510498      1061.0428466797
727.831177      1054.3555908203
728.151855      1081.1046142578
728.472473      1141.2897949219
728.793091      1136.8316650391
729.113525      1074.4173583984
729.434021      1078.8754882813
729.754456      1087.7918701172
730.074829       985.2540893555
730.395142      1139.0606689453
730.715454      1018.6903076172
731.035706      1081.1046142578
731.355896      1067.7301025391
731.676025      1038.7520751953
731.996033      1007.5449218750
732.316101      1076.6464843750
732.636108      1054.3555908203
732.956055      1029.8356933594
733.275940      1083.3336181641
733.595825      1016.4612426758
733.915649      1040.9810791016
734.235413      1110.0826416016
734.555054      1014.2321166992
734.874817      1034.2938232422
735.194336      1034.2938232422
735.513855      1056.5847167969
735.833435      1032.0648193359
736.152893      1043.2102050781
736.472290      1065.5009765625
736.791687      1085.5627441406
737.111023      1043.2102050781
737.430298      1043.2102050781
737.749512      1009.7739868164
738.068665      1049.8974609375
738.387817      1087.7918701172
738.706909      1065.5009765625
739.025879      1025.3775634766
739.344910      1023.1484985352
739.663879      1081.1046142578
739.982788      1072.1882324219
740.301636      1043.2102050781
740.620422      1118.9990234375
740.939148      1045.4393310547
741.257874      1072.1882324219
741.576477      1009.7739868164
741.895020      1112.3117675781
742.213623      1056.5847167969
742.532166      1116.7698974609
742.850586      1020.9193725586
743.169006      1054.3555908203
743.487366      1034.2938232422
743.805725      1063.2719726563
744.123962      1061.0428466797
744.442200      1025.3775634766
744.760315      1087.7918701172
745.078430      1112.3117675781
745.396484      1096.7081298828
745.714539      1081.1046142578
746.032532      1000.8576660156
746.350464      1081.1046142578
746.668335      1038.7520751953
746.986206      1054.3555908203
747.303955      1056.5847167969
747.621643      1072.1882324219
747.939331      1074.4173583984
748.257019      1096.7081298828
748.574585      1056.5847167969
748.892151      1049.8974609375
749.209656      1054.3555908203
749.527100      1054.3555908203
749.844482       985.2540893555
750.161804      1032.0648193359
750.479126      1092.2500000000
750.796326      1105.6245117188
751.113525      1063.2719726563
751.430725      1047.6683349609
751.747803      1076.6464843750
752.064880      1016.4612426758
752.381897      1014.2321166992
752.698853      1092.2500000000
753.015747      1094.4791259766
753.332703      1040.9810791016
753.649475      1067.7301025391
753.966187      1067.7301025391
754.282898      1065.5009765625
754.599609      1101.1663818359
754.916199       989.7122192383
755.232788      1038.7520751953
755.549316      1032.0648193359
755.865784      1110.0826416016
756.182190      1165.8096923828
756.498596      1065.5009765625
756.814941      1047.6683349609
757.131165      1038.7520751953
757.447388      1076.6464843750
757.763611      1032.0648193359
758.079712      1036.5229492188
758.395813      1074.4173583984
758.711853      1009.7739868164
759.027832      1007.5449218750
759.343811      1040.9810791016
759.659668      1029.8356933594
759.975464      1090.0208740234
760.291260      1049.8974609375
760.606995      1069.9592285156
760.922668      1063.2719726563
761.238342      1074.4173583984
761.554016      1067.7301025391
761.869507      1074.4173583984
762.185059      1072.1882324219
762.500488      1027.6066894531
762.815918      1005.3157958984
763.131165      1121.2280273438
763.446533      1054.3555908203
763.761719      1052.1265869141
764.076965      1025.3775634766
764.392151      1139.0606689453
764.707214      1049.8974609375
765.022339      1065.5009765625
765.337341      1069.9592285156
765.652283      1034.2938232422
765.967224       991.9413452148
766.282043      1090.0208740234
766.596863      1056.5847167969
766.911621      1067.7301025391
767.226379      1143.5189208984
767.541016      1043.2102050781
767.855591      1076.6464843750
768.170227       996.3994750977
768.484741      1007.5449218750
768.799194      1009.7739868164
769.113647      1085.5627441406
769.427979      1027.6066894531
769.742310      1045.4393310547
770.056580      1036.5229492188
770.370850      1009.7739868164
770.684998      1085.5627441406
770.999084      1123.4571533203
771.313232      1003.0867309570
771.627258      1125.6862792969
771.941223      1054.3555908203
772.255066      1065.5009765625
772.569031      1056.5847167969
772.882813      1087.7918701172
773.196594      1052.1265869141
773.510376      1065.5009765625
773.824036      1029.8356933594
774.137695      1047.6683349609
774.451294      1101.1663818359
774.764832      1092.2500000000
775.078308      1101.1663818359
775.391724      1005.3157958984
775.705078       971.8795776367
776.018433      1065.5009765625
776.331726      1134.6025390625
776.644958      1114.5407714844
776.958130      1052.1265869141
777.271301      1074.4173583984
777.584412       998.6285400391
777.897461      1054.3555908203
778.210510      1087.7918701172
778.523315      1054.3555908203
778.836304      1101.1663818359
779.149109      1083.3336181641
779.461914      1083.3336181641
779.774658      1090.0208740234
780.087402      1067.7301025391
780.400024      1152.4351806641
780.712585      1040.9810791016
781.025146      1025.3775634766
781.337646       971.8795776367
781.650085      1036.5229492188
781.962463      1081.1046142578
782.274841      1032.0648193359
782.587158      1056.5847167969
782.899414      1056.5847167969
783.211609      1029.8356933594
783.523743      1069.9592285156
783.835938      1081.1046142578
784.147949      1047.6683349609
784.459900      1027.6066894531
784.771851      1034.2938232422
785.083801      1072.1882324219
785.395630      1087.7918701172
785.707397      1043.2102050781
786.019226      1083.3336181641
786.330933      1067.7301025391
786.642578      1058.8137207031
786.954224      1052.1265869141
787.265747      1065.5009765625
787.577209      1069.9592285156
787.888672      1061.0428466797
788.200073      1101.1663818359
788.511414      1067.7301025391
788.822754      1003.0867309570
789.133972      1094.4791259766
789.445190      1081.1046142578
789.756409      1052.1265869141
790.067505      1078.8754882813
790.378540      1107.8535156250
790.689514      1047.6683349609
791.000488      1034.2938232422
791.311401      1107.8535156250
791.622314      1143.5189208984
791.933105      1016.4612426758
792.243896      1058.8137207031
792.554565      1045.4393310547
792.865234      1087.7918701172
793.175842      1058.8137207031
793.486389      1061.0428466797
793.796875      1076.6464843750
794.107300       987.4831542969
794.417786      1054.3555908203
794.728088      1058.8137207031
795.038452      1096.7081298828
795.348694      1061.0428466797
795.658936      1034.2938232422
795.969055      1036.5229492188
796.279175      1038.7520751953
796.589172      1058.8137207031
796.899231      1094.4791259766
797.209167      1067.7301025391
797.519104      1110.0826416016
797.828979      1105.6245117188
798.138794      1085.5627441406
798.448547      1047.6683349609
798.758301      1049.8974609375
799.067932      1049.8974609375
799.377563      1103.3953857422
799.687073      1032.0648193359
799.996582      1078.8754882813
800.306030      1047.6683349609
800.615479      1027.6066894531
800.924805      1078.8754882813
801.234192      1087.7918701172
801.543457      1025.3775634766
801.852600      1007.5449218750
802.161743      1034.2938232422
802.470886      1087.7918701172
802.779907      1012.0030517578
803.088867      1032.0648193359
803.397827      1038.7520751953
803.706787      1025.3775634766
804.015686      1007.5449218750
804.324463      1058.8137207031
804.633179      1036.5229492188
804.941956      1020.9193725586
805.250610      1092.2500000000
805.559204      1003.0867309570
805.867676      1058.8137207031
806.176270      1074.4173583984
806.484680      1025.3775634766
806.793091      1036.5229492188
807.101440      1054.3555908203
807.409729      1083.3336181641
807.718018      1078.8754882813
808.026184      1016.4612426758
808.334351      1123.4571533203
808.642456      1116.7698974609
808.950439      1023.1484985352
809.258484      1141.2897949219
809.566467      1105.6245117188
809.874329      1072.1882324219
810.182190       996.3994750977
810.489990      1072.1882324219
810.797791      1034.2938232422
811.105469      1081.1046142578
811.413147      1045.4393310547
811.720642      1038.7520751953
812.028198      1136.8316650391
812.335693      1038.7520751953
812.643188      1043.2102050781
812.950562      1067.7301025391
813.257935      1065.5009765625
813.565186      1063.2719726563
813.872498      1094.4791259766
814.179626      1003.0867309570
814.486816      1029.8356933594
814.793823      1012.0030517578
815.100830      1056.5847167969
815.407837       985.2540893555
815.714783      1034.2938232422
816.021667      1056.5847167969
816.328552      1085.5627441406
816.635315      1208.1622314453
816.942078      1023.1484985352
817.248779      1083.3336181641
817.555359      1098.9372558594
817.861938      1132.3734130859
818.168457      1098.9372558594
818.474976      1103.3953857422
818.781372      1027.6066894531
819.087769      1096.7081298828
819.394104      1072.1882324219
819.700378      1043.2102050781
820.006592      1067.7301025391
820.312744      1087.7918701172
820.618896      1076.6464843750
820.924927      1141.2897949219
821.230957      1110.0826416016
821.536926      1076.6464843750
821.842896      1063.2719726563
822.148804      1005.3157958984
822.454590      1009.7739868164
822.760376      1105.6245117188
823.066040      1096.7081298828
823.371704      1058.8137207031
823.677307      1063.2719726563
823.982910      1025.3775634766
824.288391      1043.2102050781
824.593872      1069.9592285156
824.899292      1061.0428466797
825.204651      1029.8356933594
825.509949      1007.5449218750
825.815186      1027.6066894531
826.120422      1063.2719726563
826.425598      1061.0428466797
826.730652      1127.9152832031
827.035706      1127.9152832031
827.340759      1107.8535156250
827.645630      1172.4969482422
827.950623      1058.8137207031
828.255432      1069.9592285156
828.560242      1112.3117675781
828.864990      1052.1265869141
829.169739      1074.4173583984
829.474304      1083.3336181641
829.778870      1027.6066894531
830.083435      1147.9770507813
830.387878      1076.6464843750
830.692383      1103.3953857422
830.996765      1045.4393310547
831.301086      1152.4351806641
831.605408      1020.9193725586
831.909668      1076.6464843750
832.213867      1003.0867309570
832.517883      1043.2102050781
832.821960      1110.0826416016
833.126038      1036.5229492188
833.429993      1083.3336181641
833.733948      1074.4173583984
834.037842      1049.8974609375
834.341614       987.4831542969
834.645386      1098.9372558594
834.949158      1145.7479248047
835.252808      1083.3336181641
835.556335      1083.3336181641
835.859924      1056.5847167969
836.163513      1074.4173583984
836.466980      1052.1265869141
836.770325      1094.4791259766
837.073730      1038.7520751953
837.377075      1065.5009765625
837.680298      1018.6903076172
837.983521      1092.2500000000
838.286682      1018.6903076172
838.589722      1067.7301025391
838.892761      1072.1882324219
839.195801      1025.3775634766
839.498779      1018.6903076172
839.801636      1067.7301025391
840.104492      1025.3775634766
840.407288      1005.3157958984
840.710022      1038.7520751953
841.012695      1061.0428466797
841.315369      1049.8974609375
841.617920      1023.1484985352
841.920410      1065.5009765625
842.222961       996.3994750977
842.525391      1061.0428466797
842.827759      1054.3555908203
843.130127      1087.7918701172
843.432373      1065.5009765625
843.734619      1034.2938232422
844.036804       987.4831542969
844.338867       989.7122192383
844.640930      1045.4393310547
844.942993      1056.5847167969
845.244934      1054.3555908203
845.546814      1130.1444091797
845.848755      1072.1882324219
846.150513      1076.6464843750
846.452332      1043.2102050781
846.754028      1083.3336181641
847.055664      1105.6245117188
847.357239      1134.6025390625
847.658813      1132.3734130859
847.960327      1043.2102050781
848.261780      1078.8754882813
848.563110      1085.5627441406
848.864563      1065.5009765625
849.165771      1063.2719726563
849.467041      1005.3157958984
849.768250       987.4831542969
850.069397      1085.5627441406
850.370422      1116.7698974609
850.671448      1040.9810791016
850.972473      1056.5847167969
851.273376      1094.4791259766
851.574280      1069.9592285156
851.875122      1049.8974609375
852.175842      1045.4393310547
852.476624      1081.1046142578
852.777222      1090.0208740234
853.077881      1007.5449218750
853.378418      1107.8535156250
853.678955      1056.5847167969
853.979370       983.0250244141
854.279785      1058.8137207031
854.580200      1025.3775634766
854.880493      1094.4791259766
855.180725      1005.3157958984
855.480957      1076.6464843750
855.781067      1052.1265869141
856.081116      1020.9193725586
856.381165      1023.1484985352
856.681152       976.3377685547
856.981140      1085.5627441406
857.281006      1087.7918701172
857.580872      1141.2897949219
857.880676      1027.6066894531
858.180420      1016.4612426758
858.480103      1014.2321166992
858.779724      1049.8974609375
859.079224      1107.8535156250
859.378723      1076.6464843750
859.678223      1078.8754882813
859.977661      1083.3336181641
860.277039      1067.7301025391
860.576355      1085.5627441406
860.875610      1098.9372558594
861.174805      1058.8137207031
861.473999      1125.6862792969
861.773071      1047.6683349609
862.072083      1049.8974609375
862.371094      1025.3775634766
862.670044      1056.5847167969
862.968933      1038.7520751953
863.267761      1038.7520751953
863.566589      1154.6643066406
863.865356      1103.3953857422
864.164001      1047.6683349609
864.462646      1132.3734130859
864.761230      1032.0648193359
865.059692      1078.8754882813
865.358154      1127.9152832031
865.656616      1107.8535156250
865.954956      1101.1663818359
866.253357      1067.7301025391
866.551575      1036.5229492188
866.849792      1040.9810791016
867.147949      1085.5627441406
867.446106      1058.8137207031
867.744080      1132.3734130859
868.042053      1045.4393310547
868.340027      1049.8974609375
868.637878      1016.4612426758
868.935791      1087.7918701172
869.233582      1096.7081298828
869.531311      1023.1484985352
869.828979      1047.6683349609
870.126648      1058.8137207031
870.424255      1005.3157958984
870.721741      1067.7301025391
871.019165      1029.8356933594
871.316589      1067.7301025391
871.613953      1074.4173583984
871.911316      1103.3953857422
872.208557      1012.0030517578
872.505798      1114.5407714844
872.802979      1072.1882324219
873.100037      1058.8137207031
873.397156      1098.9372558594
873.694092       989.7122192383
873.991028      1027.6066894531
874.287964      1090.0208740234
874.584778      1049.8974609375
874.881592      1040.9810791016
875.178284      1063.2719726563
875.474976      1072.1882324219
875.771606      1023.1484985352
876.068237      1056.5847167969
876.364746      1014.2321166992
876.661194      1018.6903076172
876.957581      1007.5449218750
877.253967      1087.7918701172
877.550293      1047.6683349609
877.846497      1032.0648193359
878.142761       996.3994750977
878.438904      1063.2719726563
878.734985      1141.2897949219
879.031067      1072.1882324219
879.326965      1014.2321166992
879.622925      1078.8754882813
879.918823      1054.3555908203
880.214661      1107.8535156250
880.510498      1069.9592285156
880.806213      1012.0030517578
881.101868      1054.3555908203
881.397522       983.0250244141
881.693115      1020.9193725586
881.988586      1065.5009765625
882.283997      1005.3157958984
882.579407      1029.8356933594
882.874817      1072.1882324219
883.170105      1114.5407714844
883.465332      1098.9372558594
883.760559      1067.7301025391
884.055725      1107.8535156250
884.350769      1121.2280273438
884.645813      1081.1046142578
884.940857      1054.3555908203
885.235718      1112.3117675781
885.530579      1065.5009765625
885.825439      1118.9990234375
886.120239      1118.9990234375
886.414917      1121.2280273438
886.709595      1112.3117675781
887.004272      1025.3775634766
887.298767      1054.3555908203
887.593323      1054.3555908203
887.887756      1054.3555908203
888.182129      1076.6464843750
888.476440      1110.0826416016
888.770752      1049.8974609375
889.065002      1014.2321166992
