0.090100
190.544205         0.0000000000
190.924866         0.0000000000
191.305481       998.6285400391
191.686081      1034.2938232422
192.066635      1005.3157958984
192.447174      1025.3775634766
192.827667      1025.3775634766
193.208130      1040.9810791016
193.588577      1090.0208740234
193.968964      1049.8974609375
194.349350      1052.1265869141
194.729691      1092.2500000000
195.110001      1121.2280273438
195.490295      1052.1265869141
195.870529      1009.7739868164
196.250763      1072.1882324219
196.630936      1069.9592285156
197.011093      1049.8974609375
197.391220      1136.8316650391
197.771301      1076.6464843750
198.151367      1067.7301025391
198.531403      1052.1265869141
198.911407      1065.5009765625
199.291382      1007.5449218750
199.671295      1085.5627441406
200.051208      1047.6683349609
200.431076       994.1704101563
200.810928      1049.8974609375
201.190735      1005.3157958984
201.570511      1069.9592285156
201.950272      1007.5449218750
202.329971      1043.2102050781
202.709671      1067.7301025391
203.089310      1049.8974609375
203.468933      1049.8974609375
203.848541      1027.6066894531
204.228073      1036.5229492188
204.607620      1127.9152832031
204.987106       989.7122192383
205.366577       920.6107177734
205.746017      1016.4612426758
206.125412       983.0250244141
206.504776      1034.2938232422
206.884125      1121.2280273438
207.263428      1116.7698974609
207.642700      1047.6683349609
208.021942      1018.6903076172
208.401169       998.6285400391
208.780334      1045.4393310547
209.159485      1016.4612426758
209.538605      1032.0648193359
209.917694      1027.6066894531
210.296753      1020.9193725586
210.675766      1027.6066894531
211.054764      1038.7520751953
211.433716      1061.0428466797
211.812637      1040.9810791016
212.191544       989.7122192383
212.570404      1029.8356933594
212.949249       996.3994750977
213.328033       994.1704101563
213.706802      1072.1882324219
214.085556      1063.2719726563
214.464249      1023.1484985352
214.842926      1025.3775634766
215.221558       987.4831542969
215.600174       965.1923217773
215.978760       987.4831542969
216.357300      1061.0428466797
216.735825      1049.8974609375
217.114288      1040.9810791016
217.492737      1052.1265869141
217.871185       978.5668334961
218.249557      1012.0030517578
218.627914      1009.7739868164
219.006226       996.3994750977
219.384521      1016.4612426758
219.762772      1018.6903076172
220.141006      1029.8356933594
220.519196      1065.5009765625
220.897354      1052.1265869141
221.275497       996.3994750977
221.653580      1018.6903076172
222.031662       980.7958984375
222.409698      1036.5229492188
222.787704      1058.8137207031
223.165680      1040.9810791016
223.543610      1074.4173583984
223.921524      1087.7918701172
224.299393      1058.8137207031
224.677231      1023.1484985352
225.055054      1032.0648193359
225.432816       976.3377685547
225.810577      1038.7520751953
226.188278       978.5668334961
226.565979      1069.9592285156
226.943634      1018.6903076172
227.321243       998.6285400391
227.698837      1023.1484985352
228.076385      1045.4393310547
228.453903      1018.6903076172
228.831406      1036.5229492188
229.208847      1040.9810791016
229.586288      1065.5009765625
229.963669       987.4831542969
230.341034       989.7122192383
230.718369      1056.5847167969
231.095657      1007.5449218750
231.472916       996.3994750977
231.850143      1045.4393310547
232.227356       969.6505126953
232.604523      1016.4612426758
232.981659      1076.6464843750
233.358749      1056.5847167969
233.735825      1029.8356933594
234.112869      1045.4393310547
234.489868      1016.4612426758
234.866852      1045.4393310547
235.243790       998.6285400391
235.620697      1056.5847167969
235.997589      1090.0208740234
236.374405      1090.0208740234
236.751221      1056.5847167969
237.128006       991.9413452148
237.504745      1045.4393310547
237.881470      1012.0030517578
238.258133      1038.7520751953
238.634796      1025.3775634766
239.011414      1012.0030517578
239.388000      1025.3775634766
239.764557      1061.0428466797
240.141068      1029.8356933594
240.517563      1058.8137207031
240.893997      1067.7301025391
241.270432      1014.2321166992
241.646835       951.8178710938
242.023178      1014.2321166992
242.399506      1009.7739868164
242.775787      1032.0648193359
243.152054      1043.2102050781
243.528290      1058.8137207031
243.904465      1007.5449218750
244.280640      1012.0030517578
244.656754      1038.7520751953
245.032852      1027.6066894531
245.408936      1045.4393310547
245.784943      1052.1265869141
246.160950      1043.2102050781
246.536911      1018.6903076172
246.912842      1014.2321166992
247.288757      1025.3775634766
247.664612      1061.0428466797
248.040451       956.2760009766
248.416229      1025.3775634766
248.792023      1018.6903076172
249.167755      1040.9810791016
249.543457      1038.7520751953
249.919113      1045.4393310547
250.294754      1049.8974609375
250.670364      1069.9592285156
251.045944      1003.0867309570
251.421478      1049.8974609375
251.796982      1003.0867309570
252.172440      1034.2938232422
252.547897      1009.7739868164
252.923294      1007.5449218750
253.298676      1061.0428466797
253.673996      1061.0428466797
254.049316      1014.2321166992
254.424606      1076.6464843750
254.799850      1020.9193725586
255.175064      1023.1484985352
255.550217      1009.7739868164
255.925369      1040.9810791016
256.300476      1016.4612426758
256.675537      1052.1265869141
257.050598      1009.7739868164
257.425598      1081.1046142578
257.800598      1047.6683349609
258.175537      1029.8356933594
258.550446      1016.4612426758
258.925354      1056.5847167969
259.300171       969.6505126953
259.674988      1014.2321166992
260.049774      1009.7739868164
260.424500       996.3994750977
260.799225      1038.7520751953
261.173889       994.1704101563
261.548553      1047.6683349609
261.923187       996.3994750977
262.297760      1005.3157958984
262.672302      1054.3555908203
263.046814      1016.4612426758
263.421326      1078.8754882813
263.795776      1047.6683349609
264.170135       991.9413452148
264.544525      1018.6903076172
264.918915      1027.6066894531
265.293243      1074.4173583984
265.667511      1009.7739868164
266.041748       967.4214477539
266.415955      1007.5449218750
266.790161      1000.8576660156
267.164307       974.1086425781
267.538422      1029.8356933594
267.912476       996.3994750977
268.286530       978.5668334961
268.660583      1034.2938232422
269.034546      1052.1265869141
269.408508      1003.0867309570
269.782440      1023.1484985352
270.156311       974.1086425781
270.530151      1007.5449218750
270.903992      1020.9193725586
271.277710      1025.3775634766
271.651489       960.7341918945
272.025208      1123.4571533203
272.398895      1074.4173583984
272.772552      1027.6066894531
273.146179      1069.9592285156
273.519745      1032.0648193359
273.893280      1090.0208740234
274.266815      1034.2938232422
274.640289      1009.7739868164
275.013733      1032.0648193359
275.387146      1065.5009765625
275.760529      1072.1882324219
276.133881      1029.8356933594
276.507202      1056.5847167969
276.880463      1020.9193725586
277.253723      1036.5229492188
277.626923      1040.9810791016
278.000122       998.6285400391
278.373260       980.7958984375
278.746338      1023.1484985352
279.119446       991.9413452148
279.492493      1045.4393310547
279.865509      1047.6683349609
280.238495      1009.7739868164
280.611450      1016.4612426758
280.984314      1038.7520751953
281.357208      1025.3775634766
281.730072      1032.0648193359
282.102875      1029.8356933594
282.475647      1027.6066894531
282.848358      1067.7301025391
283.221069      1007.5449218750
283.593750      1016.4612426758
283.966400       989.7122192383
284.339020      1034.2938232422
284.711548      1025.3775634766
285.084106      1096.7081298828
285.456635      1045.4393310547
285.829071      1052.1265869141
286.201508      1054.3555908203
286.573914       978.5668334961
286.946320      1003.0867309570
287.318634      1103.3953857422
287.690948      1038.7520751953
288.063202      1038.7520751953
288.435425       991.9413452148
288.807648       994.1704101563
289.179810      1054.3555908203
289.551941      1025.3775634766
289.924011      1029.8356933594
290.296112      1025.3775634766
290.668121      1054.3555908203
291.040161       991.9413452148
291.412109       983.0250244141
291.783997       987.4831542969
292.155914      1038.7520751953
292.527771      1076.6464843750
292.899597      1003.0867309570
293.271393      1036.5229492188
293.643127      1003.0867309570
294.014862      1018.6903076172
294.386566      1032.0648193359
294.758240      1052.1265869141
295.129852      1083.3336181641
295.501404      1061.0428466797
295.872955      1054.3555908203
296.244507      1025.3775634766
296.615997       994.1704101563
296.987427      1009.7739868164
297.358826      1007.5449218750
297.730225      1036.5229492188
298.101593      1061.0428466797
298.472900      1043.2102050781
298.844177      1036.5229492188
299.215393      1009.7739868164
299.586609      1023.1484985352
299.957794      1096.7081298828
300.328918      1094.4791259766
300.700043      1081.1046142578
301.071136      1012.0030517578
301.442169      1007.5449218750
301.813171       991.9413452148
302.184174      1085.5627441406
302.555115      1020.9193725586
302.925995      1032.0648193359
303.296844      1014.2321166992
303.667694      1047.6683349609
304.038483       998.6285400391
304.409271      1043.2102050781
304.779968      1052.1265869141
305.150696      1076.6464843750
305.521362      1094.4791259766
305.891968      1074.4173583984
306.262543      1036.5229492188
306.633118       920.6107177734
307.003632       976.3377685547
307.374146      1003.0867309570
307.744598      1036.5229492188
308.114990      1069.9592285156
308.485413      1007.5449218750
308.855743       989.7122192383
309.226074      1007.5449218750
309.596375      1034.2938232422
309.966614      1007.5449218750
310.336792      1034.2938232422
310.707001      1043.2102050781
311.077148      1043.2102050781
311.447235      1003.0867309570
311.817322      1012.0030517578
312.187347       980.7958984375
312.557373      1052.1265869141
312.927368      1045.4393310547
313.297302      1018.6903076172
313.667175      1049.8974609375
314.037048      1025.3775634766
314.406891       985.2540893555
314.776642      1083.3336181641
315.146423      1038.7520751953
315.516144       976.3377685547
315.885864      1049.8974609375
316.255524      1005.3157958984
316.625153      1023.1484985352
316.994751      1003.0867309570
317.364288      1009.7739868164
317.733795      1014.2321166992
318.103302       998.6285400391
318.472717      1058.8137207031
318.842133      1040.9810791016
319.211517      1047.6683349609
319.580872      1056.5847167969
319.950195      1020.9193725586
320.319489      1020.9193725586
320.688751      1054.3555908203
321.057922      1014.2321166992
321.427094       983.0250244141
321.796234      1069.9592285156
322.165344      1036.5229492188
322.534393       985.2540893555
322.903412      1101.1663818359
323.272430      1000.8576660156
323.641418      1036.5229492188
324.010315       980.7958984375
324.379242      1036.5229492188
324.748077       971.8795776367
325.116913      1072.1882324219
325.485657      1023.1484985352
325.854431      1061.0428466797
326.223145      1029.8356933594
326.591827      1069.9592285156
326.960480      1072.1882324219
327.329102      1016.4612426758
327.697693      1036.5229492188
328.066193      1076.6464843750
328.434723      1034.2938232422
328.803192      1016.4612426758
329.171600      1130.1444091797
329.540009      1083.3336181641
329.908386      1009.7739868164
330.276703       987.4831542969
330.645050       965.1923217773
331.013306      1061.0428466797
331.381500      1027.6066894531
331.749695      1063.2719726563
332.117859      1076.6464843750
332.485962      1047.6683349609
332.854034       987.4831542969
333.222107      1012.0030517578
333.590118      1020.9193725586
333.958099      1036.5229492188
334.326050      1049.8974609375
334.693970      1034.2938232422
335.061859      1018.6903076172
335.429657      1058.8137207031
335.797455      1072.1882324219
336.165192       998.6285400391
336.532959       945.1306152344
336.900665      1018.6903076172
337.268341      1049.8974609375
337.635956      1090.0208740234
338.003571      1003.0867309570
338.371124       991.9413452148
338.738647       987.4831542969
339.106110      1043.2102050781
339.473572      1032.0648193359
339.840942      1023.1484985352
340.208344      1038.7520751953
340.575653      1078.8754882813
340.942993      1023.1484985352
341.310272      1078.8754882813
341.677521      1029.8356933594
342.044708      1012.0030517578
342.411865      1012.0030517578
342.778992      1036.5229492188
343.146088      1040.9810791016
343.513123      1018.6903076172
343.880157      1058.8137207031
344.247131       954.0469360352
344.614105      1007.5449218750
344.981049      1009.7739868164
345.347900       998.6285400391
345.714783      1014.2321166992
346.081573      1061.0428466797
346.448334       989.7122192383
346.815094      1032.0648193359
347.181763       971.8795776367
347.548431      1018.6903076172
347.915070      1038.7520751953
348.281677      1056.5847167969
348.648224      1081.1046142578
349.014771      1003.0867309570
349.381256      1072.1882324219
349.747711      1076.6464843750
350.114105      1027.6066894531
350.480469      1061.0428466797
350.846832      1056.5847167969
351.213135      1032.0648193359
351.579407      1007.5449218750
351.945679       976.3377685547
352.311890      1061.0428466797
352.678040       994.1704101563
353.044189      1025.3775634766
353.410278      1047.6683349609
353.776337      1063.2719726563
354.142303      1009.7739868164
354.508301       980.7958984375
354.874268      1025.3775634766
355.240204      1043.2102050781
355.606079       978.5668334961
355.971924      1016.4612426758
356.337738      1003.0867309570
356.703491      1025.3775634766
357.069244      1052.1265869141
357.434937      1038.7520751953
357.800598      1040.9810791016
358.166229      1085.5627441406
358.531830      1000.8576660156
358.897369       994.1704101563
359.262909       994.1704101563
359.628418      1072.1882324219
359.993866       969.6505126953
360.359222      1016.4612426758
360.724609      1081.1046142578
361.089966      1136.8316650391
361.455261      1007.5449218750
361.820526      1065.5009765625
362.185760      1065.5009765625
362.550964      1078.8754882813
362.916138      1043.2102050781
363.281250      1069.9592285156
363.646332      1023.1484985352
364.011383      1121.2280273438
364.376404      1034.2938232422
364.741333      1043.2102050781
365.106293      1027.6066894531
365.471222      1076.6464843750
365.836090       967.4214477539
366.200928      1034.2938232422
366.565735      1065.5009765625
366.930511      1023.1484985352
367.295227       947.3596801758
367.659912      1078.8754882813
368.024536      1025.3775634766
368.389160      1078.8754882813
368.753723      1036.5229492188
369.118317      1052.1265869141
369.482819      1023.1484985352
369.847260      1087.7918701172
370.211731      1065.5009765625
370.576111      1085.5627441406
370.940460       938.4433593750
371.304810      1027.6066894531
371.669098      1040.9810791016
372.033325      1063.2719726563
372.397522      1012.0030517578
372.761749       996.3994750977
373.125885       980.7958984375
373.489990       969.6505126953
373.854065      1069.9592285156
374.218109      1036.5229492188
374.582092      1090.0208740234
374.946075       989.7122192383
375.309998      1052.1265869141
375.673859      1085.5627441406
376.037720      1032.0648193359
376.401550      1014.2321166992
376.765320      1007.5449218750
377.129059      1018.6903076172
377.492798      1038.7520751953
377.856476      1054.3555908203
378.220062      1012.0030517578
378.583679      1009.7739868164
378.947205       983.0250244141
379.310730       983.0250244141
379.674225      1054.3555908203
380.037689       956.2760009766
380.401093      1036.5229492188
380.764496      1038.7520751953
381.127838      1018.6903076172
381.491119      1092.2500000000
381.854370      1052.1265869141
382.217621       976.3377685547
382.580811      1049.8974609375
382.943939      1020.9193725586
383.307068       958.5051269531
383.670166      1078.8754882813
384.033203      1076.6464843750
384.396240      1072.1882324219
384.759216      1029.8356933594
385.122131      1045.4393310547
385.485016      1107.8535156250
385.847900      1036.5229492188
386.210724      1040.9810791016
386.573486      1025.3775634766
386.936279      1054.3555908203
387.298981      1000.8576660156
387.661652       989.7122192383
388.024323      1003.0867309570
388.386902      1098.9372558594
388.749481      1032.0648193359
389.112000      1045.4393310547
389.474487      1085.5627441406
389.836945       989.7122192383
390.199371      1036.5229492188
390.561737      1085.5627441406
390.924103      1032.0648193359
391.286407      1087.7918701172
391.648682      1007.5449218750
392.010925       976.3377685547
392.373108      1032.0648193359
392.735291       958.5051269531
393.097382      1061.0428466797
393.459473      1014.2321166992
393.821533      1034.2938232422
394.183533      1045.4393310547
394.545532       954.0469360352
394.907471      1040.9810791016
395.269379      1014.2321166992
395.631256      1029.8356933594
395.993042      1029.8356933594
396.354828      1038.7520751953
396.716583      1058.8137207031
397.078308      1047.6683349609
397.439972      1012.0030517578
397.801636      1032.0648193359
398.163239      1096.7081298828
398.524841      1087.7918701172
398.886383      1034.2938232422
399.247833      1036.5229492188
399.609283      1038.7520751953
399.970703      1052.1265869141
400.332062      1087.7918701172
400.693420       974.1086425781
401.054718      1052.1265869141
401.416016      1081.1046142578
401.777252      1018.6903076172
402.138458      1018.6903076172
402.499603      1003.0867309570
402.860718      1009.7739868164
403.221832       985.2540893555
403.582855       974.1086425781
403.943848      1018.6903076172
404.304810       980.7958984375
404.665771      1034.2938232422
405.026642      1000.8576660156
405.387543      1087.7918701172
405.748352      1067.7301025391
406.109161      1036.5229492188
406.469849      1087.7918701172
406.830597      1049.8974609375
407.191223      1061.0428466797
407.551880      1038.7520751953
407.912476      1036.5229492188
408.273041      1020.9193725586
408.633575      1072.1882324219
408.994049      1065.5009765625
409.354492      1020.9193725586
409.714935       985.2540893555
410.075287       994.1704101563
410.435608      1034.2938232422
410.795868      1018.6903076172
411.156158      1016.4612426758
411.516388      1072.1882324219
411.876587      1067.7301025391
412.236725      1016.4612426758
412.596832      1003.0867309570
412.956909      1069.9592285156
413.316925       980.7958984375
413.676910      1112.3117675781
414.036896      1083.3336181641
414.396820      1007.5449218750
414.756683      1038.7520751953
415.116547      1067.7301025391
415.476379      1040.9810791016
415.836121      1029.8356933594
416.195862      1056.5847167969
416.555542       985.2540893555
416.915192      1023.1484985352
417.274811       983.0250244141
417.634399      1005.3157958984
417.993927      1061.0428466797
418.353455      1032.0648193359
418.712891      1003.0867309570
419.072357      1027.6066894531
419.431763      1065.5009765625
419.791107      1090.0208740234
420.150452       974.1086425781
420.509674       998.6285400391
420.868927      1045.4393310547
421.228119       960.7341918945
421.587280      1014.2321166992
421.946411      1054.3555908203
422.305542      1009.7739868164
422.664581      1034.2938232422
423.023621      1029.8356933594
423.382568      1018.6903076172
423.741516      1005.3157958984
424.100403      1043.2102050781
424.459259      1020.9193725586
424.818054       936.2142944336
425.176880      1063.2719726563
425.535614      1029.8356933594
425.894348      1078.8754882813
426.252991      1052.1265869141
426.611633      1005.3157958984
426.970245      1034.2938232422
427.328796      1056.5847167969
427.687317       978.5668334961
428.045807      1003.0867309570
428.404205      1012.0030517578
428.762604      1025.3775634766
429.121002       985.2540893555
429.479340      1038.7520751953
429.837616      1054.3555908203
430.195892      1083.3336181641
430.554138      1058.8137207031
430.912292      1003.0867309570
431.270416      1038.7520751953
431.628510      1009.7739868164
431.986542      1087.7918701172
432.344574      1063.2719726563
432.702576      1078.8754882813
433.060516      1012.0030517578
433.418427      1110.0826416016
433.776306      1083.3336181641
434.134155      1036.5229492188
434.491913       951.8178710938
434.849701      1036.5229492188
435.207397      1032.0648193359
435.565063      1061.0428466797
435.922729      1043.2102050781
436.280334       998.6285400391
436.637909      1032.0648193359
436.995453      1027.6066894531
437.352936      1078.8754882813
437.710388      1040.9810791016
438.067780      1047.6683349609
438.425171      1032.0648193359
438.782471      1034.2938232422
439.139771      1025.3775634766
439.497040      1058.8137207031
439.854279      1065.5009765625
440.211426       976.3377685547
440.568604      1032.0648193359
440.925720       965.1923217773
441.282776      1107.8535156250
441.639801       954.0469360352
441.996735      1014.2321166992
442.353699      1007.5449218750
442.710602      1038.7520751953
443.067505      1087.7918701172
443.424347      1043.2102050781
443.781128      1092.2500000000
444.137878      1034.2938232422
444.494629      1072.1882324219
444.851288      1090.0208740234
445.207916      1074.4173583984
445.564514      1052.1265869141
445.921051      1043.2102050781
446.277618      1023.1484985352
446.634094      1029.8356933594
446.990540       987.4831542969
447.346985      1027.6066894531
447.703339      1029.8356933594
448.059692       996.3994750977
448.416016       969.6505126953
448.772186      1038.7520751953
449.128418      1047.6683349609
449.484589      1096.7081298828
449.840729       985.2540893555
450.196838      1005.3157958984
450.552917      1063.2719726563
450.908966      1049.8974609375
451.264954      1003.0867309570
451.620880       951.8178710938
451.976807      1025.3775634766
452.332611      1047.6683349609
452.688446      1029.8356933594
453.044250      1032.0648193359
453.399994      1092.2500000000
453.755707      1020.9193725586
454.111389      1012.0030517578
454.467041      1076.6464843750
454.822632      1094.4791259766
455.178192      1054.3555908203
455.533722      1052.1265869141
455.889130      1063.2719726563
456.244598      1069.9592285156
456.600006      1067.7301025391
456.955353      1027.6066894531
457.310699      1112.3117675781
457.665985      1020.9193725586
458.021240      1087.7918701172
458.376434      1072.1882324219
458.731628      1052.1265869141
459.086700       994.1704101563
459.441772      1029.8356933594
459.796844      1052.1265869141
460.151886      1045.4393310547
460.506836      1043.2102050781
460.861786       976.3377685547
461.216675      1032.0648193359
461.571533      1020.9193725586
461.926361      1032.0648193359
462.281158      1043.2102050781
462.635803      1014.2321166992
462.990540      1003.0867309570
463.345184      1085.5627441406
463.699829      1014.2321166992
464.054413      1014.2321166992
464.408936      1072.1882324219
464.763458       976.3377685547
465.117920      1043.2102050781
465.472351       949.5887451172
465.826752      1052.1265869141
466.181030      1054.3555908203
466.535339      1025.3775634766
466.889618      1085.5627441406
467.243866      1032.0648193359
467.598053      1054.3555908203
467.952209       996.3994750977
468.306305      1049.8974609375
468.660370      1094.4791259766
469.014435      1003.0867309570
469.368439      1036.5229492188
469.722321       994.1704101563
470.076263       998.6285400391
470.430115      1054.3555908203
470.783966      1005.3157958984
471.137756      1056.5847167969
471.491516      1076.6464843750
471.845245      1058.8137207031
472.198944      1036.5229492188
472.552582      1065.5009765625
472.906128      1009.7739868164
473.259705      1014.2321166992
473.613220      1027.6066894531
473.966675      1054.3555908203
474.320129      1023.1484985352
474.673553      1038.7520751953
475.026917       927.2979736328
475.380249       998.6285400391
475.733521      1029.8356933594
476.086761      1029.8356933594
476.439911      1009.7739868164
476.793091      1054.3555908203
477.146210       980.7958984375
477.499298      1012.0030517578
477.852356      1061.0428466797
478.205353      1074.4173583984
478.558350      1025.3775634766
478.911285      1045.4393310547
479.264160      1016.4612426758
479.617035       983.0250244141
479.969757      1014.2321166992
480.322540      1038.7520751953
480.675262       987.4831542969
481.027985      1061.0428466797
481.380615      1063.2719726563
481.733246       994.1704101563
482.085815      1056.5847167969
482.438324      1110.0826416016
482.790833       980.7958984375
483.143280      1045.4393310547
483.495667      1081.1046142578
483.848022      1056.5847167969
484.200348      1000.8576660156
484.552673      1116.7698974609
484.904907      1023.1484985352
485.257111       927.2979736328
485.609283      1058.8137207031
485.961456       936.2142944336
486.313538       989.7122192383
486.665588      1023.1484985352
487.017548      1074.4173583984
487.369507      1047.6683349609
487.721466      1056.5847167969
488.073334      1056.5847167969
488.425232      1032.0648193359
488.777039       956.2760009766
489.128815      1014.2321166992
489.480560       918.3816528320
489.832245      1063.2719726563
490.183868      1047.6683349609
490.535461      1018.6903076172
490.887054       989.7122192383
491.238586       958.5051269531
491.590057      1072.1882324219
491.941528      1040.9810791016
492.292938       958.5051269531
492.644318      1052.1265869141
492.995667       996.3994750977
493.346954      1025.3775634766
493.698181      1056.5847167969
494.049377      1045.4393310547
494.400543      1000.8576660156
494.751678      1083.3336181641
495.102783      1096.7081298828
495.453827      1087.7918701172
495.804871      1018.6903076172
496.155853       998.6285400391
496.506775      1040.9810791016
496.857666       989.7122192383
497.208466      1036.5229492188
497.559265      1025.3775634766
497.910065       969.6505126953
498.260773      1038.7520751953
498.611481      1018.6903076172
498.962128      1016.4612426758
499.312744      1014.2321166992
499.663300      1018.6903076172
500.013855      1054.3555908203
500.364349      1069.9592285156
500.714752      1065.5009765625
501.065155      1016.4612426758
501.415527       969.6505126953
501.765869      1067.7301025391
502.116150      1040.9810791016
502.466400      1045.4393310547
502.816620      1043.2102050781
503.166779       989.7122192383
503.516907       989.7122192383
503.866943      1038.7520751953
504.217010      1014.2321166992
504.567017      1056.5847167969
504.916962      1072.1882324219
505.266876      1023.1484985352
505.616791      1103.3953857422
505.966644      1020.9193725586
506.316437      1036.5229492188
506.666199      1067.7301025391
507.015930      1090.0208740234
507.365570       936.2142944336
507.715210      1025.3775634766
508.064789      1003.0867309570
508.414368      1045.4393310547
508.763885      1036.5229492188
509.113373      1076.6464843750
509.462830       945.1306152344
509.812225      1045.4393310547
510.161591       998.6285400391
510.510895      1056.5847167969
510.860107       978.5668334961
511.209381      1009.7739868164
511.558563      1000.8576660156
511.907715      1023.1484985352
512.256836      1005.3157958984
512.605896      1054.3555908203
512.954956       998.6285400391
513.303955      1087.7918701172
513.652832      1049.8974609375
514.001831       991.9413452148
514.350647      1020.9193725586
514.699463      1036.5229492188
515.048279       985.2540893555
515.396973      1025.3775634766
515.745728      1058.8137207031
516.094360      1038.7520751953
516.442993      1049.8974609375
516.791565      1072.1882324219
517.140137      1112.3117675781
517.488586      1063.2719726563
517.837036      1038.7520751953
518.185425      1000.8576660156
518.533875      1012.0030517578
518.882202      1023.1484985352
519.230469      1054.3555908203
519.578735      1058.8137207031
519.927002      1078.8754882813
520.275146       987.4831542969
520.623291      1056.5847167969
520.971313      1098.9372558594
521.319336       971.8795776367
521.667419      1009.7739868164
522.015381      1090.0208740234
522.363281      1063.2719726563
522.711182      1063.2719726563
523.059021      1000.8576660156
523.406860      1092.2500000000
523.754639      1016.4612426758
524.102356      1012.0030517578
524.449951      1034.2938232422
524.797607       994.1704101563
525.145203      1016.4612426758
525.492798      1036.5229492188
525.840332      1036.5229492188
526.187805      1056.5847167969
526.535217      1040.9810791016
526.882629       998.6285400391
527.230042       989.7122192383
527.577332      1052.1265869141
527.924500      1023.1484985352
528.271729      1032.0648193359
528.618896      1087.7918701172
528.966125      1005.3157958984
529.313232      1072.1882324219
529.660278      1043.2102050781
530.007324      1049.8974609375
530.354309      1020.9193725586
530.701233      1045.4393310547
531.048096      1061.0428466797
531.394958      1047.6683349609
531.741760      1038.7520751953
532.088562      1072.1882324219
532.435303      1016.4612426758
532.781982       980.7958984375
533.128601      1085.5627441406
533.475281      1103.3953857422
533.821838      1018.6903076172
534.168335      1032.0648193359
534.514832      1025.3775634766
534.861206       991.9413452148
535.207703       949.5887451172
535.554016       996.3994750977
535.900391      1018.6903076172
536.246643      1087.7918701172
536.592896      1034.2938232422
536.939087      1016.4612426758
537.285278      1029.8356933594
537.631348      1087.7918701172
537.977417      1063.2719726563
538.323425      1096.7081298828
538.669373       985.2540893555
539.015381      1114.5407714844
539.361267       994.1704101563
539.707153       974.1086425781
540.052979      1112.3117675781
540.398804      1063.2719726563
540.744507      1045.4393310547
541.090210      1005.3157958984
541.435791      1058.8137207031
541.781433       985.2540893555
542.127014      1029.8356933594
542.472595      1005.3157958984
542.818054      1061.0428466797
543.163513      1052.1265869141
543.508911       991.9413452148
543.854309       994.1704101563
544.199646      1000.8576660156
544.544800      1018.6903076172
544.890076      1012.0030517578
545.235291      1038.7520751953
545.580444      1047.6683349609
545.925537       991.9413452148
546.270630      1043.2102050781
546.615723      1076.6464843750
546.960693      1061.0428466797
547.305603      1090.0208740234
547.650574      1074.4173583984
547.995361      1049.8974609375
548.340149       987.4831542969
548.684998      1049.8974609375
549.029724      1016.4612426758
549.374390      1043.2102050781
549.719116       974.1086425781
550.063660      1032.0648193359
550.408264      1074.4173583984
550.752869      1047.6683349609
551.097290      1000.8576660156
551.441711      1023.1484985352
551.786133      1043.2102050781
552.130493       991.9413452148
552.474854      1023.1484985352
552.819092      1032.0648193359
553.163330      1036.5229492188
553.507507      1069.9592285156
553.851685      1065.5009765625
554.195801      1090.0208740234
554.539917      1078.8754882813
554.883850      1023.1484985352
555.227844       996.3994750977
555.571777       985.2540893555
555.915710      1014.2321166992
556.259583      1025.3775634766
556.603333      1049.8974609375
556.947205      1045.4393310547
557.290894      1029.8356933594
557.634583       967.4214477539
557.978210      1034.2938232422
558.321777      1054.3555908203
558.665405      1061.0428466797
559.008911      1014.2321166992
559.352417      1047.6683349609
559.695862      1052.1265869141
560.039185      1018.6903076172
560.382568       983.0250244141
560.725891      1032.0648193359
561.069153      1054.3555908203
561.412354      1074.4173583984
561.755554      1038.7520751953
562.098694       980.7958984375
562.441772       980.7958984375
562.784851      1085.5627441406
563.127930      1025.3775634766
563.470825      1012.0030517578
563.813782      1054.3555908203
564.156738       978.5668334961
564.499573      1023.1484985352
564.842285      1101.1663818359
565.185059      1018.6903076172
565.527771      1016.4612426758
565.870422      1000.8576660156
566.213135       989.7122192383
566.555725      1007.5449218750
566.898254       987.4831542969
567.240784       991.9413452148
567.583252       994.1704101563
567.925659      1054.3555908203
568.268005      1078.8754882813
568.610291      1072.1882324219
568.952637      1020.9193725586
569.294922      1014.2321166992
569.637146      1038.7520751953
569.979309      1038.7520751953
570.321411       994.1704101563
570.663513      1036.5229492188
571.005554      1020.9193725586
571.347473      1065.5009765625
571.689453      1090.0208740234
572.031372      1038.7520751953
572.373230       980.7958984375
572.715088      1009.7739868164
573.056885      1063.2719726563
573.398621      1009.7739868164
573.740295      1063.2719726563
574.082031      1020.9193725586
574.423584      1058.8137207031
574.765137      1054.3555908203
575.106689       962.9632568359
575.448120       978.5668334961
575.789612      1036.5229492188
576.130981      1085.5627441406
576.472351      1045.4393310547
576.813721      1076.6464843750
577.154968      1072.1882324219
577.496216      1061.0428466797
577.837402      1032.0648193359
578.178467       976.3377685547
578.519592       969.6505126953
578.860657       962.9632568359
579.201660      1083.3336181641
579.542664      1007.5449218750
579.883606      1058.8137207031
580.224487      1020.9193725586
580.565308      1020.9193725586
580.906189      1078.8754882813
581.246948      1096.7081298828
581.587585      1096.7081298828
581.928223       991.9413452148
582.268921      1043.2102050781
582.609497      1067.7301025391
582.950012      1014.2321166992
583.290527      1047.6683349609
583.630981       987.4831542969
583.971436      1034.2938232422
584.311829      1014.2321166992
584.652100       994.1704101563
584.992371      1074.4173583984
585.332642      1043.2102050781
585.672852      1023.1484985352
586.013000      1029.8356933594
586.353088       983.0250244141
586.693176      1034.2938232422
587.033264      1047.6683349609
587.373230      1009.7739868164
587.713196      1061.0428466797
588.053040      1018.6903076172
588.392883      1014.2321166992
588.732727      1020.9193725586
589.072510      1034.2938232422
589.412231      1067.7301025391
589.751892       969.6505126953
590.091553      1020.9193725586
590.431152      1016.4612426758
590.770752      1029.8356933594
591.110229      1074.4173583984
591.449707      1005.3157958984
591.789124       976.3377685547
592.128479       962.9632568359
592.467834      1000.8576660156
592.807129      1069.9592285156
593.146423      1069.9592285156
593.485596      1076.6464843750
593.824768      1020.9193725586
594.163879       983.0250244141
594.502991      1054.3555908203
594.841980      1034.2938232422
595.180969      1092.2500000000
595.519897      1090.0208740234
595.858887      1043.2102050781
596.197693      1127.9152832031
596.536499      1014.2321166992
596.875305      1032.0648193359
597.214050      1025.3775634766
597.552734      1009.7739868164
597.891296      1083.3336181641
598.229980      1085.5627441406
598.568542       994.1704101563
598.907043      1020.9193725586
599.245483      1056.5847167969
599.583984      1023.1484985352
599.922363      1003.0867309570
600.260681      1029.8356933594
600.598999      1029.8356933594
600.937256      1096.7081298828
601.275452      1000.8576660156
601.613586       978.5668334961
601.951721      1007.5449218750
602.289856      1092.2500000000
602.627869      1034.2938232422
602.965881      1063.2719726563
603.303833      1020.9193725586
603.641724      1085.5627441406
603.979614      1007.5449218750
604.317444      1016.4612426758
604.655151      1092.2500000000
604.992859      1058.8137207031
605.330566       996.3994750977
605.668274      1038.7520751953
606.005859      1090.0208740234
606.343445       996.3994750977
606.680908      1025.3775634766
607.018433      1005.3157958984
607.355835       954.0469360352
607.693237      1025.3775634766
608.030579      1056.5847167969
608.367859      1045.4393310547
608.705078      1000.8576660156
609.042297      1023.1484985352
609.379456      1043.2102050781
609.716614      1061.0428466797
610.053650      1043.2102050781
610.390686      1003.0867309570
610.727722      1029.8356933594
611.064575      1000.8576660156
611.401550      1065.5009765625
611.738403      1052.1265869141
612.075256      1045.4393310547
612.411987      1087.7918701172
612.748779       996.3994750977
613.085449      1036.5229492188
613.422058      1043.2102050781
613.758667      1012.0030517578
614.095215      1058.8137207031
614.431702      1072.1882324219
614.768127       996.3994750977
615.104614      1034.2938232422
615.440979      1005.3157958984
615.777283       949.5887451172
616.113586      1034.2938232422
616.449829      1016.4612426758
616.786011      1078.8754882813
617.122192      1040.9810791016
617.458374      1090.0208740234
617.794373       985.2540893555
618.130371      1065.5009765625
618.466370      1045.4393310547
618.802246      1014.2321166992
619.138184       980.7958984375
619.474060      1043.2102050781
619.809875       978.5668334961
620.145630      1107.8535156250
620.481323      1074.4173583984
620.817017      1023.1484985352
621.152588      1000.8576660156
621.488220       989.7122192383
621.823792      1029.8356933594
622.159241      1087.7918701172
622.494690      1000.8576660156
622.830078       971.8795776367
623.165466      1052.1265869141
623.500793      1049.8974609375
623.836060      1045.4393310547
624.171265      1112.3117675781
624.506470       998.6285400391
624.841553       980.7958984375
625.176697      1005.3157958984
625.511719      1096.7081298828
625.846741      1147.9770507813
626.181702      1090.0208740234
626.516663      1085.5627441406
626.851563      1025.3775634766
627.186401       945.1306152344
627.521118      1065.5009765625
627.855896      1027.6066894531
628.190552      1040.9810791016
628.525269      1065.5009765625
628.859863      1096.7081298828
629.194458      1065.5009765625
629.528992      1123.4571533203
629.863403      1027.6066894531
630.197815      1032.0648193359
630.532288      1000.8576660156
630.866516       980.7958984375
631.200867      1105.6245117188
631.535156      1047.6683349609
631.869324       985.2540893555
632.203491       974.1086425781
632.537659      1012.0030517578
632.871704       949.5887451172
633.205750       989.7122192383
633.539795      1052.1265869141
633.873718      1043.2102050781
634.207520      1025.3775634766
634.541443      1012.0030517578
634.875244      1014.2321166992
635.208984      1072.1882324219
635.542725       985.2540893555
635.876404      1032.0648193359
636.210022      1063.2719726563
636.543640      1029.8356933594
636.877197      1005.3157958984
637.210571      1049.8974609375
637.544067      1016.4612426758
637.877502      1012.0030517578
638.210815      1029.8356933594
638.544189      1027.6066894531
638.877441      1072.1882324219
639.210693      1094.4791259766
639.543884      1014.2321166992
639.877014      1047.6683349609
640.210144      1007.5449218750
640.543091      1072.1882324219
640.876099      1058.8137207031
641.209106      1047.6683349609
641.541992      1032.0648193359
641.874939       998.6285400391
642.207703       971.8795776367
642.540527      1000.8576660156
642.873230      1012.0030517578
643.205994      1000.8576660156
643.538574      1000.8576660156
643.871155      1047.6683349609
644.203674      1036.5229492188
644.536255      1040.9810791016
644.868713      1034.2938232422
645.201172      1116.7698974609
645.533508      1087.7918701172
645.865845       989.7122192383
646.198120      1016.4612426758
646.530396      1009.7739868164
646.862610      1052.1265869141
647.194702      1036.5229492188
647.526855      1000.8576660156
647.858887      1036.5229492188
648.190857       980.7958984375
648.522827       998.6285400391
648.854797       994.1704101563
649.186707      1040.9810791016
649.518555      1092.2500000000
649.850342       985.2540893555
650.182007      1003.0867309570
650.513733      1020.9193725586
650.845398       942.9015502930
651.177063      1087.7918701172
651.508606      1085.5627441406
651.840088      1047.6683349609
652.171631      1029.8356933594
652.503052       971.8795776367
652.834412      1074.4173583984
653.165771       989.7122192383
653.497070       987.4831542969
653.828308      1034.2938232422
654.159485      1081.1046142578
654.490662      1025.3775634766
654.821838      1063.2719726563
655.152832      1005.3157958984
655.483887      1052.1265869141
655.814880      1038.7520751953
656.145813      1014.2321166992
656.476685      1047.6683349609
656.807495      1032.0648193359
657.138306       991.9413452148
657.469116      1016.4612426758
657.799744      1040.9810791016
658.130493      1112.3117675781
658.461121      1058.8137207031
658.791687      1029.8356933594
659.122192      1043.2102050781
659.452698      1014.2321166992
659.783142      1087.7918701172
660.113464      1125.6862792969
660.443787       978.5668334961
660.774109      1020.9193725586
661.104370      1049.8974609375
661.434570      1016.4612426758
661.764771      1036.5229492188
662.094849      1094.4791259766
662.424988      1052.1265869141
662.755005      1058.8137207031
663.084900       976.3377685547
663.414856       989.7122192383
663.744751       991.9413452148
664.074585      1025.3775634766
664.404419      1027.6066894531
664.734131       960.7341918945
665.063904       998.6285400391
665.393555      1074.4173583984
665.723206      1034.2938232422
666.052734      1078.8754882813
666.382202      1049.8974609375
666.711670      1045.4393310547
667.041138      1047.6683349609
667.370544      1090.0208740234
667.699829       994.1704101563
668.029175      1018.6903076172
668.358459      1020.9193725586
668.687622       985.2540893555
669.016846       998.6285400391
669.345947      1090.0208740234
669.674927      1018.6903076172
670.003967      1040.9810791016
670.332947      1049.8974609375
670.661865      1107.8535156250
670.990784      1072.1882324219
671.319641      1018.6903076172
671.648438       969.6505126953
671.977112      1014.2321166992
672.305847      1040.9810791016
672.634521      1098.9372558594
672.963135      1018.6903076172
673.291687       960.7341918945
673.620178      1003.0867309570
673.948669      1063.2719726563
674.277100      1034.2938232422
674.605469      1058.8137207031
674.933899       983.0250244141
675.262085      1078.8754882813
675.590332      1047.6683349609
675.918579      1029.8356933594
676.246704      1052.1265869141
676.574829      1036.5229492188
676.902893      1105.6245117188
677.230896      1058.8137207031
677.558899      1058.8137207031
677.886841      1058.8137207031
678.214661      1040.9810791016
678.542480      1056.5847167969
678.870239       996.3994750977
679.197998      1054.3555908203
679.525696      1007.5449218750
679.853394       994.1704101563
680.180969      1061.0428466797
680.508484      1065.5009765625
680.836060       985.2540893555
681.163452       983.0250244141
681.490845      1076.6464843750
681.818237      1023.1484985352
682.145569      1069.9592285156
682.472839      1049.8974609375
682.800110      1058.8137207031
683.127319      1101.1663818359
683.454468      1067.7301025391
683.781494      1034.2938232422
684.108582       976.3377685547
684.435608      1018.6903076172
684.762451      1036.5229492188
685.089355      1052.1265869141
685.416199       983.0250244141
685.743103      1014.2321166992
686.069824      1029.8356933594
686.396606      1081.1046142578
686.723267       987.4831542969
687.049927      1003.0867309570
687.376465      1049.8974609375
687.703003       983.0250244141
688.029419      1063.2719726563
688.355957      1027.6066894531
688.682312      1034.2938232422
689.008667      1056.5847167969
689.334961      1043.2102050781
689.661316       994.1704101563
689.987427      1087.7918701172
690.313660      1043.2102050781
690.639771      1061.0428466797
690.965881      1047.6683349609
691.291809       994.1704101563
691.617798       967.4214477539
691.943726      1027.6066894531
692.269714      1043.2102050781
692.595459       989.7122192383
692.921326      1076.6464843750
693.247009      1052.1265869141
693.572754      1029.8356933594
693.898438      1096.7081298828
694.223999      1087.7918701172
694.549561      1045.4393310547
694.875061      1047.6683349609
695.200562       987.4831542969
695.526001      1036.5229492188
695.851379      1045.4393310547
696.176697      1036.5229492188
696.502014      1027.6066894531
696.827271      1090.0208740234
697.152405      1072.1882324219
697.477539      1016.4612426758
697.802612      1032.0648193359
698.127625      1012.0030517578
698.452698      1036.5229492188
698.777649      1003.0867309570
699.102539      1014.2321166992
699.427429      1020.9193725586
699.752258      1023.1484985352
700.077026      1047.6683349609
700.401733      1061.0428466797
700.726379      1034.2938232422
701.051025      1036.5229492188
701.375610      1016.4612426758
701.700134      1092.2500000000
702.024658      1029.8356933594
702.349060      1043.2102050781
702.673462      1049.8974609375
702.997864      1045.4393310547
703.322144      1069.9592285156
703.646362      1000.8576660156
703.970520      1063.2719726563
704.294739      1052.1265869141
704.618896      1096.7081298828
704.942932      1025.3775634766
705.266968      1047.6683349609
705.590942      1040.9810791016
705.914917      1000.8576660156
706.238770      1065.5009765625
706.562622      1072.1882324219
706.886292      1027.6066894531
707.210083       994.1704101563
707.533813      1036.5229492188
707.857422      1054.3555908203
708.181030      1038.7520751953
708.504578      1007.5449218750
708.828064       965.1923217773
709.151550       967.4214477539
709.474976       909.4653320313
709.798340      1061.0428466797
710.121582      1009.7739868164
710.444885       980.7958984375
710.768127      1081.1046142578
711.091248       887.1744995117
711.414429       918.3816528320
711.737488      1034.2938232422
712.060547      1027.6066894531
712.383484      1054.3555908203
712.706482      1032.0648193359
713.029358      1067.7301025391
713.352112      1072.1882324219
713.674927      1018.6903076172
713.997681      1074.4173583984
714.320435      1098.9372558594
714.643066      1025.3775634766
714.965698       954.0469360352
715.288269      1067.7301025391
715.610779      1012.0030517578
715.933289      1056.5847167969
716.255737      1012.0030517578
716.578003      1003.0867309570
716.900330       969.6505126953
717.222595      1018.6903076172
717.544861      1049.8974609375
717.867065      1047.6683349609
718.189209      1020.9193725586
718.511292      1029.8356933594
718.833313      1040.9810791016
719.155334      1103.3953857422
719.477234      1003.0867309570
719.799133       989.7122192383
720.120972      1005.3157958984
720.442749      1094.4791259766
720.764587      1038.7520751953
721.086304       994.1704101563
721.407898      1014.2321166992
721.729553       989.7122192383
722.051147      1063.2719726563
722.372681      1012.0030517578
722.694092      1016.4612426758
723.015503      1049.8974609375
723.336914      1009.7739868164
723.658264      1067.7301025391
723.979492      1090.0208740234
724.300781      1087.7918701172
724.621948      1074.4173583984
724.943115      1007.5449218750
725.264160       985.2540893555
725.585205      1012.0030517578
725.906189      1014.2321166992
726.227173      1074.4173583984
726.548035      1000.8576660156
726.868896      1045.4393310547
727.189697      1027.6066894531
727.510498       998.6285400391
727.831177      1087.7918701172
728.151855       989.7122192383
728.472473       942.9015502930
728.793091      1083.3336181641
729.113525      1045.4393310547
729.434021      1067.7301025391
729.754456       998.6285400391
730.074829       987.4831542969
730.395142       996.3994750977
730.715454      1018.6903076172
731.035706      1025.3775634766
731.355896      1036.5229492188
731.676025      1034.2938232422
731.996033      1020.9193725586
732.316101      1096.7081298828
732.636108      1007.5449218750
732.956055      1009.7739868164
733.275940      1029.8356933594
733.595825      1034.2938232422
733.915649      1038.7520751953
734.235413      1025.3775634766
734.555054      1067.7301025391
734.874817      1034.2938232422
735.194336      1032.0648193359
735.513855      1038.7520751953
735.833435      1029.8356933594
736.152893      1012.0030517578
736.472290      1000.8576660156
736.791687       976.3377685547
737.111023      1081.1046142578
737.430298      1023.1484985352
737.749512      1074.4173583984
738.068665      1032.0648193359
738.387817      1074.4173583984
738.706909      1016.4612426758
739.025879       994.1704101563
739.344910      1025.3775634766
739.663879      1087.7918701172
739.982788      1083.3336181641
740.301636      1058.8137207031
740.620422      1043.2102050781
740.939148      1009.7739868164
741.257874      1067.7301025391
741.576477      1023.1484985352
741.895020      1047.6683349609
742.213623      1036.5229492188
742.532166      1016.4612426758
742.850586      1023.1484985352
743.169006      1023.1484985352
743.487366      1065.5009765625
743.805725      1034.2938232422
744.123962      1069.9592285156
744.442200      1025.3775634766
744.760315      1069.9592285156
745.078430      1101.1663818359
745.396484      1085.5627441406
745.714539      1061.0428466797
746.032532      1047.6683349609
746.350464      1036.5229492188
746.668335      1016.4612426758
746.986206      1020.9193725586
747.303955      1038.7520751953
747.621643      1016.4612426758
747.939331      1056.5847167969
748.257019      1038.7520751953
748.574585      1090.0208740234
748.892151       956.2760009766
749.209656       976.3377685547
749.527100      1061.0428466797
749.844482      1065.5009765625
750.161804      1063.2719726563
750.479126      1014.2321166992
750.796326       969.6505126953
751.113525      1056.5847167969
751.430725      1061.0428466797
751.747803      1101.1663818359
752.064880       978.5668334961
752.381897      1005.3157958984
752.698853       989.7122192383
753.015747      1016.4612426758
753.332703      1065.5009765625
753.649475      1036.5229492188
753.966187      1085.5627441406
754.282898      1112.3117675781
754.599609      1047.6683349609
754.916199      1012.0030517578
755.232788      1032.0648193359
755.549316      1000.8576660156
755.865784      1007.5449218750
756.182190      1058.8137207031
756.498596      1036.5229492188
756.814941      1074.4173583984
757.131165      1036.5229492188
757.447388      1058.8137207031
757.763611      1016.4612426758
758.079712       958.5051269531
758.395813      1081.1046142578
758.711853      1054.3555908203
759.027832      1027.6066894531
759.343811      1063.2719726563
759.659668       989.7122192383
759.975464      1025.3775634766
760.291260       976.3377685547
760.606995      1063.2719726563
760.922668       989.7122192383
761.238342      1076.6464843750
761.554016      1047.6683349609
761.869507      1023.1484985352
762.185059      1087.7918701172
762.500488      1058.8137207031
762.815918       994.1704101563
763.131165       965.1923217773
763.446533      1065.5009765625
763.761719      1045.4393310547
764.076965      1023.1484985352
764.392151      1014.2321166992
764.707214       976.3377685547
765.022339       945.1306152344
765.337341      1049.8974609375
765.652283      1098.9372558594
765.967224      1009.7739868164
766.282043      1014.2321166992
766.596863      1007.5449218750
766.911621      1029.8356933594
767.226379      1110.0826416016
767.541016      1076.6464843750
767.855591      1036.5229492188
768.170227      1063.2719726563
768.484741      1023.1484985352
768.799194      1078.8754882813
769.113647      1092.2500000000
769.427979      1090.0208740234
769.742310      1020.9193725586
770.056580       965.1923217773
770.370850      1063.2719726563
770.684998      1016.4612426758
770.999084       983.0250244141
771.313232      1047.6683349609
771.627258      1034.2938232422
771.941223       991.9413452148
772.255066      1061.0428466797
772.569031      1025.3775634766
772.882813       962.9632568359
773.196594      1023.1484985352
773.510376      1025.3775634766
773.824036      1038.7520751953
774.137695      1061.0428466797
774.451294      1047.6683349609
774.764832      1003.0867309570
775.078308      1038.7520751953
775.391724      1012.0030517578
775.705078       980.7958984375
776.018433      1085.5627441406
776.331726      1018.6903076172
776.644958      1005.3157958984
776.958130      1018.6903076172
777.271301      1038.7520751953
777.584412       994.1704101563
777.897461      1087.7918701172
778.210510      1020.9193725586
778.523315       987.4831542969
778.836304      1081.1046142578
779.149109      1018.6903076172
779.461914      1032.0648193359
779.774658      1014.2321166992
780.087402      1025.3775634766
780.400024      1025.3775634766
780.712585      1136.8316650391
781.025146       985.2540893555
781.337646      1049.8974609375
781.650085      1096.7081298828
781.962463      1058.8137207031
782.274841      1074.4173583984
782.587158      1056.5847167969
782.899414       989.7122192383
783.211609      1032.0648193359
783.523743      1090.0208740234
783.835938      1036.5229492188
784.147949      1087.7918701172
784.459900       985.2540893555
784.771851      1036.5229492188
785.083801       989.7122192383
785.395630      1052.1265869141
785.707397       998.6285400391
786.019226       996.3994750977
786.330933      1078.8754882813
786.642578      1040.9810791016
786.954224      1056.5847167969
787.265747      1049.8974609375
787.577209      1090.0208740234
787.888672      1034.2938232422
788.200073      1043.2102050781
788.511414      1052.1265869141
788.822754      1047.6683349609
789.133972      1083.3336181641
789.445190      1025.3775634766
789.756409      1058.8137207031
790.067505      1038.7520751953
790.378540      1072.1882324219
790.689514      1083.3336181641
791.000488      1034.2938232422
791.311401      1047.6683349609
791.622314      1096.7081298828
791.933105      1049.8974609375
792.243896      1085.5627441406
792.554565      1058.8137207031
792.865234      1054.3555908203
793.175842      1074.4173583984
793.486389      1000.8576660156
793.796875      1047.6683349609
794.107300      1034.2938232422
794.417786      1009.7739868164
794.728088      1027.6066894531
795.038452      1085.5627441406
795.348694      1012.0030517578
795.658936      1009.7739868164
795.969055      1092.2500000000
796.279175      1009.7739868164
796.589172      1105.6245117188
796.899231      1007.5449218750
797.209167      1009.7739868164
797.519104       989.7122192383
797.828979      1047.6683349609
798.138794      1005.3157958984
798.448547      1038.7520751953
798.758301      1025.3775634766
799.067932      1069.9592285156
799.377563      1094.4791259766
799.687073      1098.9372558594
799.996582      1016.4612426758
800.306030      1036.5229492188
800.615479      1074.4173583984
800.924805      1049.8974609375
801.234192      1056.5847167969
801.543457      1040.9810791016
801.852600      1103.3953857422
802.161743      1054.3555908203
802.470886      1018.6903076172
802.779907      1047.6683349609
803.088867      1016.4612426758
803.397827      1058.8137207031
803.706787      1116.7698974609
804.015686      1025.3775634766
804.324463      1027.6066894531
804.633179      1029.8356933594
804.941956      1067.7301025391
805.250610      1056.5847167969
805.559204      1007.5449218750
805.867676       962.9632568359
806.176270      1025.3775634766
806.484680      1116.7698974609
806.793091      1061.0428466797
807.101440      1040.9810791016
807.409729      1038.7520751953
807.718018      1061.0428466797
808.026184      1061.0428466797
808.334351      1005.3157958984
808.642456      1076.6464843750
808.950439      1029.8356933594
809.258484      1081.1046142578
809.566467      1065.5009765625
809.874329       994.1704101563
810.182190      1027.6066894531
810.489990       989.7122192383
810.797791      1049.8974609375
811.105469      1081.1046142578
811.413147      1018.6903076172
811.720642      1040.9810791016
812.028198      1020.9193725586
812.335693      1012.0030517578
812.643188      1103.3953857422
812.950562      1005.3157958984
813.257935      1056.5847167969
813.565186      1014.2321166992
813.872498      1061.0428466797
814.179626      1049.8974609375
814.486816       996.3994750977
814.793823      1058.8137207031
815.100830      1105.6245117188
815.407837      1034.2938232422
815.714783      1014.2321166992
816.021667      1049.8974609375
816.328552      1043.2102050781
816.635315      1098.9372558594
816.942078      1067.7301025391
817.248779      1000.8576660156
817.555359      1023.1484985352
817.861938      1045.4393310547
818.168457       987.4831542969
818.474976      1072.1882324219
818.781372       994.1704101563
819.087769      1018.6903076172
819.394104      1040.9810791016
819.700378      1072.1882324219
820.006592      1005.3157958984
820.312744      1036.5229492188
820.618896      1065.5009765625
820.924927      1074.4173583984
821.230957      1061.0428466797
821.536926      1061.0428466797
821.842896      1069.9592285156
822.148804      1007.5449218750
822.454590      1054.3555908203
822.760376      1067.7301025391
823.066040      1065.5009765625
823.371704      1047.6683349609
823.677307       983.0250244141
823.982910      1063.2719726563
824.288391       974.1086425781
824.593872      1007.5449218750
824.899292       945.1306152344
825.204651       947.3596801758
825.509949      1003.0867309570
825.815186      1014.2321166992
826.120422       947.3596801758
826.425598      1025.3775634766
826.730652       989.7122192383
827.035706      1052.1265869141
827.340759      1067.7301025391
827.645630       969.6505126953
827.950623      1045.4393310547
828.255432      1058.8137207031
828.560242      1049.8974609375
828.864990      1067.7301025391
829.169739      1029.8356933594
829.474304      1000.8576660156
829.778870      1038.7520751953
830.083435      1069.9592285156
830.387878      1040.9810791016
830.692383      1123.4571533203
830.996765      1114.5407714844
831.301086      1043.2102050781
831.605408      1025.3775634766
831.909668       985.2540893555
832.213867      1027.6066894531
832.517883      1005.3157958984
832.821960      1083.3336181641
833.126038      1058.8137207031
833.429993       967.4214477539
833.733948      1040.9810791016
834.037842      1067.7301025391
834.341614      1096.7081298828
834.645386      1038.7520751953
834.949158      1067.7301025391
835.252808      1090.0208740234
835.556335       987.4831542969
835.859924       960.7341918945
836.163513      1007.5449218750
836.466980      1094.4791259766
836.770325       998.6285400391
837.073730      1061.0428466797
837.377075      1025.3775634766
837.680298      1067.7301025391
837.983521      1107.8535156250
838.286682       994.1704101563
838.589722      1072.1882324219
838.892761      1040.9810791016
839.195801      1045.4393310547
839.498779      1061.0428466797
839.801636      1023.1484985352
840.104492      1014.2321166992
840.407288      1018.6903076172
840.710022      1076.6464843750
841.012695      1107.8535156250
841.315369      1078.8754882813
841.617920       996.3994750977
841.920410      1040.9810791016
842.222961      1027.6066894531
842.525391      1094.4791259766
842.827759      1065.5009765625
843.130127      1018.6903076172
843.432373      1047.6683349609
843.734619       996.3994750977
844.036804      1032.0648193359
844.338867      1087.7918701172
844.640930      1087.7918701172
844.942993      1052.1265869141
845.244934      1052.1265869141
845.546814      1098.9372558594
845.848755      1027.6066894531
846.150513      1012.0030517578
846.452332      1076.6464843750
846.754028      1020.9193725586
847.055664      1078.8754882813
847.357239      1018.6903076172
847.658813      1074.4173583984
847.960327       942.9015502930
848.261780      1005.3157958984
848.563110      1016.4612426758
848.864563      1040.9810791016
849.165771      1103.3953857422
849.467041      1061.0428466797
849.768250      1018.6903076172
850.069397      1047.6683349609
850.370422      1056.5847167969
850.671448      1036.5229492188
850.972473      1090.0208740234
851.273376      1038.7520751953
851.574280      1025.3775634766
851.875122      1085.5627441406
852.175842      1076.6464843750
852.476624      1081.1046142578
852.777222      1025.3775634766
853.077881       998.6285400391
853.378418      1038.7520751953
853.678955      1049.8974609375
853.979370      1025.3775634766
854.279785      1009.7739868164
854.580200      1025.3775634766
854.880493       998.6285400391
855.180725      1056.5847167969
855.480957      1032.0648193359
855.781067      1029.8356933594
856.081116      1076.6464843750
856.381165      1065.5009765625
856.681152      1074.4173583984
856.981140       991.9413452148
857.281006      1049.8974609375
857.580872      1076.6464843750
857.880676      1047.6683349609
858.180420      1040.9810791016
858.480103      1058.8137207031
858.779724      1038.7520751953
859.079224       994.1704101563
859.378723      1012.0030517578
859.678223      1025.3775634766
859.977661      1032.0648193359
860.277039      1025.3775634766
860.576355      1014.2321166992
860.875610      1045.4393310547
861.174805      1047.6683349609
861.473999      1056.5847167969
861.773071       969.6505126953
862.072083      1009.7739868164
862.371094      1016.4612426758
862.670044      1121.2280273438
862.968933      1078.8754882813
863.267761      1069.9592285156
863.566589      1014.2321166992
863.865356       987.4831542969
864.164001      1025.3775634766
864.462646      1036.5229492188
864.761230       983.0250244141
865.059692      1083.3336181641
865.358154      1047.6683349609
865.656616      1074.4173583984
865.954956      1047.6683349609
866.253357      1000.8576660156
866.551575      1043.2102050781
866.849792      1038.7520751953
867.147949       951.8178710938
867.446106       974.1086425781
867.744080      1067.7301025391
868.042053       974.1086425781
868.340027      1025.3775634766
868.637878      1094.4791259766
868.935791      1009.7739868164
869.233582      1003.0867309570
869.531311       971.8795776367
869.828979      1049.8974609375
870.126648      1009.7739868164
870.424255       994.1704101563
870.721741       989.7122192383
871.019165      1027.6066894531
871.316589      1000.8576660156
871.613953      1000.8576660156
871.911316      1065.5009765625
872.208557      1014.2321166992
872.505798      1098.9372558594
872.802979       985.2540893555
873.100037      1069.9592285156
873.397156      1049.8974609375
873.694092      1036.5229492188
873.991028      1049.8974609375
874.287964       954.0469360352
874.584778      1005.3157958984
874.881592      1078.8754882813
875.178284      1023.1484985352
875.474976      1000.8576660156
875.771606       956.2760009766
876.068237       987.4831542969
876.364746      1032.0648193359
876.661194      1096.7081298828
876.957581      1085.5627441406
877.253967      1074.4173583984
877.550293      1065.5009765625
877.846497      1016.4612426758
878.142761       989.7122192383
878.438904      1043.2102050781
878.734985      1025.3775634766
879.031067      1043.2102050781
879.326965      1092.2500000000
879.622925      1054.3555908203
879.918823      1025.3775634766
880.214661      1029.8356933594
880.510498      1076.6464843750
880.806213       991.9413452148
881.101868      1054.3555908203
881.397522      1078.8754882813
881.693115      1054.3555908203
881.988586       987.4831542969
882.283997      1074.4173583984
882.579407      1078.8754882813
882.874817      1074.4173583984
883.170105      1020.9193725586
883.465332      1061.0428466797
883.760559      1027.6066894531
884.055725      1076.6464843750
884.350769      1023.1484985352
884.645813      1069.9592285156
884.940857      1018.6903076172
885.235718      1025.3775634766
885.530579      1016.4612426758
885.825439      1076.6464843750
886.120239      1014.2321166992
886.414917       974.1086425781
886.709595       976.3377685547
887.004272      1038.7520751953
887.298767      1107.8535156250
887.593323      1036.5229492188
887.887756      1054.3555908203
888.182129      1092.2500000000
888.476440       978.5668334961
888.770752      1085.5627441406
889.065002      1078.8754882813
