0.073000
191.033081         0.0000000000
191.409973         0.0000000000
191.786819      1073.6585693359
192.163651      1087.6021728516
192.540451      1129.4329833984
192.917221      1120.1372070313
193.293961      1075.9824218750
193.670670      1152.6723632813
194.047348      1196.8271484375
194.423981      1150.3483886719
194.800613      1168.9399414063
195.177200      1196.8271484375
195.553757      1224.7143554688
195.930283      1113.1654052734
196.306778      1215.4187011719
196.683258      1208.4467773438
197.059677      1206.1229248047
197.436081      1166.6159667969
197.812454      1224.7143554688
198.188812      1224.7143554688
198.565125      1127.1090087891
198.941406      1236.3341064453
199.317673      1164.2919921875
199.693893      1196.8271484375
200.070099      1164.2919921875
200.446259      1192.1793212891
200.822388      1189.8553466797
201.198486      1166.6159667969
201.574570      1187.5313720703
201.950607      1106.1936035156
202.326614      1150.3483886719
202.702606      1150.3483886719
203.078568      1213.0947265625
203.454483      1180.5595703125
203.830383      1113.1654052734
204.206253      1175.9117431641
204.582077      1127.1090087891
204.957870      1131.7569580078
205.333633      1166.6159667969
205.709396      1173.5877685547
206.085098      1182.8835449219
206.460785      1092.2500000000
206.836426      1122.4611816406
207.212051      1134.0809326172
207.587646      1094.5739746094
207.963196      1148.0245361328
208.338730      1106.1936035156
208.714218      1145.7005615234
209.089691      1148.0245361328
209.465134      1143.3765869141
209.840530      1175.9117431641
210.215897      1085.2781982422
210.591263      1113.1654052734
210.966583      1131.7569580078
211.341858      1141.0527343750
211.717102      1187.5313720703
212.092331      1113.1654052734
212.467529      1148.0245361328
212.842697      1145.7005615234
213.217819      1157.3201904297
213.592926      1196.8271484375
213.968002      1152.6723632813
214.343018      1173.5877685547
214.718033      1127.1090087891
215.093018      1145.7005615234
215.467972      1166.6159667969
215.842880      1127.1090087891
216.217773      1131.7569580078
216.592636      1141.0527343750
216.967453      1164.2919921875
217.342255      1113.1654052734
217.717026      1122.4611816406
218.091766      1089.9261474609
218.466446      1122.4611816406
218.841125      1122.4611816406
219.215759      1148.0245361328
219.590378      1066.6867675781
219.964966      1178.2357177734
220.339508      1154.9963378906
220.714020      1062.0388183594
221.088516      1178.2357177734
221.462967      1117.8133544922
221.837402      1178.2357177734
222.211792      1187.5313720703
222.586166      1131.7569580078
222.960510      1101.5457763672
223.334793      1166.6159667969
223.709061      1168.9399414063
224.083313      1129.4329833984
224.457520      1161.9681396484
224.831696      1157.3201904297
225.205856      1152.6723632813
225.579987      1182.8835449219
225.954056      1094.5739746094
226.328110      1113.1654052734
226.702148      1106.1936035156
227.076126      1210.7707519531
227.450104      1145.7005615234
227.824036      1099.2218017578
228.197937      1168.9399414063
228.571823      1099.2218017578
228.945648      1159.6441650391
229.319473      1152.6723632813
229.693237      1106.1936035156
230.066986      1124.7851562500
230.440704      1129.4329833984
230.814392      1115.4893798828
231.188034      1110.8415527344
231.561661      1131.7569580078
231.935257      1152.6723632813
232.308823      1108.5175781250
232.682343      1187.5313720703
233.055847      1122.4611816406
233.429321      1150.3483886719
233.802750      1124.7851562500
234.176147      1136.4047851563
234.549530      1236.3341064453
234.922882      1178.2357177734
235.296188      1168.9399414063
235.669464      1180.5595703125
236.042725      1217.7425537109
236.415924      1138.7287597656
236.789139      1127.1090087891
237.162292      1154.9963378906
237.535416      1075.9824218750
237.908508      1129.4329833984
238.281570      1120.1372070313
238.654617      1145.7005615234
239.027618      1069.0106201172
239.400574      1173.5877685547
239.773514      1094.5739746094
240.146423      1106.1936035156
240.519302      1120.1372070313
240.892136      1175.9117431641
241.264969      1157.3201904297
241.637726      1117.8133544922
242.010498      1164.2919921875
242.383209      1141.0527343750
242.755905      1129.4329833984
243.128555      1157.3201904297
243.501190      1129.4329833984
243.873779      1134.0809326172
244.246353      1192.1793212891
244.618866      1082.9542236328
244.991379      1115.4893798828
245.363861      1127.1090087891
245.736282      1106.1936035156
246.108688      1178.2357177734
246.481079      1152.6723632813
246.853409      1122.4611816406
247.225723      1108.5175781250
247.598007      1210.7707519531
247.970261      1110.8415527344
248.342468      1150.3483886719
248.714645      1092.2500000000
249.086823      1182.8835449219
249.458954      1175.9117431641
249.831024      1141.0527343750
250.203094      1206.1229248047
250.575134      1122.4611816406
250.947113      1069.0106201172
251.319092      1148.0245361328
251.691025      1071.3345947266
252.062912      1106.1936035156
252.434784      1143.3765869141
252.806641      1159.6441650391
253.178452      1173.5877685547
253.550232      1099.2218017578
253.921967      1154.9963378906
254.293686      1134.0809326172
254.665359      1096.8979492188
255.037003      1199.1511230469
255.408630      1143.3765869141
255.780228      1096.8979492188
256.151764      1136.4047851563
256.523285      1064.3627929688
256.894806      1154.9963378906
257.266235      1175.9117431641
257.637695      1115.4893798828
258.009064      1145.7005615234
258.380432      1143.3765869141
258.751770      1110.8415527344
259.123077      1157.3201904297
259.494385      1115.4893798828
259.865601      1194.5031738281
260.236816      1101.5457763672
260.607941      1178.2357177734
260.979126      1178.2357177734
261.350220      1103.8697509766
261.721344      1138.7287597656
262.092346      1148.0245361328
262.463379      1136.4047851563
262.834351      1120.1372070313
263.205292      1222.3905029297
263.576233      1141.0527343750
263.947144      1110.8415527344
264.317993      1154.9963378906
264.688812      1157.3201904297
265.059631      1157.3201904297
265.430359      1143.3765869141
265.801117      1182.8835449219
266.171783      1210.7707519531
266.542450      1138.7287597656
266.913086      1129.4329833984
267.283691      1136.4047851563
267.654266      1138.7287597656
268.024811      1175.9117431641
268.395325      1143.3765869141
268.765778      1171.2639160156
269.136230      1134.0809326172
269.506653      1089.9261474609
269.877045      1110.8415527344
270.247375      1213.0947265625
270.617676      1159.6441650391
270.987946      1096.8979492188
271.358246      1101.5457763672
271.728424      1127.1090087891
272.098633      1101.5457763672
272.468781      1143.3765869141
272.838867      1094.5739746094
273.209015      1152.6723632813
273.579041      1129.4329833984
273.949066      1143.3765869141
274.319061      1168.9399414063
274.689056      1161.9681396484
275.058960      1154.9963378906
275.428864      1166.6159667969
275.798737      1122.4611816406
276.168579      1145.7005615234
276.538361      1092.2500000000
276.908142      1138.7287597656
277.277832      1143.3765869141
277.647583      1173.5877685547
278.017242      1085.2781982422
278.386902      1180.5595703125
278.756500      1136.4047851563
279.126038      1154.9963378906
279.495636      1196.8271484375
279.865143      1236.3341064453
280.234619      1129.4329833984
280.604065      1138.7287597656
280.973450      1120.1372070313
281.342834      1103.8697509766
281.712189      1141.0527343750
282.081512      1129.4329833984
282.450836      1203.7989501953
282.820038      1141.0527343750
283.189270      1115.4893798828
283.558502      1143.3765869141
283.927612      1180.5595703125
284.296722      1168.9399414063
284.665863      1217.7425537109
285.034912      1154.9963378906
285.403931      1185.2075195313
285.772919      1138.7287597656
286.141876      1157.3201904297
286.510834      1138.7287597656
286.879730      1115.4893798828
287.248596      1143.3765869141
287.617401      1138.7287597656
287.986206      1094.5739746094
288.354950      1159.6441650391
288.723724      1094.5739746094
289.092407      1164.2919921875
289.461060      1141.0527343750
289.829742      1164.2919921875
290.198334      1122.4611816406
290.566925      1113.1654052734
290.935455      1143.3765869141
291.303925      1106.1936035156
291.672394      1101.5457763672
292.040894      1152.6723632813
292.409271      1034.1516113281
292.777679      1192.1793212891
293.145996      1117.8133544922
293.514313      1150.3483886719
293.882599      1113.1654052734
294.250824      1131.7569580078
294.619049      1094.5739746094
294.987244      1064.3627929688
295.355377      1106.1936035156
295.723480      1154.9963378906
296.091614      1187.5313720703
296.459625      1113.1654052734
296.827667      1196.8271484375
297.195648      1161.9681396484
297.563599      1122.4611816406
297.931488      1136.4047851563
298.299408      1157.3201904297
298.667267      1129.4329833984
299.035095      1148.0245361328
299.402893      1199.1511230469
299.770599      1152.6723632813
300.138367      1110.8415527344
300.506042      1203.7989501953
300.873718      1206.1229248047
301.241333      1154.9963378906
301.608917      1138.7287597656
301.976471      1171.2639160156
302.344025      1171.2639160156
302.711487      1175.9117431641
303.078979      1099.2218017578
303.446411      1171.2639160156
303.813782      1094.5739746094
304.181183      1138.7287597656
304.548492      1073.6585693359
304.915771      1096.8979492188
305.283051      1175.9117431641
305.650299      1110.8415527344
306.017456      1161.9681396484
306.384644      1131.7569580078
306.751770      1136.4047851563
307.118896      1150.3483886719
307.485962      1152.6723632813
307.852966      1192.1793212891
308.219971      1141.0527343750
308.586945      1127.1090087891
308.953888      1143.3765869141
309.320801      1080.6303710938
309.687653      1131.7569580078
310.054504      1171.2639160156
310.421326      1152.6723632813
310.788086      1136.4047851563
311.154846      1152.6723632813
311.521515      1189.8553466797
311.888184      1152.6723632813
312.254822      1175.9117431641
312.621429      1175.9117431641
312.988007      1159.6441650391
313.354553      1148.0245361328
313.721039      1157.3201904297
314.087494      1136.4047851563
314.453949      1182.8835449219
314.820343      1187.5313720703
315.186737      1138.7287597656
315.553101      1131.7569580078
315.919373      1178.2357177734
316.285645      1094.5739746094
316.651886      1159.6441650391
317.018066      1187.5313720703
317.384308      1117.8133544922
317.750427      1131.7569580078
318.116516      1082.9542236328
318.482574      1064.3627929688
318.848633      1173.5877685547
319.214661      1103.8697509766
319.580627      1117.8133544922
319.946564      1129.4329833984
320.312439      1094.5739746094
320.678314      1127.1090087891
321.044159      1110.8415527344
321.410004      1157.3201904297
321.775757      1131.7569580078
322.141510      1138.7287597656
322.507202      1122.4611816406
322.872894      1182.8835449219
323.238525      1106.1936035156
323.604156      1131.7569580078
323.969696      1154.9963378906
324.335266      1145.7005615234
324.700745      1148.0245361328
325.066223      1157.3201904297
325.431702      1166.6159667969
325.797089      1208.4467773438
326.162445      1131.7569580078
326.527802      1057.3909912109
326.893097      1171.2639160156
327.258362      1069.0106201172
327.623657      1085.2781982422
327.988861      1124.7851562500
328.353973      1201.4749755859
328.719116      1159.6441650391
329.084259      1148.0245361328
329.449341      1161.9681396484
329.814392      1203.7989501953
330.179352      1150.3483886719
330.544312      1148.0245361328
330.909241      1185.2075195313
331.274170      1096.8979492188
331.639069      1129.4329833984
332.003906      1115.4893798828
332.368713      1203.7989501953
332.733459      1152.6723632813
333.098206      1085.2781982422
333.462921      1154.9963378906
333.827606      1110.8415527344
334.192230      1034.1516113281
334.556824      1096.8979492188
334.921356      1150.3483886719
335.285919      1122.4611816406
335.650452      1103.8697509766
336.014893      1141.0527343750
336.379333      1171.2639160156
336.743744      1096.8979492188
337.108124      1129.4329833984
337.472443      1192.1793212891
337.836731      1117.8133544922
338.201019      1094.5739746094
338.565247      1120.1372070313
338.929413      1124.7851562500
339.293579      1154.9963378906
339.657776      1115.4893798828
340.021851      1154.9963378906
340.385895      1173.5877685547
340.749908      1085.2781982422
341.113922      1124.7851562500
341.477875      1161.9681396484
341.841827      1159.6441650391
342.205688      1148.0245361328
342.569580      1145.7005615234
342.933380      1166.6159667969
343.297211      1108.5175781250
343.660950      1103.8697509766
344.024658      1096.8979492188
344.388367      1131.7569580078
344.752014      1122.4611816406
345.115601      1168.9399414063
345.479218      1113.1654052734
345.842804      1148.0245361328
346.206299      1194.5031738281
346.569763      1175.9117431641
346.933228      1154.9963378906
347.296661      1196.8271484375
347.660034      1171.2639160156
348.023407      1145.7005615234
348.386719      1159.6441650391
348.750000      1113.1654052734
349.113220      1150.3483886719
349.476471      1164.2919921875
349.839661      1136.4047851563
350.202820      1122.4611816406
350.565887      1157.3201904297
350.928955      1159.6441650391
351.292023      1201.4749755859
351.655029      1138.7287597656
352.018036      1094.5739746094
352.380981      1096.8979492188
352.743866      1150.3483886719
353.106720      1194.5031738281
353.469574      1161.9681396484
353.832397      1080.6303710938
354.195160      1173.5877685547
354.557892      1087.6021728516
354.920593      1178.2357177734
355.283234      1143.3765869141
355.645905      1120.1372070313
356.008514      1117.8133544922
356.371094      1164.2919921875
356.733612      1141.0527343750
357.096100      1220.0665283203
357.458588      1108.5175781250
357.820984      1168.9399414063
358.183411      1120.1372070313
358.545746      1168.9399414063
358.908081      1201.4749755859
359.270355      1154.9963378906
359.632629      1108.5175781250
359.994873      1141.0527343750
360.357056      1127.1090087891
360.719208      1120.1372070313
361.081329      1120.1372070313
361.443420      1096.8979492188
361.805481      1108.5175781250
362.167511      1152.6723632813
362.529480      1115.4893798828
362.891418      1013.2362060547
363.253326      1164.2919921875
363.615234      1173.5877685547
363.977081      1136.4047851563
364.338867      1194.5031738281
364.700653      1110.8415527344
365.062378      1189.8553466797
365.424103      1096.8979492188
365.785767      1085.2781982422
366.147430      1136.4047851563
366.509033      1043.4473876953
366.870605      1182.8835449219
367.232117      1168.9399414063
367.593628      1141.0527343750
367.955109      1150.3483886719
368.316559      1124.7851562500
368.677917      1141.0527343750
369.039307      1122.4611816406
369.400635      1080.6303710938
369.761902      1120.1372070313
370.123199      1185.2075195313
370.484436      1148.0245361328
370.845581      1096.8979492188
371.206726      1096.8979492188
371.567871      1180.5595703125
371.928955      1122.4611816406
372.290039      1182.8835449219
372.651062      1096.8979492188
373.011993      1136.4047851563
373.372955      1071.3345947266
373.733887      1122.4611816406
374.094788      1157.3201904297
374.455627      1071.3345947266
374.816406      1180.5595703125
375.177185      1124.7851562500
375.537903      1080.6303710938
375.898651      1138.7287597656
376.259338      1064.3627929688
376.619965      1161.9681396484
376.980530      1117.8133544922
377.341095      1159.6441650391
377.701660      1134.0809326172
378.062134      1159.6441650391
378.422607      1164.2919921875
378.783020      1145.7005615234
379.143402      1189.8553466797
379.503784      1175.9117431641
379.864105      1166.6159667969
380.224396      1120.1372070313
380.584656      1120.1372070313
380.944855      1129.4329833984
381.305054      1189.8553466797
381.665192      1117.8133544922
382.025299      1168.9399414063
382.385406      1164.2919921875
382.745453      1131.7569580078
383.105438      1099.2218017578
383.465424      1108.5175781250
383.825348      1099.2218017578
384.185272      1166.6159667969
384.545135      1099.2218017578
384.904968      1143.3765869141
385.264771      1134.0809326172
385.624512      1173.5877685547
385.984253      1138.7287597656
386.343964      1148.0245361328
386.703613      1141.0527343750
387.063232      1080.6303710938
387.422821      1180.5595703125
387.782379      1182.8835449219
388.141907      1141.0527343750
388.501404      1080.6303710938
388.860840      1148.0245361328
389.220215      1166.6159667969
389.579620      1103.8697509766
389.938995      1148.0245361328
390.298279      1115.4893798828
390.657562      1066.6867675781
391.016785      1185.2075195313
391.376007      1064.3627929688
391.735168      1192.1793212891
392.094299      1173.5877685547
392.453430      1150.3483886719
392.812469      1203.7989501953
393.171478      1129.4329833984
393.530457      1175.9117431641
393.889435      1157.3201904297
394.248383      1062.0388183594
394.607269      1154.9963378906
394.966125      1127.1090087891
395.324921      1148.0245361328
395.683655      1055.0670166016
396.042419      1108.5175781250
396.401154      1134.0809326172
396.759827      1108.5175781250
397.118469      1143.3765869141
397.477051      1199.1511230469
397.835632      1152.6723632813
398.194153      1182.8835449219
398.552673      1154.9963378906
398.911163      1031.8276367188
399.269592      1131.7569580078
399.627960      1108.5175781250
399.986328      1120.1372070313
400.344666      1108.5175781250
400.702942      1127.1090087891
401.061188      1215.4187011719
401.419403      1157.3201904297
401.777588      1171.2639160156
402.135712      1168.9399414063
402.493835      1180.5595703125
402.851929      1136.4047851563
403.209961      1199.1511230469
403.567932      1117.8133544922
403.925903      1150.3483886719
404.283905      1154.9963378906
404.641754      1110.8415527344
404.999634      1208.4467773438
405.357452      1175.9117431641
405.715210      1152.6723632813
406.072998      1096.8979492188
406.430725      1124.7851562500
406.788422      1185.2075195313
407.146027      1106.1936035156
407.503662      1101.5457763672
407.861237      1148.0245361328
408.218781      1064.3627929688
408.576294      1103.8697509766
408.933777      1120.1372070313
409.291168      1080.6303710938
409.648590      1180.5595703125
410.005951      1087.6021728516
410.363312      1136.4047851563
410.720612      1199.1511230469
411.077820      1124.7851562500
411.435059      1196.8271484375
411.792267      1203.7989501953
412.149384      1199.1511230469
412.506531      1185.2075195313
412.863586      1154.9963378906
413.220642      1166.6159667969
413.577606      1131.7569580078
413.934601      1159.6441650391
414.291565      1120.1372070313
414.648468      1110.8415527344
415.005310      1154.9963378906
415.362122      1210.7707519531
415.718903      1131.7569580078
416.075684      1131.7569580078
416.432434      1143.3765869141
416.789093      1096.8979492188
417.145752      1127.1090087891
417.502350      1185.2075195313
417.858948      1157.3201904297
418.215485      1201.4749755859
418.571991      1138.7287597656
418.928467      1166.6159667969
419.284882      1199.1511230469
419.641266      1168.9399414063
419.997650      1113.1654052734
420.354004      1152.6723632813
420.710266      1182.8835449219
421.066528      1138.7287597656
421.422760      1148.0245361328
421.778931      1127.1090087891
422.135071      1117.8133544922
422.491211      1103.8697509766
422.847260      1180.5595703125
423.203308      1145.7005615234
423.559296      1101.5457763672
423.915283      1150.3483886719
424.271210      1182.8835449219
424.627136      1206.1229248047
424.982971      1089.9261474609
425.338776      1103.8697509766
425.694611      1166.6159667969
426.050323      1189.8553466797
426.406036      1220.0665283203
426.761749      1208.4467773438
427.117371      1175.9117431641
427.472961      1182.8835449219
427.828552      1152.6723632813
428.184113      1171.2639160156
428.539581      1164.2919921875
428.895050      1145.7005615234
429.250458      1192.1793212891
429.605865      1134.0809326172
429.961212      1131.7569580078
430.316559      1143.3765869141
430.671814      1120.1372070313
431.027069      1150.3483886719
431.382263      1173.5877685547
431.737457      1089.9261474609
432.092590      1138.7287597656
432.447723      1206.1229248047
432.802734      1106.1936035156
433.157776      1120.1372070313
433.512756      1110.8415527344
433.867706      1182.8835449219
434.222656      1115.4893798828
434.577545      1154.9963378906
434.932373      1080.6303710938
435.287201      1124.7851562500
435.641968      1143.3765869141
435.996704      1178.2357177734
436.351410      1145.7005615234
436.706085      1089.9261474609
437.060699      1113.1654052734
437.415283      1113.1654052734
437.769867      1159.6441650391
438.124420      1166.6159667969
438.478882      1129.4329833984
438.833313      1131.7569580078
439.187714      1159.6441650391
439.542084      1194.5031738281
439.896454      1217.7425537109
440.250732      1134.0809326172
440.605011      1171.2639160156
440.959229      1136.4047851563
441.313416      1099.2218017578
441.667572      1187.5313720703
442.021698      1175.9117431641
442.375793      1143.3765869141
442.729858      1159.6441650391
443.083832      1085.2781982422
443.437836      1089.9261474609
443.791748      1134.0809326172
444.145630      1145.7005615234
444.499542      1134.0809326172
444.853363      1171.2639160156
445.207123      1152.6723632813
445.560883      1117.8133544922
445.914612      1117.8133544922
446.268280      1113.1654052734
446.621918      1159.6441650391
446.975555      1210.7707519531
447.329132      1099.2218017578
447.682678      1148.0245361328
448.036133      1099.2218017578
448.389618      1201.4749755859
448.743042      1124.7851562500
449.096405      1154.9963378906
449.449799      1075.9824218750
449.803101      1161.9681396484
450.156372      1124.7851562500
450.509613      1187.5313720703
450.862823      1152.6723632813
451.216003      1159.6441650391
451.569122      1157.3201904297
451.922211      1134.0809326172
452.275269      1108.5175781250
452.628296      1122.4611816406
452.981293      1185.2075195313
453.334229      1113.1654052734
453.687134      1129.4329833984
454.040009      1078.3063964844
454.392853      1134.0809326172
454.745636      1103.8697509766
455.098419      1157.3201904297
455.451172      1050.4191894531
455.803864      1110.8415527344
456.156464      1143.3765869141
456.509125      1136.4047851563
456.861694      1168.9399414063
457.214264      1145.7005615234
457.566742      1145.7005615234
457.919220      1187.5313720703
458.271667      1150.3483886719
458.624023      1178.2357177734
458.976379      1127.1090087891
459.328705      1175.9117431641
459.681000      1157.3201904297
460.033234      1227.0383300781
460.385468      1117.8133544922
460.737610      1120.1372070313
461.089752      1094.5739746094
461.441864      1131.7569580078
461.793945      1113.1654052734
462.145996      1113.1654052734
462.497955      1127.1090087891
462.849884      1085.2781982422
463.201813      1136.4047851563
463.553680      1231.6861572266
463.905518      1117.8133544922
464.257355      1134.0809326172
464.609100      1129.4329833984
464.960815      1141.0527343750
465.312531      1150.3483886719
465.664185      1192.1793212891
466.015778      1178.2357177734
466.367371      1143.3765869141
466.718903      1166.6159667969
467.070435      1136.4047851563
467.421906      1110.8415527344
467.773346      1124.7851562500
468.124725      1192.1793212891
468.476074      1159.6441650391
468.827393      1175.9117431641
469.178680      1096.8979492188
469.529938      1103.8697509766
469.881134      1168.9399414063
470.232330      1117.8133544922
470.583435      1220.0665283203
470.934540      1082.9542236328
471.285614      1141.0527343750
471.636627      1168.9399414063
471.987610      1196.8271484375
472.338562      1157.3201904297
472.689453      1185.2075195313
473.040375      1187.5313720703
473.391205      1180.5595703125
473.741974      1087.6021728516
474.092773      1117.8133544922
474.443481      1178.2357177734
474.794159      1141.0527343750
475.144806      1127.1090087891
475.495422      1113.1654052734
475.846039      1134.0809326172
476.196533      1150.3483886719
476.547028      1055.0670166016
476.897522      1122.4611816406
477.247925      1094.5739746094
477.598328      1106.1936035156
477.948700      1078.3063964844
478.299011      1136.4047851563
478.649231      1136.4047851563
478.999481      1115.4893798828
479.349701      1166.6159667969
479.699829      1199.1511230469
480.049988      1069.0106201172
480.400055      1150.3483886719
480.750153      1196.8271484375
481.100128      1201.4749755859
481.450104      1180.5595703125
481.800049      1138.7287597656
482.149963      1124.7851562500
482.499786      1175.9117431641
482.849670      1208.4467773438
483.199432      1206.1229248047
483.549194      1075.9824218750
483.898926      1159.6441650391
484.248566      1134.0809326172
484.598206      1178.2357177734
484.947815      1166.6159667969
485.297394      1085.2781982422
485.646912      1120.1372070313
485.996399      1115.4893798828
486.345825      1166.6159667969
486.695282      1064.3627929688
487.044617      1110.8415527344
487.393951      1175.9117431641
487.743286      1208.4467773438
488.092529      1173.5877685547
488.441711      1159.6441650391
488.790955      1168.9399414063
489.140076      1120.1372070313
489.489197      1101.5457763672
489.838257      1148.0245361328
490.187286      1199.1511230469
490.536316      1113.1654052734
490.885254      1141.0527343750
491.234161      1075.9824218750
491.583069      1101.5457763672
491.931915      1131.7569580078
492.280731      1113.1654052734
492.629486      1182.8835449219
492.978210      1192.1793212891
493.326874      1206.1229248047
493.675568      1180.5595703125
494.024200      1199.1511230469
494.372742      1115.4893798828
494.721313      1134.0809326172
495.069824      1187.5313720703
495.418274      1106.1936035156
495.766724      1117.8133544922
496.115112      1085.2781982422
496.463470      1110.8415527344
496.811768      1064.3627929688
497.160034      1124.7851562500
497.508301      1215.4187011719
497.856506      1201.4749755859
498.204651      1157.3201904297
498.552765      1122.4611816406
498.900848      1129.4329833984
499.248901      1124.7851562500
499.596924      1148.0245361328
499.944885      1154.9963378906
500.292816      1145.7005615234
500.640778      1113.1654052734
500.988556      1196.8271484375
501.336426      1180.5595703125
501.684204      1103.8697509766
502.031952      1210.7707519531
502.379700      1120.1372070313
502.727295      1122.4611816406
503.074982      1166.6159667969
503.422546      1154.9963378906
503.770081      1178.2357177734
504.117615      1092.2500000000
504.465088      1175.9117431641
504.812561      1143.3765869141
505.159943      1266.5452880859
505.507294      1187.5313720703
505.854645      1180.5595703125
506.201904      1189.8553466797
506.549194      1117.8133544922
506.896332      1145.7005615234
507.243591      1199.1511230469
507.590698      1192.1793212891
507.937775      1108.5175781250
508.284912      1185.2075195313
508.631836      1131.7569580078
508.978851      1141.0527343750
509.325806      1148.0245361328
509.672699      1122.4611816406
510.019592      1124.7851562500
510.366364      1141.0527343750
510.713196      1136.4047851563
511.059937      1175.9117431641
511.406677      1136.4047851563
511.753326      1145.7005615234
512.099976      1129.4329833984
512.446594      1168.9399414063
512.793091      1168.9399414063
513.139648      1089.9261474609
513.486145      1138.7287597656
513.832520      1096.8979492188
514.179016      1175.9117431641
514.525269      1136.4047851563
514.871704      1136.4047851563
515.217957      1154.9963378906
515.564209      1129.4329833984
515.910522      1143.3765869141
516.256531      1210.7707519531
516.602783      1136.4047851563
516.948853      1113.1654052734
517.294922      1117.8133544922
517.640930      1220.0665283203
517.986877      1178.2357177734
518.332886      1071.3345947266
518.678711      1187.5313720703
519.024658      1222.3905029297
519.370422      1157.3201904297
519.716248      1148.0245361328
520.062073      1173.5877685547
520.407715      1175.9117431641
520.753418      1178.2357177734
521.099060      1122.4611816406
521.444580      1141.0527343750
521.790222      1145.7005615234
522.135681      1092.2500000000
522.481201      1164.2919921875
522.826660      1171.2639160156
523.172058      1138.7287597656
523.517395      1106.1936035156
523.862671      1173.5877685547
524.208069      1057.3909912109
524.553284      1062.0388183594
524.898438      1129.4329833984
525.243591      1152.6723632813
525.588745      1159.6441650391
525.933899      1113.1654052734
526.278931      1069.0106201172
526.623962      1106.1936035156
526.968872      1178.2357177734
527.313904      1124.7851562500
527.658813      1143.3765869141
528.003601      1078.3063964844
528.348450      1089.9261474609
528.693237      1185.2075195313
529.037964      1110.8415527344
529.382751      1185.2075195313
529.727356      1145.7005615234
530.072021      1113.1654052734
530.416626      1122.4611816406
530.761169      1148.0245361328
531.105652      1129.4329833984
531.450134      1115.4893798828
531.794617      1120.1372070313
532.138916      1166.6159667969
532.483337      1185.2075195313
532.827637      1168.9399414063
533.171936      1120.1372070313
533.516174      1085.2781982422
533.860352      1134.0809326172
534.204529      1201.4749755859
534.548645      1201.4749755859
534.892700      1192.1793212891
535.236816      1120.1372070313
535.580750      1129.4329833984
535.924744      1138.7287597656
536.268738      1152.6723632813
536.612549      1185.2075195313
536.956421      1143.3765869141
537.300232      1138.7287597656
537.644043      1113.1654052734
537.987671      1082.9542236328
538.331421      1164.2919921875
538.675049      1208.4467773438
539.018677      1208.4467773438
539.362305      1127.1090087891
539.705750      1171.2639160156
540.049316      1120.1372070313
540.392822      1138.7287597656
540.736145      1171.2639160156
541.079590      1120.1372070313
541.422913      1138.7287597656
541.766235      1117.8133544922
542.109436      1187.5313720703
542.452698      1101.5457763672
542.795898      1096.8979492188
543.138977      1094.5739746094
543.482178      1138.7287597656
543.825195      1185.2075195313
544.168213      1124.7851562500
544.511230      1148.0245361328
544.854187      1134.0809326172
545.197083      1145.7005615234
545.539917      1106.1936035156
545.882813      1187.5313720703
546.225586      1106.1936035156
546.568359      1099.2218017578
546.911133      1115.4893798828
547.253662      1143.3765869141
547.596436      1075.9824218750
547.938965      1120.1372070313
548.281494      1122.4611816406
548.624084      1103.8697509766
548.966492      1106.1936035156
549.308960      1127.1090087891
549.651367      1210.7707519531
549.993713      1159.6441650391
550.336060      1173.5877685547
550.678345      1148.0245361328
551.020630      1150.3483886719
551.362732      1187.5313720703
551.704956      1127.1090087891
552.047058      1166.6159667969
552.389160      1122.4611816406
552.731262      1124.7851562500
553.073181      1213.0947265625
553.415161      1078.3063964844
553.757080      1134.0809326172
554.098999      1106.1936035156
554.440857      1115.4893798828
554.782593      1166.6159667969
555.124390      1154.9963378906
555.466125      1161.9681396484
555.807800      1115.4893798828
556.149414      1101.5457763672
556.491089      1175.9117431641
556.832642      1122.4611816406
557.174133      1206.1229248047
557.515686      1168.9399414063
557.857117      1154.9963378906
558.198486      1159.6441650391
558.539917      1180.5595703125
558.881165      1161.9681396484
559.222534      1222.3905029297
559.563782      1110.8415527344
559.904968      1108.5175781250
560.246216      1201.4749755859
560.587280      1113.1654052734
560.928406      1178.2357177734
561.269470      1078.3063964844
561.610474      1141.0527343750
561.951477      1150.3483886719
562.292297      1168.9399414063
562.633301      1152.6723632813
562.974121      1175.9117431641
563.315002      1141.0527343750
563.655762      1141.0527343750
563.996460      1161.9681396484
564.337158      1194.5031738281
564.677795      1178.2357177734
565.018433      1229.3623046875
565.359009      1203.7989501953
565.699524      1196.8271484375
566.040100      1110.8415527344
566.380493      1085.2781982422
566.720947      1148.0245361328
567.061340      1168.9399414063
567.401611      1196.8271484375
567.742004      1196.8271484375
568.082153      1120.1372070313
568.422424      1127.1090087891
568.762634      1127.1090087891
569.102722      1182.8835449219
569.442810      1138.7287597656
569.782898      1164.2919921875
570.122986      1124.7851562500
570.462830      1136.4047851563
570.802856      1120.1372070313
571.142761      1173.5877685547
571.482605      1138.7287597656
571.822449      1108.5175781250
572.162170      1164.2919921875
572.501953      1094.5739746094
572.841675      1127.1090087891
573.181274      1136.4047851563
573.520996      1043.4473876953
573.860474      1154.9963378906
574.200073      1092.2500000000
574.539551      1117.8133544922
574.878967      1124.7851562500
575.218384      1189.8553466797
575.557739      1159.6441650391
575.897156      1206.1229248047
576.236450      1136.4047851563
576.575684      1099.2218017578
576.914856      1143.3765869141
577.254089      1143.3765869141
577.593262      1161.9681396484
577.932251      1115.4893798828
578.271362      1113.1654052734
578.610352      1129.4329833984
578.949341      1175.9117431641
579.288330      1154.9963378906
579.627197      1159.6441650391
579.966064      1099.2218017578
580.304871      1192.1793212891
580.643677      1113.1654052734
580.982483      1127.1090087891
581.321045      1115.4893798828
581.659790      1154.9963378906
581.998413      1113.1654052734
582.336914      1157.3201904297
582.675476      1182.8835449219
583.013916      1182.8835449219
583.352478      1129.4329833984
583.690796      1187.5313720703
584.029175      1180.5595703125
584.367493      1182.8835449219
584.705811      1189.8553466797
585.044128      1120.1372070313
585.382202      1178.2357177734
585.720459      1148.0245361328
586.058594      1152.6723632813
586.396667      1192.1793212891
586.734802      1122.4611816406
587.072693      1138.7287597656
587.410767      1164.2919921875
587.748657      1120.1372070313
588.086487      1161.9681396484
588.424316      1138.7287597656
588.762146      1122.4611816406
589.099976      1085.2781982422
589.437622      1187.5313720703
589.775391      1082.9542236328
590.113037      1194.5031738281
590.450623      1117.8133544922
590.788208      1152.6723632813
591.125671      1096.8979492188
591.463196      1103.8697509766
591.800659      1150.3483886719
592.138062      1157.3201904297
592.475464      1131.7569580078
592.812683      1166.6159667969
593.150024      1127.1090087891
593.487244      1159.6441650391
593.824402      1089.9261474609
594.161621      1106.1936035156
594.498657      1161.9681396484
594.835815      1129.4329833984
595.172852      1131.7569580078
595.509827      1180.5595703125
595.846741      1141.0527343750
596.183655      1159.6441650391
596.520630      1185.2075195313
596.857422      1166.6159667969
597.194214      1215.4187011719
597.530945      1199.1511230469
597.867615      1115.4893798828
598.204346      1124.7851562500
598.540955      1173.5877685547
598.877563      1150.3483886719
599.214111      1113.1654052734
599.550598      1127.1090087891
599.887085      1120.1372070313
600.223450      1157.3201904297
600.559937      1106.1936035156
600.896240      1152.6723632813
601.232544      1099.2218017578
601.568787      1078.3063964844
601.905029      1099.2218017578
602.241272      1159.6441650391
602.577271      1168.9399414063
602.913452      1148.0245361328
603.249512      1215.4187011719
603.585510      1206.1229248047
603.921509      1227.0383300781
604.257385      1082.9542236328
604.593323      1085.2781982422
604.929199      1164.2919921875
605.264954      1122.4611816406
605.600830      1120.1372070313
605.936462      1175.9117431641
606.272217      1185.2075195313
606.607849      1150.3483886719
606.943420      1187.5313720703
607.278992      1113.1654052734
607.614502      1124.7851562500
607.950012      1115.4893798828
608.285461      1066.6867675781
608.620850      1134.0809326172
608.956177      1120.1372070313
609.291504      1150.3483886719
609.626831      1124.7851562500
609.962036      1154.9963378906
610.297302      1194.5031738281
610.632446      1117.8133544922
610.967529      1185.2075195313
611.302673      1173.5877685547
611.637634      1161.9681396484
611.972656      1131.7569580078
612.307617      1189.8553466797
612.642517      1171.2639160156
612.977356      1182.8835449219
613.312195      1124.7851562500
613.646973      1122.4611816406
613.981750      1138.7287597656
614.316406      1110.8415527344
614.651062      1136.4047851563
614.985657      1143.3765869141
615.320313      1150.3483886719
615.654846      1092.2500000000
615.989319      1159.6441650391
616.323792      1180.5595703125
616.658203      1143.3765869141
616.992615      1055.0670166016
617.326904      1096.8979492188
617.661194      1127.1090087891
617.995483      1136.4047851563
618.329712      1192.1793212891
618.663940      1154.9963378906
618.997925      1094.5739746094
619.332092      1148.0245361328
619.666077      1168.9399414063
620.000061      1106.1936035156
620.334045      1131.7569580078
620.667969      1096.8979492188
621.001892      1096.8979492188
621.335632      1110.8415527344
621.669495      1192.1793212891
622.003296      1210.7707519531
622.336914      1117.8133544922
622.670654      1173.5877685547
623.004272      1134.0809326172
623.337891      1127.1090087891
623.671387      1127.1090087891
624.004883      1185.2075195313
624.338440      1129.4329833984
624.671753      1138.7287597656
625.005249      1161.9681396484
625.338562      1175.9117431641
625.671814      1094.5739746094
626.005066      1110.8415527344
626.338257      1187.5313720703
626.671509      1171.2639160156
627.004578      1145.7005615234
627.337708      1115.4893798828
627.670776      1152.6723632813
628.003723      1136.4047851563
628.336731      1120.1372070313
628.669556      1168.9399414063
629.002502      1094.5739746094
629.335327      1117.8133544922
629.668152      1108.5175781250
630.000916      1180.5595703125
630.333618      1178.2357177734
630.666321      1136.4047851563
630.998962      1166.6159667969
631.331482      1099.2218017578
631.664063      1073.6585693359
631.996521      1168.9399414063
632.329102      1085.2781982422
632.661499      1115.4893798828
632.993835      1115.4893798828
633.326172      1069.0106201172
633.658447      1092.2500000000
633.990784      1089.9261474609
634.322937      1154.9963378906
634.655212      1145.7005615234
634.987244      1113.1654052734
635.319397      1103.8697509766
635.651489      1115.4893798828
635.983398      1166.6159667969
636.315430      1127.1090087891
636.647278      1103.8697509766
636.979187      1106.1936035156
637.311035      1113.1654052734
637.642761      1180.5595703125
637.974609      1089.9261474609
638.306335      1085.2781982422
638.637939      1159.6441650391
638.969604      1161.9681396484
639.301147      1127.1090087891
639.632751      1152.6723632813
639.964233      1103.8697509766
640.295715      1127.1090087891
640.627075      1134.0809326172
640.958496      1124.7851562500
641.289917      1122.4611816406
641.621094      1120.1372070313
641.952393      1201.4749755859
642.283569      1134.0809326172
642.614746      1175.9117431641
642.945923      1175.9117431641
643.276917      1148.0245361328
643.608093      1173.5877685547
643.939026      1240.9819335938
644.269958      1175.9117431641
644.600891      1199.1511230469
644.931763      1141.0527343750
645.262634      1220.0665283203
645.593384      1131.7569580078
645.924133      1201.4749755859
646.254822      1131.7569580078
646.585510      1099.2218017578
646.916199      1171.2639160156
647.246704      1157.3201904297
647.577271      1134.0809326172
647.907715      1141.0527343750
648.238220      1141.0527343750
648.568665      1154.9963378906
648.898987      1052.7431640625
649.229309      1103.8697509766
649.559570      1145.7005615234
649.889832      1152.6723632813
650.220093      1059.7149658203
650.550171      1154.9963378906
650.880310      1154.9963378906
651.210388      1173.5877685547
651.540405      1138.7287597656
651.870422      1154.9963378906
652.200317      1143.3765869141
652.530273      1117.8133544922
652.860046      1131.7569580078
653.189941      1189.8553466797
653.519775      1129.4329833984
653.849426      1099.2218017578
654.179199      1143.3765869141
654.508789      1127.1090087891
654.838440      1201.4749755859
655.168030      1173.5877685547
655.497498      1106.1936035156
655.827026      1180.5595703125
656.156372      1187.5313720703
656.485840      1106.1936035156
656.815247      1159.6441650391
657.144470      1122.4611816406
657.473755      1117.8133544922
657.802979      1187.5313720703
658.132202      1206.1229248047
658.461243      1164.2919921875
658.790466      1117.8133544922
659.119507      1143.3765869141
659.448486      1120.1372070313
659.777527      1075.9824218750
660.106384      1117.8133544922
660.435242      1138.7287597656
660.764160      1175.9117431641
661.092896      1129.4329833984
661.421692      1113.1654052734
661.750427      1173.5877685547
662.079102      1122.4611816406
662.407715      1201.4749755859
662.736328      1122.4611816406
663.064880      1148.0245361328
663.393311      1180.5595703125
663.721802      1141.0527343750
664.050232      1168.9399414063
664.378601      1085.2781982422
664.706970      1092.2500000000
665.035217      1073.6585693359
665.363525      1082.9542236328
665.691650      1120.1372070313
666.019897      1106.1936035156
666.347961      1159.6441650391
666.676086      1208.4467773438
667.004150      1138.7287597656
667.332092      1185.2075195313
667.660095      1192.1793212891
667.987915      1124.7851562500
668.315796      1175.9117431641
668.643677      1094.5739746094
668.971436      1234.0101318359
669.299133      1120.1372070313
669.626892      1103.8697509766
669.954468      1099.2218017578
670.282104      1145.7005615234
670.609619      1166.6159667969
670.937256      1078.3063964844
671.264587      1122.4611816406
671.592163      1208.4467773438
671.919495      1157.3201904297
672.246887      1134.0809326172
672.574097      1124.7851562500
672.901489      1115.4893798828
673.228699      1185.2075195313
673.555847      1141.0527343750
673.882996      1224.7143554688
674.210022      1122.4611816406
674.537109      1110.8415527344
674.864136      1138.7287597656
675.191101      1192.1793212891
675.518005      1136.4047851563
675.844849      1166.6159667969
676.171692      1145.7005615234
676.498535      1201.4749755859
676.825256      1171.2639160156
677.151978      1129.4329833984
677.478577      1099.2218017578
677.805237      1124.7851562500
678.131836      1101.5457763672
678.458435      1124.7851562500
678.784851      1161.9681396484
679.111328      1073.6585693359
679.437744      1120.1372070313
679.764099      1131.7569580078
680.090454      1082.9542236328
680.416687      1134.0809326172
680.742920      1185.2075195313
681.069153      1115.4893798828
681.395203      1120.1372070313
681.721313      1117.8133544922
682.047485      1203.7989501953
682.373474      1152.6723632813
682.699402      1201.4749755859
683.025391      1136.4047851563
683.351196      1164.2919921875
683.677063      1196.8271484375
684.002930      1075.9824218750
684.328674      1122.4611816406
684.654358      1138.7287597656
684.980042      1157.3201904297
685.305603      1094.5739746094
685.631287      1122.4611816406
685.956787      1173.5877685547
686.282288      1199.1511230469
686.607788      1113.1654052734
686.933167      1103.8697509766
687.258545      1099.2218017578
687.583923      1115.4893798828
687.909180      1194.5031738281
688.234375      1240.9819335938
688.559631      1150.3483886719
688.884766      1159.6441650391
689.209839      1161.9681396484
689.534973      1187.5313720703
689.859924      1154.9963378906
690.184937      1178.2357177734
690.509827      1157.3201904297
690.834717      1196.8271484375
691.159668      1164.2919921875
691.484436      1101.5457763672
691.809204      1148.0245361328
692.133911      1173.5877685547
692.458557      1120.1372070313
692.783142      1150.3483886719
693.107849      1194.5031738281
693.432312      1159.6441650391
693.756836      1168.9399414063
694.081238      1168.9399414063
694.405701      1141.0527343750
694.730164      1129.4329833984
695.054443      1141.0527343750
695.378723      1192.1793212891
695.702942      1059.7149658203
696.027100      1120.1372070313
696.351257      1134.0809326172
696.675476      1166.6159667969
696.999512      1148.0245361328
697.323486      1141.0527343750
697.647461      1094.5739746094
697.971375      1224.7143554688
698.295349      1138.7287597656
698.619202      1134.0809326172
698.942993      1187.5313720703
699.266724      1189.8553466797
699.590393      1089.9261474609
699.914124      1085.2781982422
700.237793      1124.7851562500
700.561340      1057.3909912109
700.884949      1171.2639160156
701.208374      1154.9963378906
701.531860      1138.7287597656
701.855286      1124.7851562500
702.178650      1141.0527343750
702.501953      1152.6723632813
702.825195      1175.9117431641
703.148499      1150.3483886719
703.471680      1099.2218017578
703.794861      1094.5739746094
704.117981      1148.0245361328
704.440979      1131.7569580078
704.764038      1136.4047851563
705.086975      1145.7005615234
705.409851      1148.0245361328
705.732849      1173.5877685547
706.055664      1141.0527343750
706.378479      1108.5175781250
706.701233      1189.8553466797
707.023926      1145.7005615234
707.346619      1143.3765869141
707.669250      1089.9261474609
707.991821      1108.5175781250
708.314392      1152.6723632813
708.636841      1148.0245361328
708.959290      1094.5739746094
709.281738      1106.1936035156
709.604065      1085.2781982422
709.926392      1171.2639160156
710.248657      1150.3483886719
710.570862      1166.6159667969
710.893066      1103.8697509766
711.215210      1134.0809326172
711.537292      1166.6159667969
711.859314      1117.8133544922
712.181335      1122.4611816406
712.503357      1124.7851562500
712.825256      1138.7287597656
713.147156      1131.7569580078
713.468994      1222.3905029297
713.790771      1152.6723632813
714.112488      1110.8415527344
714.434143      1150.3483886719
714.755859      1122.4611816406
715.077515      1082.9542236328
715.399109      1168.9399414063
715.720581      1187.5313720703
716.042053      1171.2639160156
716.363525      1157.3201904297
716.684875      1099.2218017578
717.006287      1171.2639160156
717.327576      1138.7287597656
717.648804      1138.7287597656
717.969971      1127.1090087891
718.291260      1110.8415527344
718.612366      1110.8415527344
718.933411      1115.4893798828
719.254395      1134.0809326172
719.575439      1164.2919921875
719.896362      1062.0388183594
720.217285      1154.9963378906
720.538147      1117.8133544922
720.859009      1122.4611816406
721.179749      1134.0809326172
721.500488      1150.3483886719
721.821228      1175.9117431641
722.141785      1113.1654052734
722.462402      1164.2919921875
722.782959      1108.5175781250
723.103455      1110.8415527344
723.423950      1161.9681396484
723.744385      1141.0527343750
724.064758      1189.8553466797
724.385071      1175.9117431641
724.705322      1182.8835449219
725.025574      1187.5313720703
725.345825      1101.5457763672
725.665955      1210.7707519531
725.986023      1148.0245361328
726.306091      1141.0527343750
726.626099      1196.8271484375
726.946045      1182.8835449219
727.266052      1192.1793212891
727.585938      1143.3765869141
727.905762      1103.8697509766
728.225525      1127.1090087891
728.545288      1136.4047851563
728.864990      1164.2919921875
729.184692      1134.0809326172
729.504333      1152.6723632813
729.823853      1161.9681396484
730.143372      1050.4191894531
730.462891      1113.1654052734
730.782410      1096.8979492188
731.101746      1159.6441650391
731.421143      1124.7851562500
731.740417      1201.4749755859
732.059631      1085.2781982422
732.378845      1224.7143554688
732.698059      1124.7851562500
733.017212      1168.9399414063
733.336304      1152.6723632813
733.655273      1131.7569580078
733.974304      1103.8697509766
734.293335      1124.7851562500
734.612183      1157.3201904297
734.931030      1161.9681396484
735.249878      1106.1936035156
735.568665      1161.9681396484
735.887329      1096.8979492188
736.206055      1152.6723632813
736.524658      1141.0527343750
736.843262      1175.9117431641
737.161804      1129.4329833984
737.480286      1087.6021728516
737.798828      1120.1372070313
738.117249      1075.9824218750
738.435608      1103.8697509766
738.753906      1127.1090087891
739.072205      1185.2075195313
739.390442      1166.6159667969
739.708618      1150.3483886719
740.026733      1110.8415527344
740.344849      1115.4893798828
740.662903      1189.8553466797
740.980957      1148.0245361328
741.298889      1138.7287597656
741.616821      1168.9399414063
741.934692      1161.9681396484
742.252502      1157.3201904297
742.570313      1141.0527343750
742.888062      1094.5739746094
743.205750      1199.1511230469
743.523438      1096.8979492188
743.841003      1064.3627929688
744.158569      1199.1511230469
744.476074      1182.8835449219
744.793518      1182.8835449219
745.111023      1208.4467773438
745.428345      1122.4611816406
745.745728      1173.5877685547
746.062988      1138.7287597656
746.380249      1127.1090087891
746.697449      1187.5313720703
747.014648      1148.0245361328
747.331726      1129.4329833984
747.648804      1173.5877685547
747.965759      1122.4611816406
748.282776      1164.2919921875
748.599731      1073.6585693359
748.916626      1096.8979492188
749.233459      1094.5739746094
749.550232      1178.2357177734
749.867004      1180.5595703125
750.183655      1171.2639160156
750.500366      1154.9963378906
750.816956      1134.0809326172
751.133545      1161.9681396484
751.450073      1166.6159667969
751.766479      1082.9542236328
752.083008      1168.9399414063
752.399414      1131.7569580078
752.715698      1113.1654052734
753.032043      1120.1372070313
753.348328      1115.4893798828
753.664429      1110.8415527344
753.980713      1154.9963378906
754.296814      1117.8133544922
754.612854      1136.4047851563
754.928833      1145.7005615234
755.244873      1092.2500000000
755.560852      1178.2357177734
755.876709      1148.0245361328
756.192505      1148.0245361328
756.508362      1110.8415527344
756.824097      1127.1090087891
757.139771      1150.3483886719
757.455505      1164.2919921875
757.771118      1145.7005615234
758.086670      1138.7287597656
758.402222      1164.2919921875
758.717712      1117.8133544922
759.033081      1196.8271484375
759.348511      1201.4749755859
759.663879      1168.9399414063
759.979187      1138.7287597656
760.294434      1180.5595703125
760.609619      1071.3345947266
760.924805      1208.4467773438
761.239929      1187.5313720703
761.554993      1213.0947265625
761.869995      1166.6159667969
762.184998      1157.3201904297
762.499939      1110.8415527344
762.814880      1115.4893798828
763.129700      1152.6723632813
763.444519      1117.8133544922
763.759277      1166.6159667969
764.073975      1154.9963378906
764.388672      1115.4893798828
764.703308      1134.0809326172
765.017883      1099.2218017578
765.332397      1178.2357177734
765.646851      1166.6159667969
765.961304      1129.4329833984
766.275696      1168.9399414063
766.590088      1124.7851562500
766.904358      1154.9963378906
767.218628      1117.8133544922
767.532776      1141.0527343750
767.846924      1173.5877685547
768.161072      1161.9681396484
768.475159      1171.2639160156
768.789185      1182.8835449219
769.103149      1148.0245361328
769.417114      1238.6579589844
769.731079      1138.7287597656
770.044861      1154.9963378906
770.358643      1143.3765869141
770.672363      1187.5313720703
770.986084      1141.0527343750
771.299683      1143.3765869141
771.613403      1124.7851562500
771.927002      1161.9681396484
772.240479      1124.7851562500
772.553955      1145.7005615234
772.867371      1159.6441650391
773.180847      1138.7287597656
773.494141      1173.5877685547
773.807434      1138.7287597656
774.120667      1113.1654052734
774.433899      1092.2500000000
774.747009      1138.7287597656
775.060181      1173.5877685547
775.373230      1173.5877685547
775.686218      1099.2218017578
775.999207      1136.4047851563
776.312073      1073.6585693359
776.624939      1096.8979492188
776.937866      1082.9542236328
777.250671      1073.6585693359
777.563416      1113.1654052734
777.876099      1141.0527343750
778.188721      1194.5031738281
778.501343      1152.6723632813
778.813904      1131.7569580078
779.126404      1157.3201904297
779.438904      1180.5595703125
779.751282      1180.5595703125
780.063660      1224.7143554688
780.376038      1122.4611816406
780.688293      1080.6303710938
781.000549      1141.0527343750
781.312683      1201.4749755859
781.624817      1122.4611816406
781.937012      1196.8271484375
782.249023      1166.6159667969
782.561035      1141.0527343750
782.872986      1150.3483886719
783.184937      1189.8553466797
783.496765      1171.2639160156
783.808655      1101.5457763672
784.120422      1082.9542236328
784.432129      1157.3201904297
784.743774      1122.4611816406
785.055420      1057.3909912109
785.367004      1180.5595703125
785.678589      1136.4047851563
785.990051      1131.7569580078
786.301514      1145.7005615234
786.612976      1157.3201904297
786.924316      1210.7707519531
787.235657      1099.2218017578
787.546936      1122.4611816406
787.858154      1187.5313720703
788.169312      1168.9399414063
788.480408      1092.2500000000
788.791504      1213.0947265625
789.102600      1210.7707519531
789.413513      1175.9117431641
789.724487      1048.0952148438
790.035400      1185.2075195313
790.346191      1185.2075195313
790.657043      1113.1654052734
790.967834      1117.8133544922
791.278564      1161.9681396484
791.589172      1103.8697509766
791.899780      1138.7287597656
792.210327      1103.8697509766
792.520935      1150.3483886719
792.831421      1138.7287597656
793.141846      1138.7287597656
793.452209      1115.4893798828
793.762573      1148.0245361328
794.072815      1161.9681396484
794.383118      1127.1090087891
794.693359      1103.8697509766
795.003479      1168.9399414063
795.313538      1152.6723632813
795.623596      1120.1372070313
795.933716      1159.6441650391
796.243652      1194.5031738281
796.553589      1157.3201904297
796.863464      1166.6159667969
797.173218      1101.5457763672
797.483032      1099.2218017578
797.792786      1148.0245361328
798.102478      1157.3201904297
798.412109      1152.6723632813
798.721741      1199.1511230469
799.031250      1141.0527343750
799.340820      1141.0527343750
799.650269      1131.7569580078
799.959656      1157.3201904297
800.269043      1178.2357177734
800.578369      1157.3201904297
800.887573      1131.7569580078
801.196899      1143.3765869141
801.505981      1150.3483886719
801.815186      1080.6303710938
802.124207      1157.3201904297
802.433289      1141.0527343750
802.742188      1148.0245361328
803.051270      1154.9963378906
803.360168      1224.7143554688
803.668945      1115.4893798828
803.977783      1064.3627929688
804.286499      1141.0527343750
804.595276      1171.2639160156
804.903931      1185.2075195313
805.212524      1173.5877685547
805.521057      1129.4329833984
805.829590      1138.7287597656
806.138062      1168.9399414063
806.446533      1120.1372070313
806.754944      1096.8979492188
807.063293      1120.1372070313
807.371521      1203.7989501953
807.679749      1106.1936035156
807.987976      1122.4611816406
808.296143      1124.7851562500
808.604248      1161.9681396484
808.912292      1138.7287597656
809.220276      1110.8415527344
809.528198      1171.2639160156
809.836182      1120.1372070313
810.144043      1085.2781982422
810.451843      1152.6723632813
810.759644      1101.5457763672
811.067322      1089.9261474609
811.375061      1108.5175781250
811.682678      1129.4329833984
811.990295      1131.7569580078
812.297791      1150.3483886719
812.605286      1101.5457763672
812.912720      1152.6723632813
813.220154      1103.8697509766
813.527527      1129.4329833984
813.834839      1201.4749755859
814.142029      1164.2919921875
814.449219      1159.6441650391
814.756409      1138.7287597656
815.063538      1117.8133544922
815.370605      1187.5313720703
815.677612      1141.0527343750
815.984619      1166.6159667969
816.291504      1113.1654052734
816.598389      1194.5031738281
816.905273      1157.3201904297
817.212036      1150.3483886719
817.518738      1115.4893798828
817.825439      1136.4047851563
818.132080      1141.0527343750
818.438721      1099.2218017578
818.745239      1196.8271484375
819.051758      1094.5739746094
819.358215      1180.5595703125
819.664612      1094.5739746094
819.971008      1138.7287597656
820.277344      1150.3483886719
820.583557      1143.3765869141
820.889771      1182.8835449219
821.195923      1166.6159667969
821.502075      1152.6723632813
821.808167      1215.4187011719
822.114197      1203.7989501953
822.420166      1136.4047851563
822.726074      1122.4611816406
823.031921      1113.1654052734
823.337769      1143.3765869141
823.643677      1196.8271484375
823.949402      1168.9399414063
824.255066      1141.0527343750
824.560730      1103.8697509766
824.866272      1171.2639160156
825.171936      1168.9399414063
825.477356      1159.6441650391
825.782837      1148.0245361328
826.088257      1210.7707519531
826.393616      1161.9681396484
826.698914      1120.1372070313
827.004272      1127.1090087891
827.309448      1075.9824218750
827.614624      1096.8979492188
827.919739      1234.0101318359
828.224854      1166.6159667969
828.529907      1152.6723632813
828.834839      1201.4749755859
829.139832      1171.2639160156
829.444702      1192.1793212891
829.749512      1148.0245361328
830.054260      1078.3063964844
830.359131      1124.7851562500
830.663818      1150.3483886719
830.968506      1145.7005615234
831.273071      1189.8553466797
831.577576      1199.1511230469
831.882080      1138.7287597656
832.186646      1117.8133544922
832.491028      1134.0809326172
832.795410      1085.2781982422
833.099731      1168.9399414063
833.403931      1201.4749755859
833.708191      1055.0670166016
834.012390      1164.2919921875
834.316467      1110.8415527344
834.620605      1201.4749755859
834.924622      1117.8133544922
835.228577      1201.4749755859
835.532593      1166.6159667969
835.836426      1138.7287597656
836.140320      1173.5877685547
836.444031      1154.9963378906
836.747803      1150.3483886719
837.051514      1185.2075195313
837.355225      1106.1936035156
837.658752      1152.6723632813
837.962341      1143.3765869141
838.265808      1066.6867675781
838.569336      1154.9963378906
838.872742      1145.7005615234
839.176147      1185.2075195313
839.479370      1089.9261474609
839.782715      1157.3201904297
840.085876      1145.7005615234
840.389038      1154.9963378906
840.692261      1064.3627929688
840.995300      1062.0388183594
841.298340      1110.8415527344
841.601257      1194.5031738281
841.904236      1131.7569580078
842.207153      1131.7569580078
842.509949      1115.4893798828
842.812805      1115.4893798828
843.115540      1154.9963378906
843.418152      1057.3909912109
843.720825      1064.3627929688
844.023438      1124.7851562500
844.325989      1148.0245361328
844.628540      1152.6723632813
844.930969      1201.4749755859
845.233337      1143.3765869141
845.535767      1129.4329833984
845.838013      1141.0527343750
846.140259      1127.1090087891
846.442505      1161.9681396484
846.744690      1115.4893798828
847.046753      1103.8697509766
847.348877      1124.7851562500
847.650879      1071.3345947266
847.952881      1222.3905029297
848.254761      1136.4047851563
848.556641      1136.4047851563
848.858459      1136.4047851563
849.160278      1120.1372070313
849.462036      1206.1229248047
849.763733      1108.5175781250
850.065308      1150.3483886719
850.366882      1141.0527343750
850.668518      1148.0245361328
850.969971      1152.6723632813
851.271423      1124.7851562500
851.572815      1194.5031738281
851.874084      1182.8835449219
852.175476      1173.5877685547
852.476685      1203.7989501953
852.777893      1106.1936035156
853.079041      1099.2218017578
853.380127      1173.5877685547
853.681213      1192.1793212891
853.982239      1131.7569580078
854.283203      1161.9681396484
854.584106      1096.8979492188
854.885010      1120.1372070313
855.185791      1127.1090087891
855.486572      1131.7569580078
855.787292      1171.2639160156
856.088013      1168.9399414063
856.388611      1154.9963378906
856.689148      1168.9399414063
856.989685      1106.1936035156
857.290161      1131.7569580078
857.590637      1161.9681396484
857.890991      1187.5313720703
858.191284      1152.6723632813
858.491577      1094.5739746094
858.791809      1057.3909912109
859.092041      1101.5457763672
859.392212      1108.5175781250
859.692261      1157.3201904297
859.992310      1122.4611816406
860.292297      1129.4329833984
860.592224      1138.7287597656
860.892151      1136.4047851563
861.191956      1089.9261474609
861.491760      1166.6159667969
861.791565      1120.1372070313
862.091248      1120.1372070313
862.390930      1062.0388183594
862.690552      1201.4749755859
862.990051      1127.1090087891
863.289551      1106.1936035156
863.589050      1180.5595703125
863.888428      1192.1793212891
864.187805      1154.9963378906
864.487122      1150.3483886719
864.786377      1082.9542236328
865.085632      1099.2218017578
865.384705      1115.4893798828
865.683838      1092.2500000000
865.982971      1138.7287597656
866.281982      1085.2781982422
866.580933      1120.1372070313
866.879883      1189.8553466797
867.178711      1213.0947265625
867.477600      1113.1654052734
867.776367      1192.1793212891
868.075134      1120.1372070313
868.373718      1082.9542236328
868.672424      1141.0527343750
868.970947      1108.5175781250
869.269531      1150.3483886719
869.568054      1141.0527343750
869.866455      1141.0527343750
870.164856      1178.2357177734
870.463196      1101.5457763672
870.761536      1166.6159667969
871.059753      1106.1936035156
871.357971      1157.3201904297
871.656067      1157.3201904297
871.954102      1148.0245361328
872.252197      1131.7569580078
872.550232      1122.4611816406
872.848206      1120.1372070313
873.146057      1215.4187011719
873.443848      1150.3483886719
873.741638      1224.7143554688
874.039429      1080.6303710938
874.337158      1143.3765869141
874.634827      1138.7287597656
874.932373      1161.9681396484
875.229980      1185.2075195313
875.527466      1124.7851562500
875.825012      1182.8835449219
876.122375      1141.0527343750
876.419739      1154.9963378906
876.717041      1173.5877685547
877.014282      1115.4893798828
877.311462      1145.7005615234
877.608704      1187.5313720703
877.905762      1150.3483886719
878.202881      1122.4611816406
878.499817      1136.4047851563
878.796814      1166.6159667969
879.093811      1159.6441650391
879.390625      1110.8415527344
879.687439      1182.8835449219
879.984253      1127.1090087891
880.280884      1124.7851562500
880.577637      1175.9117431641
880.874268      1196.8271484375
881.170837      1145.7005615234
881.467346      1217.7425537109
881.763855      1175.9117431641
882.060242      1173.5877685547
882.356567      1099.2218017578
882.652954      1236.3341064453
882.949280      1171.2639160156
883.245483      1141.0527343750
883.541626      1178.2357177734
883.837830      1050.4191894531
884.133911      1161.9681396484
884.429932      1062.0388183594
884.725952      1143.3765869141
885.021851      1117.8133544922
885.317688      1159.6441650391
885.613525      1096.8979492188
885.909363      1127.1090087891
886.205078      1138.7287597656
