0.536000
190.489868         0.0000000000
190.870819         0.0000000000
191.251740      1159.6362304688
191.632629      1206.2883300781
192.013474      1188.5161132813
192.394302      1170.7438964844
192.775101      1299.5924072266
193.155838      1290.7062988281
193.536575      1246.2757568359
193.917267      1317.3646240234
194.297943      1259.6048583984
194.678574      1248.4973144531
195.059174      1250.7188720703
195.439743      1328.4721679688
195.820282      1279.5986328125
196.200790      1277.3770751953
196.581268      1275.1556396484
196.961700      1257.3834228516
197.342117      1268.4909667969
197.722488      1268.4909667969
198.102829      1226.2819824219
198.483154      1226.2819824219
198.863434      1277.3770751953
199.243698      1246.2757568359
199.623901      1352.9089355469
200.004089      1250.7188720703
200.384247      1239.6112060547
200.764389      1257.3834228516
201.144485      1226.2819824219
201.524536      1219.6174316406
201.904572      1215.1744384766
202.284561      1341.8013916016
202.664520      1317.3646240234
203.044449      1270.7125244141
203.424362      1326.2507324219
203.804214      1321.8076171875
204.184067      1250.7188720703
204.563858      1272.9340820313
204.943649      1248.4973144531
205.323380      1266.2695312500
205.703094      1250.7188720703
206.082764      1235.1680908203
206.462418      1235.1680908203
206.842026      1286.2631835938
207.221588      1257.3834228516
207.601166      1324.0291748047
207.980667      1257.3834228516
208.360153      1308.4785156250
208.739609      1284.0417480469
209.119034      1272.9340820313
209.498428      1330.6937255859
209.877777      1261.8264160156
210.257111      1259.6048583984
210.636398      1168.5223388672
211.015656      1212.9528808594
211.394882      1259.6048583984
211.774094      1259.6048583984
212.153244      1244.0541992188
212.532394      1288.4847412109
212.911484      1268.4909667969
213.290543      1312.9215087891
213.669571      1277.3770751953
214.048584      1244.0541992188
214.427567      1335.1368408203
214.806488      1330.6937255859
215.185410      1226.2819824219
215.564270      1326.2507324219
215.943115      1301.8138427734
216.321930      1284.0417480469
216.700714      1268.4909667969
217.079437      1301.8138427734
217.458176      1326.2507324219
217.836838      1319.5860595703
218.215485      1270.7125244141
218.594101      1292.9278564453
218.972687      1257.3834228516
219.351227      1266.2695312500
219.729752      1404.0040283203
220.108246      1244.0541992188
220.486694      1264.0479736328
220.865128      1306.2569580078
221.243515      1270.7125244141
221.621872      1390.6749267578
222.000183      1312.9215087891
222.378494      1252.9403076172
222.756744      1299.5924072266
223.134964      1250.7188720703
223.513153      1279.5986328125
223.891327      1421.7762451172
224.269455      1228.5035400391
224.647552      1237.3896484375
225.025620      1328.4721679688
225.403656      1312.9215087891
225.781647      1239.6112060547
226.159622      1288.4847412109
226.537552      1346.2443847656
226.915436      1310.6999511719
227.293335      1270.7125244141
227.671158      1304.0354003906
228.048950      1246.2757568359
228.426727      1228.5035400391
228.804459      1306.2569580078
229.182175      1208.5098876953
229.559845      1261.8264160156
229.937500      1286.2631835938
230.315094      1232.9466552734
230.692673      1221.8389892578
231.070221      1372.9027099609
231.447723      1290.7062988281
231.825180      1235.1680908203
232.202652      1292.9278564453
232.580048      1279.5986328125
232.957428      1304.0354003906
233.334778      1335.1368408203
233.712097      1259.6048583984
234.089386      1277.3770751953
234.466614      1221.8389892578
234.843842      1246.2757568359
235.221024      1206.2883300781
235.598175      1288.4847412109
235.975281      1299.5924072266
236.352386      1232.9466552734
236.729431      1261.8264160156
237.106445      1206.2883300781
237.483414      1288.4847412109
237.860382      1244.0541992188
238.237305      1310.6999511719
238.614182      1315.1430664063
238.991043      1244.0541992188
239.367859      1301.8138427734
239.744644      1284.0417480469
240.121414      1284.0417480469
240.498138      1288.4847412109
240.874817      1257.3834228516
241.251480      1255.1618652344
241.628098      1288.4847412109
242.004700      1239.6112060547
242.381241      1297.3708496094
242.757782      1261.8264160156
243.134262      1335.1368408203
243.510727      1308.4785156250
243.887146      1232.9466552734
244.263535      1235.1680908203
244.639893      1297.3708496094
245.016220      1197.4022216797
245.392517      1264.0479736328
245.768768      1237.3896484375
246.145020      1248.4973144531
246.521194      1288.4847412109
246.897354      1275.1556396484
247.273483      1301.8138427734
247.649567      1288.4847412109
248.025650      1308.4785156250
248.401672      1241.8327636719
248.777664      1272.9340820313
249.153641      1279.5986328125
249.529556      1284.0417480469
249.905457      1277.3770751953
250.281326      1306.2569580078
250.657135      1266.2695312500
251.032959      1319.5860595703
251.408707      1301.8138427734
251.784424      1330.6937255859
252.160126      1261.8264160156
252.535797      1272.9340820313
252.911423      1281.8201904297
253.287018      1248.4973144531
253.662582      1208.5098876953
254.038116      1272.9340820313
254.413605      1301.8138427734
254.789063      1328.4721679688
255.164505      1230.7250976563
255.539886      1286.2631835938
255.915268      1290.7062988281
256.290588      1306.2569580078
256.665894      1241.8327636719
257.041168      1212.9528808594
257.416351      1281.8201904297
257.791565      1317.3646240234
258.166779      1277.3770751953
258.541870      1232.9466552734
258.916962      1301.8138427734
259.292023      1219.6174316406
259.667023      1290.7062988281
260.042053      1255.1618652344
260.416992      1288.4847412109
260.791931      1219.6174316406
261.166809      1226.2819824219
261.541687      1297.3708496094
261.916504      1237.3896484375
262.291321      1252.9403076172
262.666077      1237.3896484375
263.040802      1317.3646240234
263.415497      1212.9528808594
263.790161      1270.7125244141
264.164795      1235.1680908203
264.539368      1217.3959960938
264.913910      1324.0291748047
265.288452      1215.1744384766
265.662964      1261.8264160156
266.037384      1281.8201904297
266.411865      1364.0166015625
266.786224      1306.2569580078
267.160583      1259.6048583984
267.534912      1308.4785156250
267.909210      1284.0417480469
268.283447      1275.1556396484
268.657654      1317.3646240234
269.031860      1235.1680908203
269.406006      1317.3646240234
269.780151      1344.0228271484
270.154236      1279.5986328125
270.528290      1366.2381591797
270.902283      1248.4973144531
271.276306      1324.0291748047
271.650238      1297.3708496094
272.024170      1277.3770751953
272.398041      1372.9027099609
272.771881      1226.2819824219
273.145721      1364.0166015625
273.519531      1286.2631835938
273.893219      1195.1806640625
274.266937      1252.9403076172
274.640656      1226.2819824219
275.014282      1270.7125244141
275.387909      1244.0541992188
275.761475      1224.0605468750
276.135040      1286.2631835938
276.508514      1226.2819824219
276.882019      1230.7250976563
277.255463      1335.1368408203
277.628906      1348.4659423828
278.002258      1237.3896484375
278.375549      1275.1556396484
278.748901      1252.9403076172
279.122162      1315.1430664063
279.495392      1379.5672607422
279.868622      1366.2381591797
280.241791      1357.3520507813
280.614929      1255.1618652344
280.988007      1252.9403076172
281.361084      1301.8138427734
281.734131      1328.4721679688
282.107117      1270.7125244141
282.480072      1272.9340820313
282.853027      1239.6112060547
283.225952      1392.8964843750
283.598785      1315.1430664063
283.971619      1319.5860595703
284.344452      1252.9403076172
284.717194      1277.3770751953
285.089905      1257.3834228516
285.462616      1308.4785156250
285.835297      1301.8138427734
286.207886      1226.2819824219
286.580475      1297.3708496094
286.953064      1292.9278564453
287.325592      1312.9215087891
287.698059      1252.9403076172
288.070496      1299.5924072266
288.442963      1252.9403076172
288.815308      1375.1242675781
289.187683      1279.5986328125
289.559998      1290.7062988281
289.932281      1321.8076171875
290.304504      1272.9340820313
290.676727      1295.1492919922
291.048920      1310.6999511719
291.421082      1286.2631835938
291.793182      1237.3896484375
292.165222      1199.6237792969
292.537292      1261.8264160156
292.909332      1290.7062988281
293.281281      1288.4847412109
293.653198      1279.5986328125
294.025116      1319.5860595703
294.397003      1268.4909667969
294.768860      1255.1618652344
295.140656      1330.6937255859
295.512390      1346.2443847656
295.884125      1392.8964843750
296.255829      1301.8138427734
296.627502      1297.3708496094
296.999146      1312.9215087891
297.370728      1246.2757568359
297.742249      1306.2569580078
298.113831      1288.4847412109
298.485291      1284.0417480469
298.856781      1390.6749267578
299.228149      1321.8076171875
299.599579      1372.9027099609
299.970917      1337.3582763672
300.342224      1286.2631835938
300.713531      1286.2631835938
301.084778      1286.2631835938
301.455994      1277.3770751953
301.827148      1288.4847412109
302.198334      1339.5798339844
302.569427      1432.8839111328
302.940521      1308.4785156250
303.311554      1286.2631835938
303.682556      1410.6687011719
304.053528      1366.2381591797
304.424469      1381.7888183594
304.795380      1330.6937255859
305.166260      1399.5610351563
305.537048      1399.5610351563
305.907837      1324.0291748047
306.278625      1472.8713378906
306.649384      1441.7700195313
307.020050      1426.2193603516
307.390686      1492.8651123047
307.761353      1503.9726562500
308.131897      1481.7574462891
308.502502      1492.8651123047
308.872986      1523.9664306641
309.243500      1566.1754150391
309.613922      1510.6373291016
309.984344      1572.8399658203
310.354736      1586.1691894531
310.725098      1555.0677490234
311.095398      1732.7897949219
311.465637      1679.4732666016
311.835907      1817.2077636719
312.206116      1755.0051269531
312.576294      1741.6759033203
312.946411      1774.9987792969
313.316528      1908.2904052734
313.686584      1832.7584228516
314.056610      1883.8535156250
314.426605      1928.2840576172
314.796570      1923.8410644531
315.166504      2128.2214355469
315.536377      2030.4742431641
315.906250      1921.6195068359
316.276093      1952.7208251953
316.645844      2001.5943603516
317.015594      2046.0249023438
317.385315      2239.2976074219
317.755035      2130.4428710938
318.124603      2285.9497070313
318.494263      2225.9685058594
318.863831      2314.8295898438
319.233368      2299.2788085938
319.602875      2319.2724609375
319.972351      2403.6904296875
320.341797      2399.2475585938
320.711182      2545.8681640625
321.080536      2630.2861328125
321.449890      2470.3361816406
321.819183      2639.1721191406
322.188446      2496.9946289063
322.557648      2510.3237304688
322.926880      2499.2160644531
323.295990      2568.0834960938
323.665100      2650.2797851563
324.034210      2685.8242187500
324.403259      2763.5776367188
324.772247      2776.9067382813
325.141205      2974.6225585938
325.510193      3072.3696289063
325.879120      3272.3068847656
326.247955      3296.7436523438
326.616791      3556.6621093750
326.985596      3410.0415039063
327.354340      3450.0290527344
327.723053      3470.0227050781
328.091797      3363.3894042969
328.460449      3421.1491699219
328.829071      3498.9025878906
329.197632      3556.6621093750
329.566193      3681.0676269531
329.934753      3796.5869140625
330.303192      3805.4731445313
330.671631      3834.3527832031
331.040070      3676.6245117188
331.408478      3616.6433105469
331.776794      3687.7321777344
332.145081      3758.8210449219
332.513367      3729.9411621094
332.881592      3867.6757812500
333.249756      3796.5869140625
333.617920      3645.5231933594
333.986084      3681.0676269531
334.354156      3783.2578125000
334.722229      3814.3591308594
335.090240      3723.2766113281
335.458252      3872.1188964844
335.826202      3596.6496582031
336.194092      3445.5859375000
336.561951      3496.6809082031
336.929779      3490.0163574219
337.297577      3649.9663085938
337.665375      3783.2578125000
338.033142      3736.6057128906
338.400787      4009.8535156250
338.768463      4054.2839355469
339.136108      4289.7656250000
339.503693      4391.9555664063
339.871246      4534.1333007813
340.238770      4765.1718750000
340.606262      4656.3173828125
340.973755      4538.5766601563
341.341125      4494.1459960938
341.708527      4269.7719726563
342.075867      4403.0634765625
342.443146      4547.4624023438
342.810425      4523.0258789063
343.177673      4598.5576171875
343.544861      4538.5766601563
343.912018      4251.9995117188
344.279114      4549.6840820313
344.646271      4214.2338867188
345.013336      4251.9995117188
345.380341      4287.5439453125
345.747314      4460.8232421875
346.114258      4567.4560546875
346.481171      4483.0380859375
346.848022      4489.7031250000
347.214905      4627.4375000000
347.581726      4603.0004882813
347.948456      4571.8994140625
348.315186      4514.1396484375
348.681885      4571.8994140625
349.048584      4805.1596679688
349.415161      4654.0957031250
349.781738      4680.7539062500
350.148346      4847.3686523438
350.514862      5151.7172851563
350.881287      5176.1542968750
351.247742      5189.4833984375
351.614197      5196.1479492188
351.980530      5176.1542968750
352.346863      5020.6474609375
352.713165      4876.2485351563
353.079437      5065.0781250000
353.445679      5305.0029296875
353.811859      5393.8637695313
354.178009      5629.3452148438
354.544159      5862.6054687500
354.910217      5849.2763671875
355.276276      5958.1313476563
355.642303      5680.4404296875
356.008270      5691.5483398438
356.374176      5631.5668945313
356.740112      5209.4770507813
357.105988      5069.5209960938
357.471802      4918.4575195313
357.837585      4762.9506835938
358.203339      4769.6152343750
358.569092      4527.4687500000
358.934753      4527.4687500000
359.300415      5060.6347656250
359.666016      5529.3769531250
360.031616      6029.2202148438
360.397125      5935.9160156250
360.762634      5795.9599609375
361.128143      5613.7949218750
361.493530      5651.5605468750
361.858917      5647.1176757813
362.224274      5571.5859375000
362.589630      6055.8784179688
362.954895      6080.3149414063
363.320160      6302.4677734375
363.685394      6235.8217773438
364.050568      6102.5302734375
364.415680      6260.2587890625
364.780792      6364.6704101563
365.145874      6482.4111328125
365.510895      6815.6401367188
365.875854      7011.1342773438
366.240845      7468.7685546875
366.605774      7668.7055664063
366.970642      7513.1992187500
367.335480      7484.3193359375
367.700317      7486.5405273438
368.065125      7299.9326171875
368.429840      7299.9326171875
368.794525      7233.2866210938
369.159241      7448.7749023438
369.523834      7724.2441406250
369.888397      7913.0737304688
370.252991      7813.1049804688
370.617554      7673.1489257813
370.981995      7422.1166992188
371.346436      7435.4458007813
371.710846      7622.0537109375
372.075256      7679.8134765625
372.439545      7255.5019531250
372.803864      7242.1728515625
373.168121      7060.0078125000
373.532379      6729.0004882813
373.896545      6544.6137695313
374.260681      6313.5751953125
374.624847      6477.9682617188
374.988892      6549.0571289063
375.352936      6744.5512695313
375.716949      6995.5834960938
376.080933      7393.2368164063
376.444855      7488.7622070313
376.808716      7628.7182617188
377.172638      7682.0351562500
377.536469      8341.8281250000
377.900208      8890.5449218750
378.263947      9079.3740234375
378.627686      9441.4833984375
378.991364      8846.1142578125
379.354980      8410.6953125000
379.718628      7866.4213867188
380.082214      7873.0859375000
380.445709      8170.7705078125
380.809174      8468.4550781250
381.172668      8646.1767578125
381.536072      8286.2900390625
381.899475      7826.4340820313
382.262787      7128.8750000000
382.626129      6777.8740234375
382.989380      6495.7402343750
383.352631      6155.8471679688
383.715790      6053.6567382813
384.078979      6049.2138671875
384.442078      6609.0380859375
384.805145      7371.0214843750
385.168243      7722.0224609375
385.531250      7966.3901367188
385.894226      7757.5668945313
386.257141      7753.1235351563
386.620056      7682.0351562500
386.982941      7839.7631835938
387.345734      8017.4853515625
387.708527      7941.9536132813
388.071289      8135.2260742188
388.433990      7906.4091796875
388.796661      8130.7832031250
389.159332      8219.6445312500
389.521942      8639.5126953125
389.884491      9290.4189453125
390.247040      9632.5341796875
390.609528      9763.6044921875
390.971985     10143.4853515625
391.334412     10501.1503906250
391.696747     10227.9033203125
392.059143     10303.4345703125
392.421478      9614.7617187500
392.783691      8799.4619140625
393.145935      7331.0336914063
393.508148      6615.7026367188
393.870270      6178.0620117188
394.232391      6882.2856445313
394.594482      8139.6689453125
394.956573      9210.4443359375
395.318542     10187.9160156250
395.680511     10736.6328125000
396.042450     10356.7519531250
396.404388      9339.2929687500
396.766235      8270.7392578125
397.128021      7388.7934570313
397.489838      7841.9848632813
397.851563      9272.6474609375
398.213257     10665.5439453125
398.574951     12029.5605468750
398.936615     13067.0126953125
399.298187     13797.8945312500
399.659729     14446.5800781250
400.021271     14975.3027343750
400.382751     15026.3984375000
400.744202     15048.6132812500
401.105621     15157.4677734375
401.466980     15983.8750000000
401.828339     15728.4003906250
402.189606     15952.7744140625
402.550873     16303.7753906250
402.912140     16403.7441406250
403.273285     16272.6738281250
403.634430     15999.4257812500
403.995544     16212.6923828125
404.356659     16417.0722656250
404.717651     16168.2617187500
405.078674     16163.8193359375
405.439636     16028.3056640625
405.800568     15926.1162109375
406.161438     16288.2246093750
406.522278     15846.1406250000
406.883118     15750.6152343750
407.243866     16203.8066406250
407.604584     16401.5214843750
407.965302     16494.8261718750
408.325989     16850.2695312500
408.686584     17527.8359375000
409.047150     17894.3867187500
409.407715     18094.3242187500
409.768250     17585.5957031250
410.128723     16841.3847656250
410.489136     16505.9335937500
410.849518     17347.8925781250
411.209900     17856.6210937500
411.570190     18543.0722656250
411.930511     19007.3710937500
412.290741     19662.7207031250
412.650940     19405.0253906250
413.011078     19000.7070312500
413.371246     19347.2656250000
413.731354     19278.3984375000
414.091400     19436.1269531250
414.451385     19520.5449218750
414.811401     19413.9101562500
415.171356     19327.2714843750
415.531281     19347.2656250000
415.891113     19844.8867187500
416.250946     20180.3378906250
416.610718     20284.7480468750
416.970490     20115.9121093750
417.330200     19309.5000000000
417.689911     19425.0175781250
418.049530     19058.4667968750
418.409119     19249.5175781250
418.768707     19167.3222656250
419.128235     19176.2070312500
419.487701     19160.6562500000
419.847137     19411.6894531250
420.206573     19122.8906250000
420.565948     19256.1816406250
420.925232     19489.4433593750
421.284576     20380.2734375000
421.643860     20562.4394531250
422.003052     20380.2734375000
422.362213     19564.9746093750
422.721375     19140.6640625000
423.080536     19127.3339843750
423.439575     18851.8652343750
423.798584     19451.6757812500
424.157593     19169.5429687500
424.516571     19433.9042968750
424.875458     19147.3281250000
425.234314     19191.7578125000
425.593201     19233.9667968750
425.951965     19125.1132812500
426.310699     19076.2382812500
426.669495     19318.3847656250
427.028168     18718.5742187500
427.386810     18363.1289062500
427.745392     18734.1230468750
428.103973     18651.9277343750
428.462524     18603.0546875000
428.821045     18609.7187500000
429.179504     18120.9824218750
429.537903     18018.7929687500
429.896271     16723.6425781250
430.254608     15510.6904296875
430.612915     14913.1005859375
430.971222     14813.1318359375
431.329437     15541.7919921875
431.687622     17443.4179687500
432.045776     18978.4921875000
432.403900     19378.3671875000
432.761993     19804.8984375000
433.119995     20246.9824218750
433.477997     20722.3886718750
433.835968     19827.1152343750
434.193909     19318.3847656250
434.551758     19411.6894531250
434.909637     20340.2871093750
435.267395     20206.9960937500
435.625183     21373.2968750000
435.982910     22255.2421875000
436.340607     22886.1542968750
436.698273     22928.3632812500
437.055878     22841.7246093750
437.413452     22652.8945312500
437.770996     22088.6269531250
438.128479     21491.0371093750
438.485962     20782.3710937500
438.843384     20622.4199218750
439.200775     20846.7949218750
439.558136     21662.0937500000
439.915405     22239.6914062500
440.272705     22492.9453125000
440.629883     22286.3437500000
440.987091     22195.2597656250
441.344238     23359.3398437500
441.701355     23499.2968750000
442.058441     23979.1445312500
442.415436     24150.2031250000
442.772461     24861.0917968750
443.129425     24607.8378906250
443.486359     24778.8945312500
443.843231     24698.9199218750
444.200104     24414.5644531250
444.556885     24410.1210937500
444.913635     25187.6562500000
445.270355     24730.0214843750
445.627075     24214.6269531250
445.983704     23963.5957031250
446.340302     23410.4355468750
446.696869     23939.1582031250
447.053436     24214.6269531250
447.409912     24927.7363281250
447.766357     25449.7949218750
448.122803     25985.1835937500
448.479156     25569.7578125000
448.835510     25951.8593750000
449.191772     25418.6933593750
449.548096     25671.9472656250
449.904297     25460.9023437500
450.260437     26087.3730468750
450.616608     26136.2460937500
450.972687     26653.8613281250
451.328796     26562.7792968750
451.684814     26491.6914062500
452.040833     26331.7402343750
452.396729     25791.9101562500
452.752655     25296.5097656250
453.108551     24603.3945312500
453.464355     23965.8164062500
453.820160     24558.9628906250
454.175934     24443.4433593750
454.531616     25001.0468750000
454.887299     25083.2441406250
455.242950     24956.6171875000
455.598541     25407.5859375000
455.954102     25771.9160156250
456.309601     25683.0546875000
456.665131     26096.2597656250
457.020538     26016.2851562500
457.375977     26178.4550781250
457.731323     26114.0312500000
458.086670     26120.6953125000
458.441956     25763.0312500000
458.797211     26129.5820312500
459.152405     25574.2011718750
459.507538     26054.0507812500
459.862701     25760.8085937500
460.217773     26145.1328125000
460.572845     26358.3984375000
460.927856     26616.0957031250
461.282837     27040.4082031250
461.637756     27546.9160156250
461.992645     27275.8886718750
462.347504     28088.9667968750
462.702332     27742.4101562500
463.057129     28308.8984375000
463.411835     28271.1328125000
463.766541     28644.3496093750
464.121185     28517.7226562500
464.475830     28280.0195312500
464.830383     28115.6250000000
465.184937     27937.9042968750
465.539429     28111.1835937500
465.893921     28790.9687500000
466.248322     29586.2753906250
466.602753     28837.6210937500
466.957062     29552.9531250000
467.311371     28993.1289062500
467.665619     29552.9531250000
468.019897     29652.9218750000
468.374054     29890.6250000000
468.728180     29821.7578125000
469.082306     30883.6464843750
469.436371     31150.2304687500
469.790405     31276.8574218750
470.144379     30568.1894531250
470.498352     30881.4257812500
470.852264     30632.6132812500
471.206146     31416.8125000000
471.559967     32567.5625000000
471.913788     32987.4296875000
472.267487     33545.0351562500
472.621246     34022.6601562500
472.974915     34342.5625000000
473.328522     34273.6953125000
473.682129     34686.8984375000
474.035675     35242.2812500000
474.389191     35655.4843750000
474.742676     36301.9453125000
475.096130     36859.5507812500
475.449493     36821.7851562500
475.802856     36981.7343750000
476.156189     37263.8671875000
476.509460     36943.9687500000
476.862732     37055.0429687500
477.215912     38165.8085937500
477.569061     38554.5742187500
477.922150     39783.0781250000
478.275299     40356.2304687500
478.628296     40385.1093750000
478.981323     40756.1054687500
479.334259     40705.0117187500
479.687195     41920.1835937500
480.040070     41946.8437500000
480.392914     42420.0273437500
480.745728     41833.5468750000
481.098511     43139.8007812500
481.451202     43661.8593750000
481.803925     44294.9960937500
482.156525     43939.5507812500
482.509125     44566.0234375000
482.861694     45248.0312500000
483.214233     45132.5117187500
483.566711     44803.7265625000
483.919128     45081.4140625000
484.271576     45074.7500000000
484.623901     44952.5664062500
484.976257     45550.1562500000
485.328522     44812.6093750000
485.680786     43348.6250000000
486.032959     40884.9531250000
486.385132     40136.3007812500
486.737274     39936.3632812500
487.089325     41218.1835937500
487.441376     42211.2031250000
487.793396     43881.7929687500
488.145386     44359.4179687500
488.497284     45587.9218750000
488.849182     45379.1015625000
489.201019     45854.5078125000
489.552826     46889.7382812500
489.904572     47769.4609375000
490.256317     48793.5859375000
490.608002     48884.6679687500
490.959656     48891.3320312500
491.311249     48393.7109375000
491.662811     48487.0156250000
492.014343     47300.7187500000
492.365814     46707.5703125000
492.717285     47445.1171875000
493.068665     48507.0078125000
493.420044     48813.5781250000
493.771362     48900.2187500000
494.122650     49040.1757812500
494.473877     49342.3007812500
494.825104     50364.2031250000
495.176270     50413.0781250000
495.527374     50113.1718750000
495.878479     49946.5546875000
496.229492     49893.2382812500
496.580536     50497.4960937500
496.931458     50684.1015625000
497.282379     50915.1406250000
497.633270     50788.5156250000
497.984131     50924.0273437500
498.334900     49702.1875000000
498.685669     49340.0781250000
499.036377     49457.8203125000
499.387115     49926.5625000000
499.737701     50346.4296875000
500.088318     49884.3554687500
500.438904     49668.8671875000
500.789429     49237.8906250000
501.139893     49100.1562500000
501.490295     48893.5546875000
501.840729     48202.6601562500
502.191040     48438.1406250000
502.541382     48775.8125000000
502.891663     49113.4843750000
503.241913     49535.5742187500
503.592133     49575.5625000000
503.942322     48760.2617187500
504.292358     48378.1601562500
504.642395     48982.4140625000
504.992432     49442.2695312500
505.342468     49911.0117187500
505.692413     50348.6523437500
506.042358     50972.9023437500
506.392242     51068.4257812500
506.742035     51143.9570312500
507.091858     50879.5976562500
507.441528     50650.7812500000
507.791290     50426.4062500000
508.140961     50115.3906250000
508.490601     49928.7851562500
508.840210     50724.0898437500
509.189697     51121.7421875000
509.539215     51543.8320312500
509.888641     51552.7187500000
510.238098     51159.5078125000
510.587494     51246.1484375000
510.936859     51275.0273437500
511.286194     51750.4335937500
511.635498     52183.6328125000
511.984650     52594.6132812500
512.333862     52057.0039062500
512.682922     51945.9296875000
513.032043     51848.1835937500
513.381104     51686.0117187500
513.730164     51379.4414062500
514.079163     51163.9531250000
514.428040     51008.4453125000
514.776978     50875.1523437500
515.125793     51272.8085937500
515.474609     51212.8242187500
515.823425     51683.7890625000
516.172180     51808.1953125000
516.520813     50626.3437500000
516.869568     48646.9648437500
517.218079     47047.4648437500
517.566650     47638.3906250000
517.915161     48255.9765625000
518.263672     48022.7148437500
518.612183     48518.1171875000
518.960571     48422.5898437500
519.308899     49788.8281250000
519.657227     50341.9882812500
520.005554     51235.0390625000
520.353699     51892.6132812500
520.701904     51721.5546875000
521.050110     51852.6250000000
521.398254     52241.3906250000
521.746338     52574.6210937500
522.094421     52823.4335937500
522.442383     52381.3476562500
522.790222     52230.2851562500
523.138184     51563.8281250000
523.486145     51794.8671875000
523.833984     52499.0898437500
524.181763     53145.5546875000
524.529541     53187.7617187500
524.877197     53283.2890625000
525.224915     52994.4882812500
525.572449     53416.5781250000
525.920105     53278.8437500000
526.267639     52747.8984375000
526.615173     51103.9726562500
526.962646     50006.5390625000
527.309998     50184.2578125000
527.657410     50319.7734375000
528.004700     51166.1718750000
528.351990     51732.6640625000
528.699280     52210.2890625000
529.046509     53076.6875000000
529.393677     53589.8593750000
529.740845     53050.0273437500
530.087891     52943.3945312500
530.434998     52838.9804687500
530.781921     53314.3906250000
531.128906     53381.0351562500
531.475891     53865.3281250000
531.822815     53469.8945312500
532.169617     53401.0273437500
532.516418     52428.0000000000
532.863159     51459.4140625000
533.209839     51432.7578125000
533.556580     51805.9726562500
533.903198     51899.2773437500
534.249817     52070.3359375000
534.596436     52225.8398437500
534.942932     52525.7460937500
535.289368     52650.1523437500
535.635803     52887.8554687500
535.982178     53116.6718750000
536.328552     53090.0156250000
536.674805     52461.3242187500
537.021118     51832.6328125000
537.367371     51994.8007812500
537.713501     52112.5429687500
538.059692     52459.1015625000
538.405701     52352.4687500000
538.751831     52454.6601562500
539.097839     52174.7460937500
539.443787     51779.3164062500
539.789734     51321.6796875000
540.135620     50890.7031250000
540.481506     50519.7109375000
540.827209     50070.9609375000
541.173035     49944.3359375000
541.518799     50202.0312500000
541.864502     50568.5820312500
542.210144     51119.5234375000
542.555786     51297.2421875000
542.901245     51406.0976562500
543.246826     51446.0859375000
543.592285     50846.2734375000
543.937683     51699.3398437500
544.283142     51963.7031250000
544.628479     51845.9609375000
544.973816     51832.6328125000
545.319031     51770.4296875000
545.664307     51841.5156250000
546.009399     51599.3710937500
546.354614     52041.4531250000
546.699707     51741.5468750000
547.044739     51577.1562500000
547.389832     51368.3320312500
547.734802     50615.2343750000
548.079712     50208.6953125000
548.424622     50408.6328125000
548.769409     50644.1171875000
549.114258     51023.9960937500
549.459045     50684.1015625000
549.803772     50772.9648437500
550.148499     50850.7187500000
550.493103     51279.4726562500
550.837708     50515.2656250000
551.182190     50406.4101562500
551.526733     50597.4648437500
551.871216     50495.2734375000
552.215698     50719.6484375000
552.560120     50939.5781250000
552.904480     50444.1796875000
553.248718     50279.7851562500
553.592957     50259.7929687500
553.937195     50341.9882812500
554.281372     50510.8242187500
554.625549     49831.0351562500
554.969666     50253.1250000000
555.313721     50182.0390625000
555.657654     50277.5625000000
556.001709     50019.8671875000
556.345581     49864.3593750000
556.689514     49595.5546875000
557.033325     48849.1210937500
557.377197     48513.6718750000
557.720947     48726.9375000000
558.064575     48851.3437500000
558.408264     48798.0273437500
558.751892     47791.6757812500
559.095520     46905.2890625000
559.439087     47067.4609375000
559.782654     46685.3554687500
560.126099     46760.8906250000
560.469543     47036.3593750000
560.812927     47314.0468750000
561.156250     47047.4648437500
561.499512     47498.4335937500
561.842773     47105.2265625000
562.185974     46540.9570312500
562.529175     46194.3984375000
562.872314     46414.3320312500
563.215332     46836.4218750000
563.558472     46689.8007812500
563.901367     46105.5390625000
564.244385     46125.5312500000
564.587341     45936.7031250000
564.930237     46565.3945312500
565.273071     46298.8125000000
565.615845     45550.1562500000
565.958557     44834.8281250000
566.301331     44314.9882812500
566.643860     44263.8945312500
566.986511     44737.0781250000
567.329163     45036.9843750000
567.671692     45445.7460937500
568.014221     44239.4570312500
568.356628     43153.1328125000
568.699036     42828.7890625000
569.041321     42766.5859375000
569.383728     43230.8867187500
569.726013     43206.4492187500
570.068298     42906.5429687500
570.410461     43139.8007812500
570.752686     42031.2617187500
571.094727     42346.7187500000
571.436768     41424.7851562500
571.778809     42153.4453125000
572.120850     42242.3046875000
572.462769     42548.8750000000
572.804688     42597.7500000000
573.146606     42966.5234375000
573.488342     41964.6171875000
573.830139     42819.9023437500
574.171814     42435.5781250000
574.513550     42317.8398437500
574.855164     42353.3828125000
575.196838     41287.0507812500
575.538391     41151.5351562500
575.879883     40327.3515625000
576.221375     40882.7343750000
576.562744     41293.7148437500
576.904175     41107.1054687500
577.245483     41591.3984375000
577.586792     41704.6953125000
577.928101     41255.9492187500
578.269348     41178.1953125000
578.610535     40756.1054687500
578.951660     40545.0625000000
579.292664     40496.1875000000
579.633728     40847.1875000000
579.974792     40998.2500000000
580.315796     41373.6914062500
580.656677     41295.9375000000
580.997498     41282.6054687500
581.338379     41409.2343750000
581.679138     41451.4414062500
582.019897     41300.3789062500
582.360657     41711.3632812500
582.701294     41726.9140625000
583.041931     41764.6796875000
583.382507     41578.0703125000
583.723022     41646.9375000000
584.063538     41695.8125000000
584.403931     41542.5273437500
584.744385     41335.9218750000
585.084778     41255.9492187500
585.425110     41071.5625000000
585.765381     40149.6289062500
586.105591     39794.1835937500
586.445801     39818.6210937500
586.785889     39569.8125000000
587.125977     40100.7539062500
587.466064     39705.3242187500
587.806152     39554.2617187500
588.146118     38881.1367187500
588.486023     37532.6718750000
588.825928     36215.3085937500
589.165710     34513.6171875000
589.505554     33254.0156250000
589.845337     32067.7187500000
590.185120     32445.3789062500
590.524780     33422.8515625000
590.864441     34426.9804687500
591.203918     34411.4296875000
591.543518     34764.6523437500
591.882996     34964.5898437500
592.222473     34564.7148437500
592.561890     34869.0625000000
592.901306     35157.8632812500
593.240662     35160.0820312500
593.579895     35000.1328125000
593.919128     35568.8437500000
594.258301     35017.9062500000
594.597473     34418.0937500000
594.936646     33851.6054687500
595.275696     33642.7812500000
595.614807     33767.1875000000
595.953796     33884.9257812500
596.292725     34653.5742187500
596.631592     34658.0195312500
596.970398     34651.3554687500
597.309204     35148.9765625000
597.648010     34893.5000000000
597.986755     34618.0312500000
598.325500     34524.7265625000
598.664124     35049.0078125000
599.002686     34267.0312500000
599.341187     34331.4531250000
599.679749     35051.2265625000
600.018250     34669.1250000000
600.356628     34889.0585937500
600.695068     34644.6875000000
601.033386     34695.7851562500
601.371643     33462.8359375000
601.709900     33976.0117187500
602.048035     34271.4726562500
602.386292     34080.4218750000
602.724426     33876.0429687500
603.062500     34224.8203125000
603.400574     34540.2773437500
603.738525     34198.1640625000
604.076477     34560.2695312500
604.414307     34678.0117187500
604.752197     34660.2382812500
605.090027     34282.5820312500
605.427795     34551.3867187500
605.765564     34147.0664062500
606.103210     33949.3515625000
606.440857     33811.6171875000
606.778442     33658.3320312500
607.115967     33640.5585937500
607.453552     33698.3203125000
607.791016     33716.0898437500
608.128418     33405.0781250000
608.465820     32831.9257812500
608.803162     32985.2109375000
609.140442     32678.6386718750
609.477661     32705.2968750000
609.814880     32325.4160156250
610.152100     32181.0175781250
610.489258     32498.6953125000
610.826294     32445.3789062500
611.163269     32909.6757812500
611.500305     33216.2500000000
611.837219     33167.3750000000
612.174072     32680.8613281250
612.510986     32796.3789062500
612.847839     32289.8730468750
613.184570     31850.0097656250
613.521362     31845.5664062500
613.857971     31230.2050781250
614.194641     31210.2109375000
614.531189     31036.9316406250
614.867737     31163.5585937500
615.204285     31323.5078125000
615.540771     30865.8750000000
615.877197     30725.9179687500
616.213562     30130.5488281250
616.549927     29855.0800781250
616.886169     29555.1738281250
617.222351     29657.3652343750
617.558594     29408.5527343750
617.894775     30128.3281250000
618.230896     30314.9355468750
618.566956     30417.1269531250
618.902954     29897.2890625000
619.238953     29968.3789062500
619.574890     29961.7128906250
619.910767     30446.0058593750
620.246643     30179.4238281250
620.582458     30308.2714843750
620.918213     30274.9492187500
621.253967     29997.2578125000
621.589661     29957.2695312500
621.925232     29395.2246093750
622.260803     29768.4414062500
622.596375     29666.2500000000
622.931885     28870.9453125000
623.267334     29146.4140625000
623.602722     29053.1093750000
623.938110     28917.5957031250
624.273376     28557.7089843750
624.608643     28619.9121093750
624.943848     28473.2910156250
625.279114     27973.4472656250
625.614258     27973.4472656250
625.949341     27797.9472656250
626.284424     27724.6367187500
626.619446     27844.5996093750
626.954407     28051.2011718750
627.289307     27522.4785156250
627.624207     27540.2500000000
627.959045     26891.5644531250
628.293884     25880.7714843750
628.628601     26194.0058593750
628.963257     26269.5390625000
629.297913     26322.8554687500
629.632507     25991.8476562500
629.967102     25971.8535156250
630.301697     25807.4609375000
630.636169     25720.8222656250
630.970581     26067.3789062500
631.304993     26111.8105468750
631.639282     25860.7773437500
631.973572     25543.0996093750
632.307861     25951.8593750000
632.642090     25432.0234375000
632.976257     25647.5117187500
633.310425     25634.1816406250
633.644470     25767.4726562500
633.978516     25783.0234375000
634.312439     25671.9472656250
634.646423     25276.5156250000
634.980347     25583.0859375000
635.314209     25569.7578125000
635.648071     25727.4863281250
635.981812     25076.5781250000
636.315552     25280.9589843750
636.649170     25365.3769531250
636.982849     25560.8710937500
637.316406     25225.4218750000
637.649963     25305.3964843750
637.983521     25200.9843750000
638.317017     25274.2949218750
638.650391     25174.3261718750
638.983765     25558.6503906250
639.317078     25258.7441406250
639.650391     25038.8125000000
639.983643     24610.0585937500
640.316833     24761.1230468750
640.649963     24467.8808593750
640.983032     24423.4511718750
641.316101     24396.7929687500
641.649109     24114.6582031250
641.982056     24565.6289062500
642.315002     23625.9238281250
642.647888     23925.8281250000
642.980774     23979.1445312500
643.313538     24034.6835937500
643.646301     23848.0761718750
643.979004     23954.7089843750
644.311646     23881.3984375000
644.644226     23794.7597656250
644.976868     23343.7890625000
645.309387     23530.3964843750
645.641846     22975.0156250000
645.974243     22781.7441406250
646.306702     22519.6035156250
646.638977     22288.5644531250
646.971252     21666.5371093750
647.303528     21630.9921875000
647.635803     21097.8261718750
647.967957     21020.0742187500
648.300110     20624.6425781250
648.632141     20809.0292968750
648.964111     20931.2128906250
649.296082     20411.3750000000
649.628113     20382.4960937500
649.960022     20393.6035156250
650.291870     20831.2441406250
650.623718     21295.5429687500
650.955383     21191.1308593750
651.287109     21120.0429687500
651.618774     20729.0546875000
651.950378     20675.7363281250
652.281982     19973.7343750000
652.613586     20500.2363281250
652.945068     20646.8574218750
653.276489     20693.5097656250
653.607910     20935.6562500000
653.939209     21186.6875000000
654.270569     20886.7812500000
654.601807     20604.6484375000
654.933105     20471.3574218750
655.264221     19962.6269531250
655.595398     19729.3671875000
655.926453     19074.0175781250
656.257507     18058.7792968750
656.588440     17336.7851562500
656.919434     17050.2070312500
657.250366     17601.1464843750
657.581238     17936.5957031250
657.912048     18412.0019531250
658.242798     19158.4355468750
658.573486     19529.4296875000
658.904114     19607.1835937500
659.234802     19720.4804687500
659.565430     19824.8925781250
659.895996     19567.1953125000
660.226501     19720.4804687500
660.556946     19913.7539062500
660.887329     19918.1972656250
661.217712     20140.3496093750
661.547974     19889.3164062500
661.878296     19838.2226562500
662.208557     19898.2031250000
662.538757     19773.7988281250
662.868896     19836.0000000000
663.198975     19613.8476562500
663.528992     19258.4042968750
663.859009     19425.0175781250
664.188904     19422.7968750000
664.518860     19511.6582031250
664.848755     19302.8339843750
665.178589     18947.3906250000
665.508362     19300.6132812500
665.838013     19202.8652343750
666.167725     19205.0878906250
666.497375     19040.6953125000
666.826965     19096.2324218750
667.156494     18896.2949218750
667.486084     18929.6191406250
667.815552     18658.5917968750
668.144897     18494.1992187500
668.474304     18405.3378906250
668.803528     18140.9765625000
669.132813     18369.7929687500
669.462036     18409.7812500000
669.791260     18287.5976562500
670.120422     18620.8261718750
670.449463     18247.6093750000
670.778564     18080.9960937500
671.107544     18143.1972656250
671.436523     17807.7480468750
671.765381     17849.9570312500
672.094299     17623.3613281250
672.423157     17590.0390625000
672.751831     17467.8535156250
673.080627     17872.1718750000
673.409302     17427.8671875000
673.737976     17456.7460937500
674.066528     17250.1445312500
674.395081     17452.3046875000
674.723572     17443.4179687500
675.052002     17041.3222656250
675.380432     17092.4160156250
675.708801     17030.2148437500
676.037170     17245.7011718750
676.365417     17181.2773437500
676.693665     17081.3085937500
677.021851     16872.4863281250
677.349976     16912.4726562500
677.678040     17005.7773437500
678.006042     16841.3847656250
678.334106     16843.6054687500
678.662048     16539.2558593750
678.989929     16634.7832031250
679.317810     16812.5039062500
679.645630     16419.2949218750
679.973389     16530.3710937500
680.301086     16352.6484375000
680.628845     16565.9160156250
680.956482     16294.8886718750
681.283997     16232.6865234375
681.611572     16183.8125000000
681.939087     15806.1533203125
682.266541     16292.6679687500
682.593872     16130.4960937500
682.921265     15966.1035156250
683.248596     15735.0644531250
683.575806     15912.7871093750
683.903076     15795.0458984375
684.230286     15672.8623046875
684.557373     15455.1523437500
684.884399     15615.1025390625
685.211487     15324.0820312500
685.538513     15590.6650390625
685.865417     15466.2597656250
686.192261     15286.3164062500
686.519165     14726.4921875000
686.845947     14102.2431640625
687.172729     12504.9667968750
687.499451     11487.5078125000
687.826111     11314.2294921875
688.152771     11600.8056640625
688.479248     11998.4589843750
688.805847     12300.5859375000
689.132324     12116.1992187500
689.458801     12307.2509765625
689.785095     12242.8261718750
690.111511     12331.6875000000
690.437805     12749.3339843750
690.764038     12709.3466796875
691.090210     12502.7451171875
691.416443     12887.0693359375
691.742554     13151.4306640625
692.068604     12969.2656250000
692.394592     12962.6005859375
692.720581     12971.4873046875
693.046509     12851.5244140625
693.372375     12542.7324218750
693.698242     12478.3085937500
694.023987     12207.2822265625
694.349792     12140.6367187500
694.675476     11891.8251953125
695.001099     12236.1621093750
695.326721     12187.2880859375
695.652222     12347.2382812500
695.977783     12569.3906250000
696.303284     12733.7841796875
696.628723     12907.0625000000
696.954041     13129.2148437500
697.279358     13242.5126953125
697.604675     13453.5576171875
697.929871     13418.0136718750
698.255066     13433.5644531250
698.580200     13415.7919921875
698.905334     12889.2910156250
699.230286     12864.8535156250
699.555359     12562.7265625000
699.880310     12582.7197265625
700.205261     12138.4150390625
700.530029     12311.6943359375
700.854919     12149.5224609375
701.179688     12127.3076171875
701.504456     12053.9970703125
701.829102     12036.2246093750
702.153687     11862.9453125000
702.478271     12007.3447265625
702.802856     12062.8828125000
703.127319     12107.3134765625
703.451721     12440.5419921875
703.776123     12467.2011718750
704.100464     12418.3271484375
704.424805     12618.2646484375
704.749084     12818.2021484375
705.073303     12729.3408203125
705.397461     12549.3974609375
705.721558     12536.0683593750
706.045654     12698.2392578125
706.369690     12791.5429687500
706.693604     12782.6572265625
707.017578     12713.7900390625
707.341431     12651.5869140625
707.665283     12778.2138671875
707.989075     12915.9492187500
708.312805     12598.2705078125
708.636536     12720.4550781250
708.960144     12678.2460937500
709.283752     12831.5312500000
709.607361     12953.7148437500
709.930847     12540.5107421875
710.254333     12713.7900390625
710.577759     12578.2773437500
710.901062     12413.8837890625
711.224426     12560.5048828125
711.547668     12887.0693359375
711.870911     12824.8662109375
712.194153     12576.0556640625
712.517212     12647.1445312500
712.840332     12596.0488281250
713.163391     12407.2197265625
713.486389     12391.6689453125
713.809326     12389.4472656250
714.132202     12385.0039062500
714.455078     12313.9150390625
714.777893     12029.5605468750
715.100586     11796.2998046875
715.423401     11860.7246093750
715.746094     11747.4267578125
716.068604     11483.0654296875
716.391235     11065.4179687500
716.713745     10518.9228515625
717.036255      9690.2939453125
717.358643      9019.3935546875
717.681030      8681.7216796875
718.003418      8275.1826171875
718.325745      7964.1684570313
718.647888      7668.7055664063
718.970154      7677.5917968750
719.292297      7259.9453125000
719.614380      7208.8500976563
719.936401      7242.1728515625
720.258423      7171.0839843750
720.580383      7475.4331054688
720.902283      7539.8574218750
721.224182      8073.0234375000
721.545959      8941.6396484375
721.867737      9143.7988281250
722.189453      9497.0214843750
722.511169      9641.4199218750
722.832764      9681.4082031250
723.154419      9379.2802734375
723.475952      9159.3496093750
723.797424      8535.1005859375
724.118896      8386.2587890625
724.440247      8050.8081054688
724.761597      8119.6752929688
725.082886      7999.7128906250
725.404175      7908.6303710938
725.725342      7806.4404296875
726.046509      7790.8896484375
726.367615      7908.6303710938
726.688721      7986.3837890625
727.009644      7864.2001953125
727.330688      7995.2700195313
727.651611      7804.2187500000
727.972473      7813.1049804688
728.293274      7737.5732421875
728.614075      8039.7006835938
728.934814      8155.2197265625
729.255493      7790.8896484375
729.576172      7722.0224609375
729.896729      7819.7695312500
730.217285      8084.1308593750
730.537720      7973.0546875000
730.858215      7921.9594726563
731.178650      7859.7568359375
731.498962      7893.0800781250
731.819214      7835.3203125000
732.139526      8081.9096679688
732.459778      8570.6455078125
732.779846      8781.6904296875
733.100037      8990.5136718750
733.420105      9152.6845703125
733.740112      9399.2744140625
734.060059      9539.2304687500
734.380066      9788.0410156250
734.699890      9499.2431640625
735.019775      9932.4404296875
735.339478      9892.4531250000
735.659241      9652.5283203125
735.978943      9448.1474609375
736.298584      9323.7421875000
736.618164      9370.3945312500
736.937744      9330.4072265625
737.257263      9368.1728515625
737.576599      9517.0146484375
737.896057      9743.6103515625
738.215393      9561.4453125000
738.534729      9579.2177734375
738.853943      9665.8574218750
739.173157      9639.1992187500
739.492371      9594.7685546875
739.811523      9497.0214843750
740.130493      9716.9521484375
740.449524      9454.8125000000
740.768555      9772.4902343750
741.087463      9763.6044921875
741.406311      9841.3574218750
741.725159      9681.4082031250
742.043945      9863.5732421875
742.362610      9788.0410156250
742.681396      9823.5859375000
743.000061      9739.1679687500
743.318604      9936.8828125000
743.637146     10134.5986328125
743.955627     10099.0546875000
744.274109      9899.1171875000
744.592407      9936.8828125000
744.910828      9921.3330078125
745.229126      9828.0283203125
745.547424      9750.2753906250
745.865540      9792.4843750000
746.183777      9796.9267578125
746.501892      9672.5214843750
746.819946      9790.2626953125
747.137939      9736.9462890625
747.455872      9805.8134765625
747.773865      9996.8642578125
748.091736      9608.0976562500
748.409485      9519.2363281250
748.727295      9368.1728515625
749.045044      9401.4960937500
749.362671      9481.4707031250
749.680298      9341.5146484375
749.997925      9425.9326171875
750.315491      9263.7607421875
750.632874      9363.7294921875
750.950378      9261.5390625000
751.267822      9345.9570312500
751.585083      9285.9765625000
751.902405      9245.9892578125
752.219666      9228.2167968750
752.536865      9219.3300781250
752.854004      9174.9003906250
753.171082      9143.7988281250
753.488159      8994.9560546875
753.805176      9077.1533203125
754.122070      9201.5585937500
754.439026      9239.3242187500
754.755920      9161.5712890625
755.072693      9199.3369140625
755.389465      9052.7158203125
755.706177      9061.6025390625
756.022888      9034.9443359375
756.339478      9023.8359375000
756.656006      9028.2792968750
756.972595      9154.9062500000
757.289063      8950.5263671875
757.605408      9252.6533203125
757.921814      9203.7802734375
758.238159      9034.9443359375
758.554443      8792.7978515625
758.870667      8881.6582031250
759.186890      8452.9042968750
759.503052      7555.4082031250
759.819092      6495.7402343750
760.135132      5049.5273437500
760.451172      4138.7016601563
760.767029      3474.4658203125
761.082947      3107.9140625000
761.398804      3079.0341796875
761.714600      3603.3142089844
762.030396      3972.0874023438
762.346008      4291.9873046875
762.661682      4085.3852539063
762.977295      3945.4291992188
763.292908      3823.2453613281
763.608337      3736.6057128906
763.923828      3814.3591308594
764.239258      3943.2075195313
764.554626      4223.1196289063
764.869873      4416.3925781250
765.185181      4629.6591796875
765.500427      4905.1279296875
765.815491      5260.5722656250
766.130615      5558.2568359375
766.445740      5813.7319335938
766.760803      6149.1826171875
767.075745      6529.0634765625
767.390686      6757.8803710938
767.705566      7073.3369140625
768.020386      7219.9575195313
768.335144      7319.9262695313
768.649902      7664.2626953125
768.964539      7764.2314453125
769.279175      7790.8896484375
769.593750      7913.0737304688
769.908264      7817.5478515625
770.222839      7908.6303710938
770.537170      7915.2949218750
770.851624      7959.7255859375
771.165955      8119.6752929688
771.480286      8050.8081054688
771.794495      7930.8457031250
772.108704      8135.2260742188
772.422852      7904.1875000000
772.736938      7915.2949218750
773.050964      7988.6054687500
773.364990      7835.3203125000
773.678894      7750.9023437500
773.992798      7826.4340820313
774.306641      7848.6494140625
774.620422      7682.0351562500
774.934204      7599.8383789063
775.247864      7637.6044921875
775.561584      7588.7309570313
775.875183      7917.5166015625
776.188721      7488.7622070313
776.502197      7539.8574218750
776.815735      7913.0737304688
777.129150      7495.4267578125
777.442444      7550.9648437500
777.755737      7615.3891601563
778.069092      7493.2050781250
778.382324      7564.2939453125
778.695435      7544.3002929688
779.008545      7457.6606445313
779.321594      7391.0151367188
779.634644      7208.8500976563
779.947571      7217.7363281250
780.260498      7197.7421875000
780.573364      7157.7548828125
780.886169      7084.4448242188
781.198975      6973.3681640625
781.511719      7137.7612304688
781.824402      7040.0141601563
782.136963      6977.8115234375
782.449585      6853.4057617188
782.762146      6913.3872070313
783.074646      6780.0957031250
783.387024      6780.0957031250
783.699402      6768.9877929688
784.011719      6762.3232421875
784.324097      6682.3486328125
784.636230      6755.6586914063
784.948425      6704.5639648438
785.260620      6515.7338867188
785.572632      6564.6074218750
785.884644      6571.2724609375
786.196655      6291.3598632813
786.508667      6329.1259765625
786.820496      6322.4614257813
787.132324      6191.3916015625
787.444153      6189.1699218750
787.755859      6118.0810546875
788.067566      6113.6381835938
788.379211      6149.1826171875
788.690796      5880.3779296875
789.002319      5802.6245117188
789.313782      5804.8461914063
789.625305      5733.7573242188
789.936707      5591.5795898438
790.247986      5578.2504882813
790.559326      5489.3891601563
790.870605      5416.0791015625
791.181763      5602.6870117188
791.492920      5593.8012695313
791.803955      5396.0854492188
792.115051      5336.1040039063
792.426086      5462.7309570313
792.737000      5336.1040039063
793.047913      5369.4267578125
793.358765      5389.4208984375
793.669495      5476.0600585938
793.980347      5362.7622070313
794.291016      5347.2119140625
794.601685      5324.9965820313
794.912292      5285.0087890625
795.222778      5218.3632812500
795.533325      5213.9204101563
795.843811      5136.1669921875
796.154175      4889.5776367188
796.464539      4922.9003906250
796.774902      5078.4072265625
797.085022      4936.2294921875
797.395325      4962.8876953125
797.705505      4980.6601562500
798.015625      4969.5522460938
798.325623      5038.4194335938
798.635620      4900.6850585938
798.945618      5002.8754882813
799.255554      4916.2358398438
799.565369      4882.9130859375
799.875183      4638.5449218750
800.184998      4685.1972656250
800.494690      4669.6464843750
800.804321      4698.5263671875
801.113953      4671.8681640625
801.423462      4738.5136718750
801.732910      4627.4375000000
802.042419      4662.9819335938
802.351868      4631.8803710938
802.661255      4583.0068359375
802.970520      4474.1523437500
803.279785      4411.9497070313
803.588989      4503.0322265625
803.898193      4474.1523437500
804.207275      4576.3422851563
804.516357      4429.7216796875
804.825378      4427.5000000000
805.134277      4585.2285156250
805.443176      4500.8105468750
805.752136      4558.5703125000
806.060974      4523.0258789063
806.369629      4420.8354492188
806.678406      4471.9306640625
806.987061      4451.9370117188
807.295715      4431.9433593750
807.604187      4440.8291015625
807.912720      4574.1210937500
808.221191      4516.3613281250
808.529663      4385.2910156250
808.837952      4356.4111328125
809.146301      4305.3164062500
809.454590      4349.7465820313
809.762756      4247.5566406250
810.070923      3958.7583007813
810.379028      4007.6318359375
810.687073      4043.1762695313
810.995117      4020.9609375000
811.303040      3898.7770996094
811.611023      3803.2514648438
811.918884      3849.9035644531
812.226624      3721.0551757813
812.534424      3847.6821289063
812.842163      3585.5419921875
813.149719      3549.9975585938
813.457397      3538.8898925781
813.764954      3363.3894042969
814.072510      3376.7187500000
814.379883      3334.5097656250
814.687378      3085.6987304688
814.994690      3085.6987304688
815.302063      3034.6037597656
815.609314      2990.1733398438
815.916504      2992.3947753906
816.223694      2923.5275878906
816.530762      2872.4323730469
816.837830      2803.5651855469
817.144836      2779.1284179688
817.451843      2843.5524902344
817.758667      2756.9130859375
818.065552      2772.4636230469
818.372375      2728.0332031250
818.679138      2843.5524902344
818.985779      2810.2297363281
819.292480      2723.5900878906
819.599121      2985.7302246094
819.905701      2770.2421875000
820.212158      2901.3122558594
820.518616      2865.7678222656
820.825012      3165.6738281250
821.131348      3023.4960937500
821.437683      3090.1418457031
821.743896      3119.0217285156
822.050110      3072.3696289063
822.356262      3007.9453125000
822.662415      2845.7741699219
822.968445      2705.8178710938
823.274475      2576.9694824219
823.580322      2590.2985839844
823.886292      2679.1596679688
824.192200      2805.7866210938
824.497864      2941.2995605469
824.803711      2996.8378906250
825.109375      3119.0217285156
825.415039      2970.1794433594
825.720581      2936.8566894531
826.026184      3043.4897460938
826.331665      3007.9453125000
826.637146      3056.8190917969
826.942444      3203.4396972656
827.247803      3061.2619628906
827.553162      2903.5336914063
827.858398      3023.4960937500
828.163574      2945.7426757813
828.468750      2841.3310546875
828.773804      2903.5336914063
829.078796      2799.1220703125
829.383850      2836.8879394531
829.688782      2788.0144042969
829.993713      2892.4260253906
830.298462      2770.2421875000
830.603271      2761.3562011719
830.908020      2876.8754882813
831.212708      2843.5524902344
831.517273      2914.6413574219
831.821960      2890.2045898438
832.126465      2856.8815917969
832.430908      2907.9768066406
832.735352      2916.8627929688
833.039734      2894.6477050781
833.344116      2819.1157226563
833.648315      2803.5651855469
833.952576      2736.9194335938
834.256714      2810.2297363281
834.560913      2903.5336914063
834.864929      2865.7678222656
835.169006      2967.9580078125
835.472961      2910.1982421875
835.776917      2892.4260253906
836.080750      2821.3374023438
836.384583      2954.6289062500
836.688354      2899.0905761719
836.992004      2905.7553710938
837.295654      2899.0905761719
837.599365      2956.8503417969
837.902893      2963.5148925781
838.206360      2903.5336914063
838.509827      3036.8251953125
838.813293      2952.4072265625
839.116699      2981.2871093750
839.419922      2943.5212402344
839.723206      2905.7553710938
840.026428      3019.0529785156
840.329590      2896.8691406250
840.632690      2927.9704589844
840.935730      2945.7426757813
841.238708      2890.2045898438
841.541626      2945.7426757813
841.844543      2899.0905761719
842.147461      2987.9516601563
842.450256      2979.0656738281
842.752930      2916.8627929688
843.055664      2930.1921386719
843.358337      2923.5275878906
843.660889      2905.7553710938
843.963440      2923.5275878906
844.265930      2874.6538085938
844.568420      2801.3435058594
844.870728      2832.4448242188
845.173096      2776.9067382813
845.475403      2883.5400390625
845.777649      2823.5588378906
846.079834      2847.9956054688
846.381958      2812.4511718750
846.684021      2945.7426757813
846.986145      2883.5400390625
847.288025      2879.0969238281
847.589966      2932.4135742188
847.891846      2867.9892578125
848.193665      2810.2297363281
848.495483      2923.5275878906
848.797180      2847.9956054688
849.098877      2821.3374023438
849.400452      2772.4636230469
849.702026      2716.9255371094
850.003540      2676.9382324219
850.304993      2672.4951171875
850.606445      2652.5014648438
850.907776      2650.2797851563
851.209106      2648.0583496094
851.510315      2608.0708007813
851.811584      2599.1848144531
852.112671      2665.8305664063
852.413879      2599.1848144531
852.714844      2636.9506835938
853.015869      2656.9443359375
853.316833      2508.1022949219
853.617737      2599.1848144531
853.918579      2505.8806152344
854.219360      2536.9819335938
854.520142      2352.5954589844
854.820862      2397.0258789063
855.121399      2399.2475585938
855.421997      2457.0070800781
855.722595      2528.0959472656
856.023071      2377.0322265625
856.323486      2437.0134277344
856.623901      2494.7729492188
856.924255      2470.3361816406
857.224487      2399.2475585938
857.524719      2552.5327148438
857.824890      2412.5766601563
858.125000      2394.8044433594
858.425049      2490.3300781250
858.725098      2479.2224121094
859.025085      2490.3300781250
859.325012      2399.2475585938
859.624817      2461.4501953125
859.924683      2419.2412109375
860.224487      2457.0070800781
860.524170      2392.5830078125
860.823792      2328.1586914063
861.123474      2319.2724609375
861.422974      2359.2600097656
861.722412      2381.4753417969
862.021912      2496.9946289063
862.321350      2339.2663574219
862.620728      2463.6716308594
862.919983      2401.4689941406
863.219238      2441.4565429688
863.518433      2234.8544921875
863.817505      2361.4814453125
864.116638      2308.1650390625
864.415710      2270.3989257813
864.714722      2228.1899414063
865.013550      2223.7470703125
865.312439      2314.8295898438
865.611328      2339.2663574219
865.910156      2254.8483886719
866.208801      2277.0634765625
866.507507      2132.6643066406
866.806091      2190.4240722656
867.104614      2154.8796386719
867.403137      2225.9685058594
867.701660      2225.9685058594
868.000061      2188.2026367188
868.298401      2250.4052734375
868.596741      2203.7531738281
868.894958      2174.8732910156
869.193237      2150.4365234375
869.491333      2221.5253906250
869.789429      2152.6582031250
870.087524      2121.5568847656
870.385498      2177.0949707031
870.683411      2199.3100585938
870.981323      2114.8920898438
871.279236      2168.2087402344
871.576965      2141.5505371094
871.874695      2214.8608398438
872.172363      2230.4116210938
872.470032      2145.9936523438
872.767578      2143.7719726563
873.065125      2086.0124511719
873.362549      2108.2275390625
873.660034      2139.3291015625
873.957397      2099.3415527344
874.254700      2052.6894531250
874.552002      2063.7971191406
874.849182      2072.6831054688
875.146362      2110.4492187500
875.443481      2003.8159179688
875.740540      2066.0185546875
876.037476      2130.4428710938
876.334473      2046.0249023438
876.631348      2057.1325683594
876.928223      2063.7971191406
877.224976      1981.6007080078
877.521729      1979.3791503906
877.818420      1966.0500488281
878.115112      2028.2526855469
878.411621      2008.2590332031
878.708191      2123.7783203125
879.004700      1917.1763916016
879.301086      2030.4742431641
879.597473      1979.3791503906
879.893799      2001.5943603516
880.190063      1986.0437011719
880.486267      1986.0437011719
880.782471      1970.4930419922
881.078613      2014.9235839844
881.374695      1928.2840576172
881.670654      1977.1575927734
881.966614      2034.9172363281
882.262573      1890.5181884766
882.558350      1966.0500488281
882.854126      1948.2778320313
883.149902      1899.4042968750
883.445618      1954.9423828125
883.741211      1823.8724365234
884.036865      1899.4042968750
884.332336      1874.9674072266
884.627869      1941.6132812500
884.923218      1799.4355468750
885.218689      1886.0750732422
885.513977      1928.2840576172
885.809265      1881.6320800781
886.104492      1894.9611816406
886.399658      1934.9486083984
886.694763      1863.8598632813
886.989807      1821.6508789063
887.284790      1830.5369873047
887.579773      1826.0938720703
887.874695      1901.6257324219
888.169495      1872.7459716797
888.464355      1823.8724365234
888.759094      1859.4167480469
889.053772      1748.3404541016
889.348389      1797.2141113281
