0.073000
190.489868         0.0000000000
190.870819         0.0000000000
191.251740      1248.4973144531
191.632629      1264.0479736328
192.013474      1266.2695312500
192.394302      1272.9340820313
192.775101      1337.3582763672
193.155838      1350.6875000000
193.536575      1319.5860595703
193.917267      1372.9027099609
194.297943      1408.4471435547
194.678574      1221.8389892578
195.059174      1288.4847412109
195.439743      1355.1304931641
195.820282      1306.2569580078
196.200790      1310.6999511719
196.581268      1344.0228271484
196.961700      1297.3708496094
197.342117      1359.5736083984
197.722488      1392.8964843750
198.102829      1221.8389892578
198.483154      1232.9466552734
198.863434      1355.1304931641
199.243698      1321.8076171875
199.623901      1304.0354003906
200.004089      1270.7125244141
200.384247      1304.0354003906
200.764389      1290.7062988281
201.144485      1330.6937255859
201.524536      1306.2569580078
201.904572      1297.3708496094
202.284561      1330.6937255859
202.664520      1290.7062988281
203.044449      1375.1242675781
203.424362      1410.6687011719
203.804214      1381.7888183594
204.184067      1237.3896484375
204.563858      1328.4721679688
204.943649      1290.7062988281
205.323380      1326.2507324219
205.703094      1339.5798339844
206.082764      1332.9152832031
206.462418      1364.0166015625
206.842026      1306.2569580078
207.221588      1361.7950439453
207.601166      1386.2318115234
207.980667      1370.6811523438
208.360153      1319.5860595703
208.739609      1277.3770751953
209.119034      1381.7888183594
209.498428      1277.3770751953
209.877777      1330.6937255859
210.257111      1417.3332519531
210.636398      1368.4597167969
211.015656      1401.7825927734
211.394882      1286.2631835938
211.774094      1330.6937255859
212.153244      1348.4659423828
212.532394      1281.8201904297
212.911484      1244.0541992188
213.290543      1330.6937255859
213.669571      1304.0354003906
214.048584      1386.2318115234
214.427567      1346.2443847656
214.806488      1330.6937255859
215.185410      1272.9340820313
215.564270      1341.8013916016
215.943115      1284.0417480469
216.321930      1335.1368408203
216.700714      1284.0417480469
217.079437      1306.2569580078
217.458176      1350.6875000000
217.836838      1332.9152832031
218.215485      1359.5736083984
218.594101      1279.5986328125
218.972687      1299.5924072266
219.351227      1337.3582763672
219.729752      1324.0291748047
220.108246      1364.0166015625
220.486694      1315.1430664063
220.865128      1379.5672607422
221.243515      1281.8201904297
221.621872      1292.9278564453
222.000183      1250.7188720703
222.378494      1295.1492919922
222.756744      1297.3708496094
223.134964      1310.6999511719
223.513153      1321.8076171875
223.891327      1304.0354003906
224.269455      1361.7950439453
224.647552      1301.8138427734
225.025620      1352.9089355469
225.403656      1326.2507324219
225.781647      1384.0103759766
226.159622      1310.6999511719
226.537552      1315.1430664063
226.915436      1326.2507324219
227.293335      1341.8013916016
227.671158      1337.3582763672
228.048950      1350.6875000000
228.426727      1297.3708496094
228.804459      1328.4721679688
229.182175      1321.8076171875
229.559845      1352.9089355469
229.937500      1292.9278564453
230.315094      1370.6811523438
230.692673      1366.2381591797
231.070221      1315.1430664063
231.447723      1335.1368408203
231.825180      1352.9089355469
232.202652      1355.1304931641
232.580048      1344.0228271484
232.957428      1346.2443847656
233.334778      1370.6811523438
233.712097      1377.3458251953
234.089386      1368.4597167969
234.466614      1281.8201904297
234.843842      1372.9027099609
235.221024      1315.1430664063
235.598175      1386.2318115234
235.975281      1350.6875000000
236.352386      1326.2507324219
236.729431      1390.6749267578
237.106445      1386.2318115234
237.483414      1346.2443847656
237.860382      1359.5736083984
238.237305      1292.9278564453
238.614182      1317.3646240234
238.991043      1281.8201904297
239.367859      1317.3646240234
239.744644      1341.8013916016
240.121414      1328.4721679688
240.498138      1317.3646240234
240.874817      1328.4721679688
241.251480      1324.0291748047
241.628098      1335.1368408203
242.004700      1290.7062988281
242.381241      1306.2569580078
242.757782      1397.3394775391
243.134262      1399.5610351563
243.510727      1310.6999511719
243.887146      1390.6749267578
244.263535      1401.7825927734
244.639893      1372.9027099609
245.016220      1335.1368408203
245.392517      1308.4785156250
245.768768      1270.7125244141
246.145020      1335.1368408203
246.521194      1404.0040283203
246.897354      1410.6687011719
247.273483      1297.3708496094
247.649567      1364.0166015625
248.025650      1384.0103759766
248.401672      1301.8138427734
248.777664      1359.5736083984
249.153641      1281.8201904297
249.529556      1377.3458251953
249.905457      1395.1179199219
250.281326      1379.5672607422
250.657135      1344.0228271484
251.032959      1359.5736083984
251.408707      1308.4785156250
251.784424      1408.4471435547
252.160126      1295.1492919922
252.535797      1341.8013916016
252.911423      1310.6999511719
253.287018      1299.5924072266
253.662582      1468.4283447266
254.038116      1330.6937255859
254.413605      1399.5610351563
254.789063      1337.3582763672
255.164505      1352.9089355469
255.539886      1392.8964843750
255.915268      1350.6875000000
256.290588      1335.1368408203
256.665894      1315.1430664063
257.041168      1359.5736083984
257.416351      1324.0291748047
257.791565      1339.5798339844
258.166779      1326.2507324219
258.541870      1337.3582763672
258.916962      1297.3708496094
259.292023      1346.2443847656
259.667023      1350.6875000000
260.042053      1301.8138427734
260.416992      1279.5986328125
260.791931      1364.0166015625
261.166809      1337.3582763672
261.541687      1341.8013916016
261.916504      1324.0291748047
262.291321      1290.7062988281
262.666077      1306.2569580078
263.040802      1366.2381591797
263.415497      1355.1304931641
263.790161      1361.7950439453
264.164795      1395.1179199219
264.539368      1321.8076171875
264.913910      1355.1304931641
265.288452      1326.2507324219
265.662964      1364.0166015625
266.037384      1355.1304931641
266.411865      1397.3394775391
266.786224      1375.1242675781
267.160583      1366.2381591797
267.534912      1352.9089355469
267.909210      1317.3646240234
268.283447      1357.3520507813
268.657654      1392.8964843750
269.031860      1270.7125244141
269.406006      1361.7950439453
269.780151      1428.4407958984
270.154236      1332.9152832031
270.528290      1319.5860595703
270.902283      1375.1242675781
271.276306      1312.9215087891
271.650238      1326.2507324219
272.024170      1357.3520507813
272.398041      1306.2569580078
272.771881      1312.9215087891
273.145721      1290.7062988281
273.519531      1335.1368408203
273.893219      1348.4659423828
274.266937      1397.3394775391
274.640656      1352.9089355469
275.014282      1335.1368408203
275.387909      1281.8201904297
275.761475      1308.4785156250
276.135040      1339.5798339844
276.508514      1381.7888183594
276.882019      1366.2381591797
277.255463      1375.1242675781
277.628906      1330.6937255859
278.002258      1395.1179199219
278.375549      1332.9152832031
278.748901      1404.0040283203
279.122162      1326.2507324219
279.495392      1364.0166015625
279.868622      1292.9278564453
280.241791      1328.4721679688
280.614929      1344.0228271484
280.988007      1337.3582763672
281.361084      1341.8013916016
281.734131      1359.5736083984
282.107117      1361.7950439453
282.480072      1346.2443847656
282.853027      1341.8013916016
283.225952      1386.2318115234
283.598785      1337.3582763672
283.971619      1348.4659423828
284.344452      1364.0166015625
284.717194      1397.3394775391
285.089905      1330.6937255859
285.462616      1379.5672607422
285.835297      1350.6875000000
286.207886      1372.9027099609
286.580475      1366.2381591797
286.953064      1337.3582763672
287.325592      1388.4533691406
287.698059      1286.2631835938
288.070496      1286.2631835938
288.442963      1317.3646240234
288.815308      1372.9027099609
289.187683      1319.5860595703
289.559998      1341.8013916016
289.932281      1379.5672607422
290.304504      1317.3646240234
290.676727      1372.9027099609
291.048920      1344.0228271484
291.421082      1288.4847412109
291.793182      1366.2381591797
292.165222      1319.5860595703
292.537292      1301.8138427734
292.909332      1357.3520507813
293.281281      1392.8964843750
293.653198      1377.3458251953
294.025116      1288.4847412109
294.397003      1417.3332519531
294.768860      1397.3394775391
295.140656      1368.4597167969
295.512390      1357.3520507813
295.884125      1390.6749267578
296.255829      1361.7950439453
296.627502      1357.3520507813
296.999146      1428.4407958984
297.370728      1372.9027099609
297.742249      1370.6811523438
298.113831      1372.9027099609
298.485291      1364.0166015625
298.856781      1372.9027099609
299.228149      1386.2318115234
299.599579      1419.5548095703
299.970917      1455.0991210938
300.342224      1344.0228271484
300.713531      1423.9978027344
301.084778      1406.2255859375
301.455994      1392.8964843750
301.827148      1483.9790039063
302.198334      1432.8839111328
302.569427      1483.9790039063
302.940521      1490.6435546875
303.311554      1506.1942138672
303.682556      1532.8525390625
304.053528      1577.2830810547
304.424469      1548.4031982422
304.795380      1650.5933837891
305.166260      1592.8337402344
305.537048      1739.4544677734
305.907837      1672.8085937500
306.278625      1712.7961425781
306.649384      1703.9100341797
307.020050      1735.0113525391
307.390686      1874.9674072266
307.761353      1870.5244140625
308.131897      1952.7208251953
308.502502      1970.4930419922
308.872986      2017.1451416016
309.243500      2139.3291015625
309.613922      1974.9361572266
309.984344      2106.0061035156
310.354736      2305.9433593750
310.725098      2343.7092285156
311.095398      2594.7416992188
311.465637      2639.1721191406
311.835907      2843.5524902344
312.206116      2688.0456542969
312.576294      2816.8942871094
312.946411      2930.1921386719
313.316528      3030.1606445313
313.686584      3092.3632812500
314.056610      3121.2431640625
314.426605      3210.1042480469
314.796570      3221.2119140625
315.166504      3265.6423339844
315.536377      3318.9589843750
315.906250      3316.7375488281
316.276093      3347.8388671875
316.645844      3523.3393554688
317.015594      3776.5932617188
317.385315      4065.3916015625
317.755035      4074.2775878906
318.124603      4074.2775878906
318.494263      3952.0937500000
318.863831      4058.7270507813
319.233368      4178.6894531250
319.602875      4316.4238281250
319.972351      4354.1899414063
320.341797      4682.9755859375
320.711182      5069.5209960938
321.080536      4927.3432617188
321.449890      4976.2167968750
321.819183      4891.7988281250
322.188446      4731.8491210938
322.557648      5027.3120117188
322.926880      4867.3623046875
323.295990      4842.9252929688
323.665100      5091.7363281250
324.034210      5291.6733398438
324.403259      5640.4531250000
324.772247      5700.4340820313
325.141205      5940.3588867188
325.510193      6180.2836914063
325.879120      6713.4497070313
326.247955      7126.6538085938
326.616791      7339.9199218750
326.985596      7295.4897460938
327.354340      7337.6987304688
327.723053      7244.3945312500
328.091797      7293.2680664063
328.460449      7113.3242187500
328.829071      7537.6357421875
329.197632      7726.4653320313
329.566193      8155.2197265625
329.934753      8270.7392578125
330.303192      8255.1884765625
330.671631      8097.4599609375
331.040070      8004.1562500000
331.408478      7768.6743164063
331.776794      7977.4980468750
332.145081      7941.9536132813
332.513367      7941.9536132813
332.881592      8113.0107421875
333.249756      8081.9096679688
333.617920      8059.6943359375
333.986084      7915.2949218750
334.354156      8061.9160156250
334.722229      8057.4726562500
335.090240      8232.9736328125
335.458252      8172.9921875000
335.826202      7717.5795898438
336.194092      7319.9262695313
336.561951      7357.6923828125
336.929779      7362.1352539063
337.297577      7455.4394531250
337.665375      7675.3706054688
338.033142      7933.0673828125
338.400787      8510.6640625000
338.768463      8855.0000000000
339.136108      9141.5771484375
339.503693      9410.3818359375
339.871246      9763.6044921875
340.238770     10139.0419921875
340.606262     10016.8583984375
340.973755      9967.9843750000
341.341125      9494.7998046875
341.708527      9319.2988281250
342.075867      9419.2675781250
342.443146      9596.9902343750
342.810425      9803.5917968750
343.177673      9623.6484375000
343.544861      9654.7500000000
343.912018      9203.7802734375
344.279114      8592.8603515625
344.646271      8455.1259765625
345.013336      8708.3798828125
345.380341      9097.1464843750
345.747314      9348.1787109375
346.114258      9339.2929687500
346.481171      9568.1103515625
346.848022      9548.1162109375
347.214905      9634.7558593750
347.581726      9414.8251953125
347.948456      9650.3066406250
348.315186      9523.6796875000
348.681885      9570.3320312500
349.048584      9843.5791015625
349.415161      9543.6728515625
349.781738      9699.1796875000
350.148346     10256.7832031250
350.514862     10565.5751953125
350.881287     11027.6523437500
351.247742     10749.9619140625
351.614197     10758.8476562500
351.980530     10745.5185546875
352.346863     10365.6376953125
352.713165     10414.5107421875
353.079437     10316.7636718750
353.445679     10689.9804687500
353.811859     11340.8876953125
354.178009     11820.7373046875
354.544159     12071.7695312500
354.910217     12140.6367187500
355.276276     12153.9658203125
355.642303     11714.1035156250
356.008270     11658.5654296875
356.374176     11336.4443359375
356.740112     10778.8417968750
357.105988      9961.3203125000
357.471802      9645.8632812500
357.837585      9528.1230468750
358.203339      9596.9902343750
358.569092      8932.7539062500
358.934753      8821.6777343750
359.300415      9848.0224609375
359.666016     11345.3300781250
360.031616     11969.5791015625
360.397125     12142.8583984375
360.762634     11727.4326171875
361.128143     11023.2089843750
361.493530     11189.8232421875
361.858917     10907.6894531250
362.224274     11198.7099609375
362.589630     11683.0019531250
362.954895     12431.6562500000
363.320160     12293.9218750000
363.685394     12293.9218750000
364.050568     12473.8652343750
364.415680     12651.5869140625
364.780792     12627.1503906250
365.145874     13051.4619140625
365.510895     13477.9951171875
365.875854     14386.5986328125
366.240845     14993.0751953125
366.605774     15095.2656250000
366.970642     15164.1328125000
367.335480     15084.1572265625
367.700317     14944.2011718750
368.065125     14684.2832031250
368.429840     14037.8193359375
368.794525     13971.1738281250
369.159241     14222.2060546875
369.523834     14733.1562500000
369.888397     15452.9306640625
370.252991     15510.6904296875
370.617554     14926.4296875000
370.981995     14613.1943359375
371.346436     14539.8837890625
371.710846     14950.8662109375
372.075256     14668.7324218750
372.439545     13573.5205078125
372.803864     13497.9882812500
373.168121     13329.1523437500
373.532379     12469.4218750000
373.896545     12034.0029296875
374.260681     12178.4023437500
374.624847     12000.6806640625
374.988892     12087.3203125000
375.352936     12551.6191406250
375.716949     13644.6093750000
376.080933     13711.2548828125
376.444855     14033.3759765625
376.808716     14402.1494140625
377.172638     14901.9921875000
377.536469     15879.4638671875
377.900208     16868.0429687500
378.263947     17279.0253906250
378.627686     17334.5625000000
378.991364     16730.3085937500
379.354980     15572.8935546875
379.718628     14999.7392578125
380.082214     14577.6494140625
380.445709     14566.5419921875
380.809174     15470.7031250000
381.172668     15859.4697265625
381.536072     15412.9433593750
381.899475     13897.8632812500
382.262787     12960.3789062500
382.626129     11669.6728515625
382.989380     10887.6962890625
383.352631     10043.5166015625
383.715790     10263.4472656250
384.078979     10441.1699218750
384.442078     11531.9384765625
384.805145     12769.3281250000
385.168243     13440.2285156250
385.531250     13846.7675781250
385.894226     13455.7792968750
386.257141     13349.1464843750
386.620056     13506.8750000000
386.982941     13549.0839843750
387.345734     13726.8056640625
387.708527     13564.6347656250
388.071289     13617.9511718750
388.433990     13304.7158203125
388.796661     13691.2607421875
389.159332     13897.8632812500
389.521942     14650.9599609375
389.884491     15748.3935546875
390.247040     16161.5976562500
390.609528     16325.9902343750
390.971985     16836.9414062500
391.334412     17390.1015625000
391.696747     17749.9882812500
392.059143     16854.7128906250
392.421478     15788.3808593750
392.783691     14100.0214843750
393.145935     11627.4638671875
393.508148      9976.8710937500
393.870270      9528.1230468750
394.232391     10867.7021484375
394.594482     12653.8085937500
394.956573     14442.1367187500
395.318542     16090.5087890625
395.680511     16692.5429687500
396.042450     16057.1855468750
396.404388     14724.2705078125
396.766235     12353.9033203125
397.128021     11391.9824218750
397.489838     11523.0527343750
397.851563     14024.4902343750
398.213257     16310.4394531250
398.574951     18238.7246093750
398.936615     19931.5253906250
399.298187     20891.2246093750
399.659729     21613.2207031250
400.021271     21986.4375000000
400.382751     22213.0332031250
400.744202     22435.1855468750
401.105621     22239.6914062500
401.466980     23097.1992187500
401.828339     22995.0097656250
402.189606     23608.1503906250
402.550873     23621.4804687500
402.912140     23083.8710937500
403.273285     22679.5527343750
403.634430     22837.2812500000
403.995544     22472.9511718750
404.356659     22881.7128906250
404.717651     22213.0332031250
405.078674     22566.2558593750
405.439636     22648.4511718750
405.800568     22066.4121093750
406.161438     22166.3808593750
406.522278     21451.0488281250
406.883118     21897.5761718750
407.243866     21895.3554687500
407.604584     22157.4941406250
407.965302     22281.9003906250
408.325989     22728.4257812500
408.686584     23330.4609375000
409.047150     23845.8535156250
409.407715     23914.7207031250
409.768250     23397.1054687500
410.128723     22053.0820312500
410.489136     21506.5878906250
410.849518     22215.2539062500
411.209900     23292.6933593750
411.570190     24234.6210937500
411.930511     24427.8945312500
412.290741     25076.5781250000
412.650940     24747.7929687500
413.011078     24874.4199218750
413.371246     24585.6210937500
413.731354     24405.6777343750
414.091400     24792.2246093750
414.451385     24750.0156250000
414.811401     24516.7539062500
415.171356     24821.1035156250
415.531281     24476.7675781250
415.891113     25172.1054687500
416.250946     25225.4218750000
416.610718     25480.8964843750
416.970490     25138.7812500000
417.330200     25067.6933593750
417.689911     24196.8554687500
418.049530     23908.0566406250
418.409119     24321.2597656250
418.768707     23852.5175781250
419.128235     24107.9941406250
419.487701     23597.0429687500
419.847137     23839.1894531250
420.206573     23879.1777343750
420.565948     24143.5390625000
420.925232     24134.6523437500
421.284576     25329.8320312500
421.643860     25292.0664062500
422.003052     25336.4980468750
422.362213     24023.5761718750
422.721375     23561.4980468750
423.080536     23281.5859375000
423.439575     23219.3847656250
423.798584     23657.0234375000
424.157593     23954.7089843750
424.516571     23854.7402343750
424.875458     23885.8417968750
425.234314     23836.9687500000
425.593201     23243.8203125000
425.951965     23183.8398437500
426.310699     23448.2011718750
426.669495     23745.8847656250
427.028168     23154.9589843750
427.386810     22703.9902343750
427.745392     22537.3750000000
428.103973     22755.0859375000
428.462524     22952.8007812500
428.821045     22688.4394531250
429.179504     22164.1601562500
429.537903     21882.0253906250
429.896271     20469.1347656250
430.254608     19034.0292968750
430.612915     17687.7851562500
430.971222     18027.6796875000
431.329437     18860.7500000000
431.687622     20904.5546875000
432.045776     22712.8769531250
432.403900     23514.8476562500
432.761993     23863.6269531250
433.119995     24383.4628906250
433.477997     24865.5332031250
433.835968     24334.5898437500
434.193909     23383.7773437500
434.551758     23370.4472656250
434.909637     24185.7480468750
435.267395     24219.0703125000
435.625183     25038.8125000000
435.982910     25922.9804687500
436.340607     26707.1796875000
436.698273     27107.0527343750
437.055878     26889.3437500000
437.413452     26958.2109375000
437.770996     26271.7597656250
438.128479     25407.5859375000
438.485962     24927.7363281250
438.843384     24512.3125000000
439.200775     24756.6796875000
439.558136     25520.8847656250
439.915405     26220.6640625000
440.272705     26262.8730468750
440.629883     26367.2851562500
440.987091     26518.3496093750
441.344238     27335.8710937500
441.701355     28373.3222656250
442.058441     28555.4882812500
442.415436     28542.1582031250
442.772461     29275.2617187500
443.129425     29124.1992187500
443.486359     29190.8437500000
443.843231     29064.2167968750
444.200104     28977.5781250000
444.556885     28839.8437500000
444.913635     29295.2558593750
445.270355     29055.3320312500
445.627075     28031.2070312500
445.983704     28040.0937500000
446.340302     27651.3261718750
446.696869     27800.1699218750
447.053436     28240.0312500000
447.409912     29315.2500000000
447.766357     29688.4667968750
448.122803     30554.8613281250
448.479156     29972.8203125000
448.835510     30203.8593750000
449.191772     29446.3203125000
449.548096     30092.7832031250
449.904297     29870.6308593750
450.260437     30152.7656250000
450.616608     30570.4121093750
450.972687     31227.9824218750
451.328796     31212.4316406250
451.684814     30934.7421875000
452.040833     30903.6406250000
452.396729     29881.7382812500
452.752655     29288.5917968750
453.108551     28297.7910156250
453.464355     27378.0800781250
453.820160     28171.1640625000
454.175934     28391.0957031250
454.531616     28808.7421875000
454.887299     28997.5722656250
455.242950     28866.5019531250
455.598541     28793.1914062500
455.954102     29650.6992187500
456.309601     29626.2636718750
456.665131     29806.2070312500
457.020538     29899.5117187500
457.375977     30410.4609375000
457.731323     30334.9296875000
458.086670     29883.9609375000
458.441956     29572.9472656250
458.797211     29848.4160156250
459.152405     29624.0410156250
459.507538     29475.1992187500
459.862701     29655.1425781250
460.217773     30117.2207031250
460.572845     30346.0371093750
460.927856     30901.4179687500
461.282837     30852.5449218750
461.637756     31307.9570312500
461.992645     30999.1660156250
462.347504     32227.6699218750
462.702332     32072.1621093750
463.057129     32592.0000000000
463.411835     32356.5175781250
463.766541     32347.6308593750
464.121185     32249.8847656250
464.475830     32029.9531250000
464.830383     31725.6054687500
465.184937     31787.8066406250
465.539429     32254.3281250000
465.893921     32467.5937500000
466.248322     33182.9257812500
466.602753     32476.4804687500
466.957062     32865.2460937500
467.311371     32718.6269531250
467.665619     33191.8125000000
468.019897     33309.5507812500
468.374054     33744.9726562500
468.728180     34191.4960937500
469.082306     35108.9882812500
469.436371     35393.3437500000
469.790405     35533.3007812500
470.144379     34715.7773437500
470.498352     35200.0703125000
470.852264     35371.1289062500
471.206146     35795.4375000000
471.559967     36668.5000000000
471.913788     37263.8671875000
472.267487     38125.8203125000
472.621246     38610.1132812500
472.974915     38363.5234375000
473.328522     38130.2617187500
473.682129     39114.3984375000
474.035675     39098.8476562500
474.389191     40074.0976562500
474.742676     40762.7695312500
475.096130     41315.9296875000
475.449493     41669.1523437500
475.802856     41178.1953125000
476.156189     41884.6406250000
476.509460     41635.8281250000
476.862732     41840.2109375000
477.215912     42020.1523437500
477.569061     43261.9843750000
477.922150     44661.5468750000
478.275299     45325.7851562500
478.628296     45434.6367187500
478.981323     45074.7500000000
479.334259     45285.7968750000
479.687195     46423.2187500000
480.040070     46449.8750000000
480.392914     47096.3398437500
480.745728     47485.1054687500
481.098511     47362.9218750000
481.451202     48107.1328125000
481.803925     48451.4687500000
482.156525     48802.4687500000
482.509125     48424.8125000000
482.861694     49346.7460937500
483.214233     49120.1484375000
483.566711     49020.1796875000
483.919128     49091.2695312500
484.271576     49017.9570312500
484.623901     49577.7812500000
484.976257     49368.9609375000
485.328522     48824.6875000000
485.680786     47545.0859375000
486.032959     44821.4960937500
486.385132     43817.3671875000
486.737274     43946.2148437500
487.089325     45119.1796875000
487.441376     46460.9843750000
487.793396     47962.7343750000
488.145386     49113.4843750000
488.497284     49584.4492187500
488.849182     49535.5742187500
489.201019     49288.9843750000
489.552826     50368.6445312500
489.904572     51152.8437500000
490.256317     51803.7500000000
490.608002     52416.8906250000
490.959656     51992.5820312500
491.311249     51863.7343750000
491.662811     51594.9296875000
492.014343     50977.3437500000
492.365814     50364.2031250000
492.717285     50744.0820312500
493.068665     51763.7656250000
493.420044     51788.1992187500
493.771362     51845.9609375000
494.122650     52252.5000000000
494.473877     52643.4882812500
494.825104     53083.3515625000
495.176270     53256.6289062500
495.527374     53378.8125000000
495.878479     52892.3007812500
496.229492     52787.8867187500
496.580536     53487.6679687500
496.931458     53438.7929687500
497.282379     53467.6757812500
497.633270     53396.5859375000
497.984131     53327.7187500000
498.334900     52745.6796875000
498.685669     52230.2851562500
499.036377     52492.4257812500
499.387115     52945.6171875000
499.737701     53163.3242187500
500.088318     52825.6523437500
500.438904     52450.2148437500
500.789429     51726.0000000000
501.139893     51601.5937500000
501.490295     51421.6484375000
501.840729     51243.9257812500
502.191040     51112.8554687500
502.541382     51461.6367187500
502.891663     51543.8320312500
503.241913     52263.6054687500
503.592133     51903.7187500000
503.942322     51559.3828125000
504.292358     50915.1406250000
504.642395     51612.6992187500
504.992432     52025.9023437500
505.342468     52096.9921875000
505.692413     52672.3671875000
506.042358     53285.5078125000
506.392242     53532.0976562500
506.742035     53385.4765625000
507.091858     53265.5156250000
507.441528     53134.4453125000
507.791290     52587.9492187500
508.140961     52176.9687500000
508.490601     52216.9570312500
508.840210     52887.8554687500
509.189697     53196.6484375000
509.539215     53489.8906250000
509.888641     53618.7382812500
510.238098     52896.7421875000
510.587494     53301.0585937500
510.936859     53425.4648437500
511.286194     53560.9765625000
511.635498     53780.9101562500
511.984650     54180.7851562500
512.333862     53783.1289062500
512.682922     53592.0781250000
513.032043     53325.4960937500
513.381104     53329.9414062500
513.730164     53163.3242187500
514.079163     52901.1835937500
514.428040     52614.6093750000
514.776978     52479.0937500000
515.125793     52856.7539062500
515.474609     52910.0703125000
515.823425     53434.3515625000
516.172180     53187.7617187500
516.520813     52390.2343750000
516.869568     50697.4335937500
517.218079     48822.4648437500
517.566650     49195.6796875000
517.915161     50088.7343750000
518.263672     50073.1835937500
518.612183     50139.8281250000
518.960571     50119.8359375000
519.308899     51088.4218750000
519.657227     51945.9296875000
520.005554     52750.1210937500
520.353699     53227.7500000000
520.701904     52841.2031250000
521.050110     53305.5039062500
521.398254     53569.8632812500
521.746338     53849.7773437500
522.094421     53965.2968750000
522.442383     53749.8085937500
522.790222     53509.8828125000
523.138184     52830.0976562500
523.486145     52896.7421875000
523.833984     53520.9921875000
524.181763     54018.6132812500
524.529541     54171.8984375000
524.877197     54165.2343750000
525.224915     54165.2343750000
525.572449     54369.6132812500
525.920105     54034.1640625000
526.267639     53507.6601562500
526.615173     51765.9843750000
526.962646     51121.7421875000
527.309998     50584.1328125000
527.657410     51012.8867187500
528.004700     52061.4492187500
528.351990     52727.9062500000
528.699280     53238.8554687500
529.046509     53680.9414062500
529.393677     54262.9804687500
529.740845     53769.8007812500
530.087891     53560.9765625000
530.434998     53723.1484375000
530.781921     54094.1445312500
531.128906     54129.6875000000
531.475891     54409.6015625000
531.822815     54043.0507812500
532.169617     53783.1289062500
532.516418     53018.9257812500
532.863159     52003.6875000000
533.209839     51930.3789062500
533.556580     52514.6406250000
533.903198     52150.3085937500
534.249817     52761.2304687500
534.596436     52543.5195312500
534.942932     53054.4687500000
535.289368     53203.3125000000
535.635803     53327.7187500000
535.982178     53749.8085937500
536.328552     53698.7109375000
536.674805     53083.3515625000
537.021118     52028.1250000000
537.367371     52005.9101562500
537.713501     52254.7226562500
538.059692     52612.3867187500
538.405701     52612.3867187500
538.751831     52390.2343750000
539.097839     52303.5937500000
539.443787     51717.1132812500
539.789734     51463.8593750000
540.135620     50599.6835937500
540.481506     50792.9570312500
540.827209     49922.1210937500
541.173035     50166.4882812500
541.518799     50388.6406250000
541.864502     50877.3750000000
542.210144     50904.0351562500
542.555786     50748.5273437500
542.901245     50992.8945312500
543.246826     50657.4453125000
543.592285     50337.5429687500
543.937683     50904.0351562500
544.283142     51357.2265625000
544.628479     51339.4531250000
544.973816     51141.7382812500
545.319031     51083.9765625000
545.664307     51228.3750000000
546.009399     50677.4375000000
546.354614     50879.5976562500
546.699707     50826.2812500000
547.044739     50686.3242187500
547.389832     50461.9492187500
547.734802     50328.6601562500
548.079712     49906.5703125000
548.424622     50024.3085937500
548.769409     50108.7265625000
549.114258     50326.4375000000
549.459045     50479.7226562500
549.803772     50326.4375000000
550.148499     50832.9453125000
550.493103     50624.1210937500
550.837708     49982.1015625000
551.182190     49837.7031250000
551.526733     50066.5195312500
551.871216     50217.5820312500
552.215698     50812.9531250000
552.560120     50379.7539062500
552.904480     49866.5820312500
553.248718     49886.5742187500
553.592957     49217.8945312500
553.937195     49888.7968750000
554.281372     49882.1328125000
554.625549     49484.4804687500
554.969666     50266.4570312500
555.313721     49568.8984375000
555.657654     49493.3632812500
556.001709     49637.7656250000
556.345581     49326.7500000000
556.689514     49053.5039062500
557.033325     48327.0625000000
557.377197     48176.0000000000
557.720947     47580.6328125000
558.064575     48142.6757812500
558.408264     47996.0585937500
558.751892     47318.4921875000
559.095520     46329.9140625000
559.439087     46345.4648437500
559.782654     46116.6445312500
560.126099     46163.2968750000
560.469543     45872.2773437500
560.812927     46974.1562500000
561.156250     46229.9453125000
561.499512     47049.6875000000
561.842773     46052.2226562500
562.185974     45816.7421875000
562.529175     45565.7070312500
562.872314     45818.9609375000
563.215332     46003.3476562500
563.558472     46129.9765625000
563.901367     45179.1640625000
564.244385     45516.8359375000
564.587341     45214.7070312500
564.930237     45679.0078125000
565.273071     45552.3789062500
565.615845     44799.2812500000
565.958557     44146.1523437500
566.301331     43435.2656250000
566.643860     43288.6445312500
566.986511     43648.5312500000
567.329163     44032.8554687500
567.671692     44226.1289062500
568.014221     43290.8671875000
568.356628     41962.3945312500
568.699036     41564.7421875000
569.041321     41369.2460937500
569.383728     41691.3671875000
569.726013     41813.5507812500
570.068298     41780.2304687500
570.410461     41609.1718750000
570.752686     41300.3789062500
571.094727     40836.0820312500
571.436768     40496.1875000000
571.778809     41311.4882812500
572.120850     41424.7851562500
572.462769     41673.5937500000
572.804688     41353.6953125000
573.146606     41642.4960937500
573.488342     41031.5742187500
573.830139     41466.9921875000
574.171814     40951.6015625000
574.513550     41091.5546875000
574.855164     41129.3203125000
575.196838     40282.9218750000
575.538391     40145.1875000000
575.879883     39065.5234375000
576.221375     39389.8671875000
576.562744     39658.6718750000
576.904175     40069.6523437500
577.245483     40758.3281250000
577.586792     40200.7226562500
577.928101     40165.1796875000
578.269348     39865.2734375000
578.610535     39536.4882812500
578.951660     39534.2656250000
579.292664     39558.7031250000
579.633728     39576.4765625000
579.974792     39749.7539062500
580.315796     40320.6875000000
580.656677     40031.8867187500
580.997498     40158.5156250000
581.338379     40385.1093750000
581.679138     39672.0000000000
582.019897     40282.9218750000
582.360657     40331.7929687500
582.701294     40629.4804687500
583.041931     40231.8242187500
583.382507     40205.1679687500
583.723022     40036.3320312500
584.063538     40556.1679687500
584.403931     40267.3710937500
584.744385     40202.9453125000
585.084778     39998.5664062500
585.425110     39243.2460937500
585.765381     38961.1132812500
586.105591     38867.8085937500
586.445801     38052.5078125000
586.785889     38130.2617187500
587.125977     38467.9335937500
587.466064     38054.7304687500
587.806152     38419.0625000000
588.146118     37281.6406250000
588.486023     36415.2460937500
588.825928     34749.1015625000
589.165710     33289.5585937500
589.505554     31516.7812500000
589.845337     30956.9570312500
590.185120     31152.4511718750
590.524780     31998.8515625000
590.864441     32911.8984375000
591.203918     33651.6679687500
591.543518     33322.8828125000
591.882996     33593.9062500000
592.222473     33062.9648437500
592.561890     33451.7304687500
592.901306     33693.8750000000
593.240662     33473.9453125000
593.579895     34009.3320312500
593.919128     34304.7968750000
594.258301     33916.0273437500
594.597473     32958.5507812500
594.936646     32536.4609375000
595.275696     32947.4453125000
595.614807     32671.9746093750
595.953796     32962.9960937500
596.292725     33220.6914062500
596.631592     33440.6210937500
596.970398     33933.8007812500
597.309204     33633.8945312500
597.648010     33547.2539062500
597.986755     33598.3515625000
598.325500     33482.8320312500
598.664124     33545.0351562500
599.002686     33056.2968750000
599.341187     33096.2851562500
599.679749     33438.4023437500
600.018250     33160.7109375000
600.356628     33287.3359375000
600.695068     33651.6679687500
601.033386     33547.2539062500
601.371643     32354.2968750000
601.709900     32385.3984375000
602.048035     32925.2265625000
602.386292     32849.6953125000
602.724426     32827.4804687500
603.062500     33102.9492187500
603.400574     33518.3750000000
603.738525     33389.5273437500
604.076477     33967.1250000000
604.414307     33351.7617187500
604.752197     33527.2617187500
605.090027     33120.7226562500
605.427795     33391.7500000000
605.765564     32934.1132812500
606.103210     32791.9375000000
606.440857     32263.2128906250
606.778442     32751.9492187500
607.115967     32736.3984375000
607.453552     32718.6269531250
607.791016     32532.0175781250
608.128418     32507.5820312500
608.465820     31949.9785156250
608.803162     31854.4531250000
609.140442     31776.6992187500
609.477661     31427.9199218750
609.814880     31283.5214843750
610.152100     30952.5136718750
610.489258     31056.9257812500
610.826294     30672.6015625000
611.163269     30814.7792968750
611.500305     30996.9433593750
611.837219     30677.0449218750
612.174072     30528.2031250000
612.510986     30659.2734375000
612.847839     30257.1757812500
613.184570     30703.7031250000
613.521362     30168.3144531250
613.857971     29615.1562500000
614.194641     30106.1132812500
614.531189     29604.0488281250
614.867737     29644.0351562500
615.204285     29524.0722656250
615.540771     29326.3574218750
615.877197     29406.3320312500
616.213562     29106.4257812500
616.549927     28950.9199218750
616.886169     28777.6406250000
617.222351     28846.5078125000
617.558594     28882.0527343750
617.894775     29044.2226562500
618.230896     29028.6718750000
618.566956     29366.3437500000
618.902954     29226.3886718750
619.238953     29286.3691406250
619.574890     29115.3125000000
619.910767     29168.6289062500
620.246643     29284.1484375000
620.582458     29386.3378906250
620.918213     29504.0800781250
621.253967     28842.0644531250
621.589661     28475.5136718750
621.925232     28753.2031250000
622.260803     28584.3671875000
622.596375     28451.0761718750
622.931885     28104.5175781250
623.267334     27962.3398437500
623.602722     27926.7968750000
623.938110     27382.5214843750
624.273376     27620.2265625000
624.608643     27453.6113281250
624.943848     27175.9199218750
625.279114     26893.7871093750
625.614258     26613.8750000000
625.949341     26789.3750000000
626.284424     26545.0078125000
626.619446     26856.0214843750
626.954407     26620.5390625000
627.289307     26587.2167968750
627.624207     25954.0820312500
627.959045     25838.5625000000
628.293884     24996.6035156250
628.628601     25276.5156250000
628.963257     25138.7812500000
629.297913     25245.4140625000
629.632507     25067.6933593750
629.967102     24889.9707031250
630.301697     25143.2246093750
630.636169     25145.4472656250
630.970581     25269.8515625000
631.304993     25163.2187500000
631.639282     24807.7753906250
631.973572     24543.4121093750
632.307861     24987.7187500000
632.642090     24592.2871093750
632.976257     24590.0644531250
633.310425     24641.1601562500
633.644470     24778.8945312500
633.978516     24963.2812500000
634.312439     24685.5898437500
634.646423     24656.7109375000
634.980347     24818.8828125000
635.314209     24621.1660156250
635.648071     24896.6347656250
635.981812     24498.9824218750
636.315552     24503.4257812500
636.649170     24636.7167968750
636.982849     24427.8945312500
637.316406     24103.5507812500
637.649963     24638.9394531250
637.983521     24605.6152343750
638.317017     24745.5722656250
638.650391     24467.8808593750
638.983765     24485.6523437500
639.317078     24425.6718750000
639.650391     24281.2734375000
639.983643     23868.0683593750
640.316833     23805.8671875000
640.649963     23657.0234375000
640.983032     23674.7968750000
641.316101     23419.3203125000
641.649109     23468.1953125000
641.982056     23141.6308593750
642.315002     23234.9335937500
642.647888     23330.4609375000
642.980774     23350.4531250000
643.313538     23363.7832031250
643.646301     23074.9843750000
643.979004     23163.8457031250
644.311646     23094.9785156250
644.644226     23137.1875000000
644.976868     23008.3398437500
645.309387     22679.5527343750
645.641846     22770.6347656250
645.974243     22177.4882812500
646.306702     21864.2539062500
646.638977     21719.8535156250
646.971252     20860.1230468750
647.303528     20897.8906250000
647.635803     20546.8886718750
647.967957     19982.6210937500
648.300110     19913.7539062500
648.632141     19904.8671875000
648.964111     20100.3613281250
649.296082     20098.1406250000
649.628113     19762.6894531250
649.960022     19676.0507812500
650.291870     19873.7656250000
650.623718     20700.1738281250
650.955383     20555.7753906250
651.287109     20604.6484375000
651.618774     20124.7988281250
651.950378     19718.2597656250
652.281982     19447.2343750000
652.613586     20173.6718750000
652.945068     20184.7792968750
653.276489     19920.4179687500
653.607910     20206.9960937500
653.939209     20226.9882812500
654.270569     20198.1093750000
654.601807     20004.8359375000
654.933105     19487.2207031250
655.264221     19307.2773437500
655.595398     19262.8476562500
655.926453     18451.9902343750
656.257507     17432.3105468750
656.588440     16872.4863281250
656.919434     16792.5097656250
657.250366     17061.3144531250
657.581238     17534.5000000000
657.912048     17894.3867187500
658.242798     18500.8632812500
658.573486     18658.5917968750
658.904114     18956.2773437500
659.234802     19173.9863281250
659.565430     19109.5625000000
659.895996     19176.2070312500
660.226501     19036.2519531250
660.556946     19156.2128906250
660.887329     19045.1367187500
661.217712     19236.1894531250
661.547974     19327.2714843750
661.878296     19362.8164062500
662.208557     19558.3105468750
662.538757     19393.9179687500
662.868896     19420.5761718750
663.198975     19058.4667968750
663.528992     18860.7500000000
663.859009     18816.3203125000
664.188904     18927.3964843750
664.518860     18645.2636718750
664.848755     18725.2382812500
665.178589     18842.9785156250
665.508362     18780.7753906250
665.838013     18731.9023437500
666.167725     18740.7890625000
666.497375     18645.2636718750
666.826965     18185.4062500000
667.156494     18587.5039062500
667.486084     18249.8320312500
667.815552     17974.3613281250
668.144897     18214.2871093750
668.474304     18023.2363281250
668.803528     17972.1406250000
669.132813     18169.8574218750
669.462036     17949.9257812500
669.791260     18216.5078125000
670.120422     17685.5644531250
670.449463     17945.4824218750
670.778564     17856.6210937500
671.107544     17905.4941406250
671.436523     17414.5371093750
671.765381     17470.0761718750
672.094299     17254.5878906250
672.423157     17356.7773437500
672.751831     16919.1367187500
673.080627     17165.7265625000
673.409302     17336.7851562500
673.737976     17036.8789062500
674.066528     16999.1132812500
674.395081     17070.2011718750
674.723572     16810.2832031250
675.052002     16879.1503906250
675.380432     16734.7519531250
675.708801     16672.5488281250
676.037170     16805.8398437500
676.365417     16905.8085937500
676.693665     16748.0800781250
677.021851     16654.7753906250
677.349976     16305.9970703125
677.678040     16461.5039062500
678.006042     16259.3447265625
678.334106     16390.4140625000
678.662048     16361.5351562500
678.989929     16363.7558593750
679.317810     16134.9394531250
679.645630     15661.7539062500
679.973389     15715.0712890625
680.301086     16072.7363281250
680.628845     16008.3125000000
680.956482     15666.1972656250
681.283997     15868.3564453125
681.611572     15535.1269531250
681.939087     15659.5332031250
682.266541     15695.0771484375
682.593872     15297.4238281250
682.921265     15455.1523437500
683.248596     15546.2353515625
683.575806     15337.4111328125
683.903076     15050.8349609375
684.230286     14877.5556640625
684.557373     15406.2792968750
684.884399     14888.6630859375
685.211487     14984.1894531250
685.538513     15121.9238281250
685.865417     14830.9033203125
686.192261     14646.5175781250
686.519165     14182.2187500000
686.845947     13300.2724609375
687.172729     12140.6367187500
687.499451     11098.7412109375
687.826111     10845.4873046875
688.152771     10958.7851562500
688.479248     11423.0839843750
688.805847     11696.3310546875
689.132324     11527.4951171875
689.458801     11694.1103515625
689.785095     11525.2744140625
690.111511     11940.6992187500
690.437805     11851.8378906250
690.764038     12016.2314453125
691.090210     12060.6611328125
691.416443     12196.1748046875
691.742554     12351.6816406250
692.068604     12349.4599609375
692.394592     12345.0166015625
692.720581     12182.8457031250
693.046509     11914.0410156250
693.372375     11643.0146484375
693.698242     11742.9833984375
694.023987     11551.9326171875
694.349792     11249.8046875000
694.675476     11238.6972656250
695.001099     11098.7412109375
695.326721     11447.5205078125
695.652222     11638.5712890625
695.977783     11538.6035156250
696.303284     11620.7998046875
696.628723     11856.2812500000
696.954041     12262.8203125000
697.279358     12473.8652343750
697.604675     12633.8154296875
697.929871     12389.4472656250
698.255066     12471.6435546875
698.580200     12151.7441406250
698.905334     12016.2314453125
699.230286     11583.0332031250
699.555359     11805.1865234375
699.880310     11396.4257812500
700.205261     11200.9316406250
700.530029     11107.6269531250
700.854919     11198.7099609375
701.179688     11027.6523437500
701.504456     11160.9433593750
701.829102     11200.9316406250
702.153687     10869.9238281250
702.478271     11080.9687500000
702.802856     11103.1845703125
703.127319     11067.6396484375
703.451721     11345.3300781250
703.776123     11511.9443359375
704.100464     11534.1601562500
704.424805     11469.7353515625
704.749084     11683.0019531250
705.073303     11776.3066406250
705.397461     11556.3750000000
705.721558     11583.0332031250
706.045654     11274.2412109375
706.369690     11538.6035156250
706.693604     11429.7480468750
707.017578     11567.4833984375
707.341431     11691.8886718750
707.665283     11620.7998046875
707.989075     11669.6728515625
708.312805     11609.6923828125
708.636536     11776.3066406250
708.960144     11563.0400390625
709.283752     11629.6855468750
709.607361     11616.3564453125
709.930847     11449.7421875000
710.254333     11831.8447265625
710.577759     11589.6982421875
710.901062     11498.6152343750
711.224426     11416.4189453125
711.547668     11629.6855468750
711.870911     11447.5205078125
712.194153     11365.3242187500
712.517212     11429.7480468750
712.840332     11438.6347656250
713.163391     11603.0273437500
713.486389     11192.0449218750
713.809326     11118.7343750000
714.132202     11229.8115234375
714.455078     11383.0966796875
714.777893     10752.1826171875
715.100586     10685.5371093750
715.423401     10749.9619140625
715.746094     10634.4423828125
716.068604     10483.3789062500
716.391235      9961.3203125000
716.713745      9661.4140625000
717.036255      8954.9687500000
717.358643      8186.3212890625
717.681030      7657.5981445313
718.003418      7422.1166992188
718.325745      7164.4194335938
718.647888      6966.7036132813
718.970154      6715.6713867188
719.292297      6637.9179687500
719.614380      6669.0195312500
719.936401      6475.7465820313
720.258423      6377.9995117188
720.580383      6426.8730468750
720.902283      6862.2919921875
721.224182      7259.9453125000
721.545959      7682.0351562500
721.867737      8230.7519531250
722.189453      8448.4609375000
722.511169      8561.7587890625
722.832764      8926.0888671875
723.154419      8610.6328125000
723.475952      8028.5927734375
723.797424      7677.5917968750
724.118896      7455.4394531250
724.440247      7448.7749023438
724.761597      7126.6538085938
725.082886      7008.9125976563
725.404175      6984.4760742188
725.725342      6982.2543945313
726.046509      7048.9003906250
726.367615      7091.1093750000
726.688721      7131.0966796875
727.009644      7246.6157226563
727.330688      7131.0966796875
727.651611      6997.8051757813
727.972473      7026.6850585938
728.293274      6928.9379882813
728.614075      7179.9702148438
728.934814      7064.4506835938
729.255493      7011.1342773438
729.576172      7000.0268554688
729.896729      7055.5649414063
730.217285      7099.9951171875
730.537720      7119.9887695313
730.858215      6980.0327148438
731.178650      7088.8876953125
731.498962      7268.8310546875
731.819214      7215.5146484375
732.139526      7428.7812500000
732.459778      7557.6293945313
732.779846      7995.2700195313
733.100037      7964.1684570313
733.420105      8079.6879882813
733.740112      8419.5810546875
734.060059      8472.8984375000
734.380066      8723.9306640625
734.699890      8695.0507812500
735.019775      8661.7275390625
735.339478      8503.9990234375
735.659241      8603.9677734375
735.978943      8523.9931640625
736.298584      8617.2968750000
736.618164      8450.6826171875
736.937744      8221.8652343750
737.257263      8470.6767578125
737.576599      8603.9677734375
737.896057      8732.8164062500
738.215393      8681.7216796875
738.534729      8690.6074218750
738.853943      8470.6767578125
739.173157      8488.4482421875
739.492371      8592.8603515625
739.811523      8566.2021484375
740.130493      8506.2207031250
740.449524      8677.2783203125
740.768555      8735.0380859375
741.087463      8655.0634765625
741.406311      8697.2724609375
741.725159      8790.5761718750
742.043945      8703.9365234375
742.362610      8950.5263671875
742.681396      8832.7851562500
743.000061      8808.3486328125
743.318604      8752.8105468750
743.637146      8983.8486328125
743.955627      9019.3935546875
744.274109      9041.6083984375
744.592407      8957.1904296875
744.910828      8835.0068359375
745.229126      8803.9052734375
745.547424      8817.2343750000
745.865540      8695.0507812500
746.183777      8835.0068359375
746.501892      8799.4619140625
746.819946      8735.0380859375
747.137939      8639.5126953125
747.455872      8803.9052734375
747.773865      8721.7089843750
748.091736      8641.7343750000
748.409485      8670.6132812500
748.727295      8590.6386718750
749.045044      8424.0244140625
749.362671      8406.2519531250
749.680298      8457.3476562500
749.997925      8281.8466796875
750.315491      8357.3789062500
750.632874      8415.1386718750
750.950378      8335.1630859375
751.267822      8288.5117187500
751.585083      8141.8906250000
751.902405      8472.8984375000
752.219666      8335.1630859375
752.536865      8306.2832031250
752.854004      8146.3339843750
753.171082      8277.4033203125
753.488159      8152.9985351563
753.805176      8224.0869140625
754.122070      8175.2133789063
754.439026      8279.6250000000
754.755920      8077.4663085938
755.072693      8190.7641601563
755.389465      8310.7265625000
755.706177      8248.5234375000
756.022888      8066.3588867188
756.339478      8157.4414062500
756.656006      8250.7451171875
756.972595      8037.4790039063
757.289063      8159.6630859375
757.605408      8046.3652343750
757.921814      8050.8081054688
758.238159      7986.3837890625
758.554443      7959.7255859375
758.870667      7770.8959960938
759.186890      7675.3706054688
759.503052      7142.2041015625
759.819092      6029.2202148438
760.135132      4800.7163085938
760.451172      3827.6882324219
760.767029      3147.9016113281
761.082947      2892.4260253906
761.398804      2808.0080566406
761.714600      3174.5598144531
762.030396      3618.8649902344
762.346008      3885.4479980469
762.661682      3894.3339843750
762.977295      3749.9348144531
763.292908      3530.0039062500
763.608337      3467.8012695313
763.923828      3496.6809082031
764.239258      3652.1877441406
764.554626      3854.3466796875
764.869873      3987.6381835938
765.185181      4207.5693359375
765.500427      4483.0380859375
765.815491      4809.6025390625
766.130615      4940.6723632813
766.445740      5302.7812500000
766.760803      5540.4843750000
767.075745      5649.3393554688
767.390686      6182.5053710938
767.705566      6360.2275390625
768.020386      6420.2084960938
768.335144      6782.3173828125
768.649902      6837.8554687500
768.964539      6808.9755859375
769.279175      6924.4946289063
769.593750      6975.5898437500
769.908264      7071.1152343750
770.222839      7115.5458984375
770.537170      7080.0014648438
770.851624      7179.9702148438
771.165955      7195.5209960938
771.480286      7088.8876953125
771.794495      7133.3183593750
772.108704      7002.2480468750
772.422852      7111.1030273438
772.736938      6995.5834960938
773.050964      7084.4448242188
773.364990      7068.8940429688
773.678894      7135.5395507813
773.992798      7086.6660156250
774.306641      6977.8115234375
774.620422      6977.8115234375
774.934204      7026.6850585938
775.247864      6875.6210937500
775.561584      6891.1718750000
775.875183      6886.7290039063
776.188721      6671.2407226563
776.502197      6917.8300781250
776.815735      6529.0634765625
777.129150      6780.0957031250
777.442444      6704.5639648438
777.755737      6702.3422851563
778.069092      6744.5512695313
778.382324      6589.0444335938
778.695435      6711.2285156250
779.008545      6606.8164062500
779.321594      6606.8164062500
779.634644      6482.4111328125
779.947571      6302.4677734375
780.260498      6429.0947265625
780.573364      6362.4487304688
780.886169      6362.4487304688
781.198975      6075.8720703125
781.511719      6218.0498046875
781.824402      6273.5878906250
782.136963      6095.8657226563
782.449585      6229.1572265625
782.762146      6275.8095703125
783.074646      6204.7207031250
783.387024      6175.8408203125
783.699402      6018.1123046875
784.011719      5998.1186523438
784.324097      6071.4291992188
784.636230      5900.3715820313
784.948425      5971.4604492188
785.260620      5933.6943359375
785.572632      5813.7319335938
785.884644      5820.3964843750
786.196655      5587.1362304688
786.508667      5815.9536132813
786.820496      5649.3393554688
787.132324      5609.3515625000
787.444153      5442.7373046875
787.755859      5467.1743164063
788.067566      5393.8637695313
788.379211      5507.1616210938
788.690796      5162.8251953125
789.002319      5305.0029296875
789.313782      5196.1479492188
789.625305      4976.2167968750
789.936707      4956.2231445313
790.247986      5005.0966796875
790.559326      5078.4072265625
790.870605      4936.2294921875
791.181763      5016.2045898438
791.492920      4976.2167968750
791.803955      5002.8754882813
792.115051      4829.5961914063
792.426086      4847.3686523438
792.737000      4645.2094726563
793.047913      4820.7099609375
793.358765      4798.4951171875
793.669495      4791.8305664063
793.980347      4771.8364257813
794.291016      4722.9628906250
794.601685      4829.5961914063
794.912292      4811.8242187500
795.222778      4751.8427734375
795.533325      4767.3935546875
795.843811      4738.5136718750
796.154175      4509.6967773438
796.464539      4451.9370117188
796.774902      4440.8291015625
797.085022      4483.0380859375
797.395325      4503.0322265625
797.705505      4536.3549804688
798.015625      4654.0957031250
798.325623      4474.1523437500
798.635620      4609.6650390625
798.945618      4420.8354492188
799.255554      4471.9306640625
799.565369      4407.5063476563
799.875183      4403.0634765625
800.184998      4263.1074218750
800.494690      4300.8730468750
800.804321      4360.8544921875
801.113953      4300.8730468750
801.423462      4163.1386718750
801.732910      4223.1196289063
802.042419      4271.9931640625
802.351868      4205.3476562500
802.661255      4045.3977050781
802.970520      4107.6005859375
803.279785      4040.9548339844
803.588989      4107.6005859375
803.898193      4036.5117187500
804.207275      3927.6569824219
804.516357      4032.0686035156
804.825378      3965.4228515625
805.134277      4092.0498046875
805.443176      3998.7458496094
805.752136      4120.9296875000
806.060974      4089.8283691406
806.369629      4174.2460937500
806.678406      4025.4040527344
806.987061      4045.3977050781
807.295715      3969.8659667969
807.604187      4094.2714843750
807.912720      4056.5053710938
808.221191      3934.3215332031
808.529663      3965.4228515625
808.837952      3889.8911132813
809.146301      3892.1125488281
809.454590      3832.1313476563
809.762756      3765.4855957031
810.070923      3805.4731445313
810.379028      3712.1689453125
810.687073      3727.7197265625
810.995117      3689.9538574219
811.303040      3732.1628417969
811.611023      3618.8649902344
811.918884      3614.4218750000
812.226624      3416.7060546875
812.534424      3356.7248535156
812.842163      3274.5285644531
813.149719      3305.6298828125
813.457397      3207.8828125000
813.764954      3145.6799316406
814.072510      3059.0405273438
814.379883      2990.1733398438
814.687378      2885.7614746094
814.994690      2905.7553710938
815.302063      2845.7741699219
815.609314      2794.6789550781
815.916504      2703.5964355469
816.223694      2750.2485351563
816.530762      2619.1784667969
816.837830      2532.5390625000
817.144836      2661.3874511719
817.451843      2681.3811035156
817.758667      2728.0332031250
818.065552      2694.7104492188
818.372375      2528.0959472656
818.679138      2621.3999023438
818.985779      2621.3999023438
819.292480      2756.9130859375
819.599121      2774.6853027344
819.905701      2621.3999023438
820.212158      2710.2609863281
820.518616      2732.4763183594
820.825012      2892.4260253906
821.131348      2885.7614746094
821.437683      2994.6162109375
821.743896      2943.5212402344
822.050110      2887.9831542969
822.356262      2788.0144042969
822.662415      2763.5776367188
822.968445      2612.5139160156
823.274475      2392.5830078125
823.580322      2470.3361816406
823.886292      2552.5327148438
824.192200      2723.5900878906
824.497864      2625.8430175781
824.803711      2748.0268554688
825.109375      2816.8942871094
825.415039      2861.3247070313
825.720581      2788.0144042969
826.026184      2721.3686523438
826.331665      2799.1220703125
826.637146      2823.5588378906
826.942444      2832.4448242188
827.247803      2887.9831542969
827.553162      2854.6601562500
827.858398      2739.1408691406
828.163574      2719.1472167969
828.468750      2623.6215820313
828.773804      2679.1596679688
829.078796      2761.3562011719
829.383850      2659.1660156250
829.688782      2696.9318847656
829.993713      2821.3374023438
830.298462      2634.7292480469
830.603271      2659.1660156250
830.908020      2628.0646972656
831.212708      2681.3811035156
831.517273      2699.1533203125
831.821960      2674.7165527344
832.126465      2605.8493652344
832.430908      2556.9758300781
832.735352      2734.6977539063
833.039734      2719.1472167969
833.344116      2705.8178710938
833.648315      2676.9382324219
833.952576      2696.9318847656
834.256714      2725.8117675781
834.560913      2732.4763183594
834.864929      2661.3874511719
835.169006      2696.9318847656
835.472961      2728.0332031250
835.776917      2710.2609863281
836.080750      2688.0456542969
836.384583      2776.9067382813
836.688354      2796.9006347656
836.992004      2679.1596679688
837.295654      2721.3686523438
837.599365      2785.7929687500
837.902893      2723.5900878906
838.206360      2696.9318847656
838.509827      2756.9130859375
838.813293      2756.9130859375
839.116699      2761.3562011719
839.419922      2788.0144042969
839.723206      2730.2546386719
840.026428      2756.9130859375
840.329590      2741.3623046875
840.632690      2772.4636230469
840.935730      2705.8178710938
841.238708      2783.5712890625
841.541626      2796.9006347656
841.844543      2739.1408691406
842.147461      2663.6088867188
842.450256      2685.8242187500
842.752930      2845.7741699219
843.055664      2743.5839843750
843.358337      2714.7041015625
843.660889      2748.0268554688
843.963440      2625.8430175781
844.265930      2721.3686523438
844.568420      2748.0268554688
844.870728      2728.0332031250
845.173096      2703.5964355469
845.475403      2816.8942871094
845.777649      2656.9443359375
846.079834      2639.1721191406
846.381958      2599.1848144531
846.684021      2650.2797851563
846.986145      2679.1596679688
847.288025      2681.3811035156
847.589966      2739.1408691406
847.891846      2463.6716308594
848.193665      2559.1972656250
848.495483      2621.3999023438
848.797180      2663.6088867188
849.098877      2612.5139160156
849.400452      2610.2924804688
849.702026      2508.1022949219
850.003540      2650.2797851563
850.304993      2548.0895996094
850.606445      2539.2036132813
850.907776      2510.3237304688
851.209106      2532.5390625000
851.510315      2563.6403808594
851.811584      2510.3237304688
852.112671      2392.5830078125
852.413879      2570.3049316406
852.714844      2454.7856445313
853.015869      2590.2985839844
853.316833      2519.2097167969
853.617737      2461.4501953125
853.918579      2477.0009765625
854.219360      2361.4814453125
854.520142      2354.8168945313
854.820862      2292.6142578125
855.121399      2332.6018066406
855.421997      2305.9433593750
855.722595      2341.4877929688
856.023071      2383.6967773438
856.323486      2277.0634765625
856.623901      2363.7031250000
856.924255      2372.5891113281
857.224487      2283.7280273438
857.524719      2392.5830078125
857.824890      2370.3676757813
858.125000      2350.3740234375
858.425049      2437.0134277344
858.725098      2279.2851562500
859.025085      2350.3740234375
859.325012      2363.7031250000
859.624817      2352.5954589844
859.924683      2310.3864746094
860.224487      2321.4941406250
860.524170      2368.1459960938
860.823792      2368.1459960938
861.123474      2368.1459960938
861.422974      2285.9497070313
861.722412      2237.0761718750
862.021912      2305.9433593750
862.321350      2274.8420410156
862.620728      2268.1774902344
862.919983      2223.7470703125
863.219238      2281.5065917969
863.518433      2217.0822753906
863.817505      2290.3928222656
864.116638      2261.5129394531
864.415710      2154.8796386719
864.714722      2277.0634765625
865.013550      2121.5568847656
865.312439      2228.1899414063
865.611328      2128.2214355469
865.910156      2170.4304199219
866.208801      2210.4177246094
866.507507      2199.3100585938
866.806091      2117.1137695313
867.104614      2188.2026367188
867.403137      2106.0061035156
867.701660      2128.2214355469
868.000061      2088.2338867188
868.298401      2094.8984375000
868.596741      2086.0124511719
868.894958      2070.4616699219
869.193237      2081.5693359375
869.491333      2070.4616699219
869.789429      2150.4365234375
870.087524      2077.1262207031
870.385498      2170.4304199219
870.683411      2083.7907714844
870.981323      2172.6518554688
871.279236      2143.7719726563
871.576965      2114.8920898438
871.874695      2050.4680175781
872.172363      2008.2590332031
872.470032      2110.4492187500
872.767578      2059.3540039063
873.065125      2032.6958007813
873.362549      2121.5568847656
873.660034      2003.8159179688
873.957397      2077.1262207031
874.254700      2052.6894531250
874.552002      2010.4804687500
874.849182      2032.6958007813
875.146362      2014.9235839844
875.443481      2023.8096923828
875.740540      2048.2463378906
876.037476      2017.1451416016
876.334473      2003.8159179688
876.631348      1983.8222656250
876.928223      1990.4868164063
877.224976      2057.1325683594
877.521729      1919.3979492188
877.818420      2010.4804687500
878.115112      1943.8347167969
878.411621      1939.3917236328
878.708191      1930.5056152344
879.004700      1961.6069335938
879.301086      1977.1575927734
879.597473      1921.6195068359
879.893799      1934.9486083984
880.190063      1932.7271728516
880.486267      1910.5118408203
880.782471      1923.8410644531
881.078613      1979.3791503906
881.374695      1939.3917236328
881.670654      1861.6383056641
881.966614      1877.1889648438
882.262573      1937.1701660156
882.558350      1910.5118408203
882.854126      1861.6383056641
883.149902      1934.9486083984
883.445618      1946.0562744141
883.741211      1817.2077636719
884.036865      1859.4167480469
884.332336      1846.0876464844
884.627869      1850.5306396484
884.923218      1872.7459716797
885.218689      1919.3979492188
885.513977      1817.2077636719
885.809265      1906.0688476563
886.104492      1901.6257324219
886.399658      1823.8724365234
886.694763      1839.4230957031
886.989807      1810.5432128906
887.284790      1799.4355468750
887.579773      1792.7709960938
887.874695      1741.6759033203
888.169495      1788.3280029297
888.464355      1748.3404541016
888.759094      1826.0938720703
889.053772      1757.2265625000
889.348389      1861.6383056641
