0.101000
191.033081         0.0000000000
191.409973         0.0000000000
191.786819      1145.7005615234
192.163651      1085.2781982422
192.540451      1013.2362060547
192.917221      1143.3765869141
193.293961      1138.7287597656
193.670670      1154.9963378906
194.047348      1206.1229248047
194.423981      1192.1793212891
194.800613      1124.7851562500
195.177200      1143.3765869141
195.553757      1148.0245361328
195.930283      1150.3483886719
196.306778      1159.6441650391
196.683258      1134.0809326172
197.059677      1127.1090087891
197.436081      1154.9963378906
197.812454      1178.2357177734
198.188812      1124.7851562500
198.565125      1143.3765869141
198.941406      1148.0245361328
199.317673      1192.1793212891
199.693893      1136.4047851563
200.070099      1138.7287597656
200.446259      1038.7994384766
200.822388      1124.7851562500
201.198486      1096.8979492188
201.574570      1127.1090087891
201.950607      1082.9542236328
202.326614      1108.5175781250
202.702606      1094.5739746094
203.078568      1152.6723632813
203.454483      1113.1654052734
203.830383      1106.1936035156
204.206253      1057.3909912109
204.582077      1073.6585693359
204.957870      1106.1936035156
205.333633      1096.8979492188
205.709396      1148.0245361328
206.085098      1164.2919921875
206.460785      1145.7005615234
206.836426      1080.6303710938
207.212051      1120.1372070313
207.587646      1036.4755859375
207.963196      1055.0670166016
208.338730      1161.9681396484
208.714218      1085.2781982422
209.089691      1069.0106201172
209.465134      1115.4893798828
209.840530      1122.4611816406
210.215897      1064.3627929688
210.591263      1106.1936035156
210.966583      1129.4329833984
211.341858      1045.7712402344
211.717102      1115.4893798828
212.092331      1101.5457763672
212.467529      1103.8697509766
212.842697      1117.8133544922
213.217819      1071.3345947266
213.592926      1157.3201904297
213.968002      1038.7994384766
214.343018      1166.6159667969
214.718033      1087.6021728516
215.093018      1096.8979492188
215.467972      1052.7431640625
215.842880      1080.6303710938
216.217773      1094.5739746094
216.592636      1175.9117431641
216.967453      1138.7287597656
217.342255      1171.2639160156
217.717026      1168.9399414063
218.091766      1113.1654052734
218.466446      1164.2919921875
218.841125      1087.6021728516
219.215759      1124.7851562500
219.590378      1129.4329833984
219.964966      1145.7005615234
220.339508      1203.7989501953
220.714020      1168.9399414063
221.088516      1108.5175781250
221.462967      1110.8415527344
221.837402      1117.8133544922
222.211792      1148.0245361328
222.586166      1108.5175781250
222.960510      1161.9681396484
223.334793      1138.7287597656
223.709061      1108.5175781250
224.083313      1106.1936035156
224.457520      1117.8133544922
224.831696      1094.5739746094
225.205856      1143.3765869141
225.579987      1082.9542236328
225.954056      1078.3063964844
226.328110      1099.2218017578
226.702148      1154.9963378906
227.076126      1124.7851562500
227.450104      1127.1090087891
227.824036      1113.1654052734
228.197937      1055.0670166016
228.571823      1064.3627929688
228.945648      1134.0809326172
229.319473      1117.8133544922
229.693237      1031.8276367188
230.066986      1152.6723632813
230.440704      1092.2500000000
230.814392      1117.8133544922
231.188034      1017.8840942383
231.561661      1117.8133544922
231.935257      1124.7851562500
232.308823      1096.8979492188
232.682343      1192.1793212891
233.055847      1085.2781982422
233.429321      1078.3063964844
233.802750      1024.8558349609
234.176147      1110.8415527344
234.549530      1110.8415527344
234.922882      1141.0527343750
235.296188      1117.8133544922
235.669464      1134.0809326172
236.042725      1080.6303710938
236.415924      1080.6303710938
236.789139      1085.2781982422
237.162292      1129.4329833984
237.535416      1108.5175781250
237.908508      1101.5457763672
238.281570      1085.2781982422
238.654617      1122.4611816406
239.027618      1117.8133544922
239.400574      1115.4893798828
239.773514      1085.2781982422
240.146423      1164.2919921875
240.519302      1096.8979492188
240.892136      1027.1798095703
241.264969      1108.5175781250
241.637726      1113.1654052734
242.010498      1154.9963378906
242.383209      1110.8415527344
242.755905      1127.1090087891
243.128555      1085.2781982422
243.501190      1071.3345947266
243.873779      1157.3201904297
244.246353      1089.9261474609
244.618866      1138.7287597656
244.991379      1120.1372070313
245.363861      1122.4611816406
245.736282      1092.2500000000
246.108688      1164.2919921875
246.481079      1145.7005615234
246.853409      1099.2218017578
247.225723      1087.6021728516
247.598007      1099.2218017578
247.970261      1089.9261474609
248.342468      1122.4611816406
248.714645      1113.1654052734
249.086823      1122.4611816406
249.458954      1075.9824218750
249.831024      1152.6723632813
250.203094      1122.4611816406
250.575134      1087.6021728516
250.947113      1052.7431640625
251.319092      1124.7851562500
251.691025      1087.6021728516
252.062912      1092.2500000000
252.434784      1103.8697509766
252.806641      1154.9963378906
253.178452      1106.1936035156
253.550232      1145.7005615234
253.921967      1127.1090087891
254.293686      1120.1372070313
254.665359      1129.4329833984
255.037003      1157.3201904297
255.408630      1150.3483886719
255.780228      1062.0388183594
256.151764      1150.3483886719
256.523285      1127.1090087891
256.894806      1161.9681396484
257.266235      1164.2919921875
257.637695      1182.8835449219
258.009064      1043.4473876953
258.380432      1168.9399414063
258.751770      1106.1936035156
259.123077      1101.5457763672
259.494385      1073.6585693359
259.865601      1045.7712402344
260.236816      1085.2781982422
260.607941      1101.5457763672
260.979126      1071.3345947266
261.350220      1110.8415527344
261.721344      1150.3483886719
262.092346      1129.4329833984
262.463379      1157.3201904297
262.834351      1148.0245361328
263.205292      1113.1654052734
263.576233      1075.9824218750
263.947144      1106.1936035156
264.317993      1110.8415527344
264.688812      1108.5175781250
265.059631      1092.2500000000
265.430359      1075.9824218750
265.801117      1087.6021728516
266.171783      1113.1654052734
266.542450      1106.1936035156
266.913086      1073.6585693359
267.283691      1089.9261474609
267.654266      1175.9117431641
268.024811      1124.7851562500
268.395325      1085.2781982422
268.765778      1071.3345947266
269.136230      1124.7851562500
269.506653      1145.7005615234
269.877045      1192.1793212891
270.247375      1152.6723632813
270.617676      1127.1090087891
270.987946      1129.4329833984
271.358246      1161.9681396484
271.728424      1082.9542236328
272.098633      1089.9261474609
272.468781      1085.2781982422
272.838867      1154.9963378906
273.209015      1096.8979492188
273.579041      1069.0106201172
273.949066      1082.9542236328
274.319061      1127.1090087891
274.689056      1096.8979492188
275.058960      1080.6303710938
275.428864      1113.1654052734
275.798737      1103.8697509766
276.168579      1092.2500000000
276.538361      1101.5457763672
276.908142      1108.5175781250
277.277832      1129.4329833984
277.647583      1101.5457763672
278.017242      1062.0388183594
278.386902      1171.2639160156
278.756500      1122.4611816406
279.126038      1159.6441650391
279.495636      1082.9542236328
279.865143      1038.7994384766
280.234619      1129.4329833984
280.604065      1150.3483886719
280.973450      1154.9963378906
281.342834      1115.4893798828
281.712189      1096.8979492188
282.081512      1071.3345947266
282.450836      1185.2075195313
282.820038      1103.8697509766
283.189270      1103.8697509766
283.558502      1106.1936035156
283.927612      1129.4329833984
284.296722      1180.5595703125
284.665863      1103.8697509766
285.034912      1124.7851562500
285.403931      1120.1372070313
285.772919      1122.4611816406
286.141876      1115.4893798828
286.510834      1099.2218017578
286.879730      1094.5739746094
287.248596      1136.4047851563
287.617401      1141.0527343750
287.986206      1092.2500000000
288.354950      1099.2218017578
288.723724      1085.2781982422
289.092407      1085.2781982422
289.461060      1201.4749755859
289.829742      1087.6021728516
290.198334      1166.6159667969
290.566925      1131.7569580078
290.935455      1075.9824218750
291.303925      1085.2781982422
291.672394      1075.9824218750
292.040894      1157.3201904297
292.409271      1122.4611816406
292.777679      1159.6441650391
293.145996      1166.6159667969
293.514313      1106.1936035156
293.882599      1171.2639160156
294.250824      1178.2357177734
294.619049      1115.4893798828
294.987244      1131.7569580078
295.355377      1101.5457763672
295.723480      1110.8415527344
296.091614      1171.2639160156
296.459625      1101.5457763672
296.827667      1106.1936035156
297.195648      1136.4047851563
297.563599      1059.7149658203
297.931488      1092.2500000000
298.299408      1120.1372070313
298.667267      1117.8133544922
299.035095      1101.5457763672
299.402893      1113.1654052734
299.770599      1124.7851562500
300.138367      1187.5313720703
300.506042      1164.2919921875
300.873718      1168.9399414063
301.241333      1178.2357177734
301.608917      1092.2500000000
301.976471      1215.4187011719
302.344025      1115.4893798828
302.711487      1166.6159667969
303.078979      1082.9542236328
303.446411      1143.3765869141
303.813782      1157.3201904297
304.181183      1080.6303710938
304.548492      1103.8697509766
304.915771      1122.4611816406
305.283051      1150.3483886719
305.650299      1073.6585693359
306.017456      1071.3345947266
306.384644      1108.5175781250
306.751770      1110.8415527344
307.118896      1122.4611816406
307.485962      1108.5175781250
307.852966      1108.5175781250
308.219971      1131.7569580078
308.586945      1031.8276367188
308.953888      1131.7569580078
309.320801      1152.6723632813
309.687653      1152.6723632813
310.054504      1099.2218017578
310.421326      1120.1372070313
310.788086      1059.7149658203
311.154846      1094.5739746094
311.521515      1113.1654052734
311.888184      1099.2218017578
312.254822      1148.0245361328
312.621429      1092.2500000000
312.988007      1078.3063964844
313.354553      1152.6723632813
313.721039      1087.6021728516
314.087494      1148.0245361328
314.453949      1127.1090087891
314.820343      1185.2075195313
315.186737      1078.3063964844
315.553101      1099.2218017578
315.919373      1120.1372070313
316.285645      1122.4611816406
316.651886      1136.4047851563
317.018066      1201.4749755859
317.384308      1099.2218017578
317.750427      1134.0809326172
318.116516      1136.4047851563
318.482574      1145.7005615234
318.848633      1148.0245361328
319.214661      1136.4047851563
319.580627      1045.7712402344
319.946564      1148.0245361328
320.312439      1143.3765869141
320.678314      1150.3483886719
321.044159      1103.8697509766
321.410004      1131.7569580078
321.775757      1161.9681396484
322.141510      1094.5739746094
322.507202      1108.5175781250
322.872894      1173.5877685547
323.238525      1103.8697509766
323.604156      1131.7569580078
323.969696      1110.8415527344
324.335266      1048.0952148438
324.700745      1187.5313720703
325.066223      1143.3765869141
325.431702      1122.4611816406
325.797089      1124.7851562500
326.162445      1129.4329833984
326.527802      1206.1229248047
326.893097      1087.6021728516
327.258362      1092.2500000000
327.623657      1092.2500000000
327.988861      1129.4329833984
328.353973      1115.4893798828
328.719116      1157.3201904297
329.084259      1189.8553466797
329.449341      1045.7712402344
329.814392      1166.6159667969
330.179352      1136.4047851563
330.544312      1057.3909912109
330.909241      1078.3063964844
331.274170      1103.8697509766
331.639069      1071.3345947266
332.003906      1113.1654052734
332.368713      1173.5877685547
332.733459      1096.8979492188
333.098206      1099.2218017578
333.462921      1096.8979492188
333.827606      1092.2500000000
334.192230      1057.3909912109
334.556824      1180.5595703125
334.921356      1129.4329833984
335.285919      1045.7712402344
335.650452      1108.5175781250
336.014893      1122.4611816406
336.379333      1069.0106201172
336.743744      1143.3765869141
337.108124      1075.9824218750
337.472443      1122.4611816406
337.836731      1150.3483886719
338.201019      1127.1090087891
338.565247      1094.5739746094
338.929413      1108.5175781250
339.293579      1080.6303710938
339.657776      1099.2218017578
340.021851      1062.0388183594
340.385895      1057.3909912109
340.749908      1069.0106201172
341.113922      1103.8697509766
341.477875      1131.7569580078
341.841827      1136.4047851563
342.205688      1069.0106201172
342.569580      1089.9261474609
342.933380      1141.0527343750
343.297211      1085.2781982422
343.660950      1069.0106201172
344.024658      1159.6441650391
344.388367      1182.8835449219
344.752014      1129.4329833984
345.115601      1110.8415527344
345.479218      1059.7149658203
345.842804      1143.3765869141
346.206299      1143.3765869141
346.569763      1161.9681396484
346.933228      1110.8415527344
347.296661      1117.8133544922
347.660034      1113.1654052734
348.023407      1152.6723632813
348.386719      1073.6585693359
348.750000      1085.2781982422
349.113220      1217.7425537109
349.476471      1075.9824218750
349.839661      1145.7005615234
350.202820      1103.8697509766
350.565887      1041.1234130859
350.928955      1096.8979492188
351.292023      1055.0670166016
351.655029      1138.7287597656
352.018036      1080.6303710938
352.380981      1157.3201904297
352.743866      1168.9399414063
353.106720      1099.2218017578
353.469574      1152.6723632813
353.832397      1134.0809326172
354.195160      1103.8697509766
354.557892      1136.4047851563
354.920593      1101.5457763672
355.283234      1120.1372070313
355.645905      1110.8415527344
356.008514      1120.1372070313
356.371094      1131.7569580078
356.733612      1127.1090087891
357.096100      1227.0383300781
357.458588      1073.6585693359
357.820984      1031.8276367188
358.183411      1080.6303710938
358.545746      1124.7851562500
358.908081      1129.4329833984
359.270355      1138.7287597656
359.632629      1213.0947265625
359.994873      1152.6723632813
360.357056      1187.5313720703
360.719208      1134.0809326172
361.081329      1113.1654052734
361.443420      1043.4473876953
361.805481      1150.3483886719
362.167511      1143.3765869141
362.529480      1120.1372070313
362.891418      1096.8979492188
363.253326      1178.2357177734
363.615234      1113.1654052734
363.977081      1085.2781982422
364.338867      1171.2639160156
364.700653      1122.4611816406
365.062378      1143.3765869141
365.424103      1178.2357177734
365.785767      1082.9542236328
366.147430      1129.4329833984
366.509033      1127.1090087891
366.870605      1154.9963378906
367.232117      1103.8697509766
367.593628      1066.6867675781
367.955109      1103.8697509766
368.316559      1101.5457763672
368.677917      1134.0809326172
369.039307      1066.6867675781
369.400635      1141.0527343750
369.761902      1108.5175781250
370.123199      1059.7149658203
370.484436      1110.8415527344
370.845581      1043.4473876953
371.206726      1145.7005615234
371.567871      1120.1372070313
371.928955      1110.8415527344
372.290039      1117.8133544922
372.651062      1145.7005615234
373.011993      1110.8415527344
373.372955      1062.0388183594
373.733887      1124.7851562500
374.094788      1120.1372070313
374.455627      1057.3909912109
374.816406      1080.6303710938
375.177185      1108.5175781250
375.537903      1055.0670166016
375.898651      1131.7569580078
376.259338      1059.7149658203
376.619965      1117.8133544922
376.980530      1103.8697509766
377.341095      1173.5877685547
377.701660      1124.7851562500
378.062134      1089.9261474609
378.422607      1110.8415527344
378.783020      1131.7569580078
379.143402      1152.6723632813
379.503784      1129.4329833984
379.864105      1087.6021728516
380.224396      1103.8697509766
380.584656      1129.4329833984
380.944855      1087.6021728516
381.305054      1122.4611816406
381.665192      1143.3765869141
382.025299      1106.1936035156
382.385406      1108.5175781250
382.745453      1141.0527343750
383.105438      1092.2500000000
383.465424      1099.2218017578
383.825348      1071.3345947266
384.185272      1122.4611816406
384.545135      1115.4893798828
384.904968      1173.5877685547
385.264771      1069.0106201172
385.624512      1050.4191894531
385.984253      1062.0388183594
386.343964      1101.5457763672
386.703613      1129.4329833984
387.063232      1080.6303710938
387.422821      1117.8133544922
387.782379      1071.3345947266
388.141907      1078.3063964844
388.501404      1122.4611816406
388.860840      1150.3483886719
389.220215      1117.8133544922
389.579620      1138.7287597656
389.938995      1080.6303710938
390.298279      1062.0388183594
390.657562      1013.2362060547
391.016785      1166.6159667969
391.376007      1148.0245361328
391.735168      1150.3483886719
392.094299      1092.2500000000
392.453430      1103.8697509766
392.812469      1143.3765869141
393.171478      1117.8133544922
393.530457      1131.7569580078
393.889435      1101.5457763672
394.248383      1071.3345947266
394.607269      1131.7569580078
394.966125      1106.1936035156
395.324921      1129.4329833984
395.683655      1136.4047851563
396.042419      1131.7569580078
396.401154      1103.8697509766
396.759827      1099.2218017578
397.118469      1143.3765869141
397.477051      1127.1090087891
397.835632      1131.7569580078
398.194153      1096.8979492188
398.552673      1108.5175781250
398.911163      1101.5457763672
399.269592      1096.8979492188
399.627960      1080.6303710938
399.986328      1052.7431640625
400.344666      1080.6303710938
400.702942      1085.2781982422
401.061188      1048.0952148438
401.419403      1087.6021728516
401.777588      1050.4191894531
402.135712      1131.7569580078
402.493835      1154.9963378906
402.851929      1159.6441650391
403.209961      1075.9824218750
403.567932      1092.2500000000
403.925903      1143.3765869141
404.283905      1055.0670166016
404.641754      1073.6585693359
404.999634      1085.2781982422
405.357452      1122.4611816406
405.715210      1094.5739746094
406.072998      1096.8979492188
406.430725      1087.6021728516
406.788422      1148.0245361328
407.146027      1052.7431640625
407.503662      1215.4187011719
407.861237      1073.6585693359
408.218781      1161.9681396484
408.576294      1075.9824218750
408.933777      1101.5457763672
409.291168      1103.8697509766
409.648590      1082.9542236328
410.005951      1182.8835449219
410.363312      1115.4893798828
410.720612      1087.6021728516
411.077820      1069.0106201172
411.435059      1145.7005615234
411.792267      1122.4611816406
412.149384      1080.6303710938
412.506531      1082.9542236328
412.863586      1099.2218017578
413.220642      1145.7005615234
413.577606      1113.1654052734
413.934601      1194.5031738281
414.291565      1136.4047851563
414.648468      1143.3765869141
415.005310      1041.1234130859
415.362122      1094.5739746094
415.718903      1087.6021728516
416.075684      1057.3909912109
416.432434      1080.6303710938
416.789093      1050.4191894531
417.145752      1059.7149658203
417.502350      1108.5175781250
417.858948      1129.4329833984
418.215485      1062.0388183594
418.571991      1131.7569580078
418.928467      1115.4893798828
419.284882      1131.7569580078
419.641266      1110.8415527344
419.997650      1117.8133544922
420.354004      1066.6867675781
420.710266      1175.9117431641
421.066528      1071.3345947266
421.422760      1117.8133544922
421.778931      1101.5457763672
422.135071      1085.2781982422
422.491211      1122.4611816406
422.847260      1048.0952148438
423.203308      1045.7712402344
423.559296      1073.6585693359
423.915283      1080.6303710938
424.271210      1127.1090087891
424.627136      1096.8979492188
424.982971      1101.5457763672
425.338776      1117.8133544922
425.694611      1034.1516113281
426.050323      1103.8697509766
426.406036      1050.4191894531
426.761749      1131.7569580078
427.117371      1136.4047851563
427.472961      1122.4611816406
427.828552      1092.2500000000
428.184113      1120.1372070313
428.539581      1141.0527343750
428.895050      1124.7851562500
429.250458      1182.8835449219
429.605865      1161.9681396484
429.961212      1110.8415527344
430.316559      1069.0106201172
430.671814      1141.0527343750
431.027069      1145.7005615234
431.382263      1138.7287597656
431.737457      1145.7005615234
432.092590      1110.8415527344
432.447723      1103.8697509766
432.802734      1027.1798095703
433.157776      1138.7287597656
433.512756      1059.7149658203
433.867706      1096.8979492188
434.222656      1152.6723632813
434.577545      1089.9261474609
434.932373      1099.2218017578
435.287201      1069.0106201172
435.641968      1110.8415527344
435.996704      1078.3063964844
436.351410      1124.7851562500
436.706085      1168.9399414063
437.060699      1082.9542236328
437.415283      1145.7005615234
437.769867       971.4053344727
438.124420      1085.2781982422
438.478882      1129.4329833984
438.833313      1094.5739746094
439.187714      1108.5175781250
439.542084      1131.7569580078
439.896454      1087.6021728516
440.250732      1108.5175781250
440.605011      1129.4329833984
440.959229      1092.2500000000
441.313416      1108.5175781250
441.667572      1122.4611816406
442.021698      1082.9542236328
442.375793      1124.7851562500
442.729858      1138.7287597656
443.083832      1159.6441650391
443.437836      1148.0245361328
443.791748      1141.0527343750
444.145630      1115.4893798828
444.499542      1075.9824218750
444.853363      1145.7005615234
445.207123      1099.2218017578
445.560883      1092.2500000000
445.914612      1075.9824218750
446.268280      1096.8979492188
446.621918      1050.4191894531
446.975555      1064.3627929688
447.329132      1120.1372070313
447.682678      1138.7287597656
448.036133      1127.1090087891
448.389618      1071.3345947266
448.743042      1064.3627929688
449.096405      1108.5175781250
449.449799      1150.3483886719
449.803101      1085.2781982422
450.156372      1131.7569580078
450.509613      1115.4893798828
450.862823      1117.8133544922
451.216003      1080.6303710938
451.569122      1122.4611816406
451.922211      1145.7005615234
452.275269      1113.1654052734
452.628296      1120.1372070313
452.981293      1122.4611816406
453.334229      1078.3063964844
453.687134      1141.0527343750
454.040009      1057.3909912109
454.392853      1106.1936035156
454.745636      1059.7149658203
455.098419      1157.3201904297
455.451172      1157.3201904297
455.803864      1166.6159667969
456.156464      1103.8697509766
456.509125      1064.3627929688
456.861694      1103.8697509766
457.214264      1117.8133544922
457.566742      1073.6585693359
457.919220      1108.5175781250
458.271667      1154.9963378906
458.624023      1099.2218017578
458.976379      1101.5457763672
459.328705      1103.8697509766
459.681000      1138.7287597656
460.033234      1138.7287597656
460.385468      1122.4611816406
460.737610      1136.4047851563
461.089752      1059.7149658203
461.441864      1120.1372070313
461.793945      1094.5739746094
462.145996      1150.3483886719
462.497955      1120.1372070313
462.849884      1082.9542236328
463.201813      1106.1936035156
463.553680      1113.1654052734
463.905518      1115.4893798828
464.257355      1150.3483886719
464.609100      1143.3765869141
464.960815      1120.1372070313
465.312531      1089.9261474609
465.664185      1161.9681396484
466.015778      1075.9824218750
466.367371      1136.4047851563
466.718903      1082.9542236328
467.070435      1092.2500000000
467.421906      1120.1372070313
467.773346      1159.6441650391
468.124725      1141.0527343750
468.476074      1082.9542236328
468.827393      1048.0952148438
469.178680      1136.4047851563
469.529938      1080.6303710938
469.881134      1117.8133544922
470.232330      1127.1090087891
470.583435      1082.9542236328
470.934540      1145.7005615234
471.285614      1108.5175781250
471.636627      1145.7005615234
471.987610      1052.7431640625
472.338562      1173.5877685547
472.689453      1108.5175781250
473.040375      1001.6165161133
473.391205      1071.3345947266
473.741974      1064.3627929688
474.092773      1103.8697509766
474.443481      1092.2500000000
474.794159      1108.5175781250
475.144806      1164.2919921875
475.495422      1120.1372070313
475.846039      1080.6303710938
476.196533      1073.6585693359
476.547028      1110.8415527344
476.897522      1120.1372070313
477.247925      1136.4047851563
477.598328      1110.8415527344
477.948700      1094.5739746094
478.299011      1166.6159667969
478.649231      1141.0527343750
478.999481      1082.9542236328
479.349701      1110.8415527344
479.699829      1113.1654052734
480.049988      1122.4611816406
480.400055      1124.7851562500
480.750153      1164.2919921875
481.100128      1103.8697509766
481.450104      1182.8835449219
481.800049      1108.5175781250
482.149963      1059.7149658203
482.499786      1073.6585693359
482.849670      1101.5457763672
483.199432      1106.1936035156
483.549194      1041.1234130859
483.898926      1175.9117431641
484.248566      1143.3765869141
484.598206      1145.7005615234
484.947815      1145.7005615234
485.297394      1120.1372070313
485.646912      1096.8979492188
485.996399      1110.8415527344
486.345825      1099.2218017578
486.695282      1161.9681396484
487.044617      1029.5037841797
487.393951      1171.2639160156
487.743286      1131.7569580078
488.092529      1089.9261474609
488.441711      1161.9681396484
488.790955      1182.8835449219
489.140076      1141.0527343750
489.489197      1124.7851562500
489.838257      1138.7287597656
490.187286      1148.0245361328
490.536316      1152.6723632813
490.885254      1069.0106201172
491.234161      1131.7569580078
491.583069      1101.5457763672
491.931915      1094.5739746094
492.280731      1103.8697509766
492.629486      1096.8979492188
492.978210      1052.7431640625
493.326874      1122.4611816406
493.675568      1115.4893798828
494.024200      1099.2218017578
494.372742      1117.8133544922
494.721313      1052.7431640625
495.069824      1085.2781982422
495.418274      1075.9824218750
495.766724      1138.7287597656
496.115112      1092.2500000000
496.463470      1134.0809326172
496.811768      1092.2500000000
497.160034      1138.7287597656
497.508301      1048.0952148438
497.856506      1199.1511230469
498.204651      1148.0245361328
498.552765      1087.6021728516
498.900848      1138.7287597656
499.248901      1152.6723632813
499.596924      1113.1654052734
499.944885      1094.5739746094
500.292816      1120.1372070313
500.640778      1175.9117431641
500.988556      1127.1090087891
501.336426      1101.5457763672
501.684204      1148.0245361328
502.031952      1136.4047851563
502.379700      1117.8133544922
502.727295      1117.8133544922
503.074982      1161.9681396484
503.422546      1096.8979492188
503.770081      1115.4893798828
504.117615      1113.1654052734
504.465088      1120.1372070313
504.812561      1143.3765869141
505.159943      1103.8697509766
505.507294      1101.5457763672
505.854645      1124.7851562500
506.201904      1161.9681396484
506.549194      1094.5739746094
506.896332      1110.8415527344
507.243591      1108.5175781250
507.590698      1099.2218017578
507.937775      1101.5457763672
508.284912      1136.4047851563
508.631836      1187.5313720703
508.978851      1180.5595703125
509.325806      1108.5175781250
509.672699      1062.0388183594
510.019592      1094.5739746094
510.366364      1103.8697509766
510.713196      1071.3345947266
511.059937      1124.7851562500
511.406677      1041.1234130859
511.753326      1073.6585693359
512.099976      1122.4611816406
512.446594      1138.7287597656
512.793091      1185.2075195313
513.139648      1082.9542236328
513.486145      1089.9261474609
513.832520      1092.2500000000
514.179016      1127.1090087891
514.525269      1071.3345947266
514.871704      1115.4893798828
515.217957      1092.2500000000
515.564209      1185.2075195313
515.910522      1145.7005615234
516.256531      1085.2781982422
516.602783      1122.4611816406
516.948853      1178.2357177734
517.294922      1141.0527343750
517.640930      1103.8697509766
517.986877      1152.6723632813
518.332886      1106.1936035156
518.678711      1152.6723632813
519.024658      1110.8415527344
519.370422      1129.4329833984
519.716248      1029.5037841797
520.062073      1127.1090087891
520.407715      1110.8415527344
520.753418      1096.8979492188
521.099060      1136.4047851563
521.444580      1078.3063964844
521.790222      1052.7431640625
522.135681      1115.4893798828
522.481201      1122.4611816406
522.826660      1064.3627929688
523.172058      1055.0670166016
523.517395      1082.9542236328
523.862671      1092.2500000000
524.208069      1134.0809326172
524.553284      1124.7851562500
524.898438      1089.9261474609
525.243591      1085.2781982422
525.588745      1136.4047851563
525.933899      1117.8133544922
526.278931      1148.0245361328
526.623962      1124.7851562500
526.968872      1141.0527343750
527.313904      1141.0527343750
527.658813      1099.2218017578
528.003601      1117.8133544922
528.348450      1050.4191894531
528.693237      1229.3623046875
529.037964      1141.0527343750
529.382751      1094.5739746094
529.727356      1117.8133544922
530.072021      1103.8697509766
530.416626      1113.1654052734
530.761169      1092.2500000000
531.105652      1048.0952148438
531.450134      1073.6585693359
531.794617      1048.0952148438
532.138916      1134.0809326172
532.483337      1115.4893798828
532.827637      1152.6723632813
533.171936      1096.8979492188
533.516174      1124.7851562500
533.860352      1099.2218017578
534.204529      1110.8415527344
534.548645      1087.6021728516
534.892700      1152.6723632813
535.236816      1150.3483886719
535.580750      1113.1654052734
535.924744      1182.8835449219
536.268738      1087.6021728516
536.612549      1148.0245361328
536.956421      1062.0388183594
537.300232      1108.5175781250
537.644043      1073.6585693359
537.987671      1150.3483886719
538.331421      1020.2080078125
538.675049      1131.7569580078
539.018677      1127.1090087891
539.362305      1066.6867675781
539.705750      1166.6159667969
540.049316      1089.9261474609
540.392822      1206.1229248047
540.736145      1185.2075195313
541.079590      1154.9963378906
541.422913      1152.6723632813
541.766235      1124.7851562500
542.109436      1120.1372070313
542.452698      1148.0245361328
542.795898      1103.8697509766
543.138977      1150.3483886719
543.482178      1185.2075195313
543.825195      1136.4047851563
544.168213      1120.1372070313
544.511230      1143.3765869141
544.854187      1101.5457763672
545.197083      1089.9261474609
545.539917      1094.5739746094
545.882813      1157.3201904297
546.225586      1189.8553466797
546.568359      1187.5313720703
546.911133      1124.7851562500
547.253662      1103.8697509766
547.596436      1157.3201904297
547.938965      1101.5457763672
548.281494      1078.3063964844
548.624084      1182.8835449219
548.966492      1108.5175781250
549.308960      1117.8133544922
549.651367      1134.0809326172
549.993713      1101.5457763672
550.336060      1148.0245361328
550.678345      1069.0106201172
551.020630      1131.7569580078
551.362732      1164.2919921875
551.704956      1080.6303710938
552.047058      1069.0106201172
552.389160      1127.1090087891
552.731262      1092.2500000000
553.073181      1148.0245361328
553.415161      1131.7569580078
553.757080      1148.0245361328
554.098999      1059.7149658203
554.440857      1092.2500000000
554.782593      1085.2781982422
555.124390      1150.3483886719
555.466125      1110.8415527344
555.807800      1138.7287597656
556.149414      1117.8133544922
556.491089      1173.5877685547
556.832642      1154.9963378906
557.174133      1154.9963378906
557.515686      1110.8415527344
557.857117      1036.4755859375
558.198486      1122.4611816406
558.539917      1094.5739746094
558.881165      1127.1090087891
559.222534      1073.6585693359
559.563782      1087.6021728516
559.904968      1059.7149658203
560.246216      1080.6303710938
560.587280      1120.1372070313
560.928406      1066.6867675781
561.269470      1145.7005615234
561.610474      1022.5319213867
561.951477      1143.3765869141
562.292297      1120.1372070313
562.633301      1138.7287597656
562.974121      1089.9261474609
563.315002      1092.2500000000
563.655762      1117.8133544922
563.996460      1069.0106201172
564.337158      1157.3201904297
564.677795      1078.3063964844
565.018433      1092.2500000000
565.359009      1089.9261474609
565.699524      1073.6585693359
566.040100      1122.4611816406
566.380493      1117.8133544922
566.720947      1117.8133544922
567.061340      1134.0809326172
567.401611      1110.8415527344
567.742004      1108.5175781250
568.082153      1036.4755859375
568.422424      1050.4191894531
568.762634      1094.5739746094
569.102722      1066.6867675781
569.442810      1064.3627929688
569.782898      1150.3483886719
570.122986      1143.3765869141
570.462830      1168.9399414063
570.802856      1182.8835449219
571.142761      1066.6867675781
571.482605      1134.0809326172
571.822449      1080.6303710938
572.162170      1127.1090087891
572.501953      1124.7851562500
572.841675      1113.1654052734
573.181274      1148.0245361328
573.520996      1048.0952148438
573.860474      1099.2218017578
574.200073      1124.7851562500
574.539551      1055.0670166016
574.878967      1080.6303710938
575.218384      1161.9681396484
575.557739      1131.7569580078
575.897156      1096.8979492188
576.236450      1203.7989501953
576.575684      1161.9681396484
576.914856      1108.5175781250
577.254089      1110.8415527344
577.593262      1110.8415527344
577.932251      1069.0106201172
578.271362      1066.6867675781
578.610352      1159.6441650391
578.949341      1092.2500000000
579.288330      1108.5175781250
579.627197      1075.9824218750
579.966064      1127.1090087891
580.304871      1182.8835449219
580.643677      1120.1372070313
580.982483      1120.1372070313
581.321045      1087.6021728516
581.659790      1120.1372070313
581.998413      1131.7569580078
582.336914      1129.4329833984
582.675476      1106.1936035156
583.013916      1006.2644042969
583.352478      1113.1654052734
583.690796      1122.4611816406
584.029175      1092.2500000000
584.367493      1129.4329833984
584.705811      1161.9681396484
585.044128      1131.7569580078
585.382202      1094.5739746094
585.720459      1124.7851562500
586.058594      1055.0670166016
586.396667      1082.9542236328
586.734802      1117.8133544922
587.072693      1180.5595703125
587.410767      1131.7569580078
587.748657      1117.8133544922
588.086487      1154.9963378906
588.424316      1138.7287597656
588.762146      1064.3627929688
589.099976      1129.4329833984
589.437622      1110.8415527344
589.775391      1127.1090087891
590.113037      1117.8133544922
590.450623      1129.4329833984
590.788208      1087.6021728516
591.125671      1045.7712402344
591.463196      1150.3483886719
591.800659      1136.4047851563
592.138062      1136.4047851563
592.475464      1069.0106201172
592.812683      1127.1090087891
593.150024      1073.6585693359
593.487244      1096.8979492188
593.824402      1166.6159667969
594.161621      1092.2500000000
594.498657      1113.1654052734
594.835815      1136.4047851563
595.172852      1141.0527343750
595.509827      1180.5595703125
595.846741      1087.6021728516
596.183655      1092.2500000000
596.520630      1089.9261474609
596.857422      1062.0388183594
597.194214      1096.8979492188
597.530945      1106.1936035156
597.867615      1080.6303710938
598.204346      1041.1234130859
598.540955      1099.2218017578
598.877563      1094.5739746094
599.214111      1117.8133544922
599.550598      1089.9261474609
599.887085      1180.5595703125
600.223450      1171.2639160156
600.559937      1108.5175781250
600.896240      1127.1090087891
601.232544      1164.2919921875
601.568787      1073.6585693359
601.905029      1122.4611816406
602.241272      1124.7851562500
602.577271      1129.4329833984
602.913452      1080.6303710938
603.249512      1096.8979492188
603.585510      1159.6441650391
603.921509      1101.5457763672
604.257385      1110.8415527344
604.593323      1236.3341064453
604.929199      1113.1654052734
605.264954      1145.7005615234
605.600830      1085.2781982422
605.936462      1110.8415527344
606.272217      1110.8415527344
606.607849      1157.3201904297
606.943420      1096.8979492188
607.278992      1117.8133544922
607.614502      1099.2218017578
607.950012      1117.8133544922
608.285461      1110.8415527344
608.620850      1122.4611816406
608.956177      1099.2218017578
609.291504      1148.0245361328
609.626831      1059.7149658203
609.962036      1141.0527343750
610.297302      1117.8133544922
610.632446      1092.2500000000
610.967529      1045.7712402344
611.302673      1129.4329833984
611.637634      1141.0527343750
611.972656      1124.7851562500
612.307617      1092.2500000000
612.642517      1108.5175781250
612.977356      1159.6441650391
613.312195      1078.3063964844
613.646973      1055.0670166016
613.981750      1048.0952148438
614.316406      1175.9117431641
614.651062      1113.1654052734
614.985657      1038.7994384766
615.320313      1152.6723632813
615.654846      1066.6867675781
615.989319      1117.8133544922
616.323792      1127.1090087891
616.658203      1152.6723632813
616.992615      1187.5313720703
617.326904      1103.8697509766
617.661194      1154.9963378906
617.995483      1175.9117431641
618.329712      1066.6867675781
618.663940      1082.9542236328
618.997925      1150.3483886719
619.332092      1110.8415527344
619.666077      1134.0809326172
620.000061      1110.8415527344
620.334045      1075.9824218750
620.667969      1078.3063964844
621.001892      1096.8979492188
621.335632      1113.1654052734
621.669495      1185.2075195313
622.003296      1141.0527343750
622.336914      1134.0809326172
622.670654      1138.7287597656
623.004272      1131.7569580078
623.337891      1041.1234130859
623.671387      1187.5313720703
624.004883      1082.9542236328
624.338440      1164.2919921875
624.671753      1082.9542236328
625.005249      1189.8553466797
625.338562      1127.1090087891
625.671814      1131.7569580078
626.005066      1080.6303710938
626.338257      1110.8415527344
626.671509      1124.7851562500
627.004578      1154.9963378906
627.337708      1117.8133544922
627.670776      1127.1090087891
628.003723      1096.8979492188
628.336731      1136.4047851563
628.669556      1145.7005615234
629.002502      1101.5457763672
629.335327      1071.3345947266
629.668152      1092.2500000000
630.000916      1129.4329833984
630.333618      1201.4749755859
630.666321      1175.9117431641
630.998962      1117.8133544922
631.331482      1066.6867675781
631.664063      1168.9399414063
631.996521      1110.8415527344
632.329102      1085.2781982422
632.661499      1057.3909912109
632.993835      1080.6303710938
633.326172      1101.5457763672
633.658447      1094.5739746094
633.990784      1157.3201904297
634.322937      1085.2781982422
634.655212      1117.8133544922
634.987244      1103.8697509766
635.319397      1134.0809326172
635.651489      1099.2218017578
635.983398      1069.0106201172
636.315430      1166.6159667969
636.647278      1087.6021728516
636.979187      1141.0527343750
637.311035      1031.8276367188
637.642761      1089.9261474609
637.974609      1110.8415527344
638.306335      1157.3201904297
638.637939      1127.1090087891
638.969604      1134.0809326172
639.301147      1059.7149658203
639.632751      1110.8415527344
639.964233      1150.3483886719
640.295715      1110.8415527344
640.627075      1069.0106201172
640.958496      1096.8979492188
641.289917      1166.6159667969
641.621094      1057.3909912109
641.952393      1078.3063964844
642.283569      1085.2781982422
642.614746      1117.8133544922
642.945923      1106.1936035156
643.276917      1173.5877685547
643.608093      1182.8835449219
643.939026      1136.4047851563
644.269958      1092.2500000000
644.600891      1106.1936035156
644.931763      1161.9681396484
645.262634      1101.5457763672
645.593384      1113.1654052734
645.924133      1110.8415527344
646.254822      1180.5595703125
646.585510      1161.9681396484
646.916199      1099.2218017578
647.246704      1134.0809326172
647.577271      1089.9261474609
647.907715      1092.2500000000
648.238220      1082.9542236328
648.568665      1166.6159667969
648.898987      1117.8133544922
649.229309      1196.8271484375
649.559570      1108.5175781250
649.889832      1127.1090087891
650.220093      1182.8835449219
650.550171      1185.2075195313
650.880310      1108.5175781250
651.210388      1196.8271484375
651.540405      1173.5877685547
651.870422      1136.4047851563
652.200317      1073.6585693359
652.530273      1141.0527343750
652.860046      1092.2500000000
653.189941      1143.3765869141
653.519775      1129.4329833984
653.849426      1157.3201904297
654.179199      1085.2781982422
654.508789      1157.3201904297
654.838440      1089.9261474609
655.168030      1055.0670166016
655.497498      1157.3201904297
655.827026      1078.3063964844
656.156372      1094.5739746094
656.485840      1062.0388183594
656.815247      1094.5739746094
657.144470      1055.0670166016
657.473755      1124.7851562500
657.802979      1094.5739746094
658.132202      1106.1936035156
658.461243      1113.1654052734
658.790466      1062.0388183594
659.119507      1117.8133544922
659.448486       992.3207397461
659.777527      1124.7851562500
660.106384      1071.3345947266
660.435242      1066.6867675781
660.764160      1117.8133544922
661.092896      1089.9261474609
661.421692      1108.5175781250
661.750427      1101.5457763672
662.079102      1154.9963378906
662.407715      1134.0809326172
662.736328      1143.3765869141
663.064880      1092.2500000000
663.393311      1145.7005615234
663.721802      1085.2781982422
664.050232      1087.6021728516
664.378601      1131.7569580078
664.706970      1108.5175781250
665.035217      1048.0952148438
665.363525      1120.1372070313
665.691650      1134.0809326172
666.019897      1041.1234130859
666.347961      1159.6441650391
666.676086      1152.6723632813
667.004150      1138.7287597656
667.332092      1171.2639160156
667.660095      1150.3483886719
667.987915      1148.0245361328
668.315796      1187.5313720703
668.643677      1199.1511230469
668.971436      1148.0245361328
669.299133      1152.6723632813
669.626892      1134.0809326172
669.954468      1122.4611816406
670.282104      1120.1372070313
670.609619      1115.4893798828
670.937256      1027.1798095703
671.264587      1108.5175781250
671.592163      1215.4187011719
671.919495      1096.8979492188
672.246887      1117.8133544922
672.574097      1108.5175781250
672.901489      1136.4047851563
673.228699      1087.6021728516
673.555847      1136.4047851563
673.882996      1073.6585693359
674.210022      1217.7425537109
674.537109      1096.8979492188
674.864136      1131.7569580078
675.191101      1150.3483886719
675.518005      1103.8697509766
675.844849      1124.7851562500
676.171692      1134.0809326172
676.498535      1154.9963378906
676.825256      1150.3483886719
677.151978      1196.8271484375
677.478577      1103.8697509766
677.805237      1115.4893798828
678.131836      1108.5175781250
678.458435      1110.8415527344
678.784851      1059.7149658203
679.111328      1082.9542236328
679.437744      1131.7569580078
679.764099      1178.2357177734
680.090454      1094.5739746094
680.416687      1092.2500000000
680.742920      1080.6303710938
681.069153      1069.0106201172
681.395203      1117.8133544922
681.721313      1178.2357177734
682.047485      1134.0809326172
682.373474      1113.1654052734
682.699402      1134.0809326172
683.025391      1182.8835449219
683.351196      1182.8835449219
683.677063      1106.1936035156
684.002930      1096.8979492188
684.328674      1145.7005615234
684.654358      1115.4893798828
684.980042      1138.7287597656
685.305603      1069.0106201172
685.631287      1110.8415527344
685.956787      1082.9542236328
686.282288      1152.6723632813
686.607788      1134.0809326172
686.933167      1099.2218017578
687.258545      1127.1090087891
687.583923      1092.2500000000
687.909180      1020.2080078125
688.234375      1117.8133544922
688.559631      1082.9542236328
688.884766      1089.9261474609
689.209839      1029.5037841797
689.534973      1101.5457763672
689.859924      1101.5457763672
690.184937      1071.3345947266
690.509827      1101.5457763672
690.834717      1071.3345947266
691.159668      1161.9681396484
691.484436      1099.2218017578
691.809204      1127.1090087891
692.133911      1113.1654052734
692.458557      1085.2781982422
692.783142      1101.5457763672
693.107849      1094.5739746094
693.432312      1115.4893798828
693.756836      1092.2500000000
694.081238      1141.0527343750
694.405701      1131.7569580078
694.730164      1161.9681396484
695.054443      1082.9542236328
695.378723      1124.7851562500
695.702942      1113.1654052734
696.027100      1087.6021728516
696.351257      1089.9261474609
696.675476      1120.1372070313
696.999512      1117.8133544922
697.323486      1157.3201904297
697.647461      1136.4047851563
697.971375      1113.1654052734
698.295349      1122.4611816406
698.619202      1145.7005615234
698.942993      1131.7569580078
699.266724      1050.4191894531
699.590393      1059.7149658203
699.914124      1157.3201904297
700.237793      1108.5175781250
700.561340      1124.7851562500
700.884949      1106.1936035156
701.208374      1106.1936035156
701.531860      1120.1372070313
701.855286      1082.9542236328
702.178650      1110.8415527344
702.501953      1208.4467773438
702.825195      1189.8553466797
703.148499      1082.9542236328
703.471680      1089.9261474609
703.794861      1089.9261474609
704.117981      1096.8979492188
704.440979      1134.0809326172
704.764038      1085.2781982422
705.086975      1136.4047851563
705.409851      1145.7005615234
705.732849      1124.7851562500
706.055664      1101.5457763672
706.378479      1096.8979492188
706.701233      1134.0809326172
707.023926      1129.4329833984
707.346619      1143.3765869141
707.669250      1087.6021728516
707.991821      1127.1090087891
708.314392      1120.1372070313
708.636841      1092.2500000000
708.959290      1115.4893798828
709.281738      1164.2919921875
709.604065      1108.5175781250
709.926392      1096.8979492188
710.248657      1138.7287597656
710.570862      1085.2781982422
710.893066      1108.5175781250
711.215210      1117.8133544922
711.537292      1080.6303710938
711.859314      1094.5739746094
712.181335      1120.1372070313
712.503357      1073.6585693359
712.825256      1113.1654052734
713.147156      1092.2500000000
713.468994      1045.7712402344
713.790771      1101.5457763672
714.112488      1064.3627929688
714.434143      1099.2218017578
714.755859      1108.5175781250
715.077515      1080.6303710938
715.399109      1096.8979492188
715.720581      1064.3627929688
716.042053      1089.9261474609
716.363525      1141.0527343750
716.684875      1101.5457763672
717.006287      1122.4611816406
717.327576      1075.9824218750
717.648804      1041.1234130859
717.969971      1096.8979492188
718.291260      1117.8133544922
718.612366      1043.4473876953
718.933411      1152.6723632813
719.254395      1150.3483886719
719.575439      1096.8979492188
719.896362      1101.5457763672
720.217285      1150.3483886719
720.538147      1082.9542236328
720.859009      1099.2218017578
721.179749      1175.9117431641
721.500488      1159.6441650391
721.821228      1087.6021728516
722.141785      1131.7569580078
722.462402      1113.1654052734
722.782959      1099.2218017578
723.103455      1122.4611816406
723.423950      1082.9542236328
723.744385      1092.2500000000
724.064758      1192.1793212891
724.385071      1168.9399414063
724.705322      1115.4893798828
725.025574      1075.9824218750
725.345825      1071.3345947266
725.665955      1171.2639160156
725.986023      1092.2500000000
726.306091      1168.9399414063
726.626099      1164.2919921875
726.946045      1099.2218017578
727.266052      1071.3345947266
727.585938      1141.0527343750
727.905762      1071.3345947266
728.225525      1103.8697509766
728.545288      1062.0388183594
728.864990      1071.3345947266
729.184692      1136.4047851563
729.504333      1092.2500000000
729.823853      1099.2218017578
730.143372      1159.6441650391
730.462891      1096.8979492188
730.782410      1166.6159667969
731.101746      1113.1654052734
731.421143      1117.8133544922
731.740417      1131.7569580078
732.059631      1096.8979492188
732.378845      1087.6021728516
732.698059      1089.9261474609
733.017212      1082.9542236328
733.336304      1122.4611816406
733.655273      1103.8697509766
733.974304      1103.8697509766
734.293335      1152.6723632813
734.612183      1041.1234130859
734.931030      1175.9117431641
735.249878      1166.6159667969
735.568665      1082.9542236328
735.887329      1073.6585693359
736.206055      1059.7149658203
736.524658      1220.0665283203
736.843262      1129.4329833984
737.161804      1062.0388183594
737.480286      1113.1654052734
737.798828      1029.5037841797
738.117249      1082.9542236328
738.435608      1071.3345947266
738.753906      1138.7287597656
739.072205      1080.6303710938
739.390442      1148.0245361328
739.708618      1136.4047851563
740.026733      1085.2781982422
740.344849      1110.8415527344
740.662903      1110.8415527344
740.980957      1213.0947265625
741.298889      1143.3765869141
741.616821      1064.3627929688
741.934692      1134.0809326172
742.252502      1110.8415527344
742.570313      1101.5457763672
742.888062      1059.7149658203
743.205750      1071.3345947266
743.523438      1120.1372070313
743.841003      1082.9542236328
744.158569      1194.5031738281
744.476074      1129.4329833984
744.793518      1122.4611816406
745.111023      1036.4755859375
745.428345      1073.6585693359
745.745728      1157.3201904297
746.062988      1069.0106201172
746.380249      1141.0527343750
746.697449      1127.1090087891
747.014648      1115.4893798828
747.331726      1152.6723632813
747.648804      1154.9963378906
747.965759      1127.1090087891
748.282776      1113.1654052734
748.599731      1150.3483886719
748.916626      1152.6723632813
749.233459      1136.4047851563
749.550232      1161.9681396484
749.867004      1127.1090087891
750.183655      1173.5877685547
750.500366      1117.8133544922
750.816956      1089.9261474609
751.133545      1059.7149658203
751.450073      1089.9261474609
751.766479      1113.1654052734
752.083008      1094.5739746094
752.399414      1110.8415527344
752.715698      1152.6723632813
753.032043      1141.0527343750
753.348328      1208.4467773438
753.664429      1045.7712402344
753.980713      1171.2639160156
754.296814      1194.5031738281
754.612854      1087.6021728516
754.928833      1145.7005615234
755.244873      1108.5175781250
755.560852      1141.0527343750
755.876709      1113.1654052734
756.192505      1073.6585693359
756.508362      1131.7569580078
756.824097      1108.5175781250
757.139771      1108.5175781250
757.455505      1157.3201904297
757.771118      1085.2781982422
758.086670      1106.1936035156
758.402222      1117.8133544922
758.717712      1073.6585693359
759.033081      1141.0527343750
759.348511      1080.6303710938
759.663879      1101.5457763672
759.979187      1110.8415527344
760.294434      1103.8697509766
760.609619      1134.0809326172
760.924805      1073.6585693359
761.239929      1127.1090087891
761.554993      1157.3201904297
761.869995      1103.8697509766
762.184998      1096.8979492188
762.499939      1129.4329833984
762.814880      1115.4893798828
763.129700      1094.5739746094
763.444519      1122.4611816406
763.759277      1087.6021728516
764.073975      1164.2919921875
764.388672      1150.3483886719
764.703308      1154.9963378906
765.017883      1173.5877685547
765.332397      1052.7431640625
765.646851      1106.1936035156
765.961304      1141.0527343750
766.275696      1127.1090087891
766.590088      1113.1654052734
766.904358      1127.1090087891
767.218628      1154.9963378906
767.532776      1052.7431640625
767.846924      1134.0809326172
768.161072      1192.1793212891
768.475159      1089.9261474609
768.789185      1075.9824218750
769.103149      1094.5739746094
769.417114      1066.6867675781
769.731079      1159.6441650391
770.044861      1089.9261474609
770.358643      1113.1654052734
770.672363      1108.5175781250
770.986084      1145.7005615234
771.299683      1113.1654052734
771.613403      1064.3627929688
771.927002      1066.6867675781
772.240479      1124.7851562500
772.553955      1092.2500000000
772.867371      1106.1936035156
773.180847      1038.7994384766
773.494141      1122.4611816406
773.807434      1194.5031738281
774.120667      1145.7005615234
774.433899      1099.2218017578
774.747009      1166.6159667969
775.060181      1099.2218017578
775.373230      1131.7569580078
775.686218      1096.8979492188
775.999207      1082.9542236328
776.312073      1134.0809326172
776.624939      1117.8133544922
776.937866      1148.0245361328
777.250671      1122.4611816406
777.563416      1036.4755859375
777.876099      1092.2500000000
778.188721      1182.8835449219
778.501343      1080.6303710938
778.813904      1182.8835449219
779.126404      1194.5031738281
779.438904      1101.5457763672
779.751282      1124.7851562500
780.063660      1124.7851562500
780.376038      1152.6723632813
780.688293      1185.2075195313
781.000549      1143.3765869141
781.312683      1080.6303710938
781.624817      1078.3063964844
781.937012      1224.7143554688
782.249023      1080.6303710938
782.561035      1103.8697509766
782.872986      1164.2919921875
783.184937      1115.4893798828
783.496765      1075.9824218750
783.808655      1008.5883178711
784.120422      1071.3345947266
784.432129      1113.1654052734
784.743774      1087.6021728516
785.055420      1073.6585693359
785.367004      1069.0106201172
785.678589      1064.3627929688
785.990051      1092.2500000000
786.301514      1108.5175781250
786.612976      1096.8979492188
786.924316      1080.6303710938
787.235657      1057.3909912109
787.546936      1101.5457763672
787.858154      1103.8697509766
788.169312      1136.4047851563
788.480408      1062.0388183594
788.791504      1150.3483886719
789.102600      1129.4329833984
789.413513      1103.8697509766
789.724487      1106.1936035156
790.035400      1089.9261474609
790.346191      1080.6303710938
790.657043      1141.0527343750
790.967834      1120.1372070313
791.278564      1085.2781982422
791.589172      1131.7569580078
791.899780      1106.1936035156
792.210327      1124.7851562500
792.520935      1108.5175781250
792.831421      1073.6585693359
793.141846      1110.8415527344
793.452209      1154.9963378906
793.762573      1199.1511230469
794.072815      1099.2218017578
794.383118      1066.6867675781
794.693359      1157.3201904297
795.003479      1113.1654052734
795.313538      1113.1654052734
795.623596      1103.8697509766
795.933716      1071.3345947266
796.243652      1122.4611816406
796.553589      1192.1793212891
796.863464      1034.1516113281
797.173218      1036.4755859375
797.483032      1087.6021728516
797.792786      1110.8415527344
798.102478      1131.7569580078
798.412109      1073.6585693359
798.721741      1152.6723632813
799.031250      1145.7005615234
799.340820      1129.4329833984
799.650269      1185.2075195313
799.959656      1103.8697509766
800.269043      1120.1372070313
800.578369      1134.0809326172
800.887573      1041.1234130859
801.196899      1089.9261474609
801.505981      1124.7851562500
801.815186      1080.6303710938
802.124207      1115.4893798828
802.433289      1185.2075195313
802.742188      1136.4047851563
803.051270      1145.7005615234
803.360168      1038.7994384766
803.668945      1127.1090087891
803.977783      1117.8133544922
804.286499      1045.7712402344
804.595276      1110.8415527344
804.903931      1115.4893798828
805.212524      1082.9542236328
805.521057      1159.6441650391
805.829590      1161.9681396484
806.138062      1175.9117431641
806.446533      1138.7287597656
806.754944      1075.9824218750
807.063293      1127.1090087891
807.371521      1062.0388183594
807.679749      1154.9963378906
807.987976      1145.7005615234
808.296143      1127.1090087891
808.604248      1096.8979492188
808.912292      1050.4191894531
809.220276      1171.2639160156
809.528198      1099.2218017578
809.836182      1052.7431640625
810.144043      1055.0670166016
810.451843      1175.9117431641
810.759644      1113.1654052734
811.067322      1108.5175781250
811.375061      1094.5739746094
811.682678      1138.7287597656
811.990295      1148.0245361328
812.297791      1124.7851562500
812.605286      1071.3345947266
812.912720      1110.8415527344
813.220154      1071.3345947266
813.527527      1138.7287597656
813.834839      1106.1936035156
814.142029      1101.5457763672
814.449219      1141.0527343750
814.756409      1178.2357177734
815.063538      1129.4329833984
815.370605      1069.0106201172
815.677612      1022.5319213867
815.984619      1106.1936035156
816.291504      1064.3627929688
816.598389      1073.6585693359
816.905273      1150.3483886719
817.212036      1143.3765869141
817.518738      1152.6723632813
817.825439      1161.9681396484
818.132080      1108.5175781250
818.438721      1103.8697509766
818.745239      1122.4611816406
819.051758      1103.8697509766
819.358215      1099.2218017578
819.664612      1094.5739746094
819.971008      1175.9117431641
820.277344      1182.8835449219
820.583557      1129.4329833984
820.889771      1094.5739746094
821.195923      1069.0106201172
821.502075      1080.6303710938
821.808167      1052.7431640625
822.114197      1115.4893798828
822.420166      1129.4329833984
822.726074      1075.9824218750
823.031921      1138.7287597656
823.337769      1041.1234130859
823.643677      1094.5739746094
823.949402      1055.0670166016
824.255066      1171.2639160156
824.560730      1092.2500000000
824.866272      1092.2500000000
825.171936      1085.2781982422
825.477356      1141.0527343750
825.782837      1073.6585693359
826.088257      1120.1372070313
826.393616      1085.2781982422
826.698914      1134.0809326172
827.004272      1131.7569580078
827.309448      1038.7994384766
827.614624      1055.0670166016
827.919739      1015.5601196289
828.224854      1138.7287597656
828.529907      1113.1654052734
828.834839      1206.1229248047
829.139832      1092.2500000000
829.444702      1092.2500000000
829.749512      1124.7851562500
830.054260      1185.2075195313
830.359131      1185.2075195313
830.663818      1166.6159667969
830.968506      1124.7851562500
831.273071      1134.0809326172
831.577576      1110.8415527344
831.882080      1164.2919921875
832.186646      1066.6867675781
832.491028      1152.6723632813
832.795410      1099.2218017578
833.099731      1113.1654052734
833.403931      1094.5739746094
833.708191      1161.9681396484
834.012390      1078.3063964844
834.316467      1138.7287597656
834.620605      1073.6585693359
834.924622      1171.2639160156
835.228577      1066.6867675781
835.532593      1099.2218017578
835.836426      1059.7149658203
836.140320      1157.3201904297
836.444031      1048.0952148438
836.747803      1087.6021728516
837.051514      1131.7569580078
837.355225      1157.3201904297
837.658752      1154.9963378906
837.962341      1189.8553466797
838.265808      1052.7431640625
838.569336      1085.2781982422
838.872742      1145.7005615234
839.176147      1078.3063964844
839.479370      1138.7287597656
839.782715      1127.1090087891
840.085876      1078.3063964844
840.389038      1106.1936035156
840.692261      1013.2362060547
840.995300      1099.2218017578
841.298340      1148.0245361328
841.601257      1143.3765869141
841.904236      1134.0809326172
842.207153      1024.8558349609
842.509949      1092.2500000000
842.812805      1080.6303710938
843.115540      1122.4611816406
843.418152      1099.2218017578
843.720825      1138.7287597656
844.023438      1110.8415527344
844.325989      1057.3909912109
844.628540      1143.3765869141
844.930969      1168.9399414063
845.233337      1148.0245361328
845.535767      1080.6303710938
845.838013      1094.5739746094
846.140259      1073.6585693359
846.442505      1110.8415527344
846.744690      1094.5739746094
847.046753      1141.0527343750
847.348877      1106.1936035156
847.650879      1059.7149658203
847.952881      1180.5595703125
848.254761      1108.5175781250
848.556641      1122.4611816406
848.858459      1101.5457763672
849.160278      1141.0527343750
849.462036      1161.9681396484
849.763733      1029.5037841797
850.065308      1101.5457763672
850.366882      1113.1654052734
850.668518      1059.7149658203
850.969971      1122.4611816406
851.271423      1161.9681396484
851.572815      1092.2500000000
851.874084      1087.6021728516
852.175476      1108.5175781250
852.476685      1106.1936035156
852.777893      1106.1936035156
853.079041      1069.0106201172
853.380127      1157.3201904297
853.681213      1094.5739746094
853.982239      1122.4611816406
854.283203      1092.2500000000
854.584106      1113.1654052734
854.885010      1031.8276367188
855.185791      1101.5457763672
855.486572      1148.0245361328
855.787292      1108.5175781250
856.088013      1129.4329833984
856.388611      1110.8415527344
856.689148      1059.7149658203
856.989685      1122.4611816406
857.290161      1085.2781982422
857.590637      1110.8415527344
857.890991      1124.7851562500
858.191284      1092.2500000000
858.491577      1108.5175781250
858.791809      1106.1936035156
859.092041      1082.9542236328
859.392212      1122.4611816406
859.692261      1115.4893798828
859.992310      1150.3483886719
860.292297      1099.2218017578
860.592224      1108.5175781250
860.892151      1143.3765869141
861.191956      1159.6441650391
861.491760      1122.4611816406
861.791565      1136.4047851563
862.091248      1124.7851562500
862.390930      1041.1234130859
862.690552      1152.6723632813
862.990051      1129.4329833984
863.289551      1131.7569580078
863.589050      1096.8979492188
863.888428      1113.1654052734
864.187805      1113.1654052734
864.487122      1096.8979492188
864.786377      1122.4611816406
865.085632      1141.0527343750
865.384705      1055.0670166016
865.683838      1045.7712402344
865.982971      1064.3627929688
866.281982      1096.8979492188
866.580933      1103.8697509766
866.879883      1082.9542236328
867.178711      1066.6867675781
867.477600      1122.4611816406
867.776367      1141.0527343750
868.075134      1136.4047851563
868.373718      1059.7149658203
868.672424      1145.7005615234
868.970947      1159.6441650391
869.269531      1154.9963378906
869.568054      1115.4893798828
869.866455      1134.0809326172
870.164856      1127.1090087891
870.463196      1134.0809326172
870.761536      1075.9824218750
871.059753      1106.1936035156
871.357971      1159.6441650391
871.656067      1069.0106201172
871.954102      1106.1936035156
872.252197      1157.3201904297
872.550232      1129.4329833984
872.848206      1110.8415527344
873.146057      1120.1372070313
873.443848      1122.4611816406
873.741638      1094.5739746094
874.039429      1120.1372070313
874.337158      1115.4893798828
874.634827      1141.0527343750
874.932373      1120.1372070313
875.229980      1122.4611816406
875.527466      1096.8979492188
875.825012      1134.0809326172
876.122375      1096.8979492188
876.419739      1108.5175781250
876.717041      1154.9963378906
877.014282      1038.7994384766
877.311462      1096.8979492188
877.608704      1154.9963378906
877.905762      1131.7569580078
878.202881      1064.3627929688
878.499817      1071.3345947266
878.796814      1136.4047851563
879.093811      1085.2781982422
879.390625      1166.6159667969
879.687439      1124.7851562500
879.984253      1120.1372070313
880.280884      1145.7005615234
880.577637      1110.8415527344
880.874268      1075.9824218750
881.170837      1113.1654052734
881.467346      1096.8979492188
881.763855      1157.3201904297
882.060242      1154.9963378906
882.356567      1115.4893798828
882.652954      1136.4047851563
882.949280      1161.9681396484
883.245483      1096.8979492188
883.541626      1157.3201904297
883.837830      1124.7851562500
884.133911      1103.8697509766
884.429932      1145.7005615234
884.725952      1101.5457763672
885.021851      1085.2781982422
885.317688      1092.2500000000
885.613525      1089.9261474609
885.909363      1108.5175781250
886.205078      1143.3765869141
