0.092000
191.033081         0.0000000000
191.409973         0.0000000000
191.786819      1080.6303710938
192.163651      1143.3765869141
192.540451      1134.0809326172
192.917221      1031.8276367188
193.293961      1240.9819335938
193.670670      1150.3483886719
194.047348      1145.7005615234
194.423981      1236.3341064453
194.800613      1143.3765869141
195.177200      1187.5313720703
195.553757      1141.0527343750
195.930283      1201.4749755859
196.306778      1129.4329833984
196.683258      1129.4329833984
197.059677      1238.6579589844
197.436081      1178.2357177734
197.812454      1196.8271484375
198.188812      1136.4047851563
198.565125      1145.7005615234
198.941406      1166.6159667969
199.317673      1157.3201904297
199.693893      1210.7707519531
200.070099      1136.4047851563
200.446259      1134.0809326172
200.822388      1145.7005615234
201.198486      1229.3623046875
201.574570      1066.6867675781
201.950607      1089.9261474609
202.326614      1094.5739746094
202.702606      1124.7851562500
203.078568      1122.4611816406
203.454483      1071.3345947266
203.830383      1062.0388183594
204.206253      1122.4611816406
204.582077      1122.4611816406
204.957870      1131.7569580078
205.333633      1127.1090087891
205.709396      1101.5457763672
206.085098      1131.7569580078
206.460785      1120.1372070313
206.836426      1134.0809326172
207.212051      1062.0388183594
207.587646      1108.5175781250
207.963196      1134.0809326172
208.338730      1131.7569580078
208.714218      1106.1936035156
209.089691      1055.0670166016
209.465134      1143.3765869141
209.840530      1089.9261474609
210.215897      1168.9399414063
210.591263      1089.9261474609
210.966583      1122.4611816406
211.341858      1117.8133544922
211.717102      1164.2919921875
212.092331      1117.8133544922
212.467529      1103.8697509766
212.842697      1117.8133544922
213.217819      1110.8415527344
213.592926      1145.7005615234
213.968002      1120.1372070313
214.343018      1148.0245361328
214.718033      1075.9824218750
215.093018      1085.2781982422
215.467972      1203.7989501953
215.842880      1071.3345947266
216.217773      1101.5457763672
216.592636      1159.6441650391
216.967453      1064.3627929688
217.342255      1087.6021728516
217.717026      1092.2500000000
218.091766      1089.9261474609
218.466446      1073.6585693359
218.841125      1115.4893798828
219.215759      1059.7149658203
219.590378      1106.1936035156
219.964966      1092.2500000000
220.339508      1103.8697509766
220.714020      1122.4611816406
221.088516      1131.7569580078
221.462967      1101.5457763672
221.837402      1092.2500000000
222.211792      1168.9399414063
222.586166      1110.8415527344
222.960510      1103.8697509766
223.334793      1127.1090087891
223.709061      1194.5031738281
224.083313      1092.2500000000
224.457520      1127.1090087891
224.831696      1194.5031738281
225.205856      1078.3063964844
225.579987      1178.2357177734
225.954056      1129.4329833984
226.328110      1159.6441650391
226.702148      1045.7712402344
227.076126      1099.2218017578
227.450104      1127.1090087891
227.824036      1141.0527343750
228.197937      1187.5313720703
228.571823      1108.5175781250
228.945648      1075.9824218750
229.319473      1120.1372070313
229.693237      1099.2218017578
230.066986      1108.5175781250
230.440704      1138.7287597656
230.814392      1134.0809326172
231.188034      1110.8415527344
231.561661      1106.1936035156
231.935257      1110.8415527344
232.308823      1099.2218017578
232.682343      1099.2218017578
233.055847      1110.8415527344
233.429321      1134.0809326172
233.802750      1206.1229248047
234.176147      1141.0527343750
234.549530      1217.7425537109
234.922882      1115.4893798828
235.296188      1106.1936035156
235.669464      1138.7287597656
236.042725      1154.9963378906
236.415924      1085.2781982422
236.789139      1134.0809326172
237.162292      1120.1372070313
237.535416      1092.2500000000
237.908508      1171.2639160156
238.281570      1117.8133544922
238.654617      1136.4047851563
239.027618      1143.3765869141
239.400574      1094.5739746094
239.773514      1106.1936035156
240.146423      1110.8415527344
240.519302      1108.5175781250
240.892136      1134.0809326172
241.264969      1201.4749755859
241.637726      1194.5031738281
242.010498      1164.2919921875
242.383209      1108.5175781250
242.755905      1148.0245361328
243.128555      1143.3765869141
243.501190      1134.0809326172
243.873779      1087.6021728516
244.246353      1099.2218017578
244.618866      1089.9261474609
244.991379      1064.3627929688
245.363861      1154.9963378906
245.736282      1168.9399414063
246.108688      1101.5457763672
246.481079      1066.6867675781
246.853409      1127.1090087891
247.225723      1194.5031738281
247.598007      1029.5037841797
247.970261      1166.6159667969
248.342468      1157.3201904297
248.714645      1159.6441650391
249.086823      1069.0106201172
249.458954      1117.8133544922
249.831024      1108.5175781250
250.203094      1131.7569580078
250.575134      1080.6303710938
250.947113      1134.0809326172
251.319092      1145.7005615234
251.691025      1115.4893798828
252.062912      1057.3909912109
252.434784      1110.8415527344
252.806641      1089.9261474609
253.178452      1157.3201904297
253.550232      1143.3765869141
253.921967      1089.9261474609
254.293686      1089.9261474609
254.665359      1073.6585693359
255.037003      1113.1654052734
255.408630      1113.1654052734
255.780228      1122.4611816406
256.151764      1120.1372070313
256.523285      1134.0809326172
256.894806      1117.8133544922
257.266235      1159.6441650391
257.637695      1143.3765869141
258.009064      1115.4893798828
258.380432      1131.7569580078
258.751770      1136.4047851563
259.123077      1224.7143554688
259.494385      1117.8133544922
259.865601      1059.7149658203
260.236816      1103.8697509766
260.607941      1117.8133544922
260.979126      1180.5595703125
261.350220      1143.3765869141
261.721344      1108.5175781250
262.092346      1101.5457763672
262.463379      1064.3627929688
262.834351      1185.2075195313
263.205292      1166.6159667969
263.576233      1141.0527343750
263.947144      1154.9963378906
264.317993      1161.9681396484
264.688812      1117.8133544922
265.059631      1124.7851562500
265.430359      1136.4047851563
265.801117      1103.8697509766
266.171783      1171.2639160156
266.542450      1066.6867675781
266.913086      1201.4749755859
267.283691      1171.2639160156
267.654266      1113.1654052734
268.024811      1062.0388183594
268.395325      1145.7005615234
268.765778      1096.8979492188
269.136230      1117.8133544922
269.506653      1089.9261474609
269.877045      1078.3063964844
270.247375      1103.8697509766
270.617676      1108.5175781250
270.987946      1113.1654052734
271.358246      1159.6441650391
271.728424      1099.2218017578
272.098633      1124.7851562500
272.468781      1152.6723632813
272.838867      1113.1654052734
273.209015      1161.9681396484
273.579041      1110.8415527344
273.949066      1122.4611816406
274.319061      1166.6159667969
274.689056      1094.5739746094
275.058960      1143.3765869141
275.428864      1136.4047851563
275.798737      1103.8697509766
276.168579      1143.3765869141
276.538361      1110.8415527344
276.908142      1122.4611816406
277.277832      1175.9117431641
277.647583      1148.0245361328
278.017242      1087.6021728516
278.386902      1101.5457763672
278.756500      1136.4047851563
279.126038      1166.6159667969
279.495636      1122.4611816406
279.865143      1122.4611816406
280.234619      1152.6723632813
280.604065      1087.6021728516
280.973450      1106.1936035156
281.342834      1108.5175781250
281.712189      1113.1654052734
282.081512      1043.4473876953
282.450836      1145.7005615234
282.820038      1157.3201904297
283.189270      1129.4329833984
283.558502      1117.8133544922
283.927612      1159.6441650391
284.296722      1108.5175781250
284.665863      1117.8133544922
285.034912      1055.0670166016
285.403931      1064.3627929688
285.772919      1138.7287597656
286.141876      1117.8133544922
286.510834      1052.7431640625
286.879730      1087.6021728516
287.248596      1115.4893798828
287.617401      1115.4893798828
287.986206      1115.4893798828
288.354950      1148.0245361328
288.723724      1108.5175781250
289.092407      1108.5175781250
289.461060      1236.3341064453
289.829742      1096.8979492188
290.198334      1141.0527343750
290.566925      1138.7287597656
290.935455      1143.3765869141
291.303925      1115.4893798828
291.672394      1136.4047851563
292.040894      1110.8415527344
292.409271      1129.4329833984
292.777679      1206.1229248047
293.145996      1134.0809326172
293.514313      1052.7431640625
293.882599      1138.7287597656
294.250824      1138.7287597656
294.619049      1154.9963378906
294.987244      1129.4329833984
295.355377      1127.1090087891
295.723480      1134.0809326172
296.091614      1082.9542236328
296.459625      1136.4047851563
296.827667      1075.9824218750
297.195648      1154.9963378906
297.563599      1127.1090087891
297.931488      1045.7712402344
298.299408      1154.9963378906
298.667267      1120.1372070313
299.035095      1141.0527343750
299.402893      1159.6441650391
299.770599      1143.3765869141
300.138367      1131.7569580078
300.506042      1154.9963378906
300.873718      1120.1372070313
301.241333      1189.8553466797
301.608917      1124.7851562500
301.976471      1078.3063964844
302.344025      1127.1090087891
302.711487      1124.7851562500
303.078979      1087.6021728516
303.446411      1122.4611816406
303.813782      1124.7851562500
304.181183      1115.4893798828
304.548492      1148.0245361328
304.915771      1143.3765869141
305.283051      1117.8133544922
305.650299      1189.8553466797
306.017456      1129.4329833984
306.384644      1175.9117431641
306.751770      1152.6723632813
307.118896      1157.3201904297
307.485962      1141.0527343750
307.852966      1182.8835449219
308.219971      1152.6723632813
308.586945      1085.2781982422
308.953888      1085.2781982422
309.320801      1101.5457763672
309.687653      1150.3483886719
310.054504      1110.8415527344
310.421326      1129.4329833984
310.788086      1110.8415527344
311.154846      1066.6867675781
311.521515      1101.5457763672
311.888184      1134.0809326172
312.254822      1101.5457763672
312.621429      1138.7287597656
312.988007      1106.1936035156
313.354553      1145.7005615234
313.721039      1143.3765869141
314.087494      1122.4611816406
314.453949      1175.9117431641
314.820343      1120.1372070313
315.186737      1136.4047851563
315.553101      1096.8979492188
315.919373      1166.6159667969
316.285645      1120.1372070313
316.651886      1129.4329833984
317.018066      1117.8133544922
317.384308      1052.7431640625
317.750427      1071.3345947266
318.116516      1050.4191894531
318.482574      1089.9261474609
318.848633      1110.8415527344
319.214661      1103.8697509766
319.580627      1185.2075195313
319.946564      1110.8415527344
320.312439      1089.9261474609
320.678314      1101.5457763672
321.044159      1062.0388183594
321.410004      1127.1090087891
321.775757      1154.9963378906
322.141510      1194.5031738281
322.507202      1080.6303710938
322.872894      1078.3063964844
323.238525      1247.9537353516
323.604156      1041.1234130859
323.969696      1085.2781982422
324.335266      1131.7569580078
324.700745      1234.0101318359
325.066223      1148.0245361328
325.431702      1173.5877685547
325.797089      1192.1793212891
326.162445      1075.9824218750
326.527802      1120.1372070313
326.893097      1092.2500000000
327.258362      1055.0670166016
327.623657      1136.4047851563
327.988861      1122.4611816406
328.353973      1127.1090087891
328.719116      1062.0388183594
329.084259      1127.1090087891
329.449341      1138.7287597656
329.814392      1127.1090087891
330.179352      1189.8553466797
330.544312      1124.7851562500
330.909241      1164.2919921875
331.274170      1110.8415527344
331.639069      1115.4893798828
332.003906      1131.7569580078
332.368713      1175.9117431641
332.733459      1148.0245361328
333.098206      1075.9824218750
333.462921      1106.1936035156
333.827606      1048.0952148438
334.192230      1038.7994384766
334.556824      1113.1654052734
334.921356      1113.1654052734
335.285919      1138.7287597656
335.650452      1159.6441650391
336.014893      1199.1511230469
336.379333      1145.7005615234
336.743744      1136.4047851563
337.108124      1166.6159667969
337.472443      1106.1936035156
337.836731      1087.6021728516
338.201019      1127.1090087891
338.565247      1141.0527343750
338.929413      1152.6723632813
339.293579      1159.6441650391
339.657776      1108.5175781250
340.021851      1178.2357177734
340.385895      1150.3483886719
340.749908      1159.6441650391
341.113922      1136.4047851563
341.477875      1141.0527343750
341.841827      1203.7989501953
342.205688      1092.2500000000
342.569580      1071.3345947266
342.933380      1103.8697509766
343.297211      1141.0527343750
343.660950      1066.6867675781
344.024658      1141.0527343750
344.388367      1150.3483886719
344.752014      1159.6441650391
345.115601      1108.5175781250
345.479218      1134.0809326172
345.842804      1048.0952148438
346.206299      1131.7569580078
346.569763      1138.7287597656
346.933228      1092.2500000000
347.296661      1178.2357177734
347.660034      1122.4611816406
348.023407      1115.4893798828
348.386719      1099.2218017578
348.750000      1150.3483886719
349.113220      1082.9542236328
349.476471      1122.4611816406
349.839661      1122.4611816406
350.202820      1131.7569580078
350.565887      1164.2919921875
350.928955      1117.8133544922
351.292023      1145.7005615234
351.655029      1080.6303710938
352.018036      1115.4893798828
352.380981      1115.4893798828
352.743866      1045.7712402344
353.106720      1161.9681396484
353.469574      1150.3483886719
353.832397      1166.6159667969
354.195160      1110.8415527344
354.557892      1143.3765869141
354.920593      1055.0670166016
355.283234      1103.8697509766
355.645905      1168.9399414063
356.008514      1069.0106201172
356.371094      1103.8697509766
356.733612      1131.7569580078
357.096100      1159.6441650391
357.458588      1106.1936035156
357.820984      1134.0809326172
358.183411      1073.6585693359
358.545746      1117.8133544922
358.908081      1145.7005615234
359.270355      1217.7425537109
359.632629      1073.6585693359
359.994873      1166.6159667969
360.357056      1101.5457763672
360.719208      1150.3483886719
361.081329      1134.0809326172
361.443420      1203.7989501953
361.805481      1089.9261474609
362.167511      1164.2919921875
362.529480      1124.7851562500
362.891418      1064.3627929688
363.253326      1154.9963378906
363.615234      1154.9963378906
363.977081      1099.2218017578
364.338867      1136.4047851563
364.700653      1101.5457763672
365.062378      1050.4191894531
365.424103      1166.6159667969
365.785767      1089.9261474609
366.147430      1096.8979492188
366.509033      1141.0527343750
366.870605      1141.0527343750
367.232117      1078.3063964844
367.593628      1078.3063964844
367.955109      1101.5457763672
368.316559      1108.5175781250
368.677917      1166.6159667969
369.039307      1164.2919921875
369.400635      1148.0245361328
369.761902      1110.8415527344
370.123199      1062.0388183594
370.484436      1152.6723632813
370.845581      1159.6441650391
371.206726      1015.5601196289
371.567871      1145.7005615234
371.928955      1164.2919921875
372.290039      1159.6441650391
372.651062      1124.7851562500
373.011993      1113.1654052734
373.372955      1194.5031738281
373.733887      1087.6021728516
374.094788      1115.4893798828
374.455627      1148.0245361328
374.816406      1078.3063964844
375.177185      1201.4749755859
375.537903      1141.0527343750
375.898651      1066.6867675781
376.259338      1192.1793212891
376.619965      1071.3345947266
376.980530      1166.6159667969
377.341095      1152.6723632813
377.701660      1082.9542236328
378.062134      1057.3909912109
378.422607      1117.8133544922
378.783020      1129.4329833984
379.143402      1159.6441650391
379.503784      1145.7005615234
379.864105      1113.1654052734
380.224396      1150.3483886719
380.584656      1159.6441650391
380.944855      1113.1654052734
381.305054      1059.7149658203
381.665192      1136.4047851563
382.025299      1080.6303710938
382.385406      1150.3483886719
382.745453      1134.0809326172
383.105438      1066.6867675781
383.465424      1187.5313720703
383.825348      1117.8133544922
384.185272      1115.4893798828
384.545135      1131.7569580078
384.904968      1148.0245361328
385.264771      1101.5457763672
385.624512      1120.1372070313
385.984253      1152.6723632813
386.343964      1157.3201904297
386.703613      1143.3765869141
387.063232      1131.7569580078
387.422821      1182.8835449219
387.782379      1199.1511230469
388.141907      1069.0106201172
388.501404      1152.6723632813
388.860840      1110.8415527344
389.220215      1136.4047851563
389.579620      1171.2639160156
389.938995      1120.1372070313
390.298279      1103.8697509766
390.657562      1110.8415527344
391.016785      1115.4893798828
391.376007      1092.2500000000
391.735168      1059.7149658203
392.094299      1110.8415527344
392.453430      1131.7569580078
392.812469      1168.9399414063
393.171478      1103.8697509766
393.530457      1073.6585693359
393.889435      1069.0106201172
394.248383      1152.6723632813
394.607269      1150.3483886719
394.966125      1143.3765869141
395.324921      1117.8133544922
395.683655      1127.1090087891
396.042419      1152.6723632813
396.401154      1166.6159667969
396.759827      1092.2500000000
397.118469      1141.0527343750
397.477051      1117.8133544922
397.835632      1141.0527343750
398.194153      1103.8697509766
398.552673      1066.6867675781
398.911163      1096.8979492188
399.269592      1082.9542236328
399.627960      1085.2781982422
399.986328      1085.2781982422
400.344666      1108.5175781250
400.702942      1113.1654052734
401.061188      1110.8415527344
401.419403      1136.4047851563
401.777588      1103.8697509766
402.135712      1071.3345947266
402.493835      1115.4893798828
402.851929      1045.7712402344
403.209961      1096.8979492188
403.567932      1154.9963378906
403.925903      1103.8697509766
404.283905      1113.1654052734
404.641754      1201.4749755859
404.999634      1110.8415527344
405.357452      1087.6021728516
405.715210      1157.3201904297
406.072998      1180.5595703125
406.430725      1075.9824218750
406.788422      1129.4329833984
407.146027      1078.3063964844
407.503662      1115.4893798828
407.861237      1150.3483886719
408.218781      1138.7287597656
408.576294      1048.0952148438
408.933777      1127.1090087891
409.291168      1120.1372070313
409.648590      1092.2500000000
410.005951      1152.6723632813
410.363312      1082.9542236328
410.720612      1062.0388183594
411.077820      1124.7851562500
411.435059      1194.5031738281
411.792267      1092.2500000000
412.149384      1136.4047851563
412.506531      1187.5313720703
412.863586      1143.3765869141
413.220642      1110.8415527344
413.577606      1131.7569580078
413.934601      1115.4893798828
414.291565      1138.7287597656
414.648468      1150.3483886719
415.005310      1115.4893798828
415.362122      1136.4047851563
415.718903      1157.3201904297
416.075684      1108.5175781250
416.432434      1129.4329833984
416.789093      1062.0388183594
417.145752      1175.9117431641
417.502350      1148.0245361328
417.858948      1173.5877685547
418.215485      1113.1654052734
418.571991      1166.6159667969
418.928467      1110.8415527344
419.284882      1073.6585693359
419.641266      1101.5457763672
419.997650      1101.5457763672
420.354004      1106.1936035156
420.710266      1092.2500000000
421.066528      1094.5739746094
421.422760      1159.6441650391
421.778931      1143.3765869141
422.135071      1138.7287597656
422.491211      1168.9399414063
422.847260      1096.8979492188
423.203308      1210.7707519531
423.559296      1136.4047851563
423.915283      1078.3063964844
424.271210      1194.5031738281
424.627136      1071.3345947266
424.982971      1106.1936035156
425.338776      1050.4191894531
425.694611      1124.7851562500
426.050323      1159.6441650391
426.406036      1038.7994384766
426.761749      1113.1654052734
427.117371      1089.9261474609
427.472961      1082.9542236328
427.828552      1101.5457763672
428.184113      1136.4047851563
428.539581      1136.4047851563
428.895050      1099.2218017578
429.250458      1175.9117431641
429.605865      1131.7569580078
429.961212      1082.9542236328
430.316559      1092.2500000000
430.671814      1148.0245361328
431.027069      1138.7287597656
431.382263      1192.1793212891
431.737457      1164.2919921875
432.092590      1110.8415527344
432.447723      1154.9963378906
432.802734      1175.9117431641
433.157776      1115.4893798828
433.512756      1106.1936035156
433.867706      1087.6021728516
434.222656      1096.8979492188
434.577545      1148.0245361328
434.932373      1129.4329833984
435.287201      1048.0952148438
435.641968      1175.9117431641
435.996704      1110.8415527344
436.351410      1106.1936035156
436.706085      1131.7569580078
437.060699      1055.0670166016
437.415283      1150.3483886719
437.769867      1131.7569580078
438.124420      1073.6585693359
438.478882      1148.0245361328
438.833313      1078.3063964844
439.187714      1103.8697509766
439.542084      1115.4893798828
439.896454      1157.3201904297
440.250732      1117.8133544922
440.605011      1099.2218017578
440.959229      1103.8697509766
441.313416      1131.7569580078
441.667572      1145.7005615234
442.021698      1129.4329833984
442.375793      1131.7569580078
442.729858      1168.9399414063
443.083832      1092.2500000000
443.437836      1113.1654052734
443.791748      1154.9963378906
444.145630      1113.1654052734
444.499542      1043.4473876953
444.853363      1159.6441650391
445.207123      1087.6021728516
445.560883      1064.3627929688
445.914612      1187.5313720703
446.268280      1057.3909912109
446.621918      1161.9681396484
446.975555      1099.2218017578
447.329132      1101.5457763672
447.682678      1045.7712402344
448.036133      1071.3345947266
448.389618      1129.4329833984
448.743042      1099.2218017578
449.096405      1213.0947265625
449.449799      1096.8979492188
449.803101      1145.7005615234
450.156372      1215.4187011719
450.509613      1134.0809326172
450.862823      1120.1372070313
451.216003      1122.4611816406
451.569122      1117.8133544922
451.922211      1124.7851562500
452.275269      1161.9681396484
452.628296      1115.4893798828
452.981293      1166.6159667969
453.334229      1159.6441650391
453.687134      1129.4329833984
454.040009      1082.9542236328
454.392853      1115.4893798828
454.745636      1108.5175781250
455.098419      1187.5313720703
455.451172      1020.2080078125
455.803864      1089.9261474609
456.156464      1134.0809326172
456.509125      1110.8415527344
456.861694      1120.1372070313
457.214264      1141.0527343750
457.566742      1157.3201904297
457.919220      1131.7569580078
458.271667      1117.8133544922
458.624023      1152.6723632813
458.976379      1106.1936035156
459.328705      1124.7851562500
459.681000      1122.4611816406
460.033234      1131.7569580078
460.385468      1127.1090087891
460.737610      1159.6441650391
461.089752      1131.7569580078
461.441864      1154.9963378906
461.793945      1099.2218017578
462.145996      1087.6021728516
462.497955      1150.3483886719
462.849884      1110.8415527344
463.201813      1141.0527343750
463.553680      1192.1793212891
463.905518      1115.4893798828
464.257355      1180.5595703125
464.609100      1152.6723632813
464.960815      1166.6159667969
465.312531      1208.4467773438
465.664185      1075.9824218750
466.015778      1064.3627929688
466.367371      1106.1936035156
466.718903      1096.8979492188
467.070435      1110.8415527344
467.421906      1138.7287597656
467.773346      1145.7005615234
468.124725      1168.9399414063
468.476074      1115.4893798828
468.827393      1048.0952148438
469.178680      1073.6585693359
469.529938      1122.4611816406
469.881134      1073.6585693359
470.232330      1145.7005615234
470.583435      1096.8979492188
470.934540      1134.0809326172
471.285614      1108.5175781250
471.636627      1110.8415527344
471.987610      1082.9542236328
472.338562      1129.4329833984
472.689453      1187.5313720703
473.040375      1150.3483886719
473.391205      1141.0527343750
473.741974      1092.2500000000
474.092773      1138.7287597656
474.443481      1062.0388183594
474.794159      1178.2357177734
475.144806      1122.4611816406
475.495422      1168.9399414063
475.846039      1161.9681396484
476.196533      1148.0245361328
476.547028      1117.8133544922
476.897522      1115.4893798828
477.247925      1036.4755859375
477.598328      1120.1372070313
477.948700      1057.3909912109
478.299011      1085.2781982422
478.649231      1099.2218017578
478.999481      1152.6723632813
479.349701      1096.8979492188
479.699829      1108.5175781250
480.049988      1020.2080078125
480.400055      1152.6723632813
480.750153      1166.6159667969
481.100128      1131.7569580078
481.450104      1171.2639160156
481.800049      1124.7851562500
482.149963      1157.3201904297
482.499786      1066.6867675781
482.849670      1168.9399414063
483.199432      1045.7712402344
483.549194      1092.2500000000
483.898926      1129.4329833984
484.248566      1120.1372070313
484.598206      1078.3063964844
484.947815      1069.0106201172
485.297394      1089.9261474609
485.646912      1099.2218017578
485.996399      1073.6585693359
486.345825      1134.0809326172
486.695282      1154.9963378906
487.044617      1157.3201904297
487.393951      1159.6441650391
487.743286      1110.8415527344
488.092529      1124.7851562500
488.441711      1143.3765869141
488.790955      1145.7005615234
489.140076      1129.4329833984
489.489197      1087.6021728516
489.838257      1062.0388183594
490.187286      1085.2781982422
490.536316      1143.3765869141
490.885254      1115.4893798828
491.234161      1166.6159667969
491.583069      1159.6441650391
491.931915      1038.7994384766
492.280731      1157.3201904297
492.629486      1138.7287597656
492.978210      1138.7287597656
493.326874      1094.5739746094
493.675568      1154.9963378906
494.024200      1138.7287597656
494.372742      1110.8415527344
494.721313      1103.8697509766
495.069824      1110.8415527344
495.418274      1055.0670166016
495.766724      1096.8979492188
496.115112      1117.8133544922
496.463470      1182.8835449219
496.811768      1041.1234130859
497.160034      1115.4893798828
497.508301      1173.5877685547
497.856506      1124.7851562500
498.204651      1092.2500000000
498.552765      1045.7712402344
498.900848      1094.5739746094
499.248901      1129.4329833984
499.596924      1117.8133544922
499.944885      1115.4893798828
500.292816      1099.2218017578
500.640778      1041.1234130859
500.988556      1094.5739746094
501.336426      1182.8835449219
501.684204      1141.0527343750
502.031952      1124.7851562500
502.379700      1192.1793212891
502.727295      1210.7707519531
503.074982      1171.2639160156
503.422546      1062.0388183594
503.770081      1175.9117431641
504.117615      1089.9261474609
504.465088      1094.5739746094
504.812561      1082.9542236328
505.159943      1178.2357177734
505.507294      1094.5739746094
505.854645      1192.1793212891
506.201904      1089.9261474609
506.549194      1122.4611816406
506.896332      1106.1936035156
507.243591      1136.4047851563
507.590698      1078.3063964844
507.937775      1113.1654052734
508.284912      1206.1229248047
508.631836      1122.4611816406
508.978851      1122.4611816406
509.325806      1134.0809326172
509.672699      1134.0809326172
510.019592      1157.3201904297
510.366364      1117.8133544922
510.713196      1117.8133544922
511.059937      1152.6723632813
511.406677      1115.4893798828
511.753326      1120.1372070313
512.099976      1166.6159667969
512.446594      1124.7851562500
512.793091      1103.8697509766
513.139648      1166.6159667969
513.486145      1145.7005615234
513.832520      1059.7149658203
514.179016      1180.5595703125
514.525269      1096.8979492188
514.871704      1087.6021728516
515.217957      1078.3063964844
515.564209      1113.1654052734
515.910522      1150.3483886719
516.256531      1113.1654052734
516.602783      1071.3345947266
516.948853      1141.0527343750
517.294922      1208.4467773438
517.640930      1122.4611816406
517.986877      1082.9542236328
518.332886      1127.1090087891
518.678711      1154.9963378906
519.024658      1129.4329833984
519.370422      1115.4893798828
519.716248      1050.4191894531
520.062073      1103.8697509766
520.407715      1124.7851562500
520.753418      1062.0388183594
521.099060      1064.3627929688
521.444580      1161.9681396484
521.790222      1157.3201904297
522.135681      1143.3765869141
522.481201      1108.5175781250
522.826660      1145.7005615234
523.172058      1071.3345947266
523.517395      1085.2781982422
523.862671      1082.9542236328
524.208069      1113.1654052734
524.553284      1120.1372070313
524.898438      1164.2919921875
525.243591      1141.0527343750
525.588745      1131.7569580078
525.933899      1094.5739746094
526.278931      1087.6021728516
526.623962      1096.8979492188
526.968872      1115.4893798828
527.313904      1106.1936035156
527.658813      1124.7851562500
528.003601      1106.1936035156
528.348450      1075.9824218750
528.693237      1159.6441650391
529.037964      1110.8415527344
529.382751      1080.6303710938
529.727356      1099.2218017578
530.072021      1094.5739746094
530.416626      1108.5175781250
530.761169      1168.9399414063
531.105652      1115.4893798828
531.450134      1129.4329833984
531.794617      1129.4329833984
532.138916      1066.6867675781
532.483337      1148.0245361328
532.827637      1150.3483886719
533.171936      1108.5175781250
533.516174      1136.4047851563
533.860352      1124.7851562500
534.204529      1124.7851562500
534.548645      1108.5175781250
534.892700      1096.8979492188
535.236816      1085.2781982422
535.580750      1131.7569580078
535.924744      1048.0952148438
536.268738      1210.7707519531
536.612549      1103.8697509766
536.956421      1078.3063964844
537.300232      1138.7287597656
537.644043      1145.7005615234
537.987671      1101.5457763672
538.331421      1164.2919921875
538.675049      1292.1085205078
539.018677      1129.4329833984
539.362305      1092.2500000000
539.705750      1101.5457763672
540.049316      1168.9399414063
540.392822      1185.2075195313
540.736145      1127.1090087891
541.079590      1080.6303710938
541.422913      1157.3201904297
541.766235      1180.5595703125
542.109436      1175.9117431641
542.452698      1129.4329833984
542.795898      1138.7287597656
543.138977      1113.1654052734
543.482178      1078.3063964844
543.825195      1124.7851562500
544.168213      1120.1372070313
544.511230      1131.7569580078
544.854187      1075.9824218750
545.197083      1071.3345947266
545.539917      1175.9117431641
545.882813      1178.2357177734
546.225586      1078.3063964844
546.568359      1136.4047851563
546.911133      1141.0527343750
547.253662      1131.7569580078
547.596436      1120.1372070313
547.938965      1020.2080078125
548.281494      1159.6441650391
548.624084      1078.3063964844
548.966492      1138.7287597656
549.308960      1124.7851562500
549.651367      1152.6723632813
549.993713      1136.4047851563
550.336060      1134.0809326172
550.678345      1094.5739746094
551.020630      1085.2781982422
551.362732      1082.9542236328
551.704956      1029.5037841797
552.047058      1143.3765869141
552.389160      1078.3063964844
552.731262      1106.1936035156
553.073181      1106.1936035156
553.415161      1189.8553466797
553.757080      1136.4047851563
554.098999      1134.0809326172
554.440857      1078.3063964844
554.782593      1103.8697509766
555.124390      1187.5313720703
555.466125      1078.3063964844
555.807800      1120.1372070313
556.149414      1064.3627929688
556.491089      1094.5739746094
556.832642      1129.4329833984
557.174133      1103.8697509766
557.515686      1141.0527343750
557.857117      1087.6021728516
558.198486      1182.8835449219
558.539917      1071.3345947266
558.881165      1189.8553466797
559.222534      1154.9963378906
559.563782      1117.8133544922
559.904968      1106.1936035156
560.246216      1206.1229248047
560.587280      1096.8979492188
560.928406      1082.9542236328
561.269470      1145.7005615234
561.610474      1187.5313720703
561.951477      1127.1090087891
562.292297      1055.0670166016
562.633301      1062.0388183594
562.974121      1143.3765869141
563.315002      1078.3063964844
563.655762      1164.2919921875
563.996460      1143.3765869141
564.337158      1099.2218017578
564.677795      1036.4755859375
565.018433      1113.1654052734
565.359009      1089.9261474609
565.699524      1175.9117431641
566.040100      1078.3063964844
566.380493      1115.4893798828
566.720947      1031.8276367188
567.061340      1143.3765869141
567.401611      1089.9261474609
567.742004      1110.8415527344
568.082153      1120.1372070313
568.422424      1141.0527343750
568.762634      1131.7569580078
569.102722      1062.0388183594
569.442810      1103.8697509766
569.782898      1159.6441650391
570.122986      1143.3765869141
570.462830      1134.0809326172
570.802856      1080.6303710938
571.142761      1161.9681396484
571.482605      1069.0106201172
571.822449      1127.1090087891
572.162170      1157.3201904297
572.501953      1141.0527343750
572.841675      1141.0527343750
573.181274      1124.7851562500
573.520996      1062.0388183594
573.860474      1106.1936035156
574.200073      1127.1090087891
574.539551      1078.3063964844
574.878967      1168.9399414063
575.218384      1131.7569580078
575.557739      1092.2500000000
575.897156      1103.8697509766
576.236450      1096.8979492188
576.575684      1180.5595703125
576.914856      1134.0809326172
577.254089      1115.4893798828
577.593262      1138.7287597656
577.932251      1064.3627929688
578.271362      1087.6021728516
578.610352      1110.8415527344
578.949341      1085.2781982422
579.288330      1164.2919921875
579.627197      1117.8133544922
579.966064      1094.5739746094
580.304871      1092.2500000000
580.643677      1108.5175781250
580.982483      1129.4329833984
581.321045      1092.2500000000
581.659790      1106.1936035156
581.998413      1071.3345947266
582.336914      1117.8133544922
582.675476      1094.5739746094
583.013916      1064.3627929688
583.352478      1108.5175781250
583.690796      1092.2500000000
584.029175      1115.4893798828
584.367493      1131.7569580078
584.705811      1178.2357177734
585.044128      1150.3483886719
585.382202      1138.7287597656
585.720459      1148.0245361328
586.058594      1080.6303710938
586.396667      1134.0809326172
586.734802      1099.2218017578
587.072693      1168.9399414063
587.410767      1113.1654052734
587.748657      1157.3201904297
588.086487      1108.5175781250
588.424316      1080.6303710938
588.762146      1110.8415527344
589.099976      1164.2919921875
589.437622      1113.1654052734
589.775391      1159.6441650391
590.113037      1150.3483886719
590.450623      1117.8133544922
590.788208      1048.0952148438
591.125671      1154.9963378906
591.463196      1082.9542236328
591.800659      1141.0527343750
592.138062      1113.1654052734
592.475464      1173.5877685547
592.812683      1048.0952148438
593.150024      1194.5031738281
593.487244      1122.4611816406
593.824402      1113.1654052734
594.161621      1124.7851562500
594.498657      1087.6021728516
594.835815      1134.0809326172
595.172852      1115.4893798828
595.509827      1115.4893798828
595.846741      1136.4047851563
596.183655      1124.7851562500
596.520630      1159.6441650391
596.857422      1115.4893798828
597.194214      1117.8133544922
597.530945      1134.0809326172
597.867615      1161.9681396484
598.204346      1129.4329833984
598.540955      1161.9681396484
598.877563      1108.5175781250
599.214111      1203.7989501953
599.550598      1189.8553466797
599.887085      1110.8415527344
600.223450      1092.2500000000
600.559937      1127.1090087891
600.896240      1113.1654052734
601.232544      1124.7851562500
601.568787      1048.0952148438
601.905029      1185.2075195313
602.241272      1141.0527343750
602.577271      1099.2218017578
602.913452      1127.1090087891
603.249512      1145.7005615234
603.585510      1182.8835449219
603.921509      1154.9963378906
604.257385      1150.3483886719
604.593323      1064.3627929688
604.929199      1092.2500000000
605.264954      1136.4047851563
605.600830      1082.9542236328
605.936462      1085.2781982422
606.272217      1094.5739746094
606.607849      1143.3765869141
606.943420      1066.6867675781
607.278992      1122.4611816406
607.614502      1168.9399414063
607.950012      1057.3909912109
608.285461      1092.2500000000
608.620850      1115.4893798828
608.956177      1103.8697509766
609.291504      1113.1654052734
609.626831      1045.7712402344
609.962036      1101.5457763672
610.297302      1106.1936035156
610.632446      1192.1793212891
610.967529      1134.0809326172
611.302673      1055.0670166016
611.637634      1103.8697509766
611.972656      1138.7287597656
612.307617      1199.1511230469
612.642517      1154.9963378906
612.977356      1189.8553466797
613.312195      1164.2919921875
613.646973      1110.8415527344
613.981750      1110.8415527344
614.316406      1127.1090087891
614.651062      1108.5175781250
614.985657      1115.4893798828
615.320313      1134.0809326172
615.654846      1115.4893798828
615.989319      1143.3765869141
616.323792      1127.1090087891
616.658203      1103.8697509766
616.992615      1117.8133544922
617.326904      1073.6585693359
617.661194      1141.0527343750
617.995483      1185.2075195313
618.329712      1048.0952148438
618.663940      1148.0245361328
618.997925      1127.1090087891
619.332092      1187.5313720703
619.666077      1150.3483886719
620.000061      1099.2218017578
620.334045      1122.4611816406
620.667969      1075.9824218750
621.001892      1087.6021728516
621.335632      1008.5883178711
621.669495      1101.5457763672
622.003296      1113.1654052734
622.336914      1103.8697509766
622.670654      1182.8835449219
623.004272      1143.3765869141
623.337891      1069.0106201172
623.671387      1078.3063964844
624.004883      1141.0527343750
624.338440      1115.4893798828
624.671753      1145.7005615234
625.005249      1131.7569580078
625.338562      1103.8697509766
625.671814      1092.2500000000
626.005066      1110.8415527344
626.338257      1141.0527343750
626.671509      1157.3201904297
627.004578      1117.8133544922
627.337708      1175.9117431641
627.670776      1089.9261474609
628.003723      1122.4611816406
628.336731      1131.7569580078
628.669556      1206.1229248047
629.002502      1166.6159667969
629.335327      1108.5175781250
629.668152      1138.7287597656
630.000916      1120.1372070313
630.333618      1062.0388183594
630.666321      1099.2218017578
630.998962      1145.7005615234
631.331482      1143.3765869141
631.664063      1127.1090087891
631.996521      1178.2357177734
632.329102      1082.9542236328
632.661499      1154.9963378906
632.993835      1031.8276367188
633.326172      1136.4047851563
633.658447      1131.7569580078
633.990784      1120.1372070313
634.322937      1073.6585693359
634.655212      1148.0245361328
634.987244      1113.1654052734
635.319397      1108.5175781250
635.651489      1194.5031738281
635.983398      1129.4329833984
636.315430      1166.6159667969
636.647278      1171.2639160156
636.979187      1166.6159667969
637.311035      1057.3909912109
637.642761      1159.6441650391
637.974609      1115.4893798828
638.306335      1134.0809326172
638.637939      1080.6303710938
638.969604      1101.5457763672
639.301147      1136.4047851563
639.632751      1108.5175781250
639.964233      1092.2500000000
640.295715      1148.0245361328
640.627075      1108.5175781250
640.958496      1136.4047851563
641.289917      1113.1654052734
641.621094      1117.8133544922
641.952393      1110.8415527344
642.283569      1168.9399414063
642.614746      1106.1936035156
642.945923      1157.3201904297
643.276917      1075.9824218750
643.608093      1045.7712402344
643.939026      1189.8553466797
644.269958      1148.0245361328
644.600891      1141.0527343750
644.931763      1124.7851562500
645.262634      1129.4329833984
645.593384      1113.1654052734
645.924133      1122.4611816406
646.254822      1103.8697509766
646.585510      1064.3627929688
646.916199      1141.0527343750
647.246704      1196.8271484375
647.577271      1106.1936035156
647.907715      1089.9261474609
648.238220      1134.0809326172
648.568665      1092.2500000000
648.898987      1094.5739746094
649.229309      1210.7707519531
649.559570      1117.8133544922
649.889832      1152.6723632813
650.220093      1106.1936035156
650.550171      1131.7569580078
650.880310      1085.2781982422
651.210388      1185.2075195313
651.540405      1094.5739746094
651.870422      1059.7149658203
652.200317      1108.5175781250
652.530273      1096.8979492188
652.860046      1154.9963378906
653.189941      1043.4473876953
653.519775      1027.1798095703
653.849426      1199.1511230469
654.179199      1108.5175781250
654.508789      1124.7851562500
654.838440      1096.8979492188
655.168030      1136.4047851563
655.497498      1085.2781982422
655.827026      1129.4329833984
656.156372      1073.6585693359
656.485840      1099.2218017578
656.815247      1122.4611816406
657.144470      1136.4047851563
657.473755      1120.1372070313
657.802979      1134.0809326172
658.132202      1136.4047851563
658.461243      1134.0809326172
658.790466      1150.3483886719
659.119507      1164.2919921875
659.448486      1229.3623046875
659.777527      1141.0527343750
660.106384      1178.2357177734
660.435242      1122.4611816406
660.764160      1099.2218017578
661.092896      1122.4611816406
661.421692      1096.8979492188
661.750427      1115.4893798828
662.079102      1161.9681396484
662.407715      1092.2500000000
662.736328      1141.0527343750
663.064880      1136.4047851563
663.393311      1148.0245361328
663.721802      1059.7149658203
664.050232      1069.0106201172
664.378601      1101.5457763672
664.706970      1085.2781982422
665.035217      1082.9542236328
665.363525      1094.5739746094
665.691650      1157.3201904297
666.019897      1092.2500000000
666.347961      1106.1936035156
666.676086      1164.2919921875
667.004150      1117.8133544922
667.332092      1108.5175781250
667.660095      1173.5877685547
667.987915      1075.9824218750
668.315796      1152.6723632813
668.643677      1108.5175781250
668.971436      1171.2639160156
669.299133      1085.2781982422
669.626892      1117.8133544922
669.954468      1136.4047851563
670.282104      1110.8415527344
670.609619      1180.5595703125
670.937256      1110.8415527344
671.264587      1145.7005615234
671.592163      1152.6723632813
671.919495      1143.3765869141
672.246887      1187.5313720703
672.574097      1148.0245361328
672.901489      1136.4047851563
673.228699      1173.5877685547
673.555847      1180.5595703125
673.882996      1145.7005615234
674.210022      1122.4611816406
674.537109      1134.0809326172
674.864136      1131.7569580078
675.191101      1148.0245361328
675.518005      1073.6585693359
675.844849      1127.1090087891
676.171692      1145.7005615234
676.498535      1064.3627929688
676.825256      1096.8979492188
677.151978      1099.2218017578
677.478577      1145.7005615234
677.805237      1168.9399414063
678.131836      1057.3909912109
678.458435      1124.7851562500
678.784851      1106.1936035156
679.111328      1166.6159667969
679.437744      1164.2919921875
679.764099      1106.1936035156
680.090454      1136.4047851563
680.416687      1171.2639160156
680.742920      1134.0809326172
681.069153      1080.6303710938
681.395203      1108.5175781250
681.721313      1096.8979492188
682.047485      1085.2781982422
682.373474      1094.5739746094
682.699402      1224.7143554688
683.025391      1136.4047851563
683.351196      1038.7994384766
683.677063      1127.1090087891
684.002930      1131.7569580078
684.328674      1069.0106201172
684.654358      1096.8979492188
684.980042      1178.2357177734
685.305603      1187.5313720703
685.631287      1106.1936035156
685.956787      1078.3063964844
686.282288      1115.4893798828
686.607788      1103.8697509766
686.933167      1085.2781982422
687.258545      1124.7851562500
687.583923      1182.8835449219
687.909180      1052.7431640625
688.234375      1136.4047851563
688.559631      1117.8133544922
688.884766      1106.1936035156
689.209839      1108.5175781250
689.534973      1099.2218017578
689.859924      1085.2781982422
690.184937      1173.5877685547
690.509827      1141.0527343750
690.834717      1064.3627929688
691.159668      1043.4473876953
691.484436      1182.8835449219
691.809204      1092.2500000000
692.133911      1136.4047851563
692.458557      1122.4611816406
692.783142      1134.0809326172
693.107849      1124.7851562500
693.432312      1110.8415527344
693.756836      1141.0527343750
694.081238      1131.7569580078
694.405701      1117.8133544922
694.730164      1152.6723632813
695.054443      1129.4329833984
695.378723      1178.2357177734
695.702942      1087.6021728516
696.027100      1048.0952148438
696.351257      1122.4611816406
696.675476      1148.0245361328
696.999512      1096.8979492188
697.323486      1154.9963378906
697.647461      1096.8979492188
697.971375      1117.8133544922
698.295349      1099.2218017578
698.619202      1110.8415527344
698.942993      1124.7851562500
699.266724      1117.8133544922
699.590393      1094.5739746094
699.914124      1141.0527343750
700.237793      1206.1229248047
700.561340      1075.9824218750
700.884949      1180.5595703125
701.208374      1138.7287597656
701.531860      1120.1372070313
701.855286      1154.9963378906
702.178650      1101.5457763672
702.501953      1159.6441650391
702.825195      1122.4611816406
703.148499      1148.0245361328
703.471680      1099.2218017578
703.794861      1092.2500000000
704.117981      1115.4893798828
704.440979      1154.9963378906
704.764038      1220.0665283203
705.086975      1178.2357177734
705.409851      1073.6585693359
705.732849      1106.1936035156
706.055664      1062.0388183594
706.378479      1099.2218017578
706.701233      1101.5457763672
707.023926      1089.9261474609
707.346619      1094.5739746094
707.669250      1082.9542236328
707.991821      1080.6303710938
708.314392      1148.0245361328
708.636841      1148.0245361328
708.959290      1192.1793212891
709.281738      1108.5175781250
709.604065      1154.9963378906
709.926392      1124.7851562500
710.248657      1110.8415527344
710.570862      1168.9399414063
710.893066      1062.0388183594
711.215210      1134.0809326172
711.537292      1048.0952148438
711.859314      1131.7569580078
712.181335      1027.1798095703
712.503357      1148.0245361328
712.825256      1166.6159667969
713.147156      1178.2357177734
713.468994      1175.9117431641
713.790771      1131.7569580078
714.112488      1113.1654052734
714.434143      1113.1654052734
714.755859      1064.3627929688
715.077515      1113.1654052734
715.399109      1122.4611816406
715.720581      1150.3483886719
716.042053      1108.5175781250
716.363525      1092.2500000000
716.684875      1210.7707519531
717.006287      1050.4191894531
717.327576      1192.1793212891
717.648804      1106.1936035156
717.969971      1071.3345947266
718.291260      1124.7851562500
718.612366      1092.2500000000
718.933411      1122.4611816406
719.254395      1038.7994384766
719.575439      1087.6021728516
719.896362      1150.3483886719
720.217285      1131.7569580078
720.538147      1127.1090087891
720.859009      1113.1654052734
721.179749      1134.0809326172
721.500488      1031.8276367188
721.821228      1124.7851562500
722.141785      1166.6159667969
722.462402      1161.9681396484
722.782959      1099.2218017578
723.103455      1148.0245361328
723.423950      1092.2500000000
723.744385      1092.2500000000
724.064758      1152.6723632813
724.385071      1117.8133544922
724.705322      1136.4047851563
725.025574      1159.6441650391
725.345825      1092.2500000000
725.665955      1108.5175781250
725.986023      1048.0952148438
726.306091      1115.4893798828
726.626099      1108.5175781250
726.946045      1213.0947265625
727.266052      1094.5739746094
727.585938      1048.0952148438
727.905762      1166.6159667969
728.225525      1185.2075195313
728.545288      1106.1936035156
728.864990      1122.4611816406
729.184692      1203.7989501953
729.504333      1113.1654052734
729.823853      1108.5175781250
730.143372      1145.7005615234
730.462891      1117.8133544922
730.782410      1182.8835449219
731.101746      1138.7287597656
731.421143      1101.5457763672
731.740417      1113.1654052734
732.059631      1036.4755859375
732.378845      1129.4329833984
732.698059      1145.7005615234
733.017212      1141.0527343750
733.336304      1122.4611816406
733.655273      1045.7712402344
733.974304      1092.2500000000
734.293335      1127.1090087891
734.612183      1148.0245361328
734.931030      1078.3063964844
735.249878      1159.6441650391
735.568665      1096.8979492188
735.887329      1168.9399414063
736.206055      1136.4047851563
736.524658      1106.1936035156
736.843262      1161.9681396484
737.161804      1124.7851562500
737.480286      1134.0809326172
737.798828      1134.0809326172
738.117249      1092.2500000000
738.435608      1101.5457763672
738.753906      1122.4611816406
739.072205      1180.5595703125
739.390442      1113.1654052734
739.708618      1117.8133544922
740.026733      1124.7851562500
740.344849      1110.8415527344
740.662903      1099.2218017578
740.980957      1136.4047851563
741.298889      1096.8979492188
741.616821      1092.2500000000
741.934692      1117.8133544922
742.252502      1175.9117431641
742.570313      1075.9824218750
742.888062      1143.3765869141
743.205750      1099.2218017578
743.523438      1157.3201904297
743.841003      1150.3483886719
744.158569      1138.7287597656
744.476074      1161.9681396484
744.793518      1082.9542236328
745.111023      1131.7569580078
745.428345      1087.6021728516
745.745728      1106.1936035156
746.062988      1115.4893798828
746.380249      1210.7707519531
746.697449      1168.9399414063
747.014648      1173.5877685547
747.331726      1036.4755859375
747.648804      1085.2781982422
747.965759      1157.3201904297
748.282776      1134.0809326172
748.599731      1071.3345947266
748.916626      1134.0809326172
749.233459      1152.6723632813
749.550232      1127.1090087891
749.867004      1101.5457763672
750.183655      1173.5877685547
750.500366      1134.0809326172
750.816956      1122.4611816406
751.133545      1113.1654052734
751.450073      1154.9963378906
751.766479      1161.9681396484
752.083008      1234.0101318359
752.399414      1131.7569580078
752.715698      1080.6303710938
753.032043      1092.2500000000
753.348328      1087.6021728516
753.664429      1059.7149658203
753.980713      1087.6021728516
754.296814      1103.8697509766
754.612854      1087.6021728516
754.928833      1161.9681396484
755.244873      1106.1936035156
755.560852      1099.2218017578
755.876709      1117.8133544922
756.192505      1124.7851562500
756.508362      1122.4611816406
756.824097      1129.4329833984
757.139771      1175.9117431641
757.455505      1078.3063964844
757.771118      1103.8697509766
758.086670      1136.4047851563
758.402222      1113.1654052734
758.717712      1124.7851562500
759.033081      1152.6723632813
759.348511      1057.3909912109
759.663879      1189.8553466797
759.979187      1161.9681396484
760.294434      1127.1090087891
760.609619      1131.7569580078
760.924805      1115.4893798828
761.239929      1099.2218017578
761.554993      1122.4611816406
761.869995      1057.3909912109
762.184998      1059.7149658203
762.499939      1150.3483886719
762.814880      1136.4047851563
763.129700      1089.9261474609
763.444519      1031.8276367188
763.759277      1127.1090087891
764.073975      1136.4047851563
764.388672      1131.7569580078
764.703308      1115.4893798828
765.017883      1120.1372070313
765.332397      1110.8415527344
765.646851      1122.4611816406
765.961304      1101.5457763672
766.275696      1089.9261474609
766.590088      1103.8697509766
766.904358      1089.9261474609
767.218628      1115.4893798828
767.532776      1099.2218017578
767.846924      1089.9261474609
768.161072      1055.0670166016
768.475159      1131.7569580078
768.789185      1106.1936035156
769.103149      1117.8133544922
769.417114      1120.1372070313
769.731079      1138.7287597656
770.044861      1145.7005615234
770.358643      1057.3909912109
770.672363      1129.4329833984
770.986084      1124.7851562500
771.299683      1124.7851562500
771.613403      1171.2639160156
771.927002      1087.6021728516
772.240479      1101.5457763672
772.553955      1154.9963378906
772.867371      1127.1090087891
773.180847      1178.2357177734
773.494141      1103.8697509766
773.807434      1052.7431640625
774.120667      1106.1936035156
774.433899      1092.2500000000
774.747009      1099.2218017578
775.060181      1101.5457763672
775.373230      1094.5739746094
775.686218      1062.0388183594
775.999207      1085.2781982422
776.312073      1143.3765869141
776.624939      1101.5457763672
776.937866      1122.4611816406
777.250671      1164.2919921875
777.563416      1087.6021728516
777.876099      1131.7569580078
778.188721      1113.1654052734
778.501343      1108.5175781250
778.813904      1136.4047851563
779.126404      1131.7569580078
779.438904      1057.3909912109
779.751282      1071.3345947266
780.063660      1138.7287597656
780.376038      1171.2639160156
780.688293      1101.5457763672
781.000549      1131.7569580078
781.312683      1110.8415527344
781.624817      1080.6303710938
781.937012      1129.4329833984
782.249023      1099.2218017578
782.561035      1099.2218017578
782.872986      1136.4047851563
783.184937      1087.6021728516
783.496765      1127.1090087891
783.808655      1187.5313720703
784.120422      1106.1936035156
784.432129      1143.3765869141
784.743774      1089.9261474609
785.055420      1224.7143554688
785.367004      1166.6159667969
785.678589      1157.3201904297
785.990051      1122.4611816406
786.301514      1108.5175781250
786.612976      1106.1936035156
786.924316      1136.4047851563
787.235657      1101.5457763672
787.546936      1101.5457763672
787.858154      1117.8133544922
788.169312      1094.5739746094
788.480408      1150.3483886719
788.791504      1062.0388183594
789.102600      1129.4329833984
789.413513      1145.7005615234
789.724487      1113.1654052734
790.035400      1180.5595703125
790.346191      1115.4893798828
790.657043      1178.2357177734
790.967834      1168.9399414063
791.278564      1131.7569580078
791.589172      1127.1090087891
791.899780      1141.0527343750
792.210327      1129.4329833984
792.520935      1166.6159667969
792.831421      1106.1936035156
793.141846      1122.4611816406
793.452209      1094.5739746094
793.762573      1113.1654052734
794.072815      1122.4611816406
794.383118      1080.6303710938
794.693359      1124.7851562500
795.003479      1180.5595703125
795.313538      1141.0527343750
795.623596      1120.1372070313
795.933716      1120.1372070313
796.243652      1106.1936035156
796.553589      1129.4329833984
796.863464      1168.9399414063
797.173218      1166.6159667969
797.483032      1117.8133544922
797.792786      1220.0665283203
798.102478      1150.3483886719
798.412109      1099.2218017578
798.721741      1106.1936035156
799.031250      1075.9824218750
799.340820      1110.8415527344
799.650269      1096.8979492188
799.959656      1103.8697509766
800.269043      1101.5457763672
800.578369      1064.3627929688
800.887573      1089.9261474609
801.196899      1145.7005615234
801.505981      1089.9261474609
801.815186      1178.2357177734
802.124207      1124.7851562500
802.433289      1122.4611816406
802.742188      1096.8979492188
803.051270      1115.4893798828
803.360168      1129.4329833984
803.668945      1099.2218017578
803.977783      1078.3063964844
804.286499      1148.0245361328
804.595276      1101.5457763672
804.903931      1152.6723632813
805.212524      1099.2218017578
805.521057      1154.9963378906
805.829590      1117.8133544922
806.138062      1071.3345947266
806.446533      1092.2500000000
806.754944      1136.4047851563
807.063293      1145.7005615234
807.371521      1180.5595703125
807.679749      1092.2500000000
807.987976      1143.3765869141
808.296143      1094.5739746094
808.604248      1122.4611816406
808.912292      1187.5313720703
809.220276      1080.6303710938
809.528198      1120.1372070313
809.836182      1131.7569580078
810.144043      1173.5877685547
810.451843      1120.1372070313
810.759644      1073.6585693359
811.067322      1075.9824218750
811.375061      1099.2218017578
811.682678      1108.5175781250
811.990295      1141.0527343750
812.297791      1122.4611816406
812.605286      1103.8697509766
812.912720      1096.8979492188
813.220154      1089.9261474609
813.527527      1110.8415527344
813.834839      1110.8415527344
814.142029      1096.8979492188
814.449219      1106.1936035156
814.756409      1127.1090087891
815.063538      1117.8133544922
815.370605      1157.3201904297
815.677612      1096.8979492188
815.984619      1124.7851562500
816.291504      1148.0245361328
816.598389      1115.4893798828
816.905273      1106.1936035156
817.212036      1182.8835449219
817.518738      1120.1372070313
817.825439      1106.1936035156
818.132080      1136.4047851563
818.438721      1122.4611816406
818.745239      1082.9542236328
819.051758      1136.4047851563
819.358215      1082.9542236328
819.664612      1127.1090087891
819.971008      1134.0809326172
820.277344      1161.9681396484
820.583557      1124.7851562500
820.889771      1048.0952148438
821.195923      1117.8133544922
821.502075      1185.2075195313
821.808167      1092.2500000000
822.114197      1150.3483886719
822.420166      1099.2218017578
822.726074      1134.0809326172
823.031921      1106.1936035156
823.337769      1171.2639160156
823.643677      1154.9963378906
823.949402      1187.5313720703
824.255066      1145.7005615234
824.560730      1168.9399414063
824.866272      1122.4611816406
825.171936      1143.3765869141
825.477356      1124.7851562500
825.782837      1115.4893798828
826.088257      1134.0809326172
826.393616      1127.1090087891
826.698914      1099.2218017578
827.004272      1138.7287597656
827.309448      1106.1936035156
827.614624      1108.5175781250
827.919739      1094.5739746094
828.224854      1189.8553466797
828.529907      1175.9117431641
828.834839      1143.3765869141
829.139832      1101.5457763672
829.444702      1052.7431640625
829.749512      1148.0245361328
830.054260      1173.5877685547
830.359131      1138.7287597656
830.663818      1096.8979492188
830.968506      1166.6159667969
831.273071      1145.7005615234
831.577576      1157.3201904297
831.882080      1108.5175781250
832.186646      1117.8133544922
832.491028      1171.2639160156
832.795410      1050.4191894531
833.099731      1069.0106201172
833.403931      1110.8415527344
833.708191      1080.6303710938
834.012390      1164.2919921875
834.316467      1092.2500000000
834.620605      1094.5739746094
834.924622      1122.4611816406
835.228577      1108.5175781250
835.532593      1096.8979492188
835.836426      1069.0106201172
836.140320      1103.8697509766
836.444031      1101.5457763672
836.747803      1108.5175781250
837.051514      1178.2357177734
837.355225      1161.9681396484
837.658752      1168.9399414063
837.962341      1113.1654052734
838.265808      1057.3909912109
838.569336      1148.0245361328
838.872742      1129.4329833984
839.176147      1143.3765869141
839.479370      1154.9963378906
839.782715      1129.4329833984
840.085876      1113.1654052734
840.389038      1108.5175781250
840.692261      1143.3765869141
840.995300      1117.8133544922
841.298340      1078.3063964844
841.601257      1099.2218017578
841.904236      1134.0809326172
842.207153      1127.1090087891
842.509949      1048.0952148438
842.812805      1138.7287597656
843.115540      1127.1090087891
843.418152      1136.4047851563
843.720825      1178.2357177734
844.023438      1159.6441650391
844.325989      1099.2218017578
844.628540      1092.2500000000
844.930969      1103.8697509766
845.233337      1071.3345947266
845.535767      1141.0527343750
845.838013      1094.5739746094
846.140259      1106.1936035156
846.442505      1099.2218017578
846.744690      1166.6159667969
847.046753      1168.9399414063
847.348877      1099.2218017578
847.650879      1036.4755859375
847.952881      1062.0388183594
848.254761      1064.3627929688
848.556641      1101.5457763672
848.858459      1041.1234130859
849.160278      1006.2644042969
849.462036      1166.6159667969
849.763733      1143.3765869141
850.065308      1148.0245361328
850.366882      1115.4893798828
850.668518      1094.5739746094
850.969971      1120.1372070313
851.271423      1168.9399414063
851.572815      1120.1372070313
851.874084      1141.0527343750
852.175476      1117.8133544922
852.476685      1064.3627929688
852.777893      1094.5739746094
853.079041      1127.1090087891
853.380127      1180.5595703125
853.681213      1062.0388183594
853.982239      1094.5739746094
854.283203      1038.7994384766
854.584106      1148.0245361328
854.885010      1078.3063964844
855.185791      1099.2218017578
855.486572      1143.3765869141
855.787292      1161.9681396484
856.088013      1182.8835449219
856.388611      1154.9963378906
856.689148      1108.5175781250
856.989685      1129.4329833984
857.290161      1154.9963378906
857.590637      1059.7149658203
857.890991      1075.9824218750
858.191284      1138.7287597656
858.491577      1085.2781982422
858.791809      1057.3909912109
859.092041      1024.8558349609
859.392212      1136.4047851563
859.692261      1099.2218017578
859.992310      1168.9399414063
860.292297      1094.5739746094
860.592224      1122.4611816406
860.892151      1124.7851562500
861.191956      1164.2919921875
861.491760      1096.8979492188
861.791565      1148.0245361328
862.091248      1145.7005615234
862.390930      1171.2639160156
862.690552      1080.6303710938
862.990051      1145.7005615234
863.289551      1110.8415527344
863.589050      1087.6021728516
863.888428      1059.7149658203
864.187805      1099.2218017578
864.487122      1154.9963378906
864.786377      1150.3483886719
865.085632      1096.8979492188
865.384705      1113.1654052734
865.683838      1129.4329833984
865.982971      1059.7149658203
866.281982      1117.8133544922
866.580933      1122.4611816406
866.879883      1154.9963378906
867.178711      1094.5739746094
867.477600      1099.2218017578
867.776367      1171.2639160156
868.075134      1157.3201904297
868.373718      1180.5595703125
868.672424      1201.4749755859
868.970947      1166.6159667969
869.269531      1108.5175781250
869.568054      1048.0952148438
869.866455      1092.2500000000
870.164856      1124.7851562500
870.463196      1161.9681396484
870.761536      1106.1936035156
871.059753      1124.7851562500
871.357971      1136.4047851563
871.656067      1129.4329833984
871.954102      1131.7569580078
872.252197      1085.2781982422
872.550232      1117.8133544922
872.848206      1136.4047851563
873.146057      1101.5457763672
873.443848      1092.2500000000
873.741638      1124.7851562500
874.039429      1094.5739746094
874.337158      1078.3063964844
874.634827      1182.8835449219
874.932373      1141.0527343750
875.229980      1103.8697509766
875.527466      1106.1936035156
875.825012      1089.9261474609
876.122375      1131.7569580078
876.419739      1117.8133544922
876.717041      1064.3627929688
877.014282      1134.0809326172
877.311462      1187.5313720703
877.608704      1122.4611816406
877.905762      1096.8979492188
878.202881      1036.4755859375
878.499817      1069.0106201172
878.796814      1171.2639160156
879.093811      1127.1090087891
879.390625      1087.6021728516
879.687439      1108.5175781250
879.984253      1124.7851562500
880.280884      1108.5175781250
880.577637      1124.7851562500
880.874268      1117.8133544922
881.170837      1206.1229248047
881.467346      1199.1511230469
881.763855      1113.1654052734
882.060242      1136.4047851563
882.356567      1122.4611816406
882.652954      1148.0245361328
882.949280      1222.3905029297
883.245483      1166.6159667969
883.541626      1122.4611816406
883.837830      1148.0245361328
884.133911      1108.5175781250
884.429932      1041.1234130859
884.725952      1082.9542236328
885.021851      1075.9824218750
885.317688      1141.0527343750
885.613525      1075.9824218750
885.909363      1173.5877685547
886.205078      1157.3201904297
