0.086400
190.489868         0.0000000000
190.870819         0.0000000000
191.251740       995.2434082031
191.632629      1017.4586181641
192.013474      1053.0030517578
192.394302      1088.5474853516
192.775101      1035.2308349609
193.155838      1097.4335937500
193.536575      1075.2182617188
193.917267      1090.7690429688
194.297943      1033.0092773438
194.678574      1033.0092773438
195.059174      1033.0092773438
195.439743      1084.1043701172
195.820282      1124.0919189453
196.200790      1099.6550292969
196.581268      1095.2120361328
196.961700      1033.0092773438
197.342117      1053.0030517578
197.722488      1072.9968261719
198.102829      1108.5411376953
198.483154      1044.1169433594
198.863434       984.1357421875
199.243698      1106.3197021484
199.623901      1057.4460449219
200.004089      1015.2371215820
200.384247      1050.7814941406
200.764389      1028.5662841797
201.144485      1068.5537109375
201.524536      1068.5537109375
201.904572      1050.7814941406
202.284561      1039.6739501953
202.664520      1017.4586181641
203.044449      1092.9904785156
203.424362      1064.1107177734
203.804214      1035.2308349609
204.184067      1021.9016723633
204.563858      1055.2246093750
204.943649      1024.1231689453
205.323380      1039.6739501953
205.703094      1061.8891601563
206.082764      1104.0981445313
206.462418       990.8003540039
206.842026       995.2434082031
207.221588      1126.3133544922
207.601166      1008.5725708008
207.980667      1046.3385009766
208.360153      1106.3197021484
208.739609       988.5787963867
209.119034      1008.5725708008
209.498428      1026.3447265625
209.877777       997.4649047852
210.257111      1070.7752685547
210.636398      1070.7752685547
211.015656      1017.4586181641
211.394882      1084.1043701172
211.774094      1044.1169433594
212.153244      1064.1107177734
212.532394       995.2434082031
212.911484      1033.0092773438
213.290543      1088.5474853516
213.669571      1084.1043701172
214.048584      1028.5662841797
214.427567      1066.3321533203
214.806488      1075.2182617188
215.185410      1086.3259277344
215.564270      1035.2308349609
215.943115      1053.0030517578
216.321930      1044.1169433594
216.700714      1033.0092773438
217.079437       977.4711914063
217.458176      1039.6739501953
217.836838      1061.8891601563
218.215485      1015.2371215820
218.594101      1037.4523925781
218.972687      1010.7940673828
219.351227       964.1420288086
219.729752      1028.5662841797
220.108246      1050.7814941406
220.486694      1046.3385009766
220.865128      1044.1169433594
221.243515      1013.0156250000
221.621872      1061.8891601563
222.000183      1015.2371215820
222.378494      1088.5474853516
222.756744      1104.0981445313
223.134964       973.0281372070
223.513153      1013.0156250000
223.891327      1030.7878417969
224.269455      1097.4335937500
224.647552      1017.4586181641
225.025620      1053.0030517578
225.403656      1104.0981445313
225.781647      1061.8891601563
226.159622      1017.4586181641
226.537552      1053.0030517578
226.915436      1017.4586181641
227.293335      1050.7814941406
227.671158       939.7052612305
228.048950       997.4649047852
228.426727      1019.6801757813
228.804459       999.6864624023
229.182175      1008.5725708008
229.559845      1075.2182617188
229.937500      1141.8640136719
230.315094      1081.8829345703
230.692673      1006.3510131836
231.070221      1048.5600585938
231.447723      1024.1231689453
231.825180      1070.7752685547
232.202652      1068.5537109375
232.580048      1115.2058105469
232.957428       995.2434082031
233.334778      1066.3321533203
233.712097      1110.7626953125
234.089386      1055.2246093750
234.466614      1010.7940673828
234.843842      1079.6613769531
235.221024      1099.6550292969
235.598175      1117.4272460938
235.975281       988.5787963867
236.352386      1070.7752685547
236.729431      1104.0981445313
237.106445      1099.6550292969
237.483414      1090.7690429688
237.860382      1035.2308349609
238.237305       995.2434082031
238.614182      1050.7814941406
238.991043      1084.1043701172
239.367859      1081.8829345703
239.744644      1035.2308349609
240.121414      1104.0981445313
240.498138      1066.3321533203
240.874817      1088.5474853516
241.251480      1090.7690429688
241.628098      1041.8953857422
242.004700      1019.6801757813
242.381241      1064.1107177734
242.757782       957.4774780273
243.134262      1075.2182617188
243.510727      1024.1231689453
243.887146      1019.6801757813
244.263535      1068.5537109375
244.639893      1057.4460449219
245.016220      1013.0156250000
245.392517      1050.7814941406
245.768768      1110.7626953125
246.145020      1077.4398193359
246.521194      1046.3385009766
246.897354      1030.7878417969
247.273483      1046.3385009766
247.649567      1053.0030517578
248.025650      1053.0030517578
248.401672      1075.2182617188
248.777664      1037.4523925781
249.153641      1006.3510131836
249.529556      1053.0030517578
249.905457       990.8003540039
250.281326      1044.1169433594
250.657135      1033.0092773438
251.032959      1050.7814941406
251.408707      1079.6613769531
251.784424      1019.6801757813
252.160126       997.4649047852
252.535797      1064.1107177734
252.911423      1101.8765869141
253.287018      1070.7752685547
253.662582      1061.8891601563
254.038116      1090.7690429688
254.413605      1033.0092773438
254.789063      1059.6676025391
255.164505      1041.8953857422
255.539886       988.5787963867
255.915268      1024.1231689453
256.290588      1072.9968261719
256.665894       993.0218505859
257.041168      1110.7626953125
257.416351      1041.8953857422
257.791565      1004.1295166016
258.166779      1019.6801757813
258.541870      1033.0092773438
258.916962      1088.5474853516
259.292023      1046.3385009766
259.667023       979.6926879883
260.042053      1030.7878417969
260.416992      1055.2246093750
260.791931      1068.5537109375
261.166809      1055.2246093750
261.541687      1001.9079589844
261.916504      1013.0156250000
262.291321      1124.0919189453
262.666077      1037.4523925781
263.040802      1088.5474853516
263.415497      1072.9968261719
263.790161      1004.1295166016
264.164795      1064.1107177734
264.539368      1086.3259277344
264.913910      1015.2371215820
265.288452      1115.2058105469
265.662964      1081.8829345703
266.037384      1101.8765869141
266.411865      1039.6739501953
266.786224      1101.8765869141
267.160583      1050.7814941406
267.534912      1048.5600585938
267.909210      1097.4335937500
268.283447      1033.0092773438
268.657654      1070.7752685547
269.031860      1090.7690429688
269.406006      1015.2371215820
269.780151      1041.8953857422
270.154236      1064.1107177734
270.528290      1077.4398193359
270.902283      1039.6739501953
271.276306      1086.3259277344
271.650238      1099.6550292969
272.024170      1028.5662841797
272.398041      1097.4335937500
272.771881      1119.6488037109
273.145721      1021.9016723633
273.519531       999.6864624023
273.893219      1006.3510131836
274.266937      1039.6739501953
274.640656      1068.5537109375
275.014282      1041.8953857422
275.387909      1090.7690429688
275.761475      1013.0156250000
276.135040      1084.1043701172
276.508514      1104.0981445313
276.882019      1046.3385009766
277.255463      1072.9968261719
277.628906      1072.9968261719
278.002258      1110.7626953125
278.375549      1095.2120361328
278.748901       973.0281372070
279.122162      1013.0156250000
279.495392      1137.4210205078
279.868622      1059.6676025391
280.241791      1090.7690429688
280.614929      1053.0030517578
280.988007      1132.9780273438
281.361084      1024.1231689453
281.734131       988.5787963867
282.107117      1035.2308349609
282.480072      1037.4523925781
282.853027      1030.7878417969
283.225952      1064.1107177734
283.598785      1077.4398193359
283.971619      1039.6739501953
284.344452      1017.4586181641
284.717194      1061.8891601563
285.089905      1106.3197021484
285.462616      1132.9780273438
285.835297      1081.8829345703
286.207886      1010.7940673828
286.580475      1053.0030517578
286.953064      1033.0092773438
287.325592      1066.3321533203
287.698059      1028.5662841797
288.070496      1046.3385009766
288.442963      1046.3385009766
288.815308      1006.3510131836
289.187683      1055.2246093750
289.559998      1021.9016723633
289.932281      1079.6613769531
290.304504      1092.9904785156
290.676727      1044.1169433594
291.048920      1008.5725708008
291.421082      1028.5662841797
291.793182      1081.8829345703
292.165222      1037.4523925781
292.537292      1057.4460449219
292.909332      1037.4523925781
293.281281      1021.9016723633
293.653198      1017.4586181641
294.025116      1048.5600585938
294.397003      1068.5537109375
294.768860       979.6926879883
295.140656      1059.6676025391
295.512390      1101.8765869141
295.884125      1117.4272460938
296.255829      1077.4398193359
296.627502      1044.1169433594
296.999146      1044.1169433594
297.370728      1057.4460449219
297.742249      1037.4523925781
298.113831      1097.4335937500
298.485291       993.0218505859
298.856781      1059.6676025391
299.228149      1099.6550292969
299.599579      1059.6676025391
299.970917      1079.6613769531
300.342224      1039.6739501953
300.713531      1088.5474853516
301.084778      1037.4523925781
301.455994      1059.6676025391
301.827148      1030.7878417969
302.198334      1064.1107177734
302.569427      1015.2371215820
302.940521      1108.5411376953
303.311554      1033.0092773438
303.682556      1079.6613769531
304.053528      1055.2246093750
304.424469      1019.6801757813
304.795380      1055.2246093750
305.166260       979.6926879883
305.537048      1061.8891601563
305.907837      1061.8891601563
306.278625      1095.2120361328
306.649384       997.4649047852
307.020050      1068.5537109375
307.390686      1092.9904785156
307.761353      1079.6613769531
308.131897      1095.2120361328
308.502502      1024.1231689453
308.872986      1053.0030517578
309.243500      1021.9016723633
309.613922      1066.3321533203
309.984344      1019.6801757813
310.354736      1017.4586181641
310.725098      1070.7752685547
311.095398      1035.2308349609
311.465637      1055.2246093750
311.835907      1033.0092773438
312.206116      1072.9968261719
312.576294      1088.5474853516
312.946411      1099.6550292969
313.316528      1019.6801757813
313.686584      1097.4335937500
314.056610      1010.7940673828
314.426605      1059.6676025391
314.796570      1006.3510131836
315.166504      1075.2182617188
315.536377      1128.5349121094
315.906250      1033.0092773438
316.276093      1026.3447265625
316.645844      1079.6613769531
317.015594      1017.4586181641
317.385315      1081.8829345703
317.755035      1070.7752685547
318.124603      1099.6550292969
318.494263      1124.0919189453
318.863831      1039.6739501953
319.233368      1050.7814941406
319.602875      1072.9968261719
319.972351      1013.0156250000
320.341797       993.0218505859
320.711182      1095.2120361328
321.080536      1046.3385009766
321.449890      1070.7752685547
321.819183      1108.5411376953
322.188446      1057.4460449219
322.557648      1135.1994628906
322.926880      1121.8703613281
323.295990      1041.8953857422
323.665100      1035.2308349609
324.034210      1095.2120361328
324.403259      1092.9904785156
324.772247      1090.7690429688
325.141205       986.3572998047
325.510193      1059.6676025391
325.879120      1041.8953857422
326.247955      1028.5662841797
326.616791      1026.3447265625
326.985596      1024.1231689453
327.354340      1053.0030517578
327.723053      1019.6801757813
328.091797      1017.4586181641
328.460449      1024.1231689453
328.829071      1081.8829345703
329.197632      1055.2246093750
329.566193      1059.6676025391
329.934753      1048.5600585938
330.303192       961.9205322266
330.671631      1064.1107177734
331.040070      1050.7814941406
331.408478      1077.4398193359
331.776794      1001.9079589844
332.145081      1046.3385009766
332.513367      1044.1169433594
332.881592      1013.0156250000
333.249756      1053.0030517578
333.617920      1057.4460449219
333.986084       957.4774780273
334.354156      1075.2182617188
334.722229      1108.5411376953
335.090240      1050.7814941406
335.458252      1064.1107177734
335.826202      1084.1043701172
336.194092      1053.0030517578
336.561951      1006.3510131836
336.929779       977.4711914063
337.297577      1015.2371215820
337.665375      1057.4460449219
338.033142      1039.6739501953
338.400787      1086.3259277344
338.768463      1010.7940673828
339.136108      1035.2308349609
339.503693      1008.5725708008
339.871246       986.3572998047
340.238770      1035.2308349609
340.606262      1035.2308349609
340.973755      1026.3447265625
341.341125      1079.6613769531
341.708527      1061.8891601563
342.075867      1041.8953857422
342.443146      1053.0030517578
342.810425      1017.4586181641
343.177673      1077.4398193359
343.544861      1006.3510131836
343.912018      1048.5600585938
344.279114      1097.4335937500
344.646271      1077.4398193359
345.013336      1066.3321533203
345.380341      1061.8891601563
345.747314      1019.6801757813
346.114258      1024.1231689453
346.481171      1101.8765869141
346.848022      1030.7878417969
347.214905      1110.7626953125
347.581726      1037.4523925781
347.948456      1053.0030517578
348.315186      1048.5600585938
348.681885      1017.4586181641
349.048584      1077.4398193359
349.415161      1028.5662841797
349.781738      1006.3510131836
350.148346       959.6989746094
350.514862       995.2434082031
350.881287       990.8003540039
351.247742       995.2434082031
351.614197      1041.8953857422
351.980530      1146.3071289063
352.346863       997.4649047852
352.713165      1046.3385009766
353.079437      1059.6676025391
353.445679      1053.0030517578
353.811859      1081.8829345703
354.178009      1055.2246093750
354.544159      1095.2120361328
354.910217      1084.1043701172
355.276276      1037.4523925781
355.642303      1050.7814941406
356.008270      1066.3321533203
356.374176      1021.9016723633
356.740112      1030.7878417969
357.105988      1037.4523925781
357.471802      1066.3321533203
357.837585      1035.2308349609
358.203339      1017.4586181641
358.569092      1028.5662841797
358.934753      1041.8953857422
359.300415      1021.9016723633
359.666016      1021.9016723633
360.031616      1057.4460449219
360.397125      1099.6550292969
360.762634      1017.4586181641
361.128143       979.6926879883
361.493530      1079.6613769531
361.858917      1068.5537109375
362.224274      1055.2246093750
362.589630      1124.0919189453
362.954895      1004.1295166016
363.320160      1061.8891601563
363.685394      1030.7878417969
364.050568      1028.5662841797
364.415680      1055.2246093750
364.780792      1077.4398193359
365.145874      1066.3321533203
365.510895       990.8003540039
365.875854      1017.4586181641
366.240845      1037.4523925781
366.605774      1044.1169433594
366.970642      1039.6739501953
367.335480      1079.6613769531
367.700317      1079.6613769531
368.065125      1128.5349121094
368.429840      1061.8891601563
368.794525      1068.5537109375
369.159241      1081.8829345703
369.523834       959.6989746094
369.888397      1066.3321533203
370.252991      1055.2246093750
370.617554      1064.1107177734
370.981995      1053.0030517578
371.346436      1030.7878417969
371.710846       997.4649047852
372.075256      1008.5725708008
372.439545      1037.4523925781
372.803864       988.5787963867
373.168121      1048.5600585938
373.532379      1072.9968261719
373.896545      1048.5600585938
374.260681      1017.4586181641
374.624847      1035.2308349609
374.988892      1010.7940673828
375.352936      1028.5662841797
375.716949      1057.4460449219
376.080933      1006.3510131836
376.444855       977.4711914063
376.808716      1037.4523925781
377.172638      1084.1043701172
377.536469      1088.5474853516
377.900208      1101.8765869141
378.263947      1139.6425781250
378.627686      1059.6676025391
378.991364      1006.3510131836
379.354980      1035.2308349609
379.718628      1081.8829345703
380.082214      1061.8891601563
380.445709      1064.1107177734
380.809174      1070.7752685547
381.172668      1039.6739501953
381.536072       984.1357421875
381.899475      1075.2182617188
382.262787      1017.4586181641
382.626129      1006.3510131836
382.989380      1068.5537109375
383.352631      1072.9968261719
383.715790      1030.7878417969
384.078979      1048.5600585938
384.442078      1013.0156250000
384.805145      1064.1107177734
385.168243      1121.8703613281
385.531250      1013.0156250000
385.894226      1117.4272460938
386.257141      1046.3385009766
386.620056      1037.4523925781
386.982941       993.0218505859
387.345734      1066.3321533203
387.708527      1046.3385009766
388.071289      1004.1295166016
388.433990      1039.6739501953
388.796661      1075.2182617188
389.159332      1061.8891601563
389.521942      1015.2371215820
389.884491      1104.0981445313
390.247040      1017.4586181641
390.609528      1059.6676025391
390.971985      1030.7878417969
391.334412      1106.3197021484
391.696747      1019.6801757813
392.059143      1115.2058105469
392.421478      1021.9016723633
392.783691      1079.6613769531
393.145935      1064.1107177734
393.508148      1039.6739501953
393.870270      1055.2246093750
394.232391      1039.6739501953
394.594482      1070.7752685547
394.956573      1059.6676025391
395.318542      1099.6550292969
395.680511      1046.3385009766
396.042450      1072.9968261719
396.404388      1039.6739501953
396.766235      1033.0092773438
397.128021      1050.7814941406
397.489838      1019.6801757813
397.851563      1057.4460449219
398.213257      1001.9079589844
398.574951       995.2434082031
398.936615       995.2434082031
399.298187       993.0218505859
399.659729      1088.5474853516
400.021271      1099.6550292969
400.382751      1064.1107177734
400.744202       979.6926879883
401.105621      1028.5662841797
401.466980      1028.5662841797
401.828339      1019.6801757813
402.189606      1046.3385009766
402.550873      1088.5474853516
402.912140      1037.4523925781
403.273285      1017.4586181641
403.634430      1117.4272460938
403.995544      1044.1169433594
404.356659      1057.4460449219
404.717651      1088.5474853516
405.078674      1019.6801757813
405.439636      1015.2371215820
405.800568      1110.7626953125
406.161438      1055.2246093750
406.522278      1066.3321533203
406.883118      1021.9016723633
407.243866      1021.9016723633
407.604584      1072.9968261719
407.965302      1028.5662841797
408.325989      1019.6801757813
408.686584      1070.7752685547
409.047150      1006.3510131836
409.407715      1112.9842529297
409.768250       984.1357421875
410.128723      1039.6739501953
410.489136      1088.5474853516
410.849518      1048.5600585938
411.209900      1037.4523925781
411.570190      1055.2246093750
411.930511       970.8066406250
412.290741      1095.2120361328
412.650940      1079.6613769531
413.011078      1030.7878417969
413.371246       997.4649047852
413.731354      1041.8953857422
414.091400      1075.2182617188
414.451385      1010.7940673828
414.811401      1044.1169433594
415.171356      1066.3321533203
415.531281      1077.4398193359
415.891113      1050.7814941406
416.250946      1061.8891601563
416.610718      1057.4460449219
416.970490      1064.1107177734
417.330200      1019.6801757813
417.689911      1048.5600585938
418.049530      1053.0030517578
418.409119      1050.7814941406
418.768707      1015.2371215820
419.128235      1066.3321533203
419.487701       999.6864624023
419.847137      1066.3321533203
420.206573      1050.7814941406
420.565948      1092.9904785156
420.925232      1068.5537109375
421.284576      1017.4586181641
421.643860      1050.7814941406
422.003052      1101.8765869141
422.362213      1008.5725708008
422.721375      1050.7814941406
423.080536      1059.6676025391
423.439575       964.1420288086
423.798584      1046.3385009766
424.157593      1015.2371215820
424.516571      1048.5600585938
424.875458      1086.3259277344
425.234314      1059.6676025391
425.593201      1053.0030517578
425.951965      1048.5600585938
426.310699       984.1357421875
426.669495      1053.0030517578
427.028168      1064.1107177734
427.386810      1046.3385009766
427.745392      1044.1169433594
428.103973      1048.5600585938
428.462524      1061.8891601563
428.821045      1072.9968261719
429.179504      1039.6739501953
429.537903      1048.5600585938
429.896271      1055.2246093750
430.254608      1033.0092773438
430.612915      1090.7690429688
430.971222      1050.7814941406
431.329437      1021.9016723633
431.687622      1021.9016723633
432.045776       981.9142456055
432.403900      1026.3447265625
432.761993      1077.4398193359
433.119995       961.9205322266
433.477997      1004.1295166016
433.835968      1055.2246093750
434.193909      1046.3385009766
434.551758      1068.5537109375
434.909637       955.2559204102
435.267395      1061.8891601563
435.625183      1104.0981445313
435.982910      1035.2308349609
436.340607      1039.6739501953
436.698273      1068.5537109375
437.055878      1037.4523925781
437.413452      1108.5411376953
437.770996      1013.0156250000
438.128479      1041.8953857422
438.485962      1066.3321533203
438.843384      1010.7940673828
439.200775      1039.6739501953
439.558136      1077.4398193359
439.915405      1015.2371215820
440.272705      1061.8891601563
440.629883      1086.3259277344
440.987091      1088.5474853516
441.344238      1059.6676025391
441.701355      1084.1043701172
442.058441      1072.9968261719
442.415436      1084.1043701172
442.772461      1081.8829345703
443.129425      1064.1107177734
443.486359      1021.9016723633
443.843231       997.4649047852
444.200104      1008.5725708008
444.556885      1070.7752685547
444.913635      1015.2371215820
445.270355       990.8003540039
445.627075      1024.1231689453
445.983704      1026.3447265625
446.340302      1101.8765869141
446.696869      1044.1169433594
447.053436      1037.4523925781
447.409912      1041.8953857422
447.766357      1146.3071289063
448.122803      1068.5537109375
448.479156      1006.3510131836
448.835510      1048.5600585938
449.191772      1048.5600585938
449.548096      1048.5600585938
449.904297      1030.7878417969
450.260437       981.9142456055
450.616608      1044.1169433594
450.972687      1055.2246093750
451.328796      1028.5662841797
451.684814      1026.3447265625
452.040833      1019.6801757813
452.396729      1064.1107177734
452.752655      1097.4335937500
453.108551      1044.1169433594
453.464355      1044.1169433594
453.820160      1030.7878417969
454.175934      1053.0030517578
454.531616      1039.6739501953
454.887299      1024.1231689453
455.242950      1019.6801757813
455.598541      1037.4523925781
455.954102       999.6864624023
456.309601      1044.1169433594
456.665131       997.4649047852
457.020538      1041.8953857422
457.375977      1039.6739501953
457.731323      1126.3133544922
458.086670      1106.3197021484
458.441956      1119.6488037109
458.797211      1066.3321533203
459.152405      1026.3447265625
459.507538      1039.6739501953
459.862701      1050.7814941406
460.217773      1004.1295166016
460.572845      1044.1169433594
460.927856       968.5850830078
461.282837      1046.3385009766
461.637756      1021.9016723633
461.992645      1070.7752685547
462.347504      1057.4460449219
462.702332      1033.0092773438
463.057129      1055.2246093750
463.411835      1086.3259277344
463.766541      1086.3259277344
464.121185      1053.0030517578
464.475830      1035.2308349609
464.830383      1057.4460449219
465.184937      1041.8953857422
465.539429      1081.8829345703
465.893921      1070.7752685547
466.248322      1010.7940673828
466.602753      1013.0156250000
466.957062      1033.0092773438
467.311371      1041.8953857422
467.665619      1061.8891601563
468.019897      1021.9016723633
468.374054      1050.7814941406
468.728180       948.5913696289
469.082306      1079.6613769531
469.436371      1001.9079589844
469.790405      1064.1107177734
470.144379      1046.3385009766
470.498352      1046.3385009766
470.852264      1048.5600585938
471.206146      1072.9968261719
471.559967      1013.0156250000
471.913788      1046.3385009766
472.267487      1026.3447265625
472.621246      1068.5537109375
472.974915      1010.7940673828
473.328522      1044.1169433594
473.682129      1028.5662841797
474.035675      1033.0092773438
474.389191      1037.4523925781
474.742676      1028.5662841797
475.096130      1077.4398193359
475.449493      1090.7690429688
475.802856      1041.8953857422
476.156189      1037.4523925781
476.509460      1081.8829345703
476.862732      1028.5662841797
477.215912      1021.9016723633
477.569061      1015.2371215820
477.922150      1010.7940673828
478.275299      1024.1231689453
478.628296      1084.1043701172
478.981323      1079.6613769531
479.334259      1068.5537109375
479.687195      1064.1107177734
480.040070      1048.5600585938
480.392914      1044.1169433594
480.745728      1044.1169433594
481.098511      1015.2371215820
481.451202      1026.3447265625
481.803925      1055.2246093750
482.156525       997.4649047852
482.509125      1024.1231689453
482.861694      1057.4460449219
483.214233      1028.5662841797
483.566711      1039.6739501953
483.919128      1059.6676025391
484.271576      1064.1107177734
484.623901      1055.2246093750
484.976257      1050.7814941406
485.328522       993.0218505859
485.680786      1037.4523925781
486.032959      1026.3447265625
486.385132      1059.6676025391
486.737274      1017.4586181641
487.089325      1004.1295166016
487.441376      1030.7878417969
487.793396      1033.0092773438
488.145386      1072.9968261719
488.497284       941.9267578125
488.849182      1015.2371215820
489.201019      1028.5662841797
489.552826      1050.7814941406
489.904572      1041.8953857422
490.256317      1024.1231689453
490.608002      1004.1295166016
490.959656      1039.6739501953
491.311249      1088.5474853516
491.662811      1055.2246093750
492.014343      1081.8829345703
492.365814      1099.6550292969
492.717285      1070.7752685547
493.068665      1064.1107177734
493.420044      1041.8953857422
493.771362      1028.5662841797
494.122650      1041.8953857422
494.473877      1050.7814941406
494.825104      1044.1169433594
495.176270      1059.6676025391
495.527374      1106.3197021484
495.878479      1015.2371215820
496.229492      1028.5662841797
496.580536      1010.7940673828
496.931458       986.3572998047
497.282379      1095.2120361328
497.633270      1050.7814941406
497.984131      1081.8829345703
498.334900      1059.6676025391
498.685669      1037.4523925781
499.036377      1044.1169433594
499.387115      1035.2308349609
499.737701      1104.0981445313
500.088318      1072.9968261719
500.438904      1033.0092773438
500.789429      1077.4398193359
501.139893      1066.3321533203
501.490295      1097.4335937500
501.840729      1053.0030517578
502.191040      1095.2120361328
502.541382      1144.0855712891
502.891663      1030.7878417969
503.241913      1092.9904785156
503.592133      1079.6613769531
503.942322      1033.0092773438
504.292358      1164.0793457031
504.642395      1084.1043701172
504.992432      1064.1107177734
505.342468      1037.4523925781
505.692413      1046.3385009766
506.042358      1015.2371215820
506.392242      1021.9016723633
506.742035       984.1357421875
507.091858      1075.2182617188
507.441528      1119.6488037109
507.791290      1061.8891601563
508.140961      1041.8953857422
508.490601      1021.9016723633
508.840210      1075.2182617188
509.189697      1075.2182617188
509.539215      1024.1231689453
509.888641      1055.2246093750
510.238098      1026.3447265625
510.587494      1070.7752685547
510.936859      1041.8953857422
511.286194      1017.4586181641
511.635498      1064.1107177734
511.984650      1001.9079589844
512.333862      1110.7626953125
512.682922      1004.1295166016
513.032043      1033.0092773438
513.381104      1041.8953857422
513.730164      1033.0092773438
514.079163      1077.4398193359
514.428040       997.4649047852
514.776978      1021.9016723633
515.125793      1070.7752685547
515.474609      1006.3510131836
515.823425      1013.0156250000
516.172180      1053.0030517578
516.520813      1081.8829345703
516.869568      1024.1231689453
517.218079      1070.7752685547
517.566650      1090.7690429688
517.915161      1030.7878417969
518.263672      1088.5474853516
518.612183      1035.2308349609
518.960571      1057.4460449219
519.308899      1090.7690429688
519.657227      1068.5537109375
520.005554      1048.5600585938
520.353699      1088.5474853516
520.701904      1015.2371215820
521.050110      1028.5662841797
521.398254      1037.4523925781
521.746338      1066.3321533203
522.094421      1019.6801757813
522.442383      1017.4586181641
522.790222      1057.4460449219
523.138184      1008.5725708008
523.486145      1030.7878417969
523.833984      1053.0030517578
524.181763      1041.8953857422
524.529541      1055.2246093750
524.877197      1017.4586181641
525.224915       950.8128662109
525.572449      1144.0855712891
525.920105       964.1420288086
526.267639      1046.3385009766
526.615173      1088.5474853516
526.962646      1030.7878417969
527.309998      1057.4460449219
527.657410      1026.3447265625
528.004700      1033.0092773438
528.351990      1026.3447265625
528.699280      1061.8891601563
529.046509      1035.2308349609
529.393677      1024.1231689453
529.740845       966.3635864258
530.087891      1024.1231689453
530.434998       990.8003540039
530.781921      1001.9079589844
531.128906      1077.4398193359
531.475891      1046.3385009766
531.822815      1028.5662841797
532.169617      1035.2308349609
532.516418      1070.7752685547
532.863159       995.2434082031
533.209839      1099.6550292969
533.556580      1010.7940673828
533.903198       973.0281372070
534.249817       935.2622070313
534.596436      1013.0156250000
534.942932      1030.7878417969
535.289368      1030.7878417969
535.635803      1028.5662841797
535.982178      1137.4210205078
536.328552      1068.5537109375
536.674805      1044.1169433594
537.021118      1070.7752685547
537.367371      1039.6739501953
537.713501      1046.3385009766
538.059692      1081.8829345703
538.405701      1033.0092773438
538.751831      1033.0092773438
539.097839      1013.0156250000
539.443787      1066.3321533203
539.789734      1059.6676025391
540.135620      1044.1169433594
540.481506      1041.8953857422
540.827209      1099.6550292969
541.173035      1028.5662841797
541.518799      1079.6613769531
541.864502       979.6926879883
542.210144      1079.6613769531
542.555786      1088.5474853516
542.901245      1064.1107177734
543.246826      1010.7940673828
543.592285      1061.8891601563
543.937683      1035.2308349609
544.283142       959.6989746094
544.628479      1019.6801757813
544.973816      1057.4460449219
545.319031      1001.9079589844
545.664307      1017.4586181641
546.009399      1064.1107177734
546.354614      1059.6676025391
546.699707      1112.9842529297
547.044739       993.0218505859
547.389832      1017.4586181641
547.734802      1084.1043701172
548.079712      1024.1231689453
548.424622       995.2434082031
548.769409      1039.6739501953
549.114258      1044.1169433594
549.459045      1008.5725708008
549.803772      1010.7940673828
550.148499      1046.3385009766
550.493103      1026.3447265625
550.837708      1037.4523925781
551.182190      1019.6801757813
551.526733      1075.2182617188
551.871216      1066.3321533203
552.215698      1024.1231689453
552.560120      1055.2246093750
552.904480      1104.0981445313
553.248718      1050.7814941406
553.592957      1037.4523925781
553.937195      1077.4398193359
554.281372      1010.7940673828
554.625549      1013.0156250000
554.969666      1028.5662841797
555.313721      1030.7878417969
555.657654      1066.3321533203
556.001709       984.1357421875
556.345581      1095.2120361328
556.689514       997.4649047852
557.033325      1039.6739501953
557.377197       986.3572998047
557.720947      1101.8765869141
558.064575       981.9142456055
558.408264       977.4711914063
558.751892      1019.6801757813
559.095520      1061.8891601563
559.439087      1099.6550292969
559.782654      1079.6613769531
560.126099      1037.4523925781
560.469543      1057.4460449219
560.812927      1101.8765869141
561.156250      1035.2308349609
561.499512      1001.9079589844
561.842773      1044.1169433594
562.185974      1037.4523925781
562.529175       993.0218505859
562.872314      1041.8953857422
563.215332      1024.1231689453
563.558472      1017.4586181641
563.901367      1019.6801757813
564.244385      1097.4335937500
564.587341      1035.2308349609
564.930237      1035.2308349609
565.273071       999.6864624023
565.615845      1033.0092773438
565.958557       981.9142456055
566.301331      1019.6801757813
566.643860      1028.5662841797
566.986511      1059.6676025391
567.329163      1084.1043701172
567.671692       995.2434082031
568.014221      1055.2246093750
568.356628      1081.8829345703
568.699036      1028.5662841797
569.041321      1072.9968261719
569.383728      1017.4586181641
569.726013       986.3572998047
570.068298      1017.4586181641
570.410461      1010.7940673828
570.752686      1028.5662841797
571.094727      1059.6676025391
571.436768      1097.4335937500
571.778809      1046.3385009766
572.120850      1059.6676025391
572.462769      1041.8953857422
572.804688      1053.0030517578
573.146606      1055.2246093750
573.488342      1037.4523925781
573.830139      1101.8765869141
574.171814      1086.3259277344
574.513550       926.3760986328
574.855164      1021.9016723633
575.196838      1050.7814941406
575.538391       968.5850830078
575.879883      1064.1107177734
576.221375      1004.1295166016
576.562744      1104.0981445313
576.904175      1072.9968261719
577.245483      1019.6801757813
577.586792      1044.1169433594
577.928101      1077.4398193359
578.269348      1061.8891601563
578.610535      1095.2120361328
578.951660      1070.7752685547
579.292664      1070.7752685547
579.633728      1090.7690429688
579.974792      1066.3321533203
580.315796      1033.0092773438
580.656677      1008.5725708008
580.997498      1068.5537109375
581.338379      1061.8891601563
581.679138      1066.3321533203
582.019897      1015.2371215820
582.360657       993.0218505859
582.701294      1119.6488037109
583.041931      1097.4335937500
583.382507      1010.7940673828
583.723022      1081.8829345703
584.063538      1061.8891601563
584.403931      1081.8829345703
584.744385      1035.2308349609
585.084778      1072.9968261719
585.425110      1035.2308349609
585.765381      1061.8891601563
586.105591      1030.7878417969
586.445801      1108.5411376953
586.785889      1013.0156250000
587.125977      1039.6739501953
587.466064      1092.9904785156
587.806152      1037.4523925781
588.146118      1079.6613769531
588.486023      1037.4523925781
588.825928      1057.4460449219
589.165710      1013.0156250000
589.505554      1044.1169433594
589.845337      1057.4460449219
590.185120      1081.8829345703
590.524780      1048.5600585938
590.864441      1070.7752685547
591.203918      1059.6676025391
591.543518      1041.8953857422
591.882996      1041.8953857422
592.222473      1088.5474853516
592.561890      1048.5600585938
592.901306      1019.6801757813
593.240662      1019.6801757813
593.579895      1024.1231689453
593.919128      1048.5600585938
594.258301      1099.6550292969
594.597473       981.9142456055
594.936646      1088.5474853516
595.275696      1046.3385009766
595.614807      1079.6613769531
595.953796      1013.0156250000
596.292725      1039.6739501953
596.631592      1010.7940673828
596.970398      1068.5537109375
597.309204      1053.0030517578
597.648010      1050.7814941406
597.986755      1048.5600585938
598.325500      1146.3071289063
598.664124       984.1357421875
599.002686      1079.6613769531
599.341187      1037.4523925781
599.679749      1050.7814941406
600.018250      1086.3259277344
600.356628      1033.0092773438
600.695068      1106.3197021484
601.033386      1055.2246093750
601.371643      1112.9842529297
601.709900      1026.3447265625
602.048035      1088.5474853516
602.386292      1024.1231689453
602.724426      1055.2246093750
603.062500      1033.0092773438
603.400574      1048.5600585938
603.738525      1006.3510131836
604.076477      1112.9842529297
604.414307      1030.7878417969
604.752197      1021.9016723633
605.090027      1015.2371215820
605.427795      1046.3385009766
605.765564      1053.0030517578
606.103210      1030.7878417969
606.440857      1010.7940673828
606.778442      1108.5411376953
607.115967      1057.4460449219
607.453552      1006.3510131836
607.791016       981.9142456055
608.128418       993.0218505859
608.465820      1010.7940673828
608.803162      1072.9968261719
609.140442      1057.4460449219
609.477661      1064.1107177734
609.814880      1086.3259277344
610.152100      1050.7814941406
610.489258      1035.2308349609
610.826294      1117.4272460938
611.163269      1106.3197021484
611.500305      1041.8953857422
611.837219      1066.3321533203
612.174072      1070.7752685547
612.510986      1115.2058105469
612.847839      1101.8765869141
613.184570      1046.3385009766
613.521362      1030.7878417969
613.857971      1057.4460449219
614.194641      1021.9016723633
614.531189      1050.7814941406
614.867737      1053.0030517578
615.204285      1064.1107177734
615.540771      1084.1043701172
615.877197      1072.9968261719
616.213562      1053.0030517578
616.549927      1046.3385009766
616.886169      1015.2371215820
617.222351      1026.3447265625
617.558594      1033.0092773438
617.894775      1057.4460449219
618.230896      1048.5600585938
618.566956      1008.5725708008
618.902954      1024.1231689453
619.238953      1053.0030517578
619.574890      1064.1107177734
619.910767      1088.5474853516
620.246643      1055.2246093750
620.582458      1072.9968261719
620.918213      1026.3447265625
621.253967      1048.5600585938
621.589661      1039.6739501953
621.925232       999.6864624023
622.260803       993.0218505859
622.596375       999.6864624023
622.931885      1013.0156250000
623.267334      1070.7752685547
623.602722      1099.6550292969
623.938110      1079.6613769531
624.273376      1037.4523925781
624.608643      1048.5600585938
624.943848      1015.2371215820
625.279114      1088.5474853516
625.614258      1104.0981445313
625.949341      1057.4460449219
626.284424      1081.8829345703
626.619446      1079.6613769531
626.954407      1081.8829345703
627.289307      1053.0030517578
627.624207      1050.7814941406
627.959045      1044.1169433594
628.293884      1039.6739501953
628.628601       999.6864624023
628.963257      1059.6676025391
629.297913      1090.7690429688
629.632507      1006.3510131836
629.967102      1081.8829345703
630.301697      1068.5537109375
630.636169      1053.0030517578
630.970581      1064.1107177734
631.304993      1048.5600585938
631.639282      1024.1231689453
631.973572      1059.6676025391
632.307861      1015.2371215820
632.642090      1030.7878417969
632.976257      1048.5600585938
633.310425      1037.4523925781
633.644470      1050.7814941406
633.978516      1046.3385009766
634.312439      1010.7940673828
634.646423      1086.3259277344
634.980347      1086.3259277344
635.314209      1039.6739501953
635.648071       990.8003540039
635.981812      1010.7940673828
636.315552      1050.7814941406
636.649170      1035.2308349609
636.982849      1039.6739501953
637.316406      1053.0030517578
637.649963       993.0218505859
637.983521      1019.6801757813
638.317017      1006.3510131836
638.650391      1019.6801757813
638.983765      1108.5411376953
639.317078      1041.8953857422
639.650391      1075.2182617188
639.983643      1072.9968261719
640.316833      1108.5411376953
640.649963      1015.2371215820
640.983032      1057.4460449219
641.316101      1013.0156250000
641.649109      1019.6801757813
641.982056      1075.2182617188
642.315002      1013.0156250000
642.647888      1024.1231689453
642.980774      1015.2371215820
643.313538      1055.2246093750
643.646301       993.0218505859
643.979004      1072.9968261719
644.311646      1061.8891601563
644.644226      1064.1107177734
644.976868      1055.2246093750
645.309387      1017.4586181641
645.641846      1041.8953857422
645.974243      1070.7752685547
646.306702      1033.0092773438
646.638977      1053.0030517578
646.971252      1037.4523925781
647.303528      1048.5600585938
647.635803      1037.4523925781
647.967957      1026.3447265625
648.300110      1044.1169433594
648.632141      1021.9016723633
648.964111      1059.6676025391
649.296082      1053.0030517578
649.628113      1053.0030517578
649.960022      1128.5349121094
650.291870      1057.4460449219
650.623718      1055.2246093750
650.955383      1101.8765869141
651.287109       986.3572998047
651.618774      1006.3510131836
651.950378      1006.3510131836
652.281982      1030.7878417969
652.613586      1061.8891601563
652.945068       995.2434082031
653.276489      1008.5725708008
653.607910      1046.3385009766
653.939209      1044.1169433594
654.270569      1004.1295166016
654.601807      1057.4460449219
654.933105      1050.7814941406
655.264221      1088.5474853516
655.595398      1008.5725708008
655.926453      1066.3321533203
656.257507      1057.4460449219
656.588440       990.8003540039
656.919434      1028.5662841797
657.250366      1039.6739501953
657.581238      1064.1107177734
657.912048      1044.1169433594
658.242798      1044.1169433594
658.573486      1030.7878417969
658.904114      1026.3447265625
659.234802      1059.6676025391
659.565430       993.0218505859
659.895996      1008.5725708008
660.226501      1055.2246093750
660.556946      1028.5662841797
660.887329      1035.2308349609
661.217712      1037.4523925781
661.547974      1008.5725708008
661.878296      1072.9968261719
662.208557       988.5787963867
662.538757      1035.2308349609
662.868896      1035.2308349609
663.198975      1061.8891601563
663.528992      1055.2246093750
663.859009      1013.0156250000
664.188904      1039.6739501953
664.518860      1026.3447265625
664.848755      1072.9968261719
665.178589      1035.2308349609
665.508362      1088.5474853516
665.838013      1035.2308349609
666.167725      1075.2182617188
666.497375       986.3572998047
666.826965      1008.5725708008
667.156494      1072.9968261719
667.486084      1061.8891601563
667.815552      1030.7878417969
668.144897      1017.4586181641
668.474304      1021.9016723633
668.803528      1048.5600585938
669.132813      1070.7752685547
669.462036      1092.9904785156
669.791260      1095.2120361328
670.120422      1041.8953857422
670.449463      1021.9016723633
670.778564      1039.6739501953
671.107544      1041.8953857422
671.436523      1033.0092773438
671.765381      1021.9016723633
672.094299      1053.0030517578
672.423157       953.0344238281
672.751831      1101.8765869141
673.080627      1035.2308349609
673.409302      1046.3385009766
673.737976      1061.8891601563
674.066528      1026.3447265625
674.395081      1108.5411376953
674.723572      1144.0855712891
675.052002      1084.1043701172
675.380432      1028.5662841797
675.708801      1061.8891601563
676.037170      1050.7814941406
676.365417      1015.2371215820
676.693665      1115.2058105469
677.021851      1048.5600585938
677.349976      1006.3510131836
677.678040      1112.9842529297
678.006042      1030.7878417969
678.334106      1006.3510131836
678.662048      1039.6739501953
678.989929      1064.1107177734
679.317810       995.2434082031
679.645630      1039.6739501953
679.973389      1028.5662841797
680.301086      1152.9716796875
680.628845      1112.9842529297
680.956482      1041.8953857422
681.283997      1050.7814941406
681.611572      1028.5662841797
681.939087       975.2496337891
682.266541      1077.4398193359
682.593872      1053.0030517578
682.921265       977.4711914063
683.248596      1030.7878417969
683.575806      1057.4460449219
683.903076      1081.8829345703
684.230286      1046.3385009766
684.557373      1121.8703613281
684.884399      1010.7940673828
685.211487      1015.2371215820
685.538513       955.2559204102
685.865417      1030.7878417969
686.192261      1044.1169433594
686.519165      1021.9016723633
686.845947      1046.3385009766
687.172729      1077.4398193359
687.499451       970.8066406250
687.826111      1044.1169433594
688.152771      1072.9968261719
688.479248      1066.3321533203
688.805847       990.8003540039
689.132324      1008.5725708008
689.458801      1021.9016723633
689.785095      1048.5600585938
690.111511       981.9142456055
690.437805      1019.6801757813
690.764038      1028.5662841797
691.090210      1041.8953857422
691.416443      1010.7940673828
691.742554      1030.7878417969
692.068604      1084.1043701172
692.394592      1066.3321533203
692.720581      1030.7878417969
693.046509      1095.2120361328
693.372375      1101.8765869141
693.698242      1050.7814941406
694.023987      1115.2058105469
694.349792      1108.5411376953
694.675476      1117.4272460938
695.001099      1064.1107177734
695.326721      1044.1169433594
695.652222      1141.8640136719
695.977783      1059.6676025391
696.303284      1070.7752685547
696.628723      1039.6739501953
696.954041      1026.3447265625
697.279358      1057.4460449219
697.604675      1004.1295166016
697.929871      1044.1169433594
698.255066      1035.2308349609
698.580200      1030.7878417969
698.905334      1044.1169433594
699.230286      1033.0092773438
699.555359      1119.6488037109
699.880310      1017.4586181641
700.205261      1055.2246093750
700.530029      1048.5600585938
700.854919       973.0281372070
701.179688      1035.2308349609
701.504456      1068.5537109375
701.829102      1057.4460449219
702.153687      1013.0156250000
702.478271      1048.5600585938
702.802856      1097.4335937500
703.127319      1081.8829345703
703.451721      1053.0030517578
703.776123      1041.8953857422
704.100464      1061.8891601563
704.424805      1037.4523925781
704.749084      1015.2371215820
705.073303      1081.8829345703
705.397461      1090.7690429688
705.721558      1081.8829345703
706.045654      1055.2246093750
706.369690      1046.3385009766
706.693604      1048.5600585938
707.017578       995.2434082031
707.341431      1099.6550292969
707.665283      1046.3385009766
707.989075      1055.2246093750
708.312805      1050.7814941406
708.636536      1053.0030517578
708.960144      1055.2246093750
709.283752      1057.4460449219
709.607361      1055.2246093750
709.930847      1041.8953857422
710.254333      1046.3385009766
710.577759      1044.1169433594
710.901062      1121.8703613281
711.224426      1037.4523925781
711.547668      1041.8953857422
711.870911      1086.3259277344
712.194153      1055.2246093750
712.517212      1099.6550292969
712.840332      1046.3385009766
713.163391      1044.1169433594
713.486389      1059.6676025391
713.809326      1053.0030517578
714.132202      1099.6550292969
714.455078      1053.0030517578
714.777893      1026.3447265625
715.100586      1044.1169433594
715.423401      1021.9016723633
715.746094      1079.6613769531
716.068604      1024.1231689453
716.391235       968.5850830078
716.713745      1048.5600585938
717.036255      1041.8953857422
717.358643      1004.1295166016
717.681030       988.5787963867
718.003418      1044.1169433594
718.325745      1010.7940673828
718.647888      1055.2246093750
718.970154      1095.2120361328
719.292297      1048.5600585938
719.614380      1055.2246093750
719.936401      1070.7752685547
720.258423      1061.8891601563
720.580383      1041.8953857422
720.902283      1013.0156250000
721.224182      1017.4586181641
721.545959       975.2496337891
721.867737      1057.4460449219
722.189453      1028.5662841797
722.511169      1019.6801757813
722.832764      1048.5600585938
723.154419      1033.0092773438
723.475952      1055.2246093750
723.797424      1004.1295166016
724.118896      1004.1295166016
724.440247      1066.3321533203
724.761597      1084.1043701172
725.082886      1057.4460449219
725.404175       968.5850830078
725.725342      1050.7814941406
726.046509      1126.3133544922
726.367615      1088.5474853516
726.688721      1030.7878417969
727.009644      1088.5474853516
727.330688      1066.3321533203
727.651611      1039.6739501953
727.972473      1064.1107177734
728.293274      1017.4586181641
728.614075      1048.5600585938
728.934814      1068.5537109375
729.255493      1064.1107177734
729.576172      1046.3385009766
729.896729      1017.4586181641
730.217285      1028.5662841797
730.537720      1070.7752685547
730.858215      1066.3321533203
731.178650      1004.1295166016
731.498962      1053.0030517578
731.819214      1081.8829345703
732.139526      1017.4586181641
732.459778      1084.1043701172
732.779846      1039.6739501953
733.100037      1090.7690429688
733.420105      1079.6613769531
733.740112      1015.2371215820
734.060059      1055.2246093750
734.380066      1013.0156250000
734.699890      1033.0092773438
735.019775      1030.7878417969
735.339478      1066.3321533203
735.659241      1066.3321533203
735.978943      1033.0092773438
736.298584      1081.8829345703
736.618164      1006.3510131836
736.937744      1033.0092773438
737.257263      1041.8953857422
737.576599       955.2559204102
737.896057      1044.1169433594
738.215393      1024.1231689453
738.534729      1055.2246093750
738.853943      1106.3197021484
739.173157      1033.0092773438
739.492371      1053.0030517578
739.811523      1079.6613769531
740.130493      1072.9968261719
740.449524      1095.2120361328
740.768555      1057.4460449219
741.087463      1004.1295166016
741.406311       970.8066406250
741.725159      1066.3321533203
742.043945      1088.5474853516
742.362610      1053.0030517578
742.681396      1044.1169433594
743.000061      1021.9016723633
743.318604      1028.5662841797
743.637146      1084.1043701172
743.955627       999.6864624023
744.274109      1112.9842529297
744.592407      1055.2246093750
744.910828      1104.0981445313
745.229126      1017.4586181641
745.547424      1024.1231689453
745.865540      1092.9904785156
746.183777      1028.5662841797
746.501892      1030.7878417969
746.819946       986.3572998047
747.137939      1124.0919189453
747.455872       979.6926879883
747.773865      1092.9904785156
748.091736      1021.9016723633
748.409485      1004.1295166016
748.727295      1081.8829345703
749.045044      1024.1231689453
749.362671      1075.2182617188
749.680298      1004.1295166016
749.997925       979.6926879883
750.315491      1021.9016723633
750.632874      1015.2371215820
750.950378      1068.5537109375
751.267822      1033.0092773438
751.585083      1028.5662841797
751.902405      1039.6739501953
752.219666      1064.1107177734
752.536865      1044.1169433594
752.854004      1104.0981445313
753.171082      1057.4460449219
753.488159      1104.0981445313
753.805176      1033.0092773438
754.122070       997.4649047852
754.439026      1075.2182617188
754.755920      1053.0030517578
755.072693      1039.6739501953
755.389465      1088.5474853516
755.706177      1068.5537109375
756.022888      1037.4523925781
756.339478      1039.6739501953
756.656006      1097.4335937500
756.972595      1070.7752685547
757.289063      1017.4586181641
757.605408      1092.9904785156
757.921814      1010.7940673828
758.238159      1055.2246093750
758.554443      1044.1169433594
758.870667      1059.6676025391
759.186890      1006.3510131836
759.503052       990.8003540039
759.819092      1037.4523925781
760.135132      1066.3321533203
760.451172      1072.9968261719
760.767029      1037.4523925781
761.082947      1066.3321533203
761.398804      1059.6676025391
761.714600      1024.1231689453
762.030396       959.6989746094
762.346008      1053.0030517578
762.661682      1001.9079589844
762.977295      1048.5600585938
763.292908      1066.3321533203
763.608337      1092.9904785156
763.923828      1050.7814941406
764.239258      1030.7878417969
764.554626      1055.2246093750
764.869873      1079.6613769531
765.185181      1055.2246093750
765.500427      1039.6739501953
765.815491      1059.6676025391
766.130615      1088.5474853516
766.445740      1075.2182617188
766.760803       979.6926879883
767.075745      1061.8891601563
767.390686      1019.6801757813
767.705566      1006.3510131836
768.020386      1064.1107177734
768.335144      1095.2120361328
768.649902      1112.9842529297
768.964539       995.2434082031
769.279175       993.0218505859
769.593750      1001.9079589844
769.908264       970.8066406250
770.222839      1055.2246093750
770.537170      1021.9016723633
770.851624       981.9142456055
771.165955      1035.2308349609
771.480286      1044.1169433594
771.794495      1064.1107177734
772.108704      1033.0092773438
772.422852      1057.4460449219
772.736938      1033.0092773438
773.050964      1026.3447265625
773.364990      1015.2371215820
773.678894      1053.0030517578
773.992798      1037.4523925781
774.306641       937.4837036133
774.620422      1037.4523925781
774.934204       999.6864624023
775.247864      1015.2371215820
775.561584       977.4711914063
775.875183      1099.6550292969
776.188721      1075.2182617188
776.502197      1066.3321533203
776.815735      1044.1169433594
777.129150      1070.7752685547
777.442444      1128.5349121094
777.755737       984.1357421875
778.069092       955.2559204102
778.382324      1099.6550292969
778.695435      1010.7940673828
779.008545       957.4774780273
779.321594      1068.5537109375
779.634644      1084.1043701172
779.947571      1026.3447265625
780.260498      1039.6739501953
780.573364      1028.5662841797
780.886169      1001.9079589844
781.198975      1030.7878417969
781.511719      1001.9079589844
781.824402      1013.0156250000
782.136963      1055.2246093750
782.449585      1084.1043701172
782.762146      1024.1231689453
783.074646      1108.5411376953
783.387024      1066.3321533203
783.699402      1079.6613769531
784.011719      1039.6739501953
784.324097      1021.9016723633
784.636230      1053.0030517578
784.948425      1059.6676025391
785.260620      1021.9016723633
785.572632      1015.2371215820
785.884644      1124.0919189453
786.196655      1099.6550292969
786.508667      1013.0156250000
786.820496      1112.9842529297
787.132324      1039.6739501953
787.444153      1008.5725708008
787.755859      1021.9016723633
788.067566      1077.4398193359
788.379211       979.6926879883
788.690796       961.9205322266
789.002319       966.3635864258
789.313782      1099.6550292969
789.625305      1015.2371215820
789.936707       973.0281372070
790.247986      1044.1169433594
790.559326      1064.1107177734
790.870605      1017.4586181641
791.181763       986.3572998047
791.492920      1186.2945556641
791.803955      1055.2246093750
792.115051      1048.5600585938
792.426086      1028.5662841797
792.737000      1039.6739501953
793.047913      1090.7690429688
793.358765      1077.4398193359
793.669495      1092.9904785156
793.980347      1046.3385009766
794.291016       979.6926879883
794.601685      1070.7752685547
794.912292      1061.8891601563
795.222778      1072.9968261719
795.533325      1044.1169433594
795.843811       988.5787963867
796.154175       995.2434082031
796.464539      1041.8953857422
796.774902      1028.5662841797
797.085022      1108.5411376953
797.395325      1081.8829345703
797.705505      1061.8891601563
798.015625      1046.3385009766
798.325623      1026.3447265625
798.635620      1084.1043701172
798.945618      1053.0030517578
799.255554      1039.6739501953
799.565369      1035.2308349609
799.875183      1053.0030517578
800.184998      1077.4398193359
800.494690       973.0281372070
800.804321      1033.0092773438
801.113953       957.4774780273
801.423462      1044.1169433594
801.732910      1050.7814941406
802.042419      1101.8765869141
802.351868      1068.5537109375
802.661255      1057.4460449219
802.970520      1075.2182617188
803.279785      1008.5725708008
803.588989      1081.8829345703
803.898193      1006.3510131836
804.207275      1077.4398193359
804.516357      1053.0030517578
804.825378       997.4649047852
805.134277      1066.3321533203
805.443176       999.6864624023
805.752136      1066.3321533203
806.060974      1021.9016723633
806.369629      1035.2308349609
806.678406      1021.9016723633
806.987061      1037.4523925781
807.295715      1030.7878417969
807.604187      1072.9968261719
807.912720      1039.6739501953
808.221191      1008.5725708008
808.529663      1059.6676025391
808.837952      1024.1231689453
809.146301       993.0218505859
809.454590      1106.3197021484
809.762756      1026.3447265625
810.070923      1019.6801757813
810.379028      1050.7814941406
810.687073      1019.6801757813
810.995117      1059.6676025391
811.303040      1041.8953857422
811.611023      1059.6676025391
811.918884      1117.4272460938
812.226624      1057.4460449219
812.534424      1004.1295166016
812.842163      1026.3447265625
813.149719       997.4649047852
813.457397      1039.6739501953
813.764954      1053.0030517578
814.072510      1110.7626953125
814.379883      1055.2246093750
814.687378      1028.5662841797
814.994690      1044.1169433594
815.302063      1079.6613769531
815.609314      1028.5662841797
815.916504      1035.2308349609
816.223694       959.6989746094
816.530762      1055.2246093750
816.837830      1090.7690429688
817.144836      1050.7814941406
817.451843      1059.6676025391
817.758667      1048.5600585938
818.065552      1033.0092773438
818.372375      1044.1169433594
818.679138      1026.3447265625
818.985779      1124.0919189453
819.292480      1033.0092773438
819.599121      1057.4460449219
819.905701      1033.0092773438
820.212158      1079.6613769531
820.518616      1055.2246093750
820.825012      1039.6739501953
821.131348      1024.1231689453
821.437683      1101.8765869141
821.743896      1055.2246093750
822.050110      1070.7752685547
822.356262      1068.5537109375
822.662415      1070.7752685547
822.968445      1008.5725708008
823.274475      1072.9968261719
823.580322      1004.1295166016
823.886292      1101.8765869141
824.192200      1026.3447265625
824.497864      1068.5537109375
824.803711      1079.6613769531
825.109375      1090.7690429688
825.415039      1061.8891601563
825.720581       973.0281372070
826.026184      1048.5600585938
826.331665      1104.0981445313
826.637146      1064.1107177734
826.942444       990.8003540039
827.247803      1064.1107177734
827.553162      1053.0030517578
827.858398      1026.3447265625
828.163574      1068.5537109375
828.468750      1033.0092773438
828.773804      1086.3259277344
829.078796       979.6926879883
829.383850      1030.7878417969
829.688782      1068.5537109375
829.993713      1024.1231689453
830.298462      1053.0030517578
830.603271      1004.1295166016
830.908020      1010.7940673828
831.212708      1057.4460449219
831.517273      1092.9904785156
831.821960      1039.6739501953
832.126465      1059.6676025391
832.430908      1068.5537109375
832.735352      1086.3259277344
833.039734      1077.4398193359
833.344116      1001.9079589844
833.648315       990.8003540039
833.952576      1059.6676025391
834.256714      1061.8891601563
834.560913       964.1420288086
834.864929      1064.1107177734
835.169006      1035.2308349609
835.472961      1050.7814941406
835.776917      1017.4586181641
836.080750      1030.7878417969
836.384583      1030.7878417969
836.688354      1039.6739501953
836.992004      1024.1231689453
837.295654       999.6864624023
837.599365      1059.6676025391
837.902893      1021.9016723633
838.206360      1072.9968261719
838.509827      1057.4460449219
838.813293       986.3572998047
839.116699      1110.7626953125
839.419922      1092.9904785156
839.723206       995.2434082031
840.026428      1050.7814941406
840.329590      1033.0092773438
840.632690      1068.5537109375
840.935730       993.0218505859
841.238708       988.5787963867
841.541626      1057.4460449219
841.844543      1019.6801757813
842.147461      1053.0030517578
842.450256      1044.1169433594
842.752930      1068.5537109375
843.055664      1057.4460449219
843.358337      1021.9016723633
843.660889      1090.7690429688
843.963440      1066.3321533203
844.265930      1086.3259277344
844.568420      1055.2246093750
844.870728      1019.6801757813
845.173096      1008.5725708008
845.475403      1008.5725708008
845.777649      1033.0092773438
846.079834      1046.3385009766
846.381958      1026.3447265625
846.684021      1066.3321533203
846.986145      1010.7940673828
847.288025      1077.4398193359
847.589966      1097.4335937500
847.891846      1075.2182617188
848.193665      1070.7752685547
848.495483      1050.7814941406
848.797180      1081.8829345703
849.098877      1044.1169433594
849.400452      1108.5411376953
849.702026      1030.7878417969
850.003540       990.8003540039
850.304993       993.0218505859
850.606445      1077.4398193359
850.907776      1072.9968261719
851.209106      1015.2371215820
851.510315      1064.1107177734
851.811584      1041.8953857422
852.112671       935.2622070313
852.413879      1015.2371215820
852.714844      1086.3259277344
853.015869      1075.2182617188
853.316833      1126.3133544922
853.617737      1044.1169433594
853.918579       986.3572998047
854.219360      1050.7814941406
854.520142      1024.1231689453
854.820862       990.8003540039
855.121399      1099.6550292969
855.421997      1061.8891601563
855.722595      1072.9968261719
856.023071      1079.6613769531
856.323486      1057.4460449219
856.623901      1059.6676025391
856.924255       995.2434082031
857.224487      1097.4335937500
857.524719      1061.8891601563
857.824890      1139.6425781250
858.125000      1101.8765869141
858.425049      1041.8953857422
858.725098      1010.7940673828
859.025085      1033.0092773438
859.325012      1030.7878417969
859.624817      1035.2308349609
859.924683       993.0218505859
860.224487      1021.9016723633
860.524170      1044.1169433594
860.823792      1021.9016723633
861.123474      1044.1169433594
861.422974      1075.2182617188
861.722412      1053.0030517578
862.021912      1041.8953857422
862.321350      1008.5725708008
862.620728      1019.6801757813
862.919983      1088.5474853516
863.219238      1048.5600585938
863.518433      1026.3447265625
863.817505      1035.2308349609
864.116638      1006.3510131836
864.415710      1019.6801757813
864.714722      1035.2308349609
865.013550      1088.5474853516
865.312439      1046.3385009766
865.611328      1044.1169433594
865.910156      1053.0030517578
866.208801      1008.5725708008
866.507507      1081.8829345703
866.806091      1068.5537109375
867.104614       993.0218505859
867.403137      1028.5662841797
867.701660      1030.7878417969
868.000061      1017.4586181641
868.298401      1004.1295166016
868.596741      1075.2182617188
868.894958      1041.8953857422
869.193237       953.0344238281
869.491333      1028.5662841797
869.789429      1055.2246093750
870.087524      1039.6739501953
870.385498      1084.1043701172
870.683411      1030.7878417969
870.981323      1077.4398193359
871.279236       957.4774780273
871.576965      1106.3197021484
871.874695      1044.1169433594
872.172363       995.2434082031
872.470032      1017.4586181641
872.767578      1008.5725708008
873.065125       981.9142456055
873.362549      1048.5600585938
873.660034       995.2434082031
873.957397      1072.9968261719
874.254700      1079.6613769531
874.552002      1021.9016723633
874.849182      1006.3510131836
875.146362      1041.8953857422
875.443481      1024.1231689453
875.740540      1086.3259277344
876.037476      1028.5662841797
876.334473      1021.9016723633
876.631348      1055.2246093750
876.928223      1019.6801757813
877.224976      1041.8953857422
877.521729      1090.7690429688
877.818420      1028.5662841797
878.115112      1015.2371215820
878.411621       988.5787963867
878.708191      1066.3321533203
879.004700      1044.1169433594
879.301086       997.4649047852
879.597473       959.6989746094
879.893799      1035.2308349609
880.190063       984.1357421875
880.486267      1046.3385009766
880.782471      1033.0092773438
881.078613      1035.2308349609
881.374695      1066.3321533203
881.670654      1079.6613769531
881.966614      1046.3385009766
882.262573      1057.4460449219
882.558350      1061.8891601563
882.854126      1035.2308349609
883.149902      1055.2246093750
883.445618      1099.6550292969
883.741211      1041.8953857422
884.036865      1097.4335937500
884.332336      1108.5411376953
884.627869      1039.6739501953
884.923218      1092.9904785156
885.218689      1015.2371215820
885.513977      1055.2246093750
885.809265      1055.2246093750
886.104492      1106.3197021484
886.399658      1115.2058105469
886.694763      1039.6739501953
886.989807      1048.5600585938
887.284790      1050.7814941406
887.579773      1057.4460449219
887.874695      1048.5600585938
888.169495      1041.8953857422
888.464355      1081.8829345703
888.759094      1041.8953857422
889.053772      1075.2182617188
889.348389      1053.0030517578
