0.174000
190.096298         0.0000000000
190.479492         0.0000000000
190.862656      1096.8489990234
191.245789      1149.7369384766
191.628876      1083.0521240234
192.011948      1138.2395019531
192.394958      1154.3358154297
192.777939      1175.0311279297
193.160904      1158.9348144531
193.543823      1175.0311279297
193.926697      1177.3305664063
194.309555      1147.4373779297
194.692368      1221.0205078125
195.075150      1168.1326904297
195.457886      1198.0258789063
195.840607      1250.9136962891
196.223282      1145.1379394531
196.605927      1221.0205078125
196.988541      1202.6247558594
197.371094      1232.5179443359
197.753632      1198.0258789063
198.136139      1175.0311279297
198.518600      1161.2342529297
198.901031      1186.5284423828
199.283432      1145.1379394531
199.665802      1085.3515625000
200.048126      1193.4268798828
200.430405      1218.7210693359
200.812668      1186.5284423828
201.194885      1204.9241943359
201.577072      1204.9241943359
201.959244      1204.9241943359
202.341354      1168.1326904297
202.723434      1191.1274414063
203.105499      1122.1431884766
203.487503      1122.1431884766
203.869461      1163.5336914063
204.251434      1172.7315673828
204.633331      1124.4426269531
205.015198      1156.6352539063
205.397049      1154.3358154297
205.778854      1126.7421875000
206.160614      1147.4373779297
206.542343      1191.1274414063
206.924042      1140.5389404297
207.305710      1184.2290039063
207.687332      1156.6352539063
208.068939      1184.2290039063
208.450485      1119.8437500000
208.832016      1165.8332519531
209.213501      1232.5179443359
209.594955      1181.9295654297
209.976379      1191.1274414063
210.357758      1124.4426269531
210.739105      1248.6142578125
211.120422      1122.1431884766
211.501694      1177.3305664063
211.882935      1177.3305664063
212.264145      1126.7421875000
212.645340      1168.1326904297
213.026474      1186.5284423828
213.407562      1218.7210693359
213.788620      1152.0363769531
214.169662      1163.5336914063
214.550659      1156.6352539063
214.931610      1211.8226318359
215.312561      1117.5441894531
215.693451      1080.7526855469
216.074295      1188.8278808594
216.455109      1154.3358154297
216.835922      1184.2290039063
217.216660      1253.2132568359
217.597382      1161.2342529297
217.978058      1149.7369384766
218.358704      1170.4321289063
218.739304      1175.0311279297
219.119888      1112.9453125000
219.500427      1278.5074462891
219.880920      1149.7369384766
220.261414      1195.7263183594
220.641830      1165.8332519531
221.022232      1138.2395019531
221.402603      1163.5336914063
221.782944      1156.6352539063
222.163223      1138.2395019531
222.543488      1225.6195068359
222.923706      1135.9400634766
223.303894      1101.4478759766
223.684036      1152.0363769531
224.064163      1161.2342529297
224.444244      1202.6247558594
224.824295      1147.4373779297
225.204300      1156.6352539063
225.584274      1142.8385009766
225.964203      1181.9295654297
226.344131      1230.2185058594
226.723999      1147.4373779297
227.103806      1149.7369384766
227.483627      1108.3463134766
227.863388      1248.6142578125
228.243118      1230.2185058594
228.622787      1191.1274414063
229.002472      1188.8278808594
229.382080      1147.4373779297
229.761688      1181.9295654297
230.141220      1131.3410644531
230.520721      1156.6352539063
230.900208      1161.2342529297
231.279663      1154.3358154297
231.659073      1158.9348144531
232.038452      1154.3358154297
232.417786      1186.5284423828
232.797073      1188.8278808594
233.176346      1163.5336914063
233.555573      1099.1484375000
233.934784      1200.3253173828
234.313934      1158.9348144531
234.693069      1156.6352539063
235.072144      1142.8385009766
235.451202      1170.4321289063
235.830215      1168.1326904297
236.209213      1165.8332519531
236.588165      1152.0363769531
236.967072      1154.3358154297
237.345947      1149.7369384766
237.724792      1138.2395019531
238.103577      1202.6247558594
238.482361      1188.8278808594
238.861084      1209.5231933594
239.239777      1140.5389404297
239.618454      1216.4216308594
239.997070      1191.1274414063
240.375671      1193.4268798828
240.754211      1154.3358154297
241.132751      1193.4268798828
241.511215      1165.8332519531
241.889694      1237.1169433594
242.268097      1149.7369384766
242.646469      1163.5336914063
243.024811      1092.2500000000
243.403122      1184.2290039063
243.781387      1193.4268798828
244.159622      1186.5284423828
244.537827      1172.7315673828
244.915985      1122.1431884766
245.294113      1119.8437500000
245.672195      1110.6458740234
246.050262      1179.6300048828
246.428268      1317.5985107422
246.806274      1200.3253173828
247.184219      1122.1431884766
247.562119      1202.6247558594
247.940002      1207.2237548828
248.317841      1200.3253173828
248.695648      1168.1326904297
249.073425      1156.6352539063
249.451157      1161.2342529297
249.828842      1230.2185058594
250.206512      1225.6195068359
250.584152      1191.1274414063
250.961731      1168.1326904297
251.339279      1149.7369384766
251.716812      1156.6352539063
252.094299      1149.7369384766
252.471725      1140.5389404297
252.849136      1193.4268798828
253.226517      1186.5284423828
253.603867      1211.8226318359
253.981171      1184.2290039063
254.358429      1089.9505615234
254.735672      1161.2342529297
255.112869      1200.3253173828
255.490021      1172.7315673828
255.867172      1211.8226318359
256.244263      1223.3200683594
256.621307      1131.3410644531
256.998291      1154.3358154297
257.375305      1184.2290039063
257.752228      1163.5336914063
258.129120      1161.2342529297
258.506012      1133.6406250000
258.882843      1211.8226318359
259.259644      1147.4373779297
259.636414      1193.4268798828
260.013123      1250.9136962891
260.389832      1140.5389404297
260.766479      1230.2185058594
261.143127      1124.4426269531
261.519714      1200.3253173828
261.896271      1218.7210693359
262.272736      1152.0363769531
262.649231      1092.2500000000
263.025696      1216.4216308594
263.402100      1119.8437500000
263.778473      1131.3410644531
264.154785      1145.1379394531
264.531097      1179.6300048828
264.907318      1175.0311279297
265.283569      1179.6300048828
265.659760      1168.1326904297
266.035919      1122.1431884766
266.412018      1198.0258789063
266.788086      1179.6300048828
267.164154      1170.4321289063
267.540192      1149.7369384766
267.916107      1156.6352539063
268.292084      1138.2395019531
268.667969      1117.5441894531
269.043793      1193.4268798828
269.419617      1138.2395019531
269.795410      1188.8278808594
270.171204      1117.5441894531
270.546875      1191.1274414063
270.922577      1165.8332519531
271.298248      1096.8489990234
271.673828      1149.7369384766
272.049408      1112.9453125000
272.424927      1124.4426269531
272.800446      1191.1274414063
273.175934      1163.5336914063
273.551361      1214.1221923828
273.926727      1186.5284423828
274.302063      1158.9348144531
274.677399      1154.3358154297
275.052673      1200.3253173828
275.427948      1140.5389404297
275.803131      1193.4268798828
276.178314      1158.9348144531
276.553436      1198.0258789063
276.928558      1188.8278808594
277.303650      1200.3253173828
277.678619      1214.1221923828
278.053650      1267.0100097656
278.428589      1138.2395019531
278.803528      1234.8173828125
279.178375      1200.3253173828
279.553253      1230.2185058594
279.928070      1175.0311279297
280.302826      1227.9189453125
280.677582      1170.4321289063
281.052277      1221.0205078125
281.426941      1216.4216308594
281.801544      1172.7315673828
282.176147      1253.2132568359
282.550720      1170.4321289063
282.925232      1195.7263183594
283.299683      1204.9241943359
283.674133      1271.6090087891
284.048553      1156.6352539063
284.422974      1191.1274414063
284.797241      1133.6406250000
285.171600      1184.2290039063
285.545837      1181.9295654297
285.920074      1179.6300048828
286.294250      1181.9295654297
286.668396      1221.0205078125
287.042511      1129.0416259766
287.416626      1204.9241943359
287.790649      1170.4321289063
288.164673      1124.4426269531
288.538635      1168.1326904297
288.912567      1209.5231933594
289.286438      1195.7263183594
289.660309      1156.6352539063
290.034149      1184.2290039063
290.407959      1119.8437500000
290.781677      1156.6352539063
291.155396      1184.2290039063
291.529083      1179.6300048828
291.902710      1161.2342529297
292.276337      1168.1326904297
292.649902      1179.6300048828
293.023407      1255.5126953125
293.396912      1260.1115722656
293.770386      1165.8332519531
294.143829      1188.8278808594
294.517181      1207.2237548828
294.890533      1221.0205078125
295.263824      1175.0311279297
295.637115      1170.4321289063
296.010345      1239.4163818359
296.383545      1207.2237548828
296.756744      1253.2132568359
297.129852      1230.2185058594
297.502960      1218.7210693359
297.875977      1269.3095703125
298.248993      1124.4426269531
298.621979      1168.1326904297
298.994934      1253.2132568359
299.367859      1241.7158203125
299.740723      1214.1221923828
300.113556      1165.8332519531
300.486359      1239.4163818359
300.859100      1234.8173828125
301.231842      1230.2185058594
301.604492      1225.6195068359
301.977173      1246.3148193359
302.349792      1250.9136962891
302.722351      1223.3200683594
303.094910      1223.3200683594
303.467377      1301.5021972656
303.839874      1267.0100097656
304.212311      1292.3041992188
304.584717      1379.6842041016
304.957062      1326.7963867188
305.329376      1398.0800781250
305.701630      1404.9785156250
306.073853      1391.1816406250
306.446106      1473.9626464844
306.818268      1473.9626464844
307.190399      1533.7490234375
307.562500      1506.1552734375
307.934540      1607.3321533203
308.306610      1703.9100341797
308.678558      1669.4179687500
309.050507      1759.0974121094
309.422424      1692.4127197266
309.794281      1706.2094726563
310.166138      1713.1079101563
310.537933      1825.7822265625
310.909729      1938.4564208984
311.281464      2074.1252441406
311.653107      2168.4038085938
312.024780      2304.0727539063
312.396393      2156.9064941406
312.767975      2179.9011230469
313.139496      2294.8747558594
313.511047      2356.9606933594
313.882507      2460.4370117188
314.253906      2398.3510742188
314.625305      2504.1269531250
314.996643      2586.9079589844
315.368011      2596.1059570313
315.739258      2642.0954589844
316.110504      2607.6032714844
316.481720      2600.7048339844
316.852905      2701.8815917969
317.223999      2973.2194824219
317.595123      3046.8027343750
317.966187      3170.9743652344
318.337189      3233.0600585938
318.708191      3124.9848632813
319.079163      3203.1669921875
319.450073      3147.9794921875
319.820923      3292.8464355469
320.191742      3306.6433105469
320.562561      3377.9270019531
320.933319      3658.4626464844
321.304047      3640.0668945313
321.674744      3667.6606445313
322.045380      3672.2595214844
322.416016      3688.3559570313
322.786560      3734.3454589844
323.157135      3575.6816406250
323.527618      3527.3928222656
323.898071      3745.8427734375
324.268494      3950.4958496094
324.638885      4102.2612304688
325.009277      4265.5239257813
325.379578      4511.5673828125
325.749847      4702.4238281250
326.120117      5084.1367187500
326.490295      5539.4321289063
326.860443      5663.6040039063
327.230591      5691.1977539063
327.600708      5638.3095703125
327.970703      5585.4218750000
328.340759      5479.6459960938
328.710724      5424.4584960938
329.080688      5502.6406250000
329.450592      5709.5932617188
329.820435      5967.1342773438
330.190277      6346.5473632813
330.560089      6440.8261718750
330.929810      6312.0556640625
331.299561      6063.7124023438
331.669220      5921.1450195313
332.038879      5764.7807617188
332.408447      5990.1293945313
332.778046      6247.6704101563
333.147583      5951.0380859375
333.517059      6082.1079101563
333.886505      6052.2148437500
334.255951      5934.9418945313
334.625336      6167.1884765625
334.994629      6385.6386718750
335.363983      6422.4301757813
335.733246      6498.3129882813
336.102478      6256.8681640625
336.471680      6107.4023437500
336.840820      5898.1503906250
337.209961      5764.7807617188
337.578979      5764.7807617188
337.948059      5907.3481445313
338.317078      6134.9960937500
338.686035      6360.3442382813
339.054962      6562.6982421875
339.423859      6668.4741210938
339.792725      6753.5541992188
340.161560      6845.5332031250
340.530334      7188.1547851563
340.899078      7330.7221679688
341.267761      7059.3842773438
341.636444      6776.5493164063
342.005066      6790.3461914063
342.373657      7011.0957031250
342.742218      7245.6416015625
343.110718      7287.0322265625
343.479218      7399.7065429688
343.847626      7169.7592773438
344.216064      6930.6137695313
344.584412      6475.3183593750
344.952759      6162.5898437500
345.321045      6631.6821289063
345.689270      6866.2285156250
346.057526      6978.9028320313
346.425659      7073.1811523438
346.793854      7142.1655273438
347.161957      7252.5400390625
347.529999      7436.4980468750
347.898041      7316.9252929688
348.266022      7142.1655273438
348.634003      7353.7172851563
349.001892      7213.4492187500
349.369781      7344.5190429688
349.737610      7241.0429687500
350.105408      7445.6958007813
350.473145      7691.7397460938
350.840912      8172.3295898438
351.208618      8420.6728515625
351.576233      8216.0195312500
351.943878      8082.6503906250
352.311401      7958.4785156250
352.678955      7774.5209960938
353.046478      7602.0600585938
353.413910      7832.0078125000
353.781372      8048.1582031250
354.148743      8657.5185546875
354.516083      8841.4765625000
354.883392      9092.1191406250
355.250641      9124.3115234375
355.617920      9154.2050781250
355.985077      8809.2841796875
356.352234      8705.8076171875
356.719360      8524.1494140625
357.086426      8117.1425781250
357.453491      7574.4667968750
357.820496      7436.4980468750
358.187469      7222.6469726563
358.554382      7043.2880859375
358.921295      6965.1059570313
359.288147      7142.1655273438
359.654968      7634.2529296875
360.021759      8604.6308593750
360.388489      9138.1083984375
360.755188      9271.4785156250
361.121826      8779.3906250000
361.488464      8278.1054687500
361.855072      8496.5556640625
362.221588      8462.0634765625
362.588135      8763.2949218750
362.954590      9135.8095703125
363.321075      9448.5380859375
363.687439      9395.6494140625
364.053802      9494.5273437500
364.420135      9643.9931640625
364.786407      9703.7792968750
365.152679      9653.1904296875
365.518860      9846.3466796875
365.885040     10405.1191406250
366.251190     11032.8750000000
366.617249     11465.1757812500
366.983337     11451.3789062500
367.349335     11508.8662109375
367.715332     11269.7207031250
368.081207     11347.9033203125
368.447174     11131.7529296875
368.813019     10894.9062500000
369.178833     10991.4843750000
369.544678     11446.7802734375
369.910400     11545.6582031250
370.276123     11856.0869140625
370.641785     11554.8554687500
371.007446     11465.1757812500
371.373016     11191.5390625000
371.738586     11465.1757812500
372.104126     11299.6142578125
372.469574     11088.0625000000
372.835022     10816.7246093750
373.200439     10536.1884765625
373.565796     10117.6845703125
373.931122      9618.6992187500
374.296417      9453.1367187500
374.661713      9333.5644531250
375.026886      9701.4794921875
375.392090      9692.2822265625
375.757202     10168.2734375000
376.122314     10667.2587890625
376.487396     11108.7578125000
376.852386     11285.8173828125
377.217407     11513.4648437500
377.582336     11883.6806640625
377.947235     12424.0566406250
378.312103     13286.3593750000
378.676941     13578.3925781250
379.041779     13589.8896484375
379.406494     12654.0039062500
379.771240     11839.9902343750
380.135925     11573.2509765625
380.500549     11697.4228515625
380.865143     12221.7031250000
381.229706     12138.9218750000
381.594269     12384.9658203125
381.958679     11658.3320312500
382.323181     10635.0664062500
382.687561      9729.0732421875
383.051971      8901.2626953125
383.416321      8448.2666015625
383.780579      8337.8916015625
384.144867      8473.5605468750
384.509033      8797.7861328125
384.873260      9952.1220703125
385.237366     10618.9697265625
385.601501     11150.1484375000
385.965576     11246.7265625000
386.329559     10681.0556640625
386.693573     10766.1357421875
387.057526     10947.7949218750
387.421417     11260.5234375000
387.785309     10929.3984375000
388.149109     10931.6982421875
388.512970     11166.2441406250
388.876678     10894.9062500000
389.240417     11163.9453125000
389.604065     11828.4931640625
389.967712     12529.8330078125
390.331360     13226.5732421875
390.694885     13417.4296875000
391.058411     13796.8427734375
391.421906     13886.5224609375
391.785370     14153.2607421875
392.148743     14052.0839843750
392.512115     13196.6796875000
392.875488     11957.2636718750
393.238739     10384.4238281250
393.602051      8919.6591796875
393.965240      8172.3295898438
394.328430      8363.1865234375
394.691559      9919.9296875000
395.054657     11380.0957031250
395.417725     12796.5712890625
395.780731     13739.3554687500
396.143738     13415.1298828125
396.506653     12525.2333984375
396.869568     11212.2343750000
397.232422      9855.5449218750
397.595245      9478.4306640625
397.958069     10851.2167968750
398.320770     13210.4765625000
398.683533     15312.1953125000
399.046204     16112.4130859375
399.408813     17402.4179687500
399.771454     18000.2812500000
400.133972     17866.9121093750
400.496521     18667.1289062500
400.859009     18418.7851562500
401.221436     18782.1015625000
401.583832     19094.8300781250
401.946198     19717.9882812500
402.308563     19724.8867187500
402.670807     20522.8027343750
403.033051     19973.2285156250
403.395294     19883.5488281250
403.757416     19699.5917968750
404.119568     19632.9062500000
404.481659     19614.5117187500
404.843719     19366.1679687500
405.205719     19317.8789062500
405.567719     19085.6328125000
405.929657     19343.1738281250
406.291534     19379.9648437500
406.653442     18729.2128906250
407.015228     19131.6210937500
407.377014     18731.5136718750
407.738739     19138.5195312500
408.100464     19550.1250000000
408.462128     19980.1269531250
408.823730     20251.4648437500
409.185364     21067.7792968750
409.546875     20876.9218750000
409.908386     20423.9257812500
410.269867     20143.3906250000
410.631287     19614.5117187500
410.992676     18869.4824218750
411.354034     19950.2343750000
411.715363     21021.7890625000
412.076630     21578.2617187500
412.437866     22040.4550781250
412.799072     21932.3808593750
413.160217     21895.5898437500
413.521362     21557.5664062500
413.882416     21283.9296875000
414.243469     21621.9511718750
414.604462     21973.7714843750
414.965424     21564.4648437500
415.326355     21833.5039062500
415.687225     21704.7324218750
416.048096     21543.7695312500
416.408875     21994.4667968750
416.769653     22164.6269531250
417.130402     21925.4824218750
417.491058     21907.0859375000
417.851715     21592.0585937500
418.212311     21122.9667968750
418.572906     21251.7363281250
418.933411     21251.7363281250
419.293945     21355.2128906250
419.654388     21594.3574218750
420.014801     21520.7753906250
420.375183     21362.1113281250
420.735504     21042.4843750000
421.095825     21893.2890625000
421.456055     22111.7402343750
421.816315     22470.4570312500
422.176453     22346.2851562500
422.536621     21776.0156250000
422.896729     21426.4960937500
423.256775     20807.9375000000
423.616821     21093.0722656250
423.976807     21366.7109375000
424.336731     21224.1425781250
424.696625     21272.4316406250
425.056488     21447.1914062500
425.416351     21189.6503906250
425.776093     21196.5488281250
426.135864     21203.4472656250
426.495575     21120.6660156250
426.855225     21408.1015625000
427.214874     21063.1796875000
427.574432     20837.8320312500
427.934052     20460.7167968750
428.293518     20483.7128906250
428.653015     20543.4980468750
429.012421     20474.5136718750
429.371826     20134.1914062500
429.731232     19363.8691406250
430.090485     18653.3320312500
430.449799     17659.9589843750
430.808990     17094.2871093750
431.168213     16337.7607421875
431.527374     17232.2558593750
431.886475     19115.5253906250
432.245605     20600.9863281250
432.604584     21913.9843750000
432.963623     22143.9316406250
433.322571     22498.0507812500
433.681488     21796.7109375000
434.040344     22061.1503906250
434.399200     21854.1992187500
434.758026     21667.9414062500
435.116760     21782.9140625000
435.475494     22879.7636718750
435.834198     23240.7812500000
436.192841     23829.4472656250
436.551453     24319.2343750000
436.910004     24772.2304687500
437.268555     24882.6054687500
437.627014     24576.7753906250
437.985474     23588.0019531250
438.343903     23252.2792968750
438.702240     22764.7910156250
439.060577     22415.2695312500
439.418854     22760.1914062500
439.777130     23298.2675781250
440.135315     23794.9550781250
440.493500     23942.1210937500
440.851654     24020.3027343750
441.209717     24797.5253906250
441.567810     25043.5683593750
441.925781     25250.5214843750
442.283783     25471.2714843750
442.641663     25687.4218750000
442.999573     25995.5507812500
443.357483     26227.7968750000
443.715240     25618.4375000000
444.073029     25800.0957031250
444.430725     25712.7148437500
444.788452     25990.9511718750
445.146149     26191.0058593750
445.503723     26234.6953125000
445.861359     25986.3535156250
446.218842     25153.9433593750
446.576355     25296.5117187500
446.933777     25827.6894531250
447.291199     26236.9960937500
447.648621     26407.1562500000
448.005920     27301.6523437500
448.363251     27283.2558593750
448.720459     27274.0585937500
449.077728     27414.3261718750
449.434875     27131.4902343750
449.792023     26696.8906250000
450.149170     27591.3847656250
450.506195     27819.0332031250
450.863220     28499.6777343750
451.220184     28840.0000000000
451.577118     29150.4296875000
451.933990     28508.8750000000
452.290894     27973.0976562500
452.647736     27653.4707031250
453.004456     26784.2695312500
453.361237     26108.2246093750
453.717926     26172.6113281250
454.074585     25843.7851562500
454.431244     25954.1601562500
454.787811     26326.6757812500
455.144379     26963.6289062500
455.500824     26351.9687500000
455.857300     27085.5019531250
456.213715     26931.4375000000
456.570099     27543.0976562500
456.926483     27690.2636718750
457.282745     28295.0253906250
457.639038     28223.7402343750
457.995209     28501.9765625000
458.351440     28327.2167968750
458.707550     27982.2968750000
459.063660     28221.4414062500
459.419769     28069.6757812500
459.775757     28272.0292968750
460.131744     27782.2421875000
460.487671     28237.5371093750
460.843597     28598.5546875000
461.199493     28708.9296875000
461.555267     29327.4882812500
461.911072     29304.4941406250
462.266785     29486.1523437500
462.622498     30320.8613281250
462.978119     30304.7656250000
463.333771     30178.2929687500
463.689392     29985.1386718750
464.044891     30470.3261718750
464.400421     29858.6660156250
464.755859     30297.8671875000
465.111298     29782.7832031250
465.466675     29994.3359375000
465.821991     29794.2812500000
466.177338     30424.3378906250
466.532562     30806.0507812500
466.887817     30088.6132812500
467.242981     29725.2968750000
467.598114     30638.1875000000
467.953247     30769.2578125000
468.308289     31495.8925781250
468.663330     31769.5292968750
469.018280     31946.5898437500
469.373230     31833.9140625000
469.728119     31941.9902343750
470.082977     31958.0859375000
470.437836     31905.1992187500
470.792572     32691.6191406250
471.147339     32728.4101562500
471.502014     33146.9140625000
471.856720     33806.8632812500
472.211273     34515.1015625000
472.565918     35662.5390625000
472.920471     35605.0507812500
473.274933     35802.8046875000
473.629395     35639.5429687500
473.983795     36018.9570312500
474.338165     36313.2890625000
474.692505     37805.6484375000
475.046814     38070.0859375000
475.401123     38525.3828125000
475.755280     38346.0234375000
476.109497     38465.5976562500
476.463593     38334.5273437500
476.817688     39865.9765625000
477.171783     39070.3593750000
477.525757     40247.6875000000
477.879761     40937.5312500000
478.233673     41277.8515625000
478.587585     41730.8515625000
478.941406     42685.1328125000
479.295258     42581.6562500000
479.649048     43377.2734375000
480.002747     43715.2968750000
480.356445     44745.4609375000
480.710052     44218.8789062500
481.063690     44848.9375000000
481.417236     45547.9765625000
481.770782     45784.8203125000
482.124329     46624.1289062500
482.477722     46159.6367187500
482.831177     46746.0039062500
483.184509     46739.1054687500
483.537842     47199.0000000000
483.891144     46587.3398437500
484.244385     46394.1835937500
484.597626     46545.9492187500
484.950714     46955.2539062500
485.303894     46594.2382812500
485.656921     46049.2617187500
486.010010     44055.6171875000
486.363068     42726.5234375000
486.715973     41910.2070312500
487.068909     42478.1796875000
487.421783     43262.3007812500
487.774628     44911.0234375000
488.127411     45959.5820312500
488.480194     47346.1640625000
488.832947     47389.8554687500
489.185577     47863.5468750000
489.538239     48275.1523437500
489.890839     48985.6914062500
490.243378     49935.3710937500
490.595917     50392.9687500000
490.948395     50461.9531250000
491.300842     49937.6718750000
491.653198     50112.4335937500
492.005585     49376.6015625000
492.357880     49369.7031250000
492.710144     48817.8281250000
493.062439     49654.8359375000
493.414581     50250.3984375000
493.766754     50351.5781250000
494.118835     50726.3906250000
494.470917     50491.8437500000
494.822937     51181.6875000000
495.174927     51673.7734375000
495.526917     52039.3906250000
495.878784     51648.4804687500
496.230682     51466.8203125000
496.582489     51459.9218750000
496.934296     52112.9726562500
497.285980     52050.8867187500
497.637695     52000.3007812500
497.989410     51809.4414062500
498.340973     51407.0351562500
498.692596     51443.8281250000
499.044128     50889.6523437500
499.395630     51223.0781250000
499.747101     51121.9023437500
500.098480     51252.9687500000
500.449921     51287.4609375000
500.801208     50756.2851562500
501.152527     50245.8007812500
501.503754     49838.7929687500
501.854980     49673.2304687500
502.206177     49861.7890625000
502.557281     49599.6484375000
502.908386     50071.0429687500
503.259430     50659.7070312500
503.610443     50629.8125000000
503.961365     50484.9453125000
504.312317     50503.3437500000
504.663239     49767.5117187500
505.014069     50643.6093750000
505.364899     50841.3632812500
505.715607     51358.7460937500
506.066376     51857.7304687500
506.417084     52198.0546875000
506.767670     52000.3007812500
507.118317     52050.8867187500
507.468842     51802.5468750000
507.819397     51535.8046875000
508.169830     50942.5429687500
508.520294     51023.0234375000
508.870697     51572.5976562500
509.221039     51570.2968750000
509.571381     51933.6132812500
509.921631     52207.2539062500
510.271851     51731.2617187500
510.622009     51574.8984375000
510.972198     51942.8125000000
511.322327     52303.8320312500
511.672394     52503.8828125000
512.022461     52359.0156250000
512.372375     52572.8671875000
512.722351     52400.4062500000
513.072266     51860.0312500000
513.422058     52002.5976562500
513.771912     52023.2929687500
514.121704     51676.0742187500
514.471436     51298.9609375000
514.821167     51349.5468750000
515.170776     51533.5078125000
515.520447     51597.8906250000
515.869995     51998.0000000000
516.219543     51607.0898437500
516.569031     50503.3437500000
516.918518     49033.9765625000
517.267822     47279.4804687500
517.617249     47134.6132812500
517.966614     48072.7968750000
518.315796     48226.8632812500
518.665161     48548.7890625000
519.014282     48794.8320312500
519.363464     49243.2304687500
519.712585     50213.6093750000
520.061646     50914.9492187500
520.410706     51294.3593750000
520.759705     51724.3632812500
521.108704     51848.5351562500
521.457520     52161.2617187500
521.806458     52069.2851562500
522.155334     52455.5937500000
522.504089     52467.0937500000
522.852844     52296.9335937500
523.201538     51662.2773437500
523.550232     51692.1718750000
523.898804     52014.0976562500
524.247437     52931.5859375000
524.596008     53336.2929687500
524.944458     53115.5429687500
525.292969     53147.7382812500
525.641357     52956.8789062500
525.989746     52848.8046875000
526.338074     51866.9296875000
526.686401     51105.8046875000
527.034607     50250.3984375000
527.382813     49767.5117187500
527.731018     50160.7187500000
528.079102     50303.2890625000
528.427246     51020.7226562500
528.775330     51710.5664062500
529.123291     52241.7460937500
529.471252     52749.9296875000
529.819153     52494.6875000000
530.167053     52533.7773437500
530.514832     52464.7929687500
530.862732     52814.3125000000
531.210510     52722.3359375000
531.558167     53138.5390625000
531.905884     53230.5195312500
532.253479     52777.5234375000
532.601074     52023.2929687500
532.948608     51395.5390625000
533.296143     51234.5742187500
533.643616     51050.6171875000
533.991028     51287.4609375000
534.338379     51579.4960937500
534.685730     51096.6054687500
535.033081     51981.9023437500
535.380371     51986.5039062500
535.727478     52439.5000000000
536.074707     52759.1250000000
536.421875     52232.5468750000
536.768921     51749.6562500000
537.115967     51779.5507812500
537.463013     51246.0742187500
537.809998     51351.8476562500
538.156860     51377.1406250000
538.503784     51788.7500000000
538.850647     51124.1992187500
539.197449     51110.4023437500
539.544189     51156.3945312500
539.890930     50478.0468750000
540.237610     50068.7421875000
540.584229     49372.0000000000
540.930847     49521.4687500000
541.277344     49093.7656250000
541.623901     49123.6562500000
541.970337     49645.6367187500
542.316772     49930.7734375000
542.663208     50096.3359375000
543.009521     49611.1445312500
543.355835     49585.8515625000
543.702026     49700.8242187500
544.048279     49756.0117187500
544.394470     49995.1601562500
544.740601     49484.6757812500
545.086731     49532.9648437500
545.432739     49928.4726562500
545.778809     49829.5976562500
546.124695     49528.3671875000
546.470703     49682.4296875000
546.816589     49346.7070312500
547.162415     49893.9804687500
547.508240     49572.0546875000
547.853943     48861.5195312500
548.199646     48440.7148437500
548.545349     49245.5312500000
548.890930     48659.1640625000
549.236633     49054.6718750000
549.582092     49190.3437500000
549.927673     49349.0078125000
550.273071     48969.5937500000
550.618530     49029.3789062500
550.963928     49084.5664062500
551.309204     48472.9062500000
551.654602     48661.4648437500
551.999756     48659.1640625000
552.345093     49056.9726562500
552.690186     48155.5781250000
553.035339     48137.1835937500
553.380493     47739.3750000000
553.725464     48213.0664062500
554.070496     48052.1015625000
554.415405     47718.6796875000
554.760376     48288.9492187500
555.105225     48190.0703125000
555.450073     47707.1835937500
555.794922     48162.4765625000
556.139648     47854.3476562500
556.484375     47822.1562500000
556.828979     47373.7578125000
557.173645     47254.1875000000
557.518311     46837.9804687500
557.862793     47065.6289062500
558.207275     47157.6093750000
558.551697     46302.2031250000
558.896118     46155.0390625000
559.240479     45163.9648437500
559.584839     44858.1328125000
559.929199     45455.9960937500
560.273376     45258.2421875000
560.617676     45299.6328125000
560.961792     45267.4414062500
561.305908     45407.7070312500
561.649963     45347.9218750000
561.994019     45297.3320312500
562.338074     45028.2968750000
562.682007     44727.0625000000
563.025879     45278.9375000000
563.369751     45607.7617187500
563.713623     45614.6601562500
564.057373     45357.1210937500
564.401123     45281.2382812500
564.744873     45182.3593750000
565.088501     44970.8085937500
565.432129     44276.3671875000
565.775635     44432.7304687500
566.119263     43517.5390625000
566.462769     43453.1562500000
566.806152     43809.5742187500
567.149597     43655.5078125000
567.492920     43915.3515625000
567.836243     43338.1835937500
568.179504     43395.6679687500
568.522827     42650.6406250000
568.866028     42259.7304687500
569.209106     41631.9726562500
569.552307     42036.6796875000
569.895325     41181.2773437500
570.238403     41020.3125000000
570.581299     41505.5000000000
570.924255     40884.6445312500
571.267212     41018.0117187500
571.609985     40840.9531250000
571.952881     41204.2695312500
572.295593     41151.3828125000
572.638367     41089.2968750000
572.981079     41466.4101562500
573.323730     41043.3085937500
573.666260     41073.1992187500
574.008850     41482.5078125000
574.351440     41765.3437500000
574.693848     40882.3437500000
575.036255     40636.3007812500
575.378723     40663.8945312500
575.721008     40424.7500000000
576.063354     39944.1601562500
576.405579     39829.1835937500
576.747803     40047.6367187500
577.090027     39785.4960937500
577.432129     40268.3828125000
577.774231     39321.0000000000
578.116272     39702.7148437500
578.458313     39040.4648437500
578.800232     38716.2382812500
579.142212     38799.0195312500
579.484070     38879.5039062500
579.825928     39371.5898437500
580.167725     39507.2578125000
580.509460     39642.9257812500
580.851196     39603.8359375000
581.192810     39548.6484375000
581.534485     39725.7070312500
581.876099     39127.8437500000
582.217590     39879.7734375000
582.559143     39946.4570312500
582.900574     39780.8945312500
583.242004     39675.1210937500
583.583313     39751.0039062500
583.924683     39560.1484375000
584.265991     39631.4296875000
584.607239     39415.2812500000
584.948425     39300.3046875000
585.289551     39162.3359375000
585.630737     38442.6015625000
585.971802     38387.4140625000
586.312805     38122.9765625000
586.653870     37874.6328125000
586.994751     37743.5625000000
587.335693     37768.8554687500
587.676453     37228.4804687500
588.017334     36690.4023437500
588.358154     36028.1562500000
588.698853     34655.3671875000
589.039551     33818.3593750000
589.380188     32452.4726562500
589.720825     31840.8125000000
590.061340     31661.4550781250
590.401917     32234.0234375000
590.742432     32604.2382812500
591.082825     33004.3476562500
591.423218     33190.6054687500
591.763550     33434.3476562500
592.103882     33165.3085937500
592.444092     33369.9648437500
592.784363     33604.5078125000
593.124512     33609.1093750000
593.464600     34135.6875000000
593.804749     34280.5546875000
594.144775     33641.3007812500
594.484802     33080.2304687500
594.824829     33211.3007812500
595.164734     32781.2968750000
595.504578     33225.0976562500
595.844360     33289.4804687500
596.184204     32868.6796875000
596.523926     33503.3320312500
596.863647     33542.4218750000
597.203369     33399.8554687500
597.542969     33496.4335937500
597.882507     33379.1601562500
598.222046     33517.1289062500
598.561584     33544.7226562500
598.901001     33473.4414062500
599.240417     33443.5468750000
599.579834     33478.0390625000
599.919067     33165.3085937500
600.258423     33797.6640625000
600.597595     33344.6679687500
600.936829     33031.9414062500
601.276001     33369.9648437500
601.615051     32620.3339843750
601.954163     32859.4804687500
602.293091     33344.6679687500
602.632141     33197.5039062500
602.971069     33505.6328125000
603.309998     33294.0820312500
603.648865     33317.0742187500
603.987610     33613.7070312500
604.326416     33549.3203125000
604.665100     33684.9921875000
605.003845     33418.2539062500
605.342407     33832.1562500000
605.680969     33634.4023437500
606.019592     33494.1367187500
606.358093     33346.9687500000
606.696533     32707.7148437500
607.034973     32857.1796875000
607.373291     32562.8476562500
607.711609     32523.7578125000
608.049927     32176.5371093750
608.388245     32054.6640625000
608.726379     31985.6796875000
609.064575     32174.2363281250
609.402710     31532.6835937500
609.740723     31482.0957031250
610.078796     31397.0156250000
610.416748     31318.8320312500
610.754761     31452.2011718750
611.092590     31875.3046875000
611.430481     31615.4648437500
611.768311     31463.6992187500
612.106018     31436.1054687500
612.443787     31482.0957031250
612.781494     31045.1953125000
613.119141     30960.1152343750
613.456726     30647.3867187500
613.794250     30203.5878906250
614.131775     30238.0800781250
614.469299     30762.3593750000
614.806763     30447.3320312500
615.144043     30297.8671875000
615.481384     30146.1015625000
615.818726     29962.1425781250
616.156006     29598.8261718750
616.493225     29157.3281250000
616.830322     28906.6855468750
617.167480     29196.4179687500
617.504578     29603.4257812500
617.841614     29343.5839843750
618.178528     29235.5097656250
618.515503     29633.3183593750
618.852478     29794.2812500000
619.189270     29120.5351562500
619.526184     29670.1093750000
619.862854     29405.6699218750
620.199646     29798.8808593750
620.536316     29559.7343750000
620.872986     29529.8417968750
621.209595     29527.5429687500
621.546143     29097.5410156250
621.882629     28596.2558593750
622.219116     29141.2304687500
622.555542     28948.0761718750
622.892029     28529.5703125000
623.228333     28483.5820312500
623.564636     28071.9765625000
623.900818     28030.5859375000
624.237061     27871.9218750000
624.573242     27733.9531250000
624.909363     27485.6093750000
625.245483     27131.4902343750
625.581482     27244.1660156250
625.917480     26531.3281250000
626.253418     26726.7832031250
626.589355     26738.2812500000
626.925171     26929.1367187500
627.261047     26338.1718750000
627.596863     25662.1269531250
627.932556     25724.2128906250
628.268250     25567.8496093750
628.603882     25105.6542968750
628.939514     25128.6484375000
629.275024     25294.2109375000
629.610596     25328.7031250000
629.946045     25133.2480468750
630.281494     25204.5312500000
630.616882     25494.2656250000
630.952209     25273.5156250000
631.287537     25119.4511718750
631.622803     25009.0761718750
631.958008     25038.9707031250
632.293213     24942.3925781250
632.628296     24767.6328125000
632.963379     24717.0429687500
633.298401     24700.9472656250
633.633423     24298.5390625000
633.968384     24519.2890625000
634.303284     24484.7968750000
634.638123     24420.4121093750
634.972900     24461.8027343750
635.307739     24408.9140625000
635.642456     24498.5937500000
635.977112     24181.2656250000
636.311829     24372.1230468750
636.646362     23992.7089843750
636.980957     23811.0507812500
637.315430     24059.3945312500
637.649963     23926.0253906250
637.984436     24093.8867187500
638.318726     24107.6835937500
638.653137     23744.3652343750
638.987366     23723.6699218750
639.321655     23493.7226562500
639.655823     23514.4179687500
639.990051     23562.7070312500
640.324158     23498.3222656250
640.658203     23210.8886718750
640.992249     23213.1875000000
641.326172     22918.8554687500
641.660156     22937.2500000000
641.994019     22583.1308593750
642.327942     22753.2929687500
642.661804     22599.2285156250
642.995483     22670.5117187500
643.329224     22746.3945312500
643.662964     22580.8320312500
643.996582     22617.6230468750
644.330200     22521.0468750000
644.663696     22452.0625000000
644.997253     22061.1503906250
645.330688     22233.6113281250
645.664124     22058.8515625000
645.997437     21598.9570312500
646.330811     21408.1015625000
646.664124     21224.1425781250
646.997375     20589.4882812500
647.330566     20329.6484375000
647.663696     20154.8867187500
647.996826     19704.1914062500
648.329895     19793.8710937500
648.662903     19798.4687500000
648.995911     19745.5820312500
649.328796     19437.4511718750
649.661682     19409.8574218750
649.994568     19490.3398437500
650.327393     19483.4414062500
650.660095     19837.5605468750
650.992859     19812.2656250000
651.325500     19869.7519531250
651.658142     19616.8105468750
651.990723     19717.9882812500
652.323242     19740.9824218750
652.655762     19727.1855468750
652.988220     19660.5000000000
653.320618     19998.5234375000
653.652954     19777.7734375000
653.985291     19662.8007812500
654.317566     19529.4316406250
654.649780     19784.6718750000
654.981995     19081.0332031250
655.314148     18823.4921875000
655.646240     18358.9980468750
655.978271     17639.2636718750
656.310303     16820.6503906250
656.642273     16735.5703125000
656.974182     16445.8359375000
657.306091     17142.5761718750
657.637939     17264.4492187500
657.969666     17722.0449218750
658.301453     18018.6757812500
658.633179     18510.7636718750
658.964844     18565.9511718750
659.296448     18848.7871093750
659.627991     18701.6191406250
659.959534     18531.4589843750
660.291016     18653.3320312500
660.622437     18766.0058593750
660.953796     18685.5234375000
661.285156     18844.1875000000
661.616516     18899.3750000000
661.947754     18979.8554687500
662.278931     18667.1289062500
662.610107     18800.4980468750
662.941284     18434.8808593750
663.272339     18565.9511718750
663.603394     18701.6191406250
663.934387     18365.8964843750
664.265320     18156.6445312500
664.596252     18345.2011718750
664.927063     18030.1738281250
665.257935     18310.7089843750
665.588684     18041.6718750000
665.919434     17972.6875000000
666.250061     17910.6015625000
666.580688     18094.5585937500
666.911316     17770.3339843750
667.241821     17837.0175781250
667.572327     17735.8417968750
667.902832     17409.3164062500
668.233276     17735.8417968750
668.563660     17471.4023437500
668.893982     17567.9804687500
669.224243     17393.2187500000
669.554504     17363.3261718750
669.884705     17064.3945312500
670.214844     17158.6738281250
670.544922     17287.4433593750
670.875000     17131.0800781250
671.205078     16995.4101562500
671.534973     16758.5644531250
671.864929     16652.7890625000
672.194824     16351.5576171875
672.524658     16767.7617187500
672.854431     16296.3701171875
673.184204     16450.4355468750
673.513916     16363.0556640625
673.843567     16220.4882812500
674.173218     16227.3867187500
674.502747     16082.5195312500
674.832275     15905.4599609375
675.161804     15999.7382812500
675.491211     16135.4072265625
675.820679     16174.4980468750
676.149963     15806.5830078125
676.479248     15861.7695312500
676.808533     15687.0097656250
677.137756     15636.4218750000
677.466919     15627.2236328125
677.796021     15592.7314453125
678.125122     15578.9345703125
678.454163     15611.1269531250
678.783142     15599.6298828125
679.112122     15424.8701171875
679.440979     15528.3466796875
679.769897     15208.7197265625
680.098694     15275.4042968750
680.427490     15178.8261718750
680.756165     15047.7558593750
681.084900     15919.2568359375
681.413513     15257.0087890625
681.742065     14960.3759765625
682.070679     14564.8671875000
682.399170     14521.1767578125
682.727600     14599.3593750000
683.056030     14555.6689453125
683.384399     14571.7656250000
683.712708     14348.7158203125
684.040955     14442.9951171875
684.369263     14236.0419921875
684.697388     14394.7060546875
685.025574     14187.7529296875
685.353638     14222.2451171875
685.681702     13989.9980468750
686.009766     13932.5117187500
686.337708     13638.1787109375
686.665588     12943.7382812500
686.993469     11823.8945312500
687.321289     11058.1689453125
687.649048     11007.5810546875
687.976807     10931.6982421875
688.304565     10823.6230468750
688.632141     10888.0078125000
688.959839     11177.7421875000
689.287354     11124.8544921875
689.614868     11170.8437500000
689.942383     11301.9130859375
690.269775     11338.7050781250
690.597168     11504.2675781250
690.924500     11697.4228515625
691.251770     11706.6210937500
691.578979     11766.4072265625
691.906250     11731.9150390625
692.233398     11835.3916015625
692.560486     11566.3525390625
692.887573     11449.0800781250
693.214539     11274.3203125000
693.541565     11067.3671875000
693.868469     10970.7890625000
694.195374     10798.3291015625
694.522217     10669.5585937500
694.849060     10911.0029296875
695.175781     10720.1464843750
695.502441     10871.9121093750
695.829163     11044.3720703125
696.155823     10924.7998046875
696.482300     11269.7207031250
696.808899     11527.2617187500
697.135315     11324.9082031250
697.461792     11472.0742187500
697.788147     11593.9462890625
698.114563     11545.6582031250
698.440857     11292.7158203125
698.767029     11186.9394531250
699.093323     11023.6767578125
699.419495     10938.5966796875
699.745605     10779.9326171875
700.071655     10664.9589843750
700.397705     10529.2900390625
700.723694     10441.9101562500
701.049622     10205.0644531250
701.375549     10287.8457031250
701.701355     10301.6425781250
702.027222     10207.3642578125
702.352905     10271.7490234375
702.678711     10211.9628906250
703.004395     10393.6210937500
703.329956     10389.0224609375
703.655579     10568.3818359375
703.981018     10333.8349609375
704.306580     10563.7822265625
704.632080     10418.9160156250
704.957397     10766.1357421875
705.282776     10543.0869140625
705.608093     10306.2412109375
705.933350     10283.2470703125
706.258545     10412.0175781250
706.583740     10602.8730468750
706.908875     10356.8300781250
707.233948     10724.7460937500
707.559021     10522.3916015625
707.883972     10481.0009765625
708.208984     10439.6113281250
708.533813     10503.9960937500
708.858704     10248.7548828125
709.183533     10416.6162109375
709.508240     10363.7285156250
709.833008     10692.5527343750
710.157654     10322.3378906250
710.482300     10331.5351562500
710.806885     10389.0224609375
711.131409     10287.8457031250
711.455933     10085.4921875000
711.780334     10326.9365234375
712.104797     10182.0693359375
712.429138      9988.9140625000
712.753479     10154.4765625000
713.077759     10103.8876953125
713.401917     10002.7109375000
713.726135      9998.1123046875
714.050232     10090.0908203125
714.374329      9878.5390625000
714.698364      9823.3515625000
715.022339      9988.9140625000
715.346313      9581.9072265625
715.670166      9763.5654296875
715.994080      9397.9492187500
716.317871      9004.7392578125
716.641663      8519.5498046875
716.965393      8020.5644531250
717.289001      7726.2319335938
717.612732      7103.0742187500
717.936279      6916.8168945313
718.259827      6868.5283203125
718.583313      6404.0346679688
718.906738      6353.4458007813
719.230225      6199.3813476563
719.553528      6116.6000976563
719.876892      6256.8681640625
720.200134      6013.1240234375
720.523315      6180.9853515625
720.846497      6351.1464843750
721.169617      6647.7788085938
721.492737      7093.8764648438
721.815735      7383.6103515625
722.138733      7790.6171875000
722.461670      7776.8203125000
722.784607      7889.4946289063
723.107544      7638.8520507813
723.430298      7436.4980468750
723.753113      7027.1918945313
724.075745      6693.7680664063
724.398438      6746.6562500000
724.721008      6615.5859375000
725.043640      6585.6928710938
725.366211      6489.1147460938
725.688660      6473.0185546875
726.011169      6491.4145507813
726.333496      6498.3129882813
726.655884      6436.2270507813
726.978149      6721.3618164063
727.300476      6493.7138671875
727.622681      6332.7509765625
727.944824      6408.6333007813
728.266968      6479.9169921875
728.589050      6666.1743164063
728.911133      6387.9379882813
729.233032      6477.6176757813
729.554993      6450.0239257813
729.876953      6463.8208007813
730.198792      6523.6069335938
730.520569      6574.1953125000
730.842346      6555.7998046875
731.164063      6514.4091796875
731.485718      6737.4580078125
731.807373      6721.3618164063
732.128967      6679.9711914063
732.450439      7086.9780273438
732.771973      7139.8662109375
733.093323      7206.5507812500
733.414795      7514.6801757813
733.736145      7530.7763671875
734.057373      7618.1567382813
734.378662      7889.4946289063
734.699890      7597.4614257813
735.021057      7675.6435546875
735.342163      7643.4506835938
735.663269      7661.8466796875
735.984314      7735.4296875000
736.305237      7346.8188476563
736.626160      7383.6103515625
736.947083      7549.1723632813
737.267883      7487.0864257813
737.588745      7579.0654296875
737.909485      7459.4926757813
738.230225      7572.1669921875
738.550781      7659.5468750000
738.871460      7379.0112304688
739.192017      7415.8027343750
739.512573      7565.2685546875
739.833069      7514.6801757813
740.153442      7521.5786132813
740.473877      7659.5468750000
740.794128      7641.1513671875
741.114441      7579.0654296875
741.434692      7452.5942382813
741.754883      7648.0498046875
742.075073      7491.6855468750
742.395142      7579.0654296875
742.715210      7533.0761718750
743.035217      7631.9536132813
743.355225      7657.2475585938
743.675049      7477.8886718750
743.994995      7815.9111328125
744.314880      7664.1459960938
744.634583      7606.6591796875
744.954407      7477.8886718750
745.273987      7753.8256835938
745.593689      7392.8081054688
745.913330      7489.3862304688
746.232849      7291.6313476563
746.552368      7475.5893554688
746.871826      7528.4770507813
747.191223      7438.7978515625
747.510559      7441.0971679688
747.829956      7365.2143554688
748.149231      7176.6577148438
748.468384      7218.0483398438
748.787659      7330.7221679688
749.106750      7183.5561523438
749.425842      7073.1811523438
749.744873      7077.7802734375
750.063904      7121.4702148438
750.382874      7130.6679687500
750.701721      6949.0097656250
751.020630      7151.3632812500
751.339417      7038.6889648438
751.658203      6985.8012695313
751.976990      6850.1323242188
752.295593      6847.8330078125
752.614258      6926.0151367188
752.932800      6880.0253906250
753.251404      6767.3510742188
753.569824      6907.6191406250
753.888306      6813.3408203125
754.206726      6829.4370117188
754.525024      6942.1113281250
754.843323      6785.7470703125
755.161621      6891.5229492188
755.479797      6746.6562500000
755.797974      6822.5385742188
756.116089      6558.0991210938
756.434204      6659.2758789063
756.752197      6755.8540039063
757.070190      6673.0727539063
757.388123      6608.6875000000
757.705994      6493.7138671875
758.023865      6468.4199218750
758.341675      6507.5107421875
758.659363      6553.5000000000
758.977112      6231.5737304688
759.294739      5845.2622070313
759.612305      5173.8159179688
759.929932      4352.9038085938
760.247498      3635.4680175781
760.564880      3074.3964843750
760.882385      2639.7958984375
761.199707      2570.8117675781
761.517090      2623.6994628906
761.834290      3016.9096679688
762.151611      3189.3701171875
762.468811      3267.5522460938
762.785889      3313.5417480469
763.103027      3147.9794921875
763.420044      3198.5681152344
763.737061      3166.3754882813
764.054077      3152.5786132813
764.370972      3315.8410644531
764.687805      3467.6064453125
765.004639      3697.5537109375
765.321411      3768.8374023438
765.638123      4042.4748535156
765.954834      4168.9458007813
766.271484      4371.2998046875
766.588074      4543.7602539063
766.904602      4762.2099609375
767.221069      4856.4887695313
767.537537      5166.9174804688
767.853882      5192.2119140625
768.170288      5424.4584960938
768.486572      5567.0258789063
768.802856      5578.5234375000
769.119080      5640.6093750000
769.435181      5684.2993164063
769.751343      5647.5073242188
770.067322      5617.6142578125
770.383423      5642.9086914063
770.699402      5732.5878906250
771.015320      5711.8930664063
771.331238      5649.8071289063
771.647095      5773.9785156250
771.962891      5472.7475585938
772.278625      5408.3623046875
772.594299      5622.2133789063
772.909973      5596.9189453125
773.225586      5504.9404296875
773.541138      5608.4165039063
773.856567      5656.7055664063
774.172119      5659.0048828125
774.487549      5509.5390625000
774.802856      5424.4584960938
775.118286      5576.2236328125
775.433472      5408.3623046875
775.748718      5376.1694335938
776.063904      5442.8544921875
776.379028      5385.3676757813
776.694153      5429.0576171875
777.009155      5332.4794921875
777.324158      5277.2924804688
777.639099      5240.5004882813
777.954041      5245.0996093750
778.268921      5281.8911132813
778.583740      4978.3608398438
778.898499      4994.4570312500
779.213196      5079.5375976563
779.527832      5072.6391601563
779.842468      5012.8530273438
780.157043      5017.4516601563
780.471619      4888.6811523438
780.786072      5017.4516601563
781.100525      4819.6967773438
781.414856      4957.6655273438
781.729248      5001.3554687500
782.043457      4847.2905273438
782.357788      4817.3974609375
782.671997      4920.8740234375
782.986084      4824.2958984375
783.300293      4789.8037109375
783.614258      4746.1137695313
783.928345      4686.3276367188
784.242249      4649.5361328125
784.556213      4612.7441406250
784.870117      4608.1455078125
785.183899      4677.1293945313
785.497681      4488.5727539063
785.811340      4500.0703125000
786.125061      4541.4604492188
786.438721      4539.1611328125
786.752258      4329.9091796875
787.065857      4421.8881835938
787.379333      4364.4013671875
787.692810      4313.8129882813
788.006165      4274.7216796875
788.319519      4152.8496093750
788.632874      4139.0527343750
788.946106      4127.5551757813
789.259338      4217.2348632813
789.572449      4097.6621093750
789.885559      3916.0039062500
790.198608      3865.4152832031
790.511719      3959.6938476563
790.824707      3913.7043457031
791.137573      3906.8059082031
791.450500      3966.5922851563
791.763306      3865.4152832031
792.076111      3899.9074707031
792.388855      3860.8164062500
792.701538      3722.8479003906
793.014221      3748.1423339844
793.326782      3741.2438964844
793.639343      3872.3137207031
793.951843      3842.4206542969
794.264282      3835.5222167969
794.576721      3801.0300292969
794.889099      3736.6447753906
795.201416      3789.5327148438
795.513611      3690.6552734375
795.825867      3686.0563964844
796.138000      3529.6921386719
796.450195      3561.8847656250
796.762268      3564.1843261719
797.074280      3577.9812011719
797.386292      3656.1633300781
797.698181      3692.9548339844
798.010071      3589.4785156250
798.321960      3658.4626464844
798.633728      3729.7463378906
798.945496      3557.2858886719
799.257202      3653.8637695313
799.568787      3534.2912597656
799.880432      3495.2001953125
800.192017      3486.0021972656
800.503540      3398.6223144531
800.815002      3290.5468750000
801.126404      3345.7343750000
801.437744      3288.2475585938
801.749084      3449.2106933594
802.060364      3373.3281250000
802.371582      3219.2631835938
802.682800      3276.7500000000
802.993835      3295.1459960938
803.304993      3276.7500000000
803.615967      3288.2475585938
803.927002      3256.0549316406
804.237976      3325.0390625000
804.548828      3279.0495605469
804.859741      3173.2736816406
805.170471      3205.4663085938
805.481201      3325.0390625000
805.791931      3182.4716796875
806.102600      3315.8410644531
806.413208      3189.3701171875
806.723755      3223.8623046875
807.034241      3267.5522460938
807.344727      3122.6853027344
807.655151      3154.8779296875
807.965515      3219.2631835938
808.275879      3237.6591796875
808.586182      3134.1826171875
808.896362      3198.5681152344
809.206604      3152.5786132813
809.516663      3078.9953613281
809.826782      3042.2038574219
810.136780      3097.3911132813
810.446777      3007.7116699219
810.756775      2982.4174804688
811.066650      2984.7170410156
811.376465      2922.6311035156
811.686279      2860.5454101563
811.996033      2865.1442871094
812.305786      2846.7485351563
812.615417      2878.9411621094
812.924988      2835.2512207031
813.234558      2784.6628417969
813.544128      2552.4157714844
813.853516      2529.4211425781
814.162964      2490.3300781250
814.472351      2428.2443847656
814.781616      2460.4370117188
815.090942      2361.5595703125
815.400146      2423.6452636719
815.709351      2370.7575683594
816.018433      2329.3669433594
816.327515      2230.4895019531
816.636597      2230.4895019531
816.945557      2271.8801269531
817.254578      2228.1901855469
817.563416      2287.9763183594
817.872253      2269.5805664063
818.181091      2083.3232421875
818.489807      2207.4948730469
818.798523      2294.8747558594
819.107178      2308.6716308594
819.415833      2331.6665039063
819.724365      2235.0883789063
820.032837      2235.0883789063
820.341370      2241.9868164063
820.649719      2287.9763183594
820.958130      2356.9606933594
821.266357      2370.7575683594
821.574707      2400.6506347656
821.882874      2416.7468261719
822.191040      2396.0517578125
822.499207      2239.6875000000
822.807251      2241.9868164063
823.115356      2122.4143066406
823.423279      2127.0131835938
823.731262      2092.5212402344
824.039124      2198.2968750000
824.346985      2209.7941894531
824.654846      2253.4843750000
824.962524      2338.5646972656
825.270264      2285.6770019531
825.577820      2331.6665039063
825.885437      2267.2812500000
826.193054      2382.2548828125
826.500488      2292.5754394531
826.807983      2317.8696289063
827.115356      2333.9658203125
827.422729      2386.8537597656
827.729980      2198.2968750000
828.037292      2235.0883789063
828.344543      2241.9868164063
828.651733      2129.3127441406
828.958862      2223.5910644531
829.265869      2097.1201171875
829.572937      2175.3022460938
829.879883      2202.8957519531
830.186829      2253.4843750000
830.493713      2152.3073730469
830.800537      2225.8906250000
831.107361      2161.5053710938
831.414063      2214.3933105469
831.720764      2202.8957519531
832.027405      2173.0026855469
832.333984      2166.1042480469
832.640564      2193.6979980469
832.947021      2150.0080566406
833.253479      2198.2968750000
833.559814      2193.6979980469
833.866211      2067.2268066406
834.172546      2237.3879394531
834.478760      2184.5000000000
834.784973      2225.8906250000
835.091125      2179.9011230469
835.397278      2184.5000000000
835.703247      2301.7731933594
836.009277      2191.3984375000
836.315247      2218.9921875000
836.621155      2267.2812500000
836.927063      2278.7785644531
837.232849      2276.4790039063
837.538635      2191.3984375000
837.844421      2175.3022460938
838.150085      2221.2917480469
838.455688      2173.0026855469
838.761292      2246.5859375000
839.066833      2097.1201171875
839.372253      2253.4843750000
839.677734      2260.3828125000
839.983093      2117.8154296875
840.288391      2184.5000000000
840.593689      2131.6120605469
840.898926      2175.3022460938
841.204102      2223.5910644531
841.509277      2278.7785644531
841.814392      2198.2968750000
842.119446      2258.0832519531
842.424438      2248.8852539063
842.729370      2340.8642578125
843.034241      2117.8154296875
843.339111      2175.3022460938
843.643982      2186.7995605469
843.948669      2237.3879394531
844.253479      2143.1096191406
844.558105      2163.8049316406
844.862671      2110.9169921875
845.167236      2177.6015625000
845.471741      2173.0026855469
845.776245      2124.7138671875
846.080627      2143.1096191406
846.385071      2202.8957519531
846.689331      2163.8049316406
846.993591      2127.0131835938
847.297791      2182.2006835938
847.601990      2184.5000000000
847.906128      2101.7189941406
848.210205      2101.7189941406
848.514282      2113.2163085938
848.818237      2108.6174316406
849.122131      2069.5263671875
849.426025      2071.8259277344
849.729919      2051.1306152344
850.033691      2060.3286132813
850.337402      2002.8416748047
850.641113      2074.1252441406
850.944702      2005.1411132813
851.248352      2037.3337402344
851.551941      2051.1306152344
851.855347      2071.8259277344
852.158813      2051.1306152344
852.462219      2124.7138671875
852.765564      2076.4248046875
853.068848      1968.3494873047
853.372070      2032.7348632813
853.675354      1933.8574218750
853.978455      1938.4564208984
854.281555      1846.4774169922
854.584656      1894.7663574219
854.887634      1906.2637939453
855.190552      1890.1674804688
855.493530      1892.4669189453
855.796387      1878.6700439453
856.099182      1887.8679199219
856.401978      1929.2585449219
856.704651      1940.7558593750
857.007324      1989.0447998047
857.309998      1986.7453613281
857.612549      1915.4616699219
857.915100      1832.6805419922
858.217529      1922.3601074219
858.519958      1931.5579833984
858.822266      1857.9748535156
859.124634      1894.7663574219
859.426941      1917.7611083984
859.729187      2000.5421142578
860.031372      1920.0605468750
860.333435      1929.2585449219
860.635559      1814.2847900391
860.937622      1883.2690429688
861.239563      1867.1727294922
861.541504      1922.3601074219
861.843384      1846.4774169922
862.145264      1910.8626708984
862.446960      1844.1779785156
862.748779      1947.6542968750
863.050476      1883.2690429688
863.352051      1853.3758544922
863.653748      1834.9801025391
863.955200      1867.1727294922
864.256714      1908.5632324219
864.558167      1887.8679199219
864.859619      1818.8837890625
865.160950      1864.8731689453
865.462219      1860.2742919922
865.763489      1828.0816650391
866.064697      1745.3005371094
866.365845      1747.6000976563
866.666931      1724.6053466797
866.967957      1793.5894775391
867.269043      1632.6263427734
867.570007      1775.1937255859
867.870911      1717.7069091797
868.171692      1715.4074707031
868.472595      1687.8137207031
868.773254      1722.3059082031
869.074036      1765.9958496094
869.374695      1722.3059082031
869.675293      1722.3059082031
869.975891      1743.0010986328
870.276367      1763.6964111328
870.576843      1706.2094726563
870.877319      1784.3916015625
871.177612      1713.1079101563
871.477966      1731.5037841797
871.778198      1747.6000976563
872.078491      1745.3005371094
872.378601      1710.8084716797
872.678711      1614.2305908203
872.978882      1754.4985351563
873.278870      1653.3216552734
873.578857      1733.8032226563
873.878784      1648.7226562500
874.178650      1690.1131591797
874.478394      1720.0063476563
874.778259      1632.6263427734
875.078003      1662.5195312500
875.377625      1639.5247802734
875.677307      1657.9205322266
875.976868      1729.2042236328
876.276428      1669.4179687500
876.575928      1738.4022216797
876.875366      1570.5405273438
877.174744      1621.1290283203
877.474060      1625.7279052734
877.773376      1671.7174072266
878.072571      1584.3374023438
878.371826      1602.7331542969
878.670959      1687.8137207031
878.970032      1593.5352783203
879.269043      1630.3269042969
879.567993      1561.3426513672
879.867004      1600.4337158203
880.165894      1593.5352783203
880.464722      1565.9416503906
880.763550      1621.1290283203
881.062256      1476.2622070313
881.361023      1607.3321533203
881.659607      1595.8348388672
881.958252      1565.9416503906
882.256836      1575.1395263672
882.555298      1545.2463378906
882.853760      1563.6422119141
883.152100      1545.2463378906
883.450500      1646.4232177734
883.748779      1586.6368408203
884.047058      1549.8453369141
884.345276      1568.2410888672
884.643372      1519.9521484375
884.941528      1508.4548339844
885.239502      1577.4389648438
885.537598      1582.0379638672
885.835510      1450.9678955078
886.133423      1485.4600830078
886.431335      1515.3531494141
886.729065      1510.7542724609
887.026855      1561.3426513672
887.324524      1478.5616455078
887.622253      1460.1658935547
887.919800      1531.4495849609
888.217407      1450.9678955078
888.514954      1547.5458984375
888.812317      1508.4548339844
889.109802      1448.6684570313
889.407166      1467.0642089844
889.704407      1467.0642089844
890.001770      1430.2727050781
890.298889      1437.1711425781
890.596130      1439.4705810547
890.893188      1485.4600830078
891.190308      1375.0853271484
891.487244      1490.0589599609
