0.043000
190.260635         0.0000000000
190.642441         0.0000000000
191.024216      1310.6999511719
191.405975      1254.5911865234
191.787704      1250.1025390625
192.169403      1308.4555664063
192.551071      1321.9217529297
192.932724      1259.0799560547
193.314331      1328.6547851563
193.695923      1351.0982666016
194.077499      1288.2564697266
194.459030      1321.9217529297
194.840546      1337.6322021484
195.222031      1353.3426513672
195.603485      1373.5417480469
195.984909      1328.6547851563
196.366302      1357.8312988281
196.747681      1344.3652343750
197.129028      1360.0756835938
197.510345      1283.7678222656
197.891647      1348.8538818359
198.272919      1283.7678222656
198.654175      1306.2113037109
199.035355      1355.5869140625
199.416550      1364.5643310547
199.797714      1378.0303955078
200.178848      1335.3878173828
200.559937      1324.1660156250
200.941025      1324.1660156250
201.322083      1281.5234375000
201.703079      1310.6999511719
202.084091      1321.9217529297
202.465057      1245.6137695313
202.845993      1317.4329833984
203.226898      1330.8990478516
203.607788      1324.1660156250
203.988647      1308.4555664063
204.369461      1241.1251220703
204.750275      1326.4104003906
205.131042      1312.9443359375
205.511795      1281.5234375000
205.892517      1335.3878173828
206.273209      1297.2338867188
206.653870      1268.0573730469
207.034515      1353.3426513672
207.415115      1319.6773681641
207.795700      1299.4782714844
208.176254      1315.1885986328
208.556778      1312.9443359375
208.937271      1337.6322021484
209.317749      1306.2113037109
209.698196      1301.7225341797
210.078613      1274.7904052734
210.459000      1312.9443359375
210.839371      1270.3016357422
211.219696      1380.2747802734
211.600006      1245.6137695313
211.980286      1286.0120849609
212.360535      1268.0573730469
212.740768      1312.9443359375
213.120956      1369.0529785156
213.501129      1328.6547851563
213.881256      1312.9443359375
214.261383      1245.6137695313
214.641464      1232.1477050781
215.021530      1315.1885986328
215.401550      1373.5417480469
215.781570      1312.9443359375
216.161530      1342.1208496094
216.541504      1274.7904052734
216.921402      1283.7678222656
217.301315      1333.1434326172
217.681152      1346.6094970703
218.061005      1274.7904052734
218.440811      1333.1434326172
218.820587      1299.4782714844
219.200348      1294.9895019531
219.580078      1319.6773681641
219.959763      1236.6364746094
220.339432      1308.4555664063
220.719070      1283.7678222656
221.098694      1328.6547851563
221.478271      1292.7451171875
221.857819      1245.6137695313
222.237366      1312.9443359375
222.616867      1308.4555664063
222.996338      1326.4104003906
223.375778      1330.8990478516
223.755188      1344.3652343750
224.134583      1283.7678222656
224.513947      1279.2790527344
224.893265      1382.5191650391
225.272583      1283.7678222656
225.651855      1337.6322021484
226.031097      1319.6773681641
226.410339      1335.3878173828
226.789520      1270.3016357422
227.168686      1303.9669189453
227.547806      1328.6547851563
227.926926      1315.1885986328
228.306015      1297.2338867188
228.685059      1238.8807373047
229.064087      1330.8990478516
229.443069      1308.4555664063
229.822037      1268.0573730469
230.200989      1297.2338867188
230.579895      1333.1434326172
230.958786      1357.8312988281
231.337631      1326.4104003906
231.716461      1326.4104003906
232.095261      1324.1660156250
232.474030      1254.5911865234
232.852783      1389.2521972656
233.231476      1342.1208496094
233.610184      1324.1660156250
233.988831      1272.5460205078
234.367462      1324.1660156250
234.746048      1346.6094970703
235.124649      1283.7678222656
235.503159      1263.5686035156
235.881683      1364.5643310547
236.260162      1339.8764648438
236.638641      1303.9669189453
237.017075      1306.2113037109
237.395477      1281.5234375000
237.773834      1254.5911865234
238.152176      1292.7451171875
238.530502      1344.3652343750
238.908783      1346.6094970703
239.287048      1357.8312988281
239.665268      1288.2564697266
240.043472      1281.5234375000
240.421661      1319.6773681641
240.799805      1268.0573730469
241.177902      1312.9443359375
241.556000      1308.4555664063
241.934052      1268.0573730469
242.312088      1288.2564697266
242.690094      1315.1885986328
243.068054      1312.9443359375
243.446014      1326.4104003906
243.823929      1286.0120849609
244.201813      1333.1434326172
244.579666      1290.5008544922
244.957504      1281.5234375000
245.335297      1355.5869140625
245.713074      1252.3469238281
246.090820      1301.7225341797
246.468536      1272.5460205078
246.846207      1299.4782714844
247.223862      1378.0303955078
247.601501      1362.3199462891
247.979095      1369.0529785156
248.356674      1326.4104003906
248.734222      1339.8764648438
249.111725      1256.8355712891
249.489212      1378.0303955078
249.866669      1333.1434326172
250.244095      1319.6773681641
250.621506      1364.5643310547
250.998871      1288.2564697266
251.376221      1292.7451171875
251.753510      1292.7451171875
252.130814      1330.8990478516
252.508057      1342.1208496094
252.885284      1299.4782714844
253.262466      1247.8581542969
253.639648      1360.0756835938
254.016769      1306.2113037109
254.393906      1297.2338867188
254.770966      1400.4738769531
255.148026      1337.6322021484
255.525040      1272.5460205078
255.902054      1292.7451171875
256.278992      1301.7225341797
256.655945      1317.4329833984
257.032837      1297.2338867188
257.409729      1357.8312988281
257.786591      1339.8764648438
258.163391      1328.6547851563
258.540161      1303.9669189453
258.916962      1348.8538818359
259.293701      1371.2973632813
259.670380      1342.1208496094
260.047058      1330.8990478516
260.423706      1297.2338867188
260.800323      1364.5643310547
261.176880      1328.6547851563
261.553436      1261.3242187500
261.929962      1294.9895019531
262.306488      1306.2113037109
262.682953      1301.7225341797
263.059387      1326.4104003906
263.435791      1315.1885986328
263.812195      1297.2338867188
264.188507      1362.3199462891
264.564850      1321.9217529297
264.941132      1375.7861328125
265.317413      1301.7225341797
265.693634      1342.1208496094
266.069885      1409.4512939453
266.446045      1286.0120849609
266.822174      1297.2338867188
267.198273      1371.2973632813
267.574371      1288.2564697266
267.950439      1357.8312988281
268.326447      1317.4329833984
268.702454      1315.1885986328
269.078430      1310.6999511719
269.454376      1382.5191650391
269.830292      1330.8990478516
270.206146      1378.0303955078
270.582001      1317.4329833984
270.957825      1301.7225341797
271.333618      1324.1660156250
271.709381      1265.8129882813
272.085144      1297.2338867188
272.460815      1380.2747802734
272.836487      1315.1885986328
273.212128      1362.3199462891
273.587769      1344.3652343750
273.963348      1400.4738769531
274.338898      1312.9443359375
274.714447      1346.6094970703
275.089935      1357.8312988281
275.465393      1326.4104003906
275.840820      1387.0078125000
276.216278      1319.6773681641
276.591644      1330.8990478516
276.966949      1294.9895019531
277.342285      1355.5869140625
277.717590      1362.3199462891
278.092834      1254.5911865234
278.468048      1328.6547851563
278.843262      1299.4782714844
279.218445      1324.1660156250
279.593567      1321.9217529297
279.968658      1364.5643310547
280.343781      1297.2338867188
280.718811      1243.3695068359
281.093842      1371.2973632813
281.468811      1351.0982666016
281.843781      1337.6322021484
282.218719      1360.0756835938
282.593628      1330.8990478516
282.968506      1366.8087158203
283.343353      1286.0120849609
283.718170      1326.4104003906
284.092896      1328.6547851563
284.467682      1306.2113037109
284.842407      1324.1660156250
285.217102      1348.8538818359
285.591766      1333.1434326172
285.966400      1281.5234375000
286.340973      1326.4104003906
286.715576      1303.9669189453
287.090118      1321.9217529297
287.464630      1328.6547851563
287.839081      1384.7634277344
288.213562      1328.6547851563
288.587982      1348.8538818359
288.962372      1342.1208496094
289.336731      1297.2338867188
289.711060      1292.7451171875
290.085327      1454.3382568359
290.459625      1348.8538818359
290.833862      1265.8129882813
291.208069      1288.2564697266
291.582275      1279.2790527344
291.956421      1351.0982666016
292.330505      1360.0756835938
292.704620      1315.1885986328
293.078705      1326.4104003906
293.452698      1387.0078125000
293.826691      1308.4555664063
294.200684      1306.2113037109
294.574615      1277.0346679688
294.948517      1364.5643310547
295.322388      1297.2338867188
295.696259      1315.1885986328
296.070068      1330.8990478516
296.443848      1393.7408447266
296.817596      1342.1208496094
297.191345      1373.5417480469
297.565063      1319.6773681641
297.938690      1317.4329833984
298.312317      1294.9895019531
298.685913      1306.2113037109
299.059540      1380.2747802734
299.433044      1339.8764648438
299.806549      1357.8312988281
300.180054      1346.6094970703
300.553528      1330.8990478516
300.926910      1360.0756835938
301.300323      1357.8312988281
301.673676      1402.7182617188
302.046997      1402.7182617188
302.420319      1413.9400634766
302.793579      1436.3835449219
303.166809      1463.3156738281
303.540039      1458.8270263672
303.913208      1458.8270263672
304.286377      1420.6730957031
304.659454      1544.1123046875
305.032593      1521.6688232422
305.405609      1544.1123046875
305.778656      1528.4018554688
306.151611      1559.8227539063
306.524597      1611.4427490234
306.897522      1647.3522949219
307.270416      1703.4610595703
307.643280      1669.7957763672
308.016144      1714.6828613281
308.388916      1752.8367919922
308.761749      1743.8593750000
309.134460      1705.7054443359
309.507202      1777.5246582031
309.879913      1878.5202636719
310.252563      1972.7829589844
310.625153      2085.0004882813
310.997742      2069.2900390625
311.370361      2163.5527343750
311.742859      2062.5568847656
312.115356      2212.9284667969
312.487823      2255.5710449219
312.860291      2197.2180175781
313.232697      2237.6162109375
313.605042      2295.9692382813
313.977386      2392.4763183594
314.349731      2430.6301269531
314.721985      2540.6032714844
315.094269      2480.0058593750
315.466492      2506.9379882813
315.838684      2621.3999023438
316.210846      2713.4182128906
316.582977      2839.1018066406
316.955048      3036.6044921875
317.327148      3234.1071777344
317.699158      3218.3967285156
318.071167      3130.8671875000
318.443176      3088.2246093750
318.815125      3043.3376464844
319.187012      3236.3515625000
319.558868      3254.3063964844
319.930756      3252.0620117188
320.302582      3498.9404296875
320.674347      3472.0083007813
321.046112      3505.6735839844
321.417847      3355.3020019531
321.789581      3559.5378417969
322.161224      3586.4699707031
322.532867      3451.8090820313
322.904419      3359.7907714844
323.276031      3413.6552734375
323.647583      3653.8005371094
324.019073      4012.8964843750
324.390533      4035.3398437500
324.762024      4163.2680664063
325.133423      4331.5942382813
325.504791      4627.8481445313
325.876129      4894.9257812500
326.247467      5018.3647460938
326.618774      5108.1386718750
326.990021      5150.7817382813
327.361237      5170.9804687500
327.732452      5150.7817382813
328.103607      5067.7407226563
328.474731      5162.0034179688
328.845825      5449.2797851563
329.216919      5736.5566406250
329.587952      5851.0185546875
329.958954      6044.0327148438
330.329926      5855.5073242188
330.700867      5543.5424804688
331.071808      5613.1176757813
331.442688      5738.8007812500
331.813507      5494.1669921875
332.184357      5615.3618164063
332.555115      5763.4887695313
332.925873      5617.6059570313
333.296570      5599.6513671875
333.667267      5743.2895507813
334.037994      5788.1767578125
334.408600      5792.6655273438
334.779144      6219.0917968750
335.149750      6053.0097656250
335.520294      5931.8149414063
335.890778      5729.8237304688
336.261230      5613.1176757813
336.631683      5534.5654296875
337.002106      5539.0537109375
337.372498      5718.6020507813
337.742798      5940.7924804688
338.113129      6122.5849609375
338.483429      6306.6215820313
338.853668      6315.5986328125
339.223907      6582.6762695313
339.594086      6605.1196289063
339.964233      6935.0390625000
340.334381      6937.2836914063
340.704437      6627.5634765625
341.074493      6726.3144531250
341.444519      6744.2695312500
341.814545      6784.6679687500
342.184509      6845.2651367188
342.554413      7096.6323242188
342.924347      6952.9941406250
343.294220      7211.0942382813
343.664032      6807.1113281250
344.033813      6234.8022460938
344.403595      6205.6254882813
344.773346      6537.7895507813
345.143036      6937.2836914063
345.512695      7112.3427734375
345.882385      6878.9306640625
346.251984      7036.0346679688
346.621552      7188.6503906250
346.991089      7437.7734375000
347.360626      7231.2934570313
347.730103      7300.8681640625
348.099548      7125.8090820313
348.468964      7244.7592773438
348.838379      7238.0263671875
349.207764      7392.8862304688
349.577057      7581.4116210938
349.946320      8001.1049804688
350.315582      8102.1005859375
350.684845      8371.4228515625
351.054047      8319.8027343750
351.423157      8084.1459960938
351.792328      7958.4624023438
352.161438      7956.2182617188
352.530487      7873.1772460938
352.899506      8212.0742187500
353.268524      8447.7304687500
353.637512      8952.7089843750
354.006409      8943.7314453125
354.375336      9410.5566406250
354.744232      9334.2480468750
355.113068      9332.0039062500
355.481873      8784.3828125000
355.850616      8728.2744140625
356.219391      8640.7441406250
356.588135      8001.1049804688
356.956818      7473.6831054688
357.325470      7561.2124023438
357.694031      7538.7690429688
358.062653      7128.0532226563
358.431213      7157.2294921875
358.799713      7381.6645507813
359.168182      8207.5849609375
359.536652      8968.4199218750
359.905090      9280.3837890625
360.273438      9195.0986328125
360.641785      8683.3876953125
361.010132      8474.6630859375
361.378448      8584.6357421875
361.746704      8782.1386718750
362.114899      8885.3789062500
362.483124      9210.8095703125
362.851288      9841.4716796875
363.219421      9969.3994140625
363.587463      9906.5576171875
363.955566     10144.4589843750
364.323608     10157.9248046875
364.691589     10337.4726562500
365.059540     10382.3593750000
365.427490     11221.7460937500
365.795410     11989.3134765625
366.163269     12184.5722656250
366.531067     12155.3955078125
366.898895     11984.8251953125
367.266693     11861.3857421875
367.634430     12065.6210937500
368.002106     11509.0224609375
368.369812     11468.6250000000
368.737457     11484.3349609375
369.105042     11827.7207031250
369.472595     12301.2783203125
369.840149     12682.8173828125
370.207672     12195.7939453125
370.575134     11776.1005859375
370.942566     11670.6162109375
371.309998     11971.3583984375
371.677399     11841.1865234375
372.044708     11547.1767578125
372.411987     11013.0214843750
372.779297     11066.8857421875
373.146576     10871.6279296875
373.513794     10263.4091796875
373.880951     10135.4814453125
374.248077     10285.8525390625
374.615204     10335.2285156250
374.982300     10312.7851562500
375.349365     11087.0849609375
375.716339     11789.5664062500
376.083374     12247.4140625000
376.450317     12070.1103515625
376.817230     12498.7812500000
377.184082     13086.8007812500
377.550964     13897.0107421875
377.917786     14595.0029296875
378.284576     14909.2119140625
378.651306     14292.0156250000
379.018036     13544.6474609375
379.384735     12622.2197265625
379.751373     12417.9843750000
380.117981     12756.8808593750
380.484589     13259.6152343750
380.851166     13744.3945312500
381.217651     13248.3935546875
381.584137     12368.6083984375
381.950623     11185.8369140625
382.317017     10472.1337890625
382.683411      9406.0673828125
383.049774      9264.6738281250
383.416107      8860.6904296875
383.782410      9563.1718750000
384.148651     10276.8750000000
384.514832     11329.4746093750
384.881042     12411.2509765625
385.247223     12422.4726562500
385.613342     12153.1513671875
385.979401     12000.5351562500
386.345459     12079.0878906250
386.711517     12453.8935546875
387.077484     12539.1796875000
387.443420     12640.1748046875
387.809357     12518.9804687500
388.175262     12337.1875000000
388.541107     12444.9169921875
388.906891     13089.0449218750
389.272705     13672.5751953125
389.638489     14372.8125000000
390.004211     15436.6337890625
390.369873     15378.2812500000
390.735535     15638.6259765625
391.101196     16089.7392578125
391.466766     16058.3183593750
391.832336     15663.3134765625
392.197815     14413.2109375000
392.563324     12718.7275390625
392.928802     10903.0488281250
393.294189      9264.6738281250
393.659607      9174.8994140625
394.024963     10189.3457031250
394.390289     12256.3916015625
394.755554     14150.6220703125
395.120789     15176.2900390625
395.486023     15526.4082031250
395.851227     15135.8916015625
396.216370     13594.0234375000
396.581482     11679.5937500000
396.946564     10687.5908203125
397.311646     11439.4482421875
397.676636     13484.0498046875
398.041626     16222.1562500000
398.406586     18154.5410156250
398.771515     19449.5312500000
399.136383     20295.6503906250
399.501221     21144.0136718750
399.866058     20930.8007812500
400.230865     21586.1503906250
400.595581     21657.9707031250
400.960297     21990.1347656250
401.324982     22311.0761718750
401.689636     22632.0175781250
402.054230     23148.2187500000
402.418793     23110.0644531250
402.783356     23051.7109375000
403.147919     22459.2031250000
403.512360     22315.5644531250
403.876770     22775.6562500000
404.241211     22605.0859375000
404.605621     22452.4707031250
404.969910     22346.9863281250
405.334229     22634.2617187500
405.698517     22340.2519531250
406.062775     22338.0078125000
406.426971     21767.9433593750
406.791107     21965.4453125000
407.155273     22131.5273437500
407.519379     22207.8359375000
407.883484     22531.0214843750
408.247498     22993.3574218750
408.611481     24144.7089843750
408.975464     24286.1035156250
409.339417     23861.9218750000
409.703308     23083.1328125000
410.067169     22434.5156250000
410.431030     22434.5156250000
410.794800     22872.1640625000
411.158569     23974.1386718750
411.522278     24580.1132812500
411.885986     25271.3730468750
412.249664     25617.0019531250
412.613312     25071.6250000000
412.976868     24916.7656250000
413.340454     24555.4257812500
413.703979     25013.2714843750
414.067474     24831.4804687500
414.430908     24793.3261718750
414.794342     25035.7148437500
415.157745     25329.7246093750
415.521088     24811.2812500000
415.884369     25085.0917968750
416.247711     25594.5585937500
416.610931     25125.4902343750
416.974152     25619.2460937500
417.337341     24871.8789062500
417.700500     24203.0625000000
418.063629     24467.8945312500
418.426697     24696.8183593750
418.789703     24517.2714843750
419.152740     24930.2304687500
419.515717     24759.6601562500
419.878662     24440.9628906250
420.241577     24458.9179687500
420.604431     24876.3671875000
420.967285     25314.0156250000
421.330109     26117.4921875000
421.692841     25733.7089843750
422.055603     25399.3007812500
422.418335     24645.1992187500
422.780975     24286.1035156250
423.143585     24234.4824218750
423.506226     24429.7421875000
423.868774     24524.0039062500
424.231293     25403.7890625000
424.593811     25091.8242187500
424.956238     24990.8281250000
425.318665     24532.9824218750
425.681091     24782.1035156250
426.043427     24584.6015625000
426.405731     24853.9238281250
426.768036     24607.0449218750
427.130310     23870.8984375000
427.492493     24032.4921875000
427.854675     24481.3613281250
428.216858     23942.7167968750
428.578979     23630.7539062500
428.941040     23294.1015625000
429.303040     22120.3066406250
429.665070     21794.8750000000
430.027069     20118.3457031250
430.389008     19218.3632812500
430.750885     18809.8906250000
431.112762     19813.1152343750
431.474640     21925.0468750000
431.836395     24120.0214843750
432.198181     24927.9863281250
432.559937     25284.8378906250
432.921600     24948.1855468750
433.283264     25991.8085937500
433.644867     24912.2773437500
434.006500     24773.1269531250
434.368073     24207.5507812500
434.729553     24818.0136718750
435.091034     25558.6484375000
435.452515     26198.2890625000
435.813934     27069.0957031250
436.175293     27502.2558593750
436.536621     28155.3613281250
436.897949     27668.3378906250
437.259277     27625.6953125000
437.620483     27051.1406250000
437.981659     26288.0625000000
438.342865     25376.8574218750
438.704010     25107.5351562500
439.065125     25944.6777343750
439.426178     26422.7226562500
439.787201     26898.5253906250
440.148224     26539.4296875000
440.509186     27414.7265625000
440.870087     27740.1562500000
441.230988     28397.7500000000
441.591858     28799.4902343750
441.952667     28943.1269531250
442.313416     29302.2246093750
442.674194     29726.4062500000
443.034912     29593.9882812500
443.395630     29046.3671875000
443.756226     29591.7441406250
444.116852     29593.9882812500
444.477417     29445.8613281250
444.837982     29389.7539062500
445.198456     29858.8222656250
445.558960     28851.1093750000
445.919403     28810.7109375000
446.279816     28709.7148437500
446.640106     29194.4941406250
447.000458     29896.9765625000
447.360779     30767.7832031250
447.721039     30511.9277343750
448.081207     30839.6035156250
448.441406     30532.1269531250
448.801575     31699.1894531250
449.161713     31346.8261718750
449.521759     30868.7792968750
449.881805     31171.7675781250
450.241852     31539.8398437500
450.601837     32374.7382812500
450.961792     32601.4179687500
451.321655     32457.7792968750
451.681549     31975.2441406250
452.041382     31555.5507812500
452.401184     31301.9394531250
452.760895     29816.1796875000
453.120636     29331.4003906250
453.480347     29728.6503906250
453.840027     30188.7421875000
454.199585     30186.4980468750
454.559174     30244.8496093750
454.918762     30341.3574218750
455.278290     30024.9042968750
455.637726     30577.0136718750
455.997162     30686.9863281250
456.356598     31393.9570312500
456.715973     30787.9824218750
457.075287     31131.3691406250
457.434570     31003.4394531250
457.793854     30967.5312500000
458.153107     30197.7187500000
458.512268     30529.8828125000
458.871429     30803.6933593750
459.230560     30545.5937500000
459.589661     30372.7773437500
459.948639     30505.1953125000
460.307678     30716.1640625000
460.666687     31647.5683593750
461.025635     31544.3281250000
461.384491     31721.6328125000
461.743378     31436.5996093750
462.102264     32403.9140625000
462.461060     32033.5976562500
462.819794     32284.9628906250
463.178497     32253.5429687500
463.537231     32502.6660156250
463.895905     32401.6699218750
464.254456     31809.1621093750
464.613068     30868.7792968750
464.971649     31340.0937500000
465.330170     31726.1210937500
465.688568     32278.2304687500
466.047028     32561.0195312500
466.405457     32100.9277343750
466.763855     32004.4199218750
467.122192     32222.1210937500
467.480438     33328.5859375000
467.838715     33155.7695312500
468.196960     33781.9453125000
468.555176     33710.1250000000
468.913269     34605.6210937500
469.271393     34062.4882812500
469.629486     34298.1445312500
469.987549     34426.0742187500
470.345520     33885.1835937500
470.703491     34562.9765625000
471.061462     34349.7656250000
471.419342     35541.5156250000
471.777191     36692.8671875000
472.135040     37366.1718750000
472.492828     37844.2187500000
472.850586     37725.2656250000
473.208282     37853.1953125000
473.565979     38488.3437500000
473.923615     39134.7187500000
474.281281     39031.4765625000
474.638794     39924.7304687500
474.996338     40584.5664062500
475.353851     40730.4492187500
475.711334     40822.4687500000
476.068726     41114.2343750000
476.426117     40950.3945312500
476.783478     41742.6523437500
477.140808     43127.4140625000
477.498077     43623.4179687500
477.855316     43767.0546875000
478.212555     44359.5625000000
478.569763     44604.1953125000
478.926819     44797.2109375000
479.283936     45587.2226562500
479.641022     46208.9062500000
479.998077     46545.5585937500
480.355011     47043.8046875000
480.711975     47153.7773437500
481.068939     47349.0351562500
481.425842     47591.4257812500
481.782623     48145.7812500000
482.139435     48289.4179687500
482.496216     48617.0937500000
482.852966     49016.5859375000
483.209717     48973.9453125000
483.566315     48897.6367187500
483.922943     49398.1250000000
484.279572     48989.6562500000
484.636139     48955.9882812500
484.992615     48482.4335937500
485.349121     47443.2968750000
485.705566     45971.0039062500
486.062012     44164.3046875000
486.418304     43832.1406250000
486.774689     44498.7109375000
487.130981     46049.5585937500
487.487274     47187.4414062500
487.843445     48293.9062500000
488.199615     48994.1445312500
488.555786     49027.8085937500
488.911957     49290.3984375000
489.267975     50037.7656250000
489.624023     50872.6640625000
489.980042     51061.1914062500
490.336029     51157.6953125000
490.691925     51368.6640625000
491.047821     50951.2148437500
491.403687     50645.9843750000
491.759521     50531.5234375000
492.115265     49914.3281250000
492.471008     50394.6171875000
492.826752     50679.6484375000
493.182434     51548.2148437500
493.538025     51415.7968750000
493.893646     51258.6914062500
494.249207     51503.3281250000
494.604736     52443.7070312500
494.960205     52450.4414062500
495.315674     52385.3554687500
495.671082     51988.1054687500
496.026489     52445.9531250000
496.381775     52351.6914062500
496.737091     52495.3281250000
497.092377     52888.0898437500
497.447632     52717.5195312500
497.802795     52098.0781250000
498.157959     51738.9843750000
498.513062     51691.8515625000
498.868195     51700.8281250000
499.223175     52086.8554687500
499.578217     51961.1718750000
499.933167     51911.7968750000
500.288116     51341.7343750000
500.643036     50939.9960937500
500.997833     50733.5156250000
501.352692     50807.5781250000
501.707489     50282.4023437500
502.062225     50549.4765625000
502.416901     50771.6679687500
502.771606     51070.1679687500
503.126221     51505.5703125000
503.480865     51115.0546875000
503.835358     50616.8085937500
504.189941     50284.6445312500
504.544434     51094.8554687500
504.898865     51388.8632812500
505.253265     51943.2187500000
505.607635     52133.9882812500
505.961975     52466.1523437500
506.316315     52490.8398437500
506.670532     52270.8945312500
507.024750     52149.6992187500
507.378967     51983.6171875000
507.733154     51559.4335937500
508.087189     51633.5000000000
508.441315     51175.6523437500
508.795349     51914.0429687500
509.149353     52338.2226562500
509.503265     52006.0625000000
509.857208     52048.7031250000
510.211121     52125.0117187500
510.565002     51940.9726562500
510.918762     52181.1210937500
511.272583     52403.3085937500
511.626312     52748.9414062500
511.980042     52439.2187500000
512.333618     52030.7500000000
512.687256     51878.1328125000
513.040894     51467.4179687500
513.394470     51496.5937500000
513.747925     51384.3750000000
514.101440     51072.4101562500
514.454895     50832.2656250000
514.808289     51240.7382812500
515.161621     51449.4609375000
515.514893     51016.3007812500
515.868225     51359.6875000000
516.221497     50488.8789062500
516.574707     48843.7734375000
516.927856     47012.3828125000
517.281006     46998.9179687500
517.634155     47726.0859375000
517.987183     47871.9687500000
518.340210     47757.5078125000
518.693237     48233.3085937500
519.046204     48991.8984375000
519.399048     49528.3007812500
519.751892     50230.7812500000
520.104736     50639.2500000000
520.457520     50863.6875000000
520.810364     50946.7265625000
521.163025     51276.6484375000
521.515686     51602.0781250000
521.868408     51999.3281250000
522.221008     51530.2578125000
522.573547     51247.4687500000
522.926086     51054.4570312500
523.278625     51047.7226562500
523.631042     51536.9921875000
523.983459     51833.2460937500
524.335815     52064.4140625000
524.688171     52353.9335937500
525.040527     52369.6445312500
525.392761     51914.0429687500
525.744934     51817.5351562500
526.097168     51209.3164062500
526.449341     49754.9765625000
526.801453     49162.4687500000
527.153503     48962.7226562500
527.505554     49714.5781250000
527.857544     50264.4453125000
528.209534     50720.0468750000
528.561462     51590.8554687500
528.913330     51979.1289062500
529.265198     52226.0078125000
529.617004     51804.0703125000
529.968750     51725.5156250000
530.320496     51721.0273437500
530.672180     52324.7578125000
531.023804     52277.6250000000
531.375488     52131.7460937500
531.727051     52084.6132812500
532.078613     51157.6953125000
532.430115     50852.4648437500
532.781555     50369.9296875000
533.132996     50206.0937500000
533.484375     50540.5000000000
533.835815     50601.0976562500
534.187073     50190.3828125000
534.538330     50544.9882812500
534.889587     50778.4023437500
535.240784     51101.5859375000
535.591919     51337.2460937500
535.942993     51359.6875000000
536.294128     51184.6289062500
536.645203     50383.3945312500
536.996155     49923.3046875000
537.347107     49838.0195312500
537.698120     50179.1601562500
538.049011     50450.7265625000
538.399841     50154.4726562500
538.750610     50336.2656250000
539.101440     50004.1015625000
539.452209     49662.9609375000
539.802856     49467.7031250000
540.153503     48731.5546875000
540.504150     48453.2539062500
540.854736     48154.7578125000
541.205261     48630.5585937500
541.555786     48457.7460937500
541.906250     48513.8515625000
542.256714     49059.2304687500
542.607056     48920.0820312500
542.957458     49200.6250000000
543.307739     48926.8125000000
543.658020     48877.4375000000
544.008240     49220.8242187500
544.358398     49122.0703125000
544.708618     49456.4804687500
545.058777     49447.5039062500
545.408813     49187.1562500000
545.758850     49238.7773437500
546.108887     49443.0156250000
546.458862     49238.7773437500
546.808716     49016.5859375000
547.158691     48877.4375000000
547.508545     48955.9882812500
547.858337     48284.9296875000
548.208069     48657.4921875000
548.557800     49023.3203125000
548.907532     49034.5429687500
549.257202     49012.0976562500
549.606812     48926.8125000000
549.956360     48644.0273437500
550.305908     48706.8671875000
550.655457     48938.0351562500
551.004883     48709.1132812500
551.354309     48798.8867187500
551.703674     48641.7812500000
552.053040     48358.9921875000
552.402405     48619.3359375000
552.751587     48352.2617187500
553.100830     47865.2343750000
553.450012     48433.0546875000
553.799255     47827.0820312500
554.148254     47773.2187500000
554.497375     48480.1875000000
554.846436     47757.5078125000
555.195435     48401.6367187500
555.544373     48071.7148437500
555.893250     48017.8515625000
556.242188     47701.3984375000
556.591003     47180.7109375000
556.939758     46945.0546875000
557.288574     46673.4882812500
557.637268     46529.8476562500
557.985962     46101.1796875000
558.334595     46273.9921875000
558.683228     46119.1328125000
559.031799     45109.1757812500
559.380310     45048.5781250000
559.728760     44987.9804687500
560.077209     45335.8554687500
560.425659     45706.1718750000
560.774048     45780.2343750000
561.122314     45982.2265625000
561.470581     45535.6015625000
561.818909     45178.7500000000
562.167114     45035.1132812500
562.515259     45504.1796875000
562.863342     45367.2773437500
563.211487     45652.3085937500
563.559570     45026.1328125000
563.907532     44691.7265625000
564.255554     44734.3671875000
564.603455     44741.1015625000
564.951355     44613.1757812500
565.299255     43899.4726562500
565.647095     43966.8007812500
565.994812     43535.8867187500
566.342590     43010.7070312500
566.690308     43477.5351562500
567.037903     43515.6875000000
567.385620     43412.4492187500
567.733154     43232.8984375000
568.080750     42766.0742187500
568.428162     42530.4179687500
568.775696     42077.0585937500
569.123108     41729.1835937500
569.470520     41648.3906250000
569.817810     41596.7695312500
570.165161     41237.6718750000
570.512451     40685.5625000000
570.859680     40030.2148437500
571.206787     40613.7421875000
571.554016     40651.8984375000
571.901062     40941.4179687500
572.248169     40858.3789062500
572.595154     41767.3398437500
572.942200     41336.4257812500
573.289124     41769.5820312500
573.636047     41078.3242187500
573.982849     40719.2265625000
574.329712     41069.3476562500
574.676514     39980.8359375000
575.023315     40146.9179687500
575.369995     39922.4843750000
575.716675     39608.2773437500
576.063293     39556.6562500000
576.409912     39720.4921875000
576.756409     39668.8710937500
577.102966     39632.9648437500
577.449402     39514.0117187500
577.795898     39240.2031250000
578.142273     38820.5078125000
578.488647     38732.9804687500
578.834961     38530.9882812500
579.181213     38816.0195312500
579.527405     38798.0664062500
579.873596     38997.8125000000
580.219788     39060.6523437500
580.565918     39172.8710937500
580.911926     38845.1953125000
581.258057     38856.4179687500
581.604065     39193.0703125000
581.949951     38802.5546875000
582.295898     39228.9804687500
582.641724     38964.1484375000
582.987610     39428.7265625000
583.333435     39195.3164062500
583.679199     39105.5429687500
584.024902     39018.0117187500
584.370544     38169.6484375000
584.716187     38324.5078125000
585.061829     38414.2812500000
585.407349     37631.0039062500
585.752869     37631.0039062500
586.098328     37193.3554687500
586.443787     37004.8320312500
586.789124     37231.5078125000
587.134521     37027.2734375000
587.479858     36630.0234375000
587.825134     36273.1718750000
588.170288     35577.4257812500
588.515564     33595.6640625000
588.860657     32534.0859375000
589.205872     31252.5625000000
589.550842     30951.8203125000
589.895935     31077.5039062500
590.240906     32002.1757812500
590.585876     32020.1308593750
590.930786     32370.2500000000
591.275635     32769.7421875000
591.620483     33079.4648437500
591.965271     32881.9609375000
592.310059     32491.4433593750
592.654724     32944.8007812500
592.999451     33021.1093750000
593.344055     33315.1210937500
593.688660     32951.5351562500
594.033203     33151.2812500000
594.377686     32163.7695312500
594.722229     32152.5468750000
595.066528     32318.6289062500
595.411011     32592.4394531250
595.755371     32363.5156250000
596.099670     32816.8750000000
596.443848     32540.8203125000
596.788147     32394.9375000000
597.132324     32345.5605468750
597.476501     32635.0820312500
597.820618     32563.2636718750
598.164612     32451.0449218750
598.508667     32626.1054687500
598.852661     32448.8007812500
599.196655     32316.3847656250
599.540466     32711.3906250000
599.884338     32695.6796875000
600.228210     32545.3085937500
600.571960     32585.7070312500
600.915710     32421.8691406250
601.259460     32657.5253906250
601.603088     32318.6289062500
601.946716     32253.5429687500
602.290283     32118.8828125000
602.633850     32572.2402343750
602.977295     32540.8203125000
603.320801     32994.1796875000
603.664124     33245.5468750000
604.007568     32778.7187500000
604.350952     32886.4492187500
604.694214     33099.6640625000
605.037415     32545.3085937500
605.380676     32657.5253906250
605.723816     32401.6699218750
606.066956     32437.5800781250
606.410034     32195.1894531250
606.753052     32354.5390625000
607.096130     32134.5917968750
607.439087     32554.2851562500
607.781921     31696.9433593750
608.124878     32181.7246093750
608.467712     31602.6816406250
608.810547     31517.3964843750
609.153259     31167.2773437500
609.495972     31476.9980468750
609.838684     31203.1875000000
610.181335     30909.1777343750
610.523865     30817.1601562500
610.866516     30787.9824218750
611.209045     30956.3085937500
611.551453     31019.1503906250
611.893921     30433.3750000000
612.236267     30642.0996093750
612.578674     30597.2128906250
612.920959     30516.4160156250
613.263306     30074.2792968750
613.605469     29795.9804687500
613.947632     29555.8359375000
614.289795     29616.4316406250
614.631958     29591.7441406250
614.973938     29677.0292968750
615.315979     29497.4824218750
615.657959     29324.6679687500
615.999939     28581.7871093750
616.341858     28597.4980468750
616.683716     28146.3847656250
617.025513     28471.8144531250
617.367310     28795.0000000000
617.708984     28227.1796875000
618.050720     28341.6425781250
618.392395     28220.4472656250
618.734070     28976.7929687500
619.075500     28222.6914062500
619.417114     28054.3652343750
619.758606     28424.6835937500
620.100098     28352.8632812500
620.441467     28348.3750000000
620.782776     27987.0351562500
621.124146     27975.8125000000
621.465393     27903.9941406250
621.806641     27825.4414062500
622.147888     27580.8085937500
622.489014     27457.3691406250
622.830139     27385.5488281250
623.171204     26824.4628906250
623.512207     26882.8144531250
623.853271     26559.6289062500
624.194214     26510.2539062500
624.535095     25976.0976562500
624.875916     26056.8945312500
625.216797     25946.9218750000
625.557617     25625.9804687500
625.898315     25475.6074218750
626.239075     25374.6132812500
626.579712     25747.1738281250
626.920349     25668.6230468750
627.260864     25013.2714843750
627.601440     24809.0371093750
627.941895     24782.1035156250
628.282410     24328.7460937500
628.622803     24519.5156250000
628.963135     24263.6601562500
629.303528     24169.3964843750
629.643799     24003.3144531250
629.984070     24045.9570312500
630.324219     23808.0566406250
630.664429     23902.3203125000
631.004517     24036.9804687500
631.344604     23790.1015625000
631.684631     23846.2109375000
632.024597     23666.6621093750
632.364624     23469.1601562500
632.704529     23805.8125000000
633.044373     23729.5039062500
633.384155     23830.5000000000
633.723999     23471.4042968750
634.063782     23451.2050781250
634.403442     23929.2519531250
634.743042     23119.0410156250
635.082764     23742.9707031250
635.422302     23691.3515625000
635.761841     23352.4531250000
636.101318     23296.3457031250
636.440796     23143.7285156250
636.780212     23496.0917968750
637.119507     23123.5292968750
637.458862     23484.8710937500
637.798157     23392.8515625000
638.137451     23105.5761718750
638.476563     23585.8652343750
638.815735     23363.6757812500
639.154907     23206.5703125000
639.494019     22836.2539062500
639.833008     22587.1308593750
640.171997     22582.6425781250
640.510925     22510.8222656250
640.849854     22820.5429687500
641.188660     22290.8769531250
641.527527     22540.0000000000
641.866333     22102.3515625000
642.205078     22091.1289062500
642.543762     22019.3105468750
642.882446     22522.0449218750
643.221008     21929.5371093750
643.559570     21837.5175781250
643.898071     21904.8476562500
644.236572     22030.5312500000
644.575073     21586.1503906250
644.913452     21375.1816406250
645.251831     21395.3808593750
645.590149     21296.6308593750
645.928406     20672.7011718750
646.266602     20652.5019531250
646.604858     20398.8906250000
646.942932     20145.2792968750
647.281128     19781.6933593750
647.619141     19813.1152343750
647.957214     19382.1992187500
648.295166     19579.7031250000
648.633057     19373.2226562500
648.970947     19052.2812500000
649.308838     19256.5156250000
649.646606     19081.4570312500
649.984436     19483.1953125000
650.322144     19503.3945312500
650.659851     19765.9843750000
650.997498     19586.4355468750
651.335022     19332.8242187500
651.672607     19323.8476562500
652.010132     19162.2539062500
652.347595     19397.9101562500
652.684998     18919.8632812500
653.022461     19357.5117187500
653.359802     19090.4355468750
653.697021     19438.3085937500
654.034302     19090.4355468750
654.371521     19115.1230468750
654.708740     18812.1347656250
655.045837     18399.1757812500
655.382935     18309.4003906250
655.719971     17467.7695312500
656.057007     16547.5878906250
656.393921     16287.2421875000
656.730835     16439.8574218750
657.067749     16724.8906250000
657.404602     17048.0761718750
657.741333     17521.6347656250
658.078064     17797.6894531250
658.414795     18075.9882812500
658.751465     18111.8984375000
659.088074     18347.5546875000
659.424683     18426.1074218750
659.761230     18273.4921875000
660.097717     18233.0937500000
660.434143     18513.6367187500
660.770569     18484.4609375000
661.106934     18340.8222656250
661.443298     18459.7734375000
661.779541     18520.3691406250
662.115784     18444.0625000000
662.451965     18336.3339843750
662.788086     18338.5781250000
663.124268     18136.5859375000
663.460266     18116.3867187500
663.796265     17894.1972656250
664.132324     17799.9335937500
664.468201     18026.6132812500
664.804077     18102.9218750000
665.139954     17851.5546875000
665.475769     17972.7480468750
665.811523     17609.1640625000
666.147278     17582.2324218750
666.482971     17773.0019531250
666.818542     17440.8378906250
667.154236     17189.4707031250
667.489685     17487.9687500000
667.825195     17557.5449218750
668.160706     17216.4023437500
668.496094     17169.2714843750
668.831421     17218.6464843750
669.166809     16971.7695312500
669.502136     17395.9511718750
669.837402     17232.1132812500
670.172546     16920.1484375000
670.507751     17009.9238281250
670.842834     16745.0898437500
671.177917     16765.2890625000
671.512878     16619.4062500000
671.847961     16471.2792968750
672.182861     16210.9345703125
672.517761     16417.4140625000
672.852600     16646.3378906250
673.187439     16260.3105468750
673.522217     16309.6855468750
673.856934     16240.1113281250
674.191650     16130.1376953125
674.526306     15975.2783203125
674.860901     15968.5449218750
675.195435     15950.5898437500
675.529968     15961.8115234375
675.864441     15705.9560546875
676.198853     15872.0380859375
676.533264     15705.9560546875
676.867554     15595.9824218750
677.201843     15411.9462890625
677.536133     15521.9189453125
677.870361     15391.7470703125
678.204529     15530.8964843750
678.538635     15373.7919921875
678.872742     15207.7109375000
679.206787     15149.3574218750
679.540710     15239.1318359375
679.874695     14801.4833984375
680.208618     15001.2304687500
680.542480     14841.8818359375
680.876282     14586.0253906250
681.210083     14781.2841796875
681.543823     14859.8359375000
681.877502     14920.4335937500
682.211121     14550.1162109375
682.544739     14590.5146484375
682.878357     14455.8535156250
683.211853     14332.4140625000
683.545227     14040.6484375000
683.878723     14215.7080078125
684.212097     14265.0839843750
684.545471     14045.1376953125
684.878723     13867.8339843750
685.212036     14004.7392578125
685.545227     13735.4169921875
685.878418     13688.2861328125
686.211487     13190.0400390625
686.544556     12548.1562500000
686.877625     11684.0820312500
687.210632     10851.4287109375
687.543518     10701.0576171875
687.876465     10943.4472656250
688.209290     10813.2744140625
688.542114     10972.6230468750
688.874878     11170.1259765625
689.207642     10974.8681640625
689.540344     11116.2617187500
689.872986     11004.0439453125
690.205566     11291.3212890625
690.538147     11466.3798828125
690.870667     11421.4931640625
691.203125     11477.6015625000
691.535461     11612.2626953125
691.867920     11625.7294921875
692.200256     11336.2080078125
692.532593     11535.9550781250
692.864807     11383.3388671875
693.196960     11028.7324218750
693.529114     10979.3564453125
693.861267     10828.9853515625
694.193420     10600.0615234375
694.525391     10761.6542968750
694.857361     10907.5371093750
695.189270     10761.6542968750
695.521240     10727.9892578125
695.853027     10741.4550781250
696.184814     10947.9355468750
696.516663     11120.7509765625
696.848389     11322.7421875000
697.179993     11477.6015625000
697.511658     11605.5302734375
697.843262     11291.3212890625
698.174805     11266.6328125000
698.506287     11387.8281250000
698.837708     11165.6376953125
699.169189     10840.2070312500
699.500549     10977.1123046875
699.831787     10602.3056640625
700.163147     10689.8349609375
700.494385     10577.6181640625
700.825562     10407.0478515625
701.156677     10348.6943359375
701.487793     10234.2324218750
701.818848     10247.6982421875
702.149902     10029.9970703125
702.480774     10236.4765625000
702.811768     10575.3740234375
703.142639     10566.3964843750
703.473511     10566.3964843750
703.804199     10496.8212890625
704.135010     10600.0615234375
704.465759     10669.6367187500
704.796387     10770.6318359375
705.126953     10710.0341796875
705.457520     10447.4453125000
705.788086     10492.3330078125
706.118591     10674.1250000000
706.448975     10561.9072265625
706.779419     10710.0341796875
707.109741     10752.6767578125
707.440063     10546.1972656250
707.770325     10698.8125000000
708.100525     10330.7392578125
708.430725     10613.5273437500
708.760864     10606.7949218750
709.090942     10395.8261718750
709.420959     10595.5732421875
709.750916     10831.2294921875
710.080933     10339.7167968750
710.410828     10501.3105468750
710.740662     10575.3740234375
711.070496     10442.9570312500
711.400269     10427.2460937500
711.729980     10350.9384765625
712.059631     10061.4179687500
712.389282     10384.6035156250
712.718872     10146.7031250000
713.048462     10238.7216796875
713.377930     10218.5224609375
713.707397     10086.1054687500
714.036865     10153.4355468750
714.366211     10326.2509765625
714.695435      9812.2949218750
715.024780     10032.2412109375
715.354004      9693.3447265625
715.683228      9610.3037109375
716.012329      9260.1845703125
716.341431      9082.8818359375
716.670532      8414.0654296875
716.999573      8209.8291015625
717.328430      7850.7338867188
717.657349      7484.9047851563
717.986267      7047.2568359375
718.315125      6874.4418945313
718.643860      6638.7851562500
718.972656      6443.5268554688
719.301331      6470.4589843750
719.630005      6306.6215820313
719.958557      6295.3994140625
720.287170      6192.1596679688
720.615662      6542.2778320313
720.944214      6706.1157226563
721.272583      7318.8227539063
721.600952      7588.1450195313
721.929321      7879.9101562500
722.257629      7992.1274414063
722.585876      8023.5483398438
722.914063      7743.0048828125
723.242188      7493.8823242188
723.570313      7267.2026367188
723.898376      7240.2705078125
724.226440      7085.4106445313
724.554382      6863.2202148438
724.882324      6780.1791992188
725.210266      6676.9389648438
725.538025      6753.2470703125
725.865784      6692.6494140625
726.193604      6697.1381835938
726.521301      6667.9614257813
726.848938      6829.5546875000
727.176514      6701.6269531250
727.504150      6591.6538085938
727.831726      6600.6313476563
728.159119      6759.9799804688
728.486572      6690.4052734375
728.813965      6751.0024414063
729.141357      6706.1157226563
729.468567      6632.0522460938
729.795837      6901.3740234375
730.123108      6614.0971679688
730.450317      6656.7397460938
730.777344      6535.5449218750
731.104431      6764.4687500000
731.431519      6703.8710937500
731.758484      6892.3964843750
732.085388      7114.5869140625
732.412292      7096.6323242188
732.739136      7471.4384765625
733.065979      7469.1943359375
733.392639      7567.9458007813
733.719421      7680.1630859375
734.046082      7808.0908203125
734.372681      8077.4130859375
734.699219      7920.3085937500
735.025757      8041.5034179688
735.352234      7924.7973632813
735.678711      7947.2407226563
736.005127      7709.3398437500
736.331482      7740.7607421875
736.657715      7767.6928710938
736.984009      7835.0234375000
737.310181      7799.1137695313
737.636353      7801.3579101563
737.962524      7866.4438476563
738.288574      7980.9057617188
738.614624      7774.4257812500
738.940613      7870.9326171875
739.266541      7832.7788085938
739.592407      7707.0952148438
739.918274      7980.9057617188
740.244080      8028.0371093750
740.569824      7866.4438476563
740.895569      7936.0190429688
741.221191      7944.9960937500
741.546753      7920.3085937500
741.872375      7906.8422851563
742.197937      8001.1049804688
742.523376      8045.9921875000
742.848816      7922.5527343750
743.174194      7969.6840820313
743.499573      8034.7705078125
743.824890      8129.0327148438
744.150085      8124.5444335938
744.475342      8059.4580078125
744.800476      7915.8198242188
745.125610      8070.6796875000
745.450623      8001.1049804688
745.775696      7897.8647460938
746.100708      8079.6572265625
746.425598      8003.3496093750
746.750427      7900.1093750000
747.075256      7985.3945312500
747.400085      7808.0908203125
747.724915      7805.8466796875
748.049561      7801.3579101563
748.374207      7906.8422851563
748.698853      7736.2719726563
749.023438      7769.9370117188
749.347900      7756.4711914063
749.672363      7769.9370117188
749.996765      7491.6376953125
750.321167      7588.1450195313
750.645508      7734.0273437500
750.969788      7527.5473632813
751.294067      7509.5927734375
751.618286      7426.5517578125
751.942383      7363.7099609375
752.266479      7334.5332031250
752.590576      7287.4018554688
752.914551      7231.2934570313
753.238525      7336.7778320313
753.562439      7148.2524414063
753.886292      7247.0039062500
754.210144      7271.6914062500
754.533936      7211.0942382813
754.857666      7498.3706054688
755.181335      7294.1352539063
755.505005      7240.2705078125
755.828613      7018.0800781250
756.152100      7107.8540039063
756.475586      7018.0800781250
756.799133      7110.0986328125
757.122498      6968.7045898438
757.445862      6984.4150390625
757.769165      6896.8852539063
758.092468      6975.4375000000
758.415710      6905.8627929688
758.738831      6739.7807617188
759.061951      6189.9150390625
759.385071      5848.7739257813
759.708130      4876.9707031250
760.031067      4293.4399414063
760.354004      3640.3344726563
760.676941      3155.5549316406
760.999817      2969.2739257813
761.322632      2955.8078613281
761.645386      3261.0395507813
761.968079      3321.6369628906
762.290771      3303.6821289063
762.613342      3290.2160644531
762.935974      3222.8854980469
763.258484      3191.4645996094
763.580994      3186.9758300781
763.903381      3379.9899902344
764.225830      3395.7004394531
764.548157      3543.8273925781
764.870422      3658.2893066406
765.192688      3801.9277343750
765.514832      3927.6110839844
765.837036      4170.0009765625
766.159119      4396.6801757813
766.481140      4614.3818359375
766.803223      4688.4458007813
767.125183      5036.3198242188
767.447144      5101.4057617188
767.768982      5399.9042968750
768.090820      5456.0131835938
768.412659      5512.1215820313
768.734314      5530.0766601563
769.056091      5505.3886718750
769.377686      5563.7416992188
769.699280      5727.5791015625
770.020813      5732.0678710938
770.342346      5875.7065429688
770.663757      5747.7783203125
770.985229      5759.0000000000
771.306580      5684.9365234375
771.627869      5859.9960937500
771.949158      5859.9960937500
772.270386      5750.0229492188
772.591553      5824.0864257813
772.912659      5806.1313476563
773.233765      5678.2036132813
773.554810      5765.7333984375
773.875793      5907.1274414063
774.196716      5696.1582031250
774.517578      5873.4619140625
774.838440      5610.8730468750
775.159302      5803.8872070313
775.480042      5626.5834960938
775.800659      5698.4028320313
776.121399      5541.2983398438
776.441956      5613.1176757813
776.762573      5669.2260742188
777.083008      5622.0947265625
777.403503      5628.8281250000
777.723999      5658.0043945313
778.044373      5696.1582031250
778.364624      5653.5156250000
778.684937      5696.1582031250
779.005188      5577.2080078125
779.325378      5675.9594726563
779.645447      5723.0903320313
779.965637      5597.4072265625
780.285706      5554.7641601563
780.605652      5507.6328125000
780.925598      5613.1176757813
781.245483      5608.6289062500
781.565369      5525.5878906250
781.885193      5568.2304687500
782.204895      5449.2797851563
782.524658      5541.2983398438
782.844299      5651.2714843750
783.163940      5397.6601562500
783.483582      5440.3027343750
783.803040      5393.1713867188
784.122559      5521.0991210938
784.442017      5577.2080078125
784.761414      5433.5693359375
785.080688      5305.6416015625
785.400024      5348.2841796875
785.719238      5395.4155273438
786.038452      5384.1938476563
786.357544      5359.5058593750
786.676697      5258.5102539063
786.995789      5227.0893554688
787.314758      5168.7363281250
787.633728      5128.3378906250
787.952637      5040.8085937500
788.271484      5173.2250976563
788.590271      5058.7631835938
788.908997      4951.0346679688
789.227783      4926.3466796875
789.546448      4773.7309570313
789.865112      4841.0615234375
790.183655      4921.8579101563
790.502197      4674.9794921875
790.820679      4876.9707031250
791.139099      4784.9526367188
791.457520      4809.6406250000
791.775879      4937.5683593750
792.094116      4582.9609375000
792.412415      4834.3281250000
792.730530      4758.0205078125
793.048767      4811.8847656250
793.366821      4540.3183593750
793.684937      4701.9116210938
794.002869      4809.6406250000
794.320862      4825.3510742188
794.638733      4749.0429687500
794.956665      4708.6445312500
795.274414      4740.0654296875
795.592224      4843.3056640625
795.909912      4616.6264648438
796.227661      4697.4228515625
796.545227      4446.0556640625
796.862854      4517.8750000000
797.180359      4560.5175781250
797.497864      4488.6982421875
797.815308      4405.6577148438
798.132629      4522.3637695313
798.450012      4472.9882812500
798.767273      4459.5219726563
799.084595      4439.3227539063
799.401733      4499.9204101563
799.718933      4533.5854492188
800.036011      4486.4541015625
800.353027      4481.9653320313
800.670044      4416.8793945313
800.987000      4214.8876953125
801.303894      4315.8837890625
801.620850      4194.6889648438
801.937561      4309.1503906250
802.254333      4219.3764648438
802.571106      4093.6931152344
802.887817      4230.5981445313
803.204346      4270.9965820313
803.520935      4300.1733398438
803.837463      4091.4487304688
804.153992      4210.3994140625
804.470337      4210.3994140625
804.786743      4107.1591796875
805.103027      4145.3129882813
805.419434      4235.0869140625
805.735535      4190.2001953125
806.051758      4219.3764648438
806.367920      4134.0913085938
806.684021      4120.6250000000
807.000000      4140.8242187500
807.316040      4158.7792968750
807.632019      4158.7792968750
807.947876      4134.0913085938
808.263672      4248.5532226563
808.579529      4102.6704101563
808.895325      3979.2312011719
809.211060      4046.5617675781
809.526611      3934.3442382813
809.842224      3916.3894042969
810.157837      3878.2355957031
810.473389      3882.7241210938
810.788757      3676.2441406250
811.104187      3709.9091796875
811.419617      3757.0405273438
811.734924      3703.1762695313
812.050171      3590.9587402344
812.365417      3525.8725585938
812.680542      3507.9179687500
812.995728      3480.9855957031
813.310852      3310.4150390625
813.625854      3213.9082031250
813.940796      3245.3291015625
814.255798      3184.7316894531
814.570679      2998.4506835938
814.885498      3054.5593261719
815.200256      3054.5593261719
815.515015      2881.7443847656
815.829651      2913.1652832031
816.144287      2830.1245117188
816.458923      2800.9477539063
816.773438      2827.8801269531
817.087952      2771.7712402344
817.402344      2827.8801269531
817.716797      2800.9477539063
818.031189      2735.8618164063
818.345520      2774.0156250000
818.659668      2774.0156250000
818.973877      2854.8122558594
819.288086      2850.3234863281
819.602173      2825.6357421875
819.916199      2854.8122558594
820.230225      2949.0749511719
820.544189      2998.4506835938
820.858154      3189.2202148438
821.171997      3061.2924804688
821.485779      3108.4235839844
821.799561      3112.9123535156
822.113281      3061.2924804688
822.426880      2852.5678710938
822.740540      2756.0607910156
823.054138      2661.7980957031
823.367676      2619.1555175781
823.681152      2495.7163085938
823.994568      2643.8435058594
824.307922      2742.5947265625
824.621277      2809.9252929688
824.934509      2987.2287597656
825.247742      2944.5861816406
825.560913      2987.2287597656
825.874146      3011.9167480469
826.187134      3002.9392089844
826.500183      2951.3193359375
826.813171      3061.2924804688
827.126160      2987.2287597656
827.439026      2892.9660644531
827.751831      2841.3461914063
828.064636      2848.0791015625
828.377380      2742.5947265625
828.690063      2791.9704589844
829.002686      2767.2827148438
829.315308      2753.8164062500
829.627869      2666.2868652344
829.940308      2744.8391113281
830.252808      2794.2148437500
830.565125      2744.8391113281
830.877563      2762.7939453125
831.189880      2771.7712402344
831.502075      2946.8305664063
831.814270      2740.3503417969
832.126465      2758.3051757813
832.438599      2789.7260742188
832.750549      2913.1652832031
833.062622      2809.9252929688
833.374512      2870.5227050781
833.686462      2729.1286621094
833.998291      2841.3461914063
834.310120      2875.0114746094
834.621887      2771.7712402344
834.933594      2760.5495605469
835.245239      2857.0566406250
835.556885      2854.8122558594
835.868408      2886.2331542969
836.179932      2778.5043945313
836.491333      2825.6357421875
836.802795      2863.7895507813
837.114197      2913.1652832031
837.425537      2771.7712402344
837.736694      2870.5227050781
838.047913      2834.6130371094
838.359131      2922.1428222656
838.670227      2933.3645019531
838.981262      2814.4140625000
839.292358      2857.0566406250
839.603333      2803.1921386719
839.914246      2877.2556152344
840.225037      2782.9931640625
840.535889      2836.8574218750
840.846680      2825.6357421875
841.157410      2875.0114746094
841.468079      2872.7670898438
841.778687      2863.7895507813
842.089233      2883.9887695313
842.399780      2785.2373046875
842.710266      2818.9025878906
843.020691      2760.5495605469
843.331055      2899.6992187500
843.641418      2794.2148437500
843.951721      2825.6357421875
844.261841      2839.1018066406
844.572083      2895.2104492188
844.882202      2787.4816894531
845.192261      2684.2416992188
845.502258      2664.0424804688
845.812256      2812.1696777344
846.122192      2765.0383300781
846.432068      2791.9704589844
846.741882      2818.9025878906
847.051636      2830.1245117188
847.361389      2794.2148437500
847.671143      2717.9069824219
847.980713      2690.9748535156
848.290283      2756.0607910156
848.599792      2724.6398925781
848.909302      2704.4409179688
849.218689      2639.3547363281
849.528076      2596.7121582031
849.837463      2630.3771972656
850.146790      2576.5129394531
850.455933      2648.3320312500
850.765137      2616.9111328125
851.074280      2491.2275390625
851.383362      2598.9565429688
851.692383      2628.1330566406
852.001343      2581.0017089844
852.310303      2596.7121582031
852.619202      2670.7756347656
852.927979      2686.4860839844
853.236816      2497.9606933594
853.545532      2466.5397949219
853.854248      2491.2275390625
854.162842      2473.2729492188
854.471436      2383.4987792969
854.779968      2410.4311523438
855.088440      2381.2546386719
855.396851      2466.5397949219
855.705200      2381.2546386719
856.013611      2466.5397949219
856.321899      2462.0510253906
856.630127      2446.3405761719
856.938293      2444.0964355469
857.246399      2453.0737304688
857.554504      2423.8972167969
857.862549      2540.6032714844
858.170471      2504.6938476563
858.478394      2455.3181152344
858.786316      2560.8024902344
859.094177      2441.8520507813
859.401917      2482.2502441406
859.709656      2513.6711425781
860.017334      2399.2092285156
860.324951      2446.3405761719
860.632507      2448.5849609375
860.940063      2372.2770996094
861.247559      2387.9875488281
861.555054      2363.2998046875
861.862366      2421.6528320313
862.169739      2343.1005859375
862.476990      2304.9467773438
862.784241      2448.5849609375
863.091370      2385.7431640625
863.398499      2437.3632812500
863.705627      2417.1640625000
864.012634      2414.9196777344
864.319519      2269.0371093750
864.626526      2365.5441894531
864.933350      2331.8789062500
865.240234      2331.8789062500
865.546936      2251.0822753906
865.853699      2295.9692382813
866.160400      2221.9057617188
866.466980      2289.2363281250
866.773560      2235.3718261719
867.080078      2203.9509277344
867.386536      2145.5979003906
867.692993      2374.5214843750
867.999329      2170.2856445313
868.305664      2244.3491210938
868.611938      2230.8830566406
868.918152      2278.0144042969
869.224304      2235.3718261719
869.530457      2248.8378906250
869.836487      2181.5075683594
870.142517      2188.2404785156
870.448547      2161.3083496094
870.754395      2197.2180175781
871.060242      2221.9057617188
871.366089      2235.3718261719
871.671814      2295.9692382813
871.977539      2120.9099121094
872.283203      2255.5710449219
872.588806      2125.3986816406
872.894409      2147.8422851563
873.199890      2170.2856445313
873.505371      2143.3535156250
873.810730      2228.6389160156
874.116150      2152.3308105469
874.421387      2159.0639648438
874.726685      2161.3083496094
875.031860      2190.4848632813
875.337097      2165.7971191406
875.642090      2116.4213867188
875.947205      2174.7744140625
876.252197      2067.0456542969
876.557129      2154.5751953125
876.862000      2028.8917236328
877.166870      2116.4213867188
877.471680      2159.0639648438
877.776428      2192.7292480469
878.081116      2181.5075683594
878.385742      2107.4438476563
878.690369      2125.3986816406
878.994873      2089.4892578125
879.299316      2093.9777832031
879.603821      2031.1361083984
879.908203      2120.9099121094
880.212585      2087.2448730469
880.516846      2123.1542968750
880.821106      1981.7603759766
881.125244      2058.0683593750
881.429382      1997.4708251953
881.733459      2031.1361083984
882.037537      2073.7788085938
882.341492      2055.8239746094
882.645447      1975.0273437500
882.949280      2053.5795898438
883.253113      2051.3352050781
883.556885      1966.0499267578
883.860657      2044.6021728516
884.164307      1932.3846435547
884.467896      1952.5838623047
884.771484      1921.1629638672
885.075073      1997.4708251953
885.378540      1981.7603759766
885.681885      1963.8055419922
885.985291      1939.1177978516
886.288635      1907.6968994141
886.591858      1948.0950927734
886.895020      1972.7829589844
887.198242      1970.5385742188
887.501343      1887.4976806641
887.804443      1900.9638671875
888.107422      1927.8959960938
888.410400      1894.2307128906
888.713257      1934.6290283203
889.016174      1914.4299316406
889.318909      1945.8508300781
889.621643      1930.1403808594
889.924377      2001.9594726563
890.227051      1858.3211669922
890.529602      1912.1855468750
890.832153      1941.3620605469
891.134705      1914.4299316406
891.437134      1880.7646484375
891.739441      1876.2760009766
892.041870      1838.1220703125
892.344116      1829.1446533203
892.646362      1891.9864501953
892.948486      1862.8098144531
893.250671      1847.0993652344
893.552734      1759.5698242188
893.854797      1822.4116210938
894.156738      1833.6333007813
894.458618      1782.0133056641
894.760559      1820.1672363281
895.062378      1757.3254394531
895.364136      1723.6601562500
895.665894      1696.7280273438
895.967590      1746.1037597656
896.269165      1698.9724121094
896.570679      1674.2845458984
896.872192      1638.3750000000
897.173706      1620.4201660156
897.475159      1600.2210693359
897.776428      1532.8905029297
898.077759      1629.3975830078
