0.147000
191.033081         0.0000000000
191.409973         0.0000000000
191.786819      1206.1229248047
192.163651      1182.8835449219
192.540451      1229.3623046875
192.917221      1282.8127441406
193.293961      1287.4606933594
193.670670      1271.1931152344
194.047348      1317.6718750000
194.423981      1261.8973388672
194.800613      1273.5170898438
195.177200      1220.0665283203
195.553757      1294.4324951172
195.930283      1310.7000732422
196.306778      1324.6436767578
196.683258      1315.3479003906
197.059677      1294.4324951172
197.436081      1326.9675292969
197.812454      1306.0521240234
198.188812      1306.0521240234
198.565125      1282.8127441406
198.941406      1240.9819335938
199.317673      1264.2213134766
199.693893      1247.9537353516
200.070099      1257.2495117188
200.446259      1352.5308837891
200.822388      1289.7845458984
201.198486      1257.2495117188
201.574570      1306.0521240234
201.950607      1308.3760986328
202.326614      1250.2777099609
202.702606      1326.9675292969
203.078568      1301.4042968750
203.454483      1285.1367187500
203.830383      1340.9112548828
204.206253      1213.0947265625
204.582077      1273.5170898438
204.957870      1282.8127441406
205.333633      1285.1367187500
205.709396      1289.7845458984
206.085098      1285.1367187500
206.460785      1273.5170898438
206.836426      1185.2075195313
207.212051      1308.3760986328
207.587646      1236.3341064453
207.963196      1259.5734863281
208.338730      1315.3479003906
208.714218      1278.1649169922
209.089691      1287.4606933594
209.465134      1257.2495117188
209.840530      1264.2213134766
210.215897      1303.7282714844
210.591263      1299.0803222656
210.966583      1308.3760986328
211.341858      1264.2213134766
211.717102      1273.5170898438
212.092331      1261.8973388672
212.467529      1285.1367187500
212.842697      1259.5734863281
213.217819      1340.9112548828
213.592926      1329.2915039063
213.968002      1296.7564697266
214.343018      1224.7143554688
214.718033      1289.7845458984
215.093018      1306.0521240234
215.467972      1299.0803222656
215.842880      1324.6436767578
216.217773      1294.4324951172
216.592636      1254.9255371094
216.967453      1310.7000732422
217.342255      1278.1649169922
217.717026      1285.1367187500
218.091766      1306.0521240234
218.466446      1294.4324951172
218.841125      1215.4187011719
219.215759      1308.3760986328
219.590378      1306.0521240234
219.964966      1322.3197021484
220.339508      1220.0665283203
220.714020      1301.4042968750
221.088516      1254.9255371094
221.462967      1303.7282714844
221.837402      1257.2495117188
222.211792      1268.8691406250
222.586166      1306.0521240234
222.960510      1289.7845458984
223.334793      1301.4042968750
223.709061      1324.6436767578
224.083313      1294.4324951172
224.457520      1354.8548583984
224.831696      1247.9537353516
225.205856      1329.2915039063
225.579987      1294.4324951172
225.954056      1234.0101318359
226.328110      1299.0803222656
226.702148      1317.6718750000
227.076126      1296.7564697266
227.450104      1294.4324951172
227.824036      1264.2213134766
228.197937      1285.1367187500
228.571823      1306.0521240234
228.945648      1301.4042968750
229.319473      1310.7000732422
229.693237      1261.8973388672
230.066986      1308.3760986328
230.440704      1234.0101318359
230.814392      1292.1085205078
231.188034      1289.7845458984
231.561661      1254.9255371094
231.935257      1322.3197021484
232.308823      1287.4606933594
232.682343      1266.5452880859
233.055847      1294.4324951172
233.429321      1350.2069091797
233.802750      1245.6297607422
234.176147      1322.3197021484
234.549530      1317.6718750000
234.922882      1252.6016845703
235.296188      1294.4324951172
235.669464      1271.1931152344
236.042725      1252.6016845703
236.415924      1280.4888916016
236.789139      1261.8973388672
237.162292      1234.0101318359
237.535416      1287.4606933594
237.908508      1322.3197021484
238.281570      1261.8973388672
238.654617      1234.0101318359
239.027618      1268.8691406250
239.400574      1224.7143554688
239.773514      1303.7282714844
240.146423      1315.3479003906
240.519302      1222.3905029297
240.892136      1287.4606933594
241.264969      1336.2633056641
241.637726      1310.7000732422
242.010498      1245.6297607422
242.383209      1227.0383300781
242.755905      1268.8691406250
243.128555      1301.4042968750
243.501190      1285.1367187500
243.873779      1231.6861572266
244.246353      1324.6436767578
244.618866      1343.2351074219
244.991379      1366.4744873047
245.363861      1282.8127441406
245.736282      1329.2915039063
246.108688      1280.4888916016
246.481079      1433.8686523438
246.853409      1380.4180908203
247.225723      1313.0239257813
247.598007      1236.3341064453
247.970261      1252.6016845703
248.342468      1331.6154785156
248.714645      1345.5590820313
249.086823      1294.4324951172
249.458954      1280.4888916016
249.831024      1322.3197021484
250.203094      1234.0101318359
250.575134      1280.4888916016
250.947113      1310.7000732422
251.319092      1203.7989501953
251.691025      1333.9394531250
252.062912      1259.5734863281
252.434784      1247.9537353516
252.806641      1280.4888916016
253.178452      1285.1367187500
253.550232      1303.7282714844
253.921967      1310.7000732422
254.293686      1266.5452880859
254.665359      1301.4042968750
255.037003      1310.7000732422
255.408630      1303.7282714844
255.780228      1245.6297607422
256.151764      1294.4324951172
256.523285      1285.1367187500
256.894806      1361.8266601563
257.266235      1264.2213134766
257.637695      1280.4888916016
258.009064      1280.4888916016
258.380432      1238.6579589844
258.751770      1280.4888916016
259.123077      1213.0947265625
259.494385      1234.0101318359
259.865601      1275.8409423828
260.236816      1310.7000732422
260.607941      1247.9537353516
260.979126      1331.6154785156
261.350220      1331.6154785156
261.721344      1331.6154785156
262.092346      1273.5170898438
262.463379      1324.6436767578
262.834351      1250.2777099609
263.205292      1308.3760986328
263.576233      1340.9112548828
263.947144      1326.9675292969
264.317993      1285.1367187500
264.688812      1243.3059082031
265.059631      1259.5734863281
265.430359      1275.8409423828
265.801117      1285.1367187500
266.171783      1287.4606933594
266.542450      1292.1085205078
266.913086      1185.2075195313
267.283691      1343.2351074219
267.654266      1250.2777099609
268.024811      1182.8835449219
268.395325      1287.4606933594
268.765778      1366.4744873047
269.136230      1306.0521240234
269.506653      1292.1085205078
269.877045      1261.8973388672
270.247375      1333.9394531250
270.617676      1371.1223144531
270.987946      1315.3479003906
271.358246      1326.9675292969
271.728424      1317.6718750000
272.098633      1359.5026855469
272.468781      1294.4324951172
272.838867      1261.8973388672
273.209015      1282.8127441406
273.579041      1303.7282714844
273.949066      1247.9537353516
274.319061      1333.9394531250
274.689056      1303.7282714844
275.058960      1294.4324951172
275.428864      1317.6718750000
275.798737      1294.4324951172
276.168579      1303.7282714844
276.538361      1319.9957275391
276.908142      1271.1931152344
277.277832      1296.7564697266
277.647583      1271.1931152344
278.017242      1333.9394531250
278.386902      1375.7702636719
278.756500      1324.6436767578
279.126038      1287.4606933594
279.495636      1299.0803222656
279.865143      1357.1787109375
280.234619      1315.3479003906
280.604065      1303.7282714844
280.973450      1329.2915039063
281.342834      1254.9255371094
281.712189      1338.5872802734
282.081512      1326.9675292969
282.450836      1331.6154785156
282.820038      1338.5872802734
283.189270      1347.8830566406
283.558502      1259.5734863281
283.927612      1343.2351074219
284.296722      1252.6016845703
284.665863      1308.3760986328
285.034912      1364.1505126953
285.403931      1313.0239257813
285.772919      1371.1223144531
286.141876      1294.4324951172
286.510834      1296.7564697266
286.879730      1338.5872802734
287.248596      1322.3197021484
287.617401      1319.9957275391
287.986206      1301.4042968750
288.354950      1238.6579589844
288.723724      1336.2633056641
289.092407      1364.1505126953
289.461060      1303.7282714844
289.829742      1354.8548583984
290.198334      1282.8127441406
290.566925      1387.3898925781
290.935455      1254.9255371094
291.303925      1333.9394531250
291.672394      1287.4606933594
292.040894      1326.9675292969
292.409271      1331.6154785156
292.777679      1301.4042968750
293.145996      1315.3479003906
293.514313      1317.6718750000
293.882599      1264.2213134766
294.250824      1331.6154785156
294.619049      1347.8830566406
294.987244      1392.0378417969
295.355377      1345.5590820313
295.723480      1394.3616943359
296.091614      1326.9675292969
296.459625      1317.6718750000
296.827667      1322.3197021484
297.195648      1345.5590820313
297.563599      1389.7138671875
297.931488      1310.7000732422
298.299408      1285.1367187500
298.667267      1389.7138671875
299.035095      1373.4462890625
299.402893      1361.8266601563
299.770599      1329.2915039063
300.138367      1359.5026855469
300.506042      1375.7702636719
300.873718      1345.5590820313
301.241333      1289.7845458984
301.608917      1422.2490234375
301.976471      1375.7702636719
302.344025      1396.6856689453
302.711487      1447.8122558594
303.078979      1489.6430664063
303.446411      1480.3474121094
303.813782      1533.7978515625
304.181183      1524.5021972656
304.548492      1517.5303955078
304.915771      1610.4877929688
305.283051      1622.1075439453
305.650299      1608.1638183594
306.017456      1661.6143798828
306.384644      1696.4733886719
306.751770      1733.6563720703
307.118896      1775.4873046875
307.485962      1826.6138916016
307.852966      1905.6276855469
308.219971      1989.2894287109
308.586945      1993.9372558594
308.953888      2082.2468261719
309.320801      2061.3315429688
309.687653      1989.2894287109
310.054504      2133.3735351563
310.421326      2219.3591308594
310.788086      2382.0346679688
311.154846      2516.8229980469
311.521515      2563.3017578125
311.888184      2639.9914550781
312.254822      2737.5969238281
312.621429      2705.0617675781
312.988007      2942.1032714844
313.354553      2990.9060058594
313.721039      2832.8781738281
314.087494      3044.3564453125
314.453949      3072.2436523438
314.820343      3111.7504882813
315.186737      3234.9191894531
315.553101      3267.4543457031
315.919373      3211.6799316406
316.285645      3437.1015625000
316.651886      3590.4814453125
317.018066      3785.6921386719
317.384308      3962.3112792969
317.750427      4083.1560058594
318.116516      3925.1281738281
318.482574      4187.7329101563
318.848633      4215.6201171875
319.214661      4320.1972656250
319.580627      4448.0141601563
319.946564      4573.5063476563
320.312439      4668.7880859375
320.678314      4768.7172851563
321.044159      4870.9702148438
321.410004      4952.3081054688
321.775757      5038.2939453125
322.141510      4887.2377929688
322.507202      4926.7446289063
322.872894      4889.5620117188
323.238525      4926.7446289063
323.604156      5277.6591796875
323.969696      5310.1943359375
324.335266      5630.8974609375
324.700745      5737.7983398438
325.066223      5981.8120117188
325.431702      6416.3876953125
325.797089      6565.1196289063
326.162445      6832.3725585938
326.527802      6992.7241210938
326.893097      6978.7802734375
327.258362      6936.9497070313
327.623657      7155.3994140625
327.988861      7148.4277343750
328.353973      7239.0615234375
328.719116      7387.7934570313
329.084259      7785.1865234375
329.449341      8033.8476562500
329.814392      8303.4238281250
330.179352      8589.2685546875
330.544312      8493.9873046875
330.909241      8579.9726562500
331.274170      8361.5224609375
331.639069      8638.0712890625
332.003906      8961.0976562500
332.368713      8975.0419921875
332.733459      8937.8583984375
333.098206      8998.2812500000
333.462921      8954.1259765625
333.827606      8833.2812500000
334.192230      8665.9580078125
334.556824      8775.1835937500
334.921356      8849.5488281250
335.285919      8914.6191406250
335.650452      8884.4082031250
336.014893      8647.3662109375
336.379333      8326.6630859375
336.743744      8089.6220703125
337.108124      8103.5654296875
337.472443      8247.6494140625
337.836731      8259.2695312500
338.201019      8626.4511718750
338.565247      8493.9873046875
338.929413      9035.4638671875
339.293579      9084.2666015625
339.657776      9291.0966796875
340.021851      9470.0400390625
340.385895      9725.6728515625
340.749908      9881.3769531250
341.113922      9906.9404296875
341.477875      9758.2080078125
341.841827      9867.4335937500
342.205688     10051.0244140625
342.569580     10137.0097656250
342.933380     10053.3476562500
343.297211     10255.5302734375
343.660950     10134.6855468750
344.024658      9674.5468750000
344.388367      9177.2246093750
344.752014      9093.5625000000
345.115601      9458.4208984375
345.479218      9816.3066406250
345.842804      9939.4755859375
346.206299     10025.4609375000
346.569763     10130.0380859375
346.933228     10394.9667968750
347.296661     10225.3193359375
347.660034     10057.9960937500
348.023407     10164.8974609375
348.386719      9972.0107421875
348.750000     10374.0517578125
349.113220     10292.7138671875
349.476471     10397.2910156250
349.839661     10680.8105468750
350.202820     11161.8652343750
350.565887     11382.6396484375
350.928955     11763.7656250000
351.292023     11670.8076171875
351.655029     11489.5410156250
352.018036     11443.0615234375
352.380981     11408.2031250000
352.743866     11350.1044921875
353.106720     11510.4560546875
353.469574     12075.1728515625
353.832397     12356.3691406250
354.195160     12498.1289062500
354.557892     13120.9443359375
354.920593     13044.2539062500
355.283234     12953.6201171875
355.645905     13144.1835937500
356.008514     12788.6210937500
356.371094     12063.5527343750
356.733612     11805.5957031250
357.096100     11338.4843750000
357.458588     10738.9091796875
357.820984     10608.7685546875
358.183411     10376.3750000000
358.545746      9972.0107421875
358.908081     10229.9667968750
359.270355     10996.8662109375
359.632629     11972.9189453125
359.994873     12725.8750000000
360.357056     12797.9169921875
360.719208     12595.7343750000
361.081329     12463.2695312500
361.443420     12128.6230468750
361.805481     12309.8906250000
362.167511     12307.5664062500
362.529480     12688.6914062500
362.891418     13283.6191406250
363.253326     13434.6757812500
363.615234     13453.2666015625
363.977081     13820.4482421875
364.338867     13964.5332031250
364.700653     14234.1093750000
365.062378     14482.7705078125
365.424103     14770.9384765625
365.785767     15521.5703125000
366.147430     16260.5820312500
366.509033     16599.8769531250
366.870605     16609.1718750000
367.232117     16476.7070312500
367.593628     16590.5800781250
367.955109     16090.9345703125
368.316559     16144.3847656250
368.677917     16035.1601562500
369.039307     16228.0468750000
369.400635     16362.8349609375
369.761902     16818.3261718750
370.123199     16971.7070312500
370.484436     16881.0722656250
370.845581     16820.6503906250
371.206726     16390.7226562500
371.567871     16706.7773437500
371.928955     16425.5820312500
372.290039     16151.3564453125
372.651062     15563.4013671875
373.011993     15354.2470703125
373.372955     15014.9521484375
373.733887     14080.7294921875
374.094788     13918.0537109375
374.455627     13852.9833984375
374.816406     14136.5039062500
375.177185     14085.3779296875
375.537903     14926.6425781250
375.898651     15614.5273437500
376.259338     16218.7509765625
376.619965     16276.8496093750
376.980530     16957.7617187500
377.341095     17513.1835937500
377.701660     18454.3769531250
378.062134     19125.9960937500
378.422607     19804.5839843750
378.783020     19488.5292968750
379.143402     18798.3203125000
379.503784     17868.7460937500
379.864105     17111.1425781250
380.224396     17143.6777343750
380.584656     17652.6191406250
380.944855     18352.1250000000
381.305054     18063.9570312500
381.665192     17127.4101562500
382.025299     16114.1738281250
382.385406     14977.7685546875
382.745453     13746.0830078125
383.105438     12830.4521484375
383.465424     12460.9462890625
383.825348     12356.3691406250
384.185272     12902.4941406250
384.545135     13959.8847656250
384.904968     14989.3886718750
385.264771     15965.4414062500
385.624512     16081.6386718750
385.984253     15842.2734375000
386.343964     15786.4990234375
386.703613     15935.2304687500
387.063232     16237.3427734375
387.422821     16195.5117187500
387.782379     15935.2304687500
388.141907     16149.0332031250
388.501404     16346.5673828125
388.860840     16158.3281250000
389.220215     16788.1152343750
389.579620     17845.5058593750
389.938995     18665.8554687500
390.298279     19541.9804687500
390.657562     19428.1074218750
391.016785     19992.8242187500
391.376007     20541.2714843750
391.735168     20480.8496093750
392.094299     20004.4433593750
392.453430     18589.1660156250
392.812469     16590.5800781250
393.171478     14838.3330078125
393.530457     13141.8593750000
393.889435     12386.5800781250
394.248383     13281.2958984375
394.607269     14938.2617187500
394.966125     17269.1699218750
395.324921     18775.0800781250
395.683655     19614.0214843750
396.042419     19393.2480468750
396.401154     18043.0410156250
396.759827     15907.3437500000
397.118469     15061.4306640625
397.477051     14808.1220703125
397.835632     16901.9882812500
398.194153     19379.3046875000
398.552673     22072.7460937500
398.911163     23955.1347656250
399.269592     25502.8769531250
399.627960     26430.1269531250
399.986328     26839.1386718750
400.344666     27145.8984375000
400.702942     27808.2207031250
401.061188     28105.6855468750
401.419403     28254.4160156250
401.777588     28953.9218750000
402.135712     29098.0058593750
402.493835     29439.6250000000
402.851929     29423.3574218750
403.209961     29263.0058593750
403.567932     29411.7363281250
403.925903     29109.6250000000
404.283905     29058.4980468750
404.641754     28635.5429687500
404.999634     28517.0214843750
405.357452     28740.1191406250
405.715210     28800.5410156250
406.072998     28491.4589843750
406.430725     27819.8398437500
406.788422     28077.7968750000
407.146027     27768.7148437500
407.503662     28170.7558593750
407.861237     28326.4589843750
408.218781     29274.6250000000
408.576294     28909.7675781250
408.933777     30213.4941406250
409.291168     30968.7734375000
409.648590     30155.3964843750
410.005951     28721.5273437500
410.363312     27954.6289062500
410.720612     28744.7675781250
411.077820     29109.6250000000
411.435059     30587.6484375000
411.792267     31268.5625000000
412.149384     31514.8984375000
412.506531     31236.0273437500
412.863586     31535.8144531250
413.220642     31224.4062500000
413.577606     31798.4199218750
413.934601     31066.3789062500
414.291565     31463.7734375000
414.648468     31150.0410156250
415.005310     31754.2636718750
415.362122     31075.6757812500
415.718903     31177.9277343750
416.075684     31201.1679687500
416.432434     31693.8417968750
416.789093     32209.7558593750
417.145752     32163.2773437500
417.502350     31247.6464843750
417.858948     31043.1406250000
418.215485     30427.2968750000
418.571991     30573.7050781250
418.928467     30413.3535156250
419.284882     31194.1953125000
419.641266     30443.5644531250
419.997650     30401.7343750000
420.354004     30085.6777343750
420.710266     31347.5761718750
421.066528     31626.4472656250
421.422760     32070.3203125000
421.778931     32465.3886718750
422.135071     31919.2636718750
422.491211     31342.9277343750
422.847260     30173.9882812500
423.203308     30320.3964843750
423.559296     29999.6933593750
423.915283     30464.4804687500
424.271210     30638.7753906250
424.627136     30736.3808593750
424.982971     30903.7031250000
425.338776     31061.7324218750
425.694611     30552.7890625000
426.050323     30278.5644531250
426.406036     30896.7324218750
426.761749     30759.6191406250
427.117371     30050.8183593750
427.472961     29967.1582031250
427.828552     28991.1035156250
428.184113     30229.7617187500
428.539581     29125.8925781250
428.895050     29276.9492187500
429.250458     28737.7949218750
429.605865     27331.8144531250
429.961212     26088.5078125000
430.316559     24963.7226562500
430.671814     23718.0937500000
431.027069     23806.4023437500
431.382263     24570.9785156250
431.737457     26550.9707031250
432.092590     28784.2734375000
432.447723     30599.2675781250
432.802734     30497.0156250000
433.157776     31089.6191406250
433.512756     31484.6875000000
433.867706     30799.1269531250
434.222656     30559.7617187500
434.577545     30650.3945312500
434.932373     30424.9726562500
435.287201     31840.2500000000
435.641968     32537.4316406250
435.996704     33564.6093750000
436.351410     33690.1015625000
436.706085     34675.4531250000
437.060699     34652.2148437500
437.415283     34257.1445312500
437.769867     33397.2890625000
438.124420     32500.2480468750
438.478882     32160.9531250000
438.833313     31322.0117187500
439.187714     31463.7734375000
439.542084     32342.2207031250
439.896454     33390.3164062500
440.250732     33432.1484375000
440.605011     33769.1171875000
440.959229     33706.3710937500
441.313416     34415.1718750000
441.667572     34886.9296875000
442.021698     36025.6601562500
442.375793     36362.6289062500
442.729858     36385.8710937500
443.083832     37001.7109375000
443.437836     36569.4609375000
443.791748     36436.9960937500
444.145630     36348.6875000000
444.499542     36527.6289062500
444.853363     37143.4726562500
445.207123     36281.2929687500
445.560883     36046.5742187500
445.914612     35756.0820312500
446.268280     35488.8281250000
446.621918     34928.7617187500
446.975555     35742.1406250000
447.329132     36741.4335937500
447.682678     37517.6250000000
448.036133     38702.8320312500
448.389618     37856.9218750000
448.743042     38228.7500000000
449.096405     38528.5390625000
449.449799     38147.4140625000
449.803101     38377.4843750000
450.156372     38198.5390625000
450.509613     39200.1562500000
450.862823     39681.2109375000
451.216003     40331.9140625000
451.569122     39987.9687500000
451.922211     39755.5781250000
452.275269     38535.5117187500
452.628296     39599.8750000000
452.981293     37557.1328125000
453.334229     37482.7656250000
453.687134     36869.2500000000
454.040009     37399.1054687500
454.392853     37633.8242187500
454.745636     38059.1054687500
455.098419     37945.2304687500
455.451172     37698.8945312500
455.803864     37963.8203125000
456.156464     38265.9335937500
456.509125     38830.6484375000
456.861694     39293.1132812500
457.214264     39167.6210937500
457.566742     39595.2265625000
457.919220     39904.3085937500
458.271667     38826.0039062500
458.624023     38707.4804687500
458.976379     38598.2578125000
459.328705     38272.9062500000
459.681000     38698.1875000000
460.033234     38496.0039062500
460.385468     39218.7460937500
460.737610     38667.9765625000
461.089752     39411.6328125000
461.441864     39169.9453125000
461.793945     39929.8710937500
462.145996     39957.7578125000
462.497955     40675.8554687500
462.849884     40327.2656250000
463.201813     40231.9843750000
463.553680     40534.0937500000
463.905518     40250.5742187500
464.257355     40977.9687500000
464.609100     40359.8007812500
464.960815     40080.9296875000
465.312531     40594.5195312500
465.664185     39662.6210937500
466.015778     40334.2382812500
466.367371     41303.3203125000
466.718903     40457.4062500000
467.070435     40222.6875000000
467.421906     40754.8710937500
467.773346     41036.0664062500
468.124725     40606.1367187500
468.476074     41510.1484375000
468.827393     41805.2890625000
469.178680     42486.2031250000
469.529938     42720.9179687500
469.881134     42565.2148437500
470.232330     42284.0195312500
470.583435     42532.6796875000
470.934540     42618.6679687500
471.285614     42744.1601562500
471.636627     43027.6796875000
471.987610     44254.7187500000
472.338562     45323.7265625000
472.689453     45656.0507812500
473.040375     46130.1328125000
473.391205     45672.3203125000
473.741974     45893.0937500000
474.092773     46378.7968750000
474.443481     47831.2539062500
474.794159     47389.7070312500
475.144806     48354.1406250000
475.495422     48486.6054687500
475.846039     48781.7460937500
476.196533     48447.0976562500
476.547028     48749.2109375000
476.897522     48893.2929687500
477.247925     49155.8984375000
477.598328     49971.6015625000
477.948700     50991.8085937500
478.299011     50866.3164062500
478.649231     51321.8085937500
478.999481     51493.7773437500
479.349701     52304.8320312500
479.699829     52235.1132812500
480.049988     52565.1132812500
480.400055     53013.6328125000
480.750153     53199.5468750000
481.100128     53185.6054687500
481.450104     53476.0976562500
481.800049     54091.9414062500
482.149963     54124.4765625000
482.499786     54377.7851562500
482.849670     54266.2343750000
483.199432     54405.6718750000
483.549194     54403.3476562500
483.898926     54631.0937500000
484.248566     54022.2226562500
484.598206     54231.3750000000
484.947815     54301.0937500000
485.297394     54080.3203125000
485.646912     53313.4218750000
485.996399     51679.6953125000
486.345825     50524.6992187500
486.695282     49760.1210937500
487.044617     49604.4179687500
487.393951     50949.9765625000
487.743286     51823.7773437500
488.092529     53048.4921875000
488.441711     53754.9687500000
488.790955     53850.2500000000
489.140076     53729.4062500000
489.489197     54094.2617187500
489.838257     54670.6015625000
490.187286     55144.6835937500
490.536316     55707.0742187500
490.885254     55514.1875000000
491.234161     55446.7929687500
491.583069     55265.5273437500
491.931915     55107.5000000000
492.280731     54635.7421875000
492.629486     54510.2500000000
492.978210     54661.3046875000
493.326874     55114.4726562500
493.675568     55514.1875000000
494.024200     55521.1601562500
494.372742     55974.3281250000
494.721313     55978.9765625000
495.069824     56360.1015625000
495.418274     56476.2968750000
495.766724     56329.8906250000
496.115112     56181.1601562500
496.463470     56255.5234375000
496.811768     56587.8476562500
497.160034     56652.9179687500
497.508301     56699.3945312500
497.856506     56666.8593750000
498.204651     56253.1992187500
498.552765     56025.4531250000
498.900848     55960.3828125000
499.248901     56127.7070312500
499.596924     56285.7343750000
499.944885     56311.2968750000
500.292816     56130.0312500000
500.640778     55851.1601562500
500.988556     55477.0039062500
501.336426     55365.4570312500
501.684204     55165.5976562500
502.031952     55044.7539062500
502.379700     55160.9492187500
502.727295     55258.5546875000
503.074982     55588.5546875000
503.422546     55404.9648437500
503.770081     55451.4414062500
504.117615     55284.1171875000
504.465088     55158.6250000000
504.812561     55360.8085937500
505.159943     55342.2187500000
505.507294     56095.1718750000
505.854645     56759.8164062500
506.201904     56836.5078125000
506.549194     57057.2812500000
506.896332     56759.8164062500
507.243591     56731.9296875000
507.590698     56357.7773437500
507.937775     56383.3398437500
508.284912     55830.2421875000
508.631836     55855.8085937500
508.978851     56411.2265625000
509.325806     56829.5351562500
509.672699     56906.2265625000
510.019592     56917.8476562500
510.366364     56813.2695312500
510.713196     56680.8046875000
511.059937     56539.0429687500
511.406677     57036.3671875000
511.753326     57238.5507812500
512.099976     57275.7304687500
512.446594     57157.2109375000
512.793091     56910.8750000000
513.139648     56820.2421875000
513.486145     56738.9023437500
513.832520     56453.0585937500
514.179016     56453.0585937500
514.525269     56185.8046875000
514.871704     55997.5664062500
515.217957     56327.5664062500
515.564209     56174.1875000000
515.910522     56262.4960937500
516.256531     56150.9453125000
516.602783     55802.3554687500
516.948853     54154.6875000000
517.294922     52909.0546875000
517.640930     52909.0546875000
517.986877     53062.4375000000
518.332886     53820.0390625000
518.678711     53422.6445312500
519.024658     53557.4335937500
519.370422     54396.3750000000
519.716248     54833.2734375000
520.062073     55439.8242187500
520.407715     55630.3867187500
520.753418     55693.1328125000
521.099060     55965.0312500000
521.444580     56155.5937500000
521.790222     56541.3671875000
522.135681     56536.7187500000
522.481201     56248.5507812500
522.826660     56178.8359375000
523.172058     55646.6523437500
523.517395     55832.5664062500
523.862671     56062.6367187500
524.208069     56460.0312500000
524.553284     56371.7226562500
524.898438     56950.3828125000
525.243591     56606.4375000000
525.588745     56729.6054687500
525.933899     56922.4921875000
526.278931     56162.5664062500
526.623962     55219.0468750000
526.968872     54268.5585937500
527.313904     53868.8398437500
527.658813     53938.5585937500
528.003601     54442.8554687500
528.348450     55460.7382812500
528.693237     55212.0781250000
529.037964     55809.3281250000
529.382751     56197.4257812500
529.727356     56190.4531250000
530.072021     56044.0468750000
530.416626     56023.1289062500
530.761169     56408.9023437500
531.105652     56478.6210937500
531.450134     56464.6796875000
531.794617     56557.6367187500
532.138916     56420.5234375000
532.483337     55727.9921875000
532.827637     55312.0078125000
533.171936     54698.4882812500
533.516174     54493.9804687500
533.860352     54963.4140625000
534.204529     55121.4414062500
534.548645     55284.1171875000
534.892700     55000.5976562500
535.236816     55332.9218750000
535.580750     55460.7382812500
535.924744     55839.5390625000
536.268738     55927.8476562500
536.612549     55397.9921875000
536.956421     55372.4296875000
537.300232     54979.6835937500
537.644043     55088.9062500000
537.987671     55174.8945312500
538.331421     55232.9921875000
538.675049     55019.1914062500
539.018677     55265.5273437500
539.362305     54942.5000000000
539.705750     54677.5703125000
540.049316     54373.1367187500
540.392822     54015.2500000000
540.736145     53545.8164062500
541.079590     53680.6015625000
541.422913     53480.7460937500
541.766235     53978.0664062500
542.109436     54296.4453125000
542.452698     54552.0781250000
542.795898     54347.5742187500
543.138977     54396.3750000000
543.482178     54289.4726562500
543.825195     54398.6992187500
544.168213     54612.5000000000
544.511230     54807.7109375000
544.854187     54793.7695312500
545.197083     54649.6835937500
545.539917     54768.2031250000
545.882813     54956.4453125000
546.225586     54728.6992187500
546.568359     54600.8828125000
546.911133     54902.9921875000
547.253662     54389.4023437500
547.596436     54398.6992187500
547.938965     54428.9101562500
548.281494     54052.4335937500
548.624084     54117.5039062500
548.966492     54349.8945312500
549.308960     54396.3750000000
549.651367     54470.7421875000
549.993713     54287.1484375000
550.336060     54277.8554687500
550.678345     54354.5429687500
551.020630     54008.2773437500
551.362732     54001.3046875000
551.704956     53838.6289062500
552.047058     54308.0664062500
552.389160     54519.5429687500
552.731262     54129.1210937500
553.073181     53875.8125000000
553.415161     54043.1367187500
553.757080     53710.8125000000
554.098999     54024.5468750000
554.440857     53945.5312500000
554.782593     54175.6015625000
555.124390     53908.3476562500
555.466125     53961.8007812500
555.807800     53912.9960937500
556.149414     53996.6562500000
556.491089     53464.4765625000
556.832642     53199.5468750000
557.174133     53104.2656250000
557.515686     52855.6054687500
557.857117     52916.0273437500
558.198486     52407.0859375000
558.539917     52379.1992187500
558.881165     51967.8632812500
559.222534     51382.2304687500
559.563782     51403.1445312500
559.904968     51184.6953125000
560.246216     50896.5273437500
560.587280     51259.0625000000
560.928406     51444.9765625000
561.269470     51586.7343750000
561.610474     51396.1718750000
561.951477     51210.2578125000
562.292297     50805.8945312500
562.633301     51052.2304687500
562.974121     50801.2460937500
563.315002     51207.9335937500
563.655762     51293.9218750000
563.996460     50643.2187500000
564.337158     50480.5429687500
564.677795     50359.6992187500
565.018433     50492.1640625000
565.359009     50285.3320312500
565.699524     50145.8945312500
566.040100     49072.2382812500
566.380493     49018.7851562500
566.720947     48900.2656250000
567.061340     48684.1406250000
567.401611     49265.1250000000
567.742004     48842.1679687500
568.082153     48832.8710937500
568.422424     48184.4921875000
568.762634     47680.1992187500
569.102722     47229.3554687500
569.442810     47122.4531250000
569.782898     46532.1757812500
570.122986     46915.6250000000
570.462830     46174.2890625000
570.802856     46511.2578125000
571.142761     46044.1484375000
571.482605     45258.6562500000
571.822449     45172.6718750000
572.162170     45862.8828125000
572.501953     45769.9257812500
572.841675     45858.2343750000
573.181274     46343.9375000000
573.520996     46188.2343750000
573.860474     45774.5703125000
574.200073     46248.6562500000
574.539551     45379.5039062500
574.878967     45502.6718750000
575.218384     45144.7851562500
575.557739     44642.8164062500
575.897156     44587.0390625000
576.236450     44645.1406250000
576.575684     44482.4648437500
576.914856     44143.1679687500
577.254089     44310.4921875000
577.593262     44008.3789062500
577.932251     44173.3789062500
578.271362     43559.8593750000
578.610352     43332.1132812500
578.949341     43183.3828125000
579.288330     43239.1562500000
579.627197     43206.6210937500
579.966064     43606.3398437500
580.304871     43643.5234375000
580.643677     43629.5781250000
580.982483     43604.0156250000
581.321045     42983.5234375000
581.659790     43550.5664062500
581.998413     43397.1835937500
582.336914     43529.6484375000
582.675476     43601.6914062500
583.013916     43631.9023437500
583.352478     43968.8750000000
583.690796     43434.3671875000
584.029175     43436.6914062500
584.367493     43457.6054687500
584.705811     43722.5351562500
585.044128     43211.2695312500
585.382202     42916.1289062500
585.720459     42507.1171875000
586.058594     42074.8671875000
586.396667     41779.7265625000
586.734802     41561.2773437500
587.072693     42009.7968750000
587.410767     42026.0625000000
587.748657     41407.8945312500
588.086487     41203.3906250000
588.424316     40687.4765625000
588.762146     38997.9726562500
589.099976     37382.8398437500
589.437622     36304.5312500000
589.775391     35800.2382812500
590.113037     35790.9414062500
590.450623     35909.4609375000
590.788208     36862.2773437500
591.125671     36683.3320312500
591.463196     37357.2734375000
591.800659     36850.6562500000
592.138062     37378.1914062500
592.475464     37657.0625000000
592.812683     37573.4023437500
593.150024     37661.7109375000
593.487244     38045.1601562500
593.824402     38114.8789062500
594.161621     37996.3554687500
594.498657     37805.7929687500
594.835815     37110.9375000000
595.172852     37220.1640625000
595.509827     37280.5859375000
595.846741     37373.5429687500
596.183655     37387.4843750000
596.520630     38054.4570312500
596.857422     37894.1054687500
597.194214     38089.3164062500
597.530945     37982.4140625000
597.867615     37824.3867187500
598.204346     38026.5703125000
598.540955     37715.1601562500
598.877563     37705.8632812500
599.214111     38086.9921875000
599.550598     37540.8671875000
599.887085     37854.5976562500
600.223450     37905.7226562500
600.559937     37659.3867187500
600.896240     37608.2617187500
601.232544     37159.7382812500
601.568787     37289.8789062500
601.905029     37217.8398437500
602.241272     37292.2031250000
602.577271     37141.1484375000
602.913452     37199.2460937500
603.249512     37271.2890625000
603.585510     37329.3867187500
603.921509     37464.1757812500
604.257385     37684.9492187500
604.593323     38096.2851562500
604.929199     37898.7500000000
605.264954     37315.4453125000
605.600830     36987.7695312500
605.936462     36690.3046875000
606.272217     36908.7539062500
606.607849     36418.4062500000
606.943420     37024.9531250000
607.278992     36646.1484375000
607.614502     36713.5429687500
607.950012     36511.3632812500
608.285461     36162.7734375000
608.620850     35465.5898437500
608.956177     36074.4609375000
609.291504     35644.5351562500
609.626831     35577.1406250000
609.962036     35556.2226562500
610.297302     35175.0976562500
610.632446     35444.6757812500
610.967529     35365.6601562500
611.302673     35379.6054687500
611.637634     35623.6171875000
611.972656     35472.5625000000
612.307617     35031.0156250000
612.642517     35054.2539062500
612.977356     34891.5781250000
613.312195     34519.7500000000
613.646973     34289.6796875000
613.981750     33862.0742187500
614.316406     33664.5390625000
614.651062     33759.8203125000
614.985657     34059.6093750000
615.320313     33659.8906250000
615.654846     33559.9648437500
615.989319     33109.1210937500
616.323792     32909.2617187500
616.658203     32267.8535156250
616.992615     32479.3320312500
617.326904     32174.8964843750
617.661194     32309.6855468750
617.995483     33064.9648437500
618.329712     32874.4023437500
618.663940     32330.6015625000
618.997925     32707.0781250000
619.332092     32648.9804687500
619.666077     32205.1074218750
620.000061     32467.7128906250
620.334045     32642.0078125000
620.667969     32660.5996093750
621.001892     32414.2617187500
621.335632     32242.2910156250
621.669495     32067.9960937500
622.003296     31786.7988281250
622.336914     31631.0957031250
622.670654     31498.6308593750
623.004272     31438.2089843750
623.337891     30748.0000000000
623.671387     31017.5761718750
624.004883     30548.1425781250
624.338440     30522.5781250000
624.671753     30929.2675781250
625.005249     29943.9179687500
625.338562     29992.7207031250
625.671814     29932.2988281250
626.005066     29523.2851562500
626.338257     29490.7500000000
626.671509     29239.7656250000
627.004578     29418.7089843750
627.337708     29130.5410156250
627.670776     28679.6972656250
628.003723     28417.0917968750
628.336731     27796.6015625000
628.669556     27901.1777343750
629.002502     27826.8125000000
629.335327     27573.5039062500
629.668152     27789.6289062500
630.000916     27624.6308593750
630.333618     27589.7714843750
630.666321     27448.0097656250
630.998962     27408.5039062500
631.331482     27445.6875000000
631.664063     27424.7714843750
631.996521     26704.3515625000
632.329102     26841.4628906250
632.661499     27080.8281250000
632.993835     27243.5039062500
633.326172     26623.0136718750
633.658447     26843.7871093750
633.990784     27059.9140625000
634.322937     26883.2949218750
634.655212     27034.3496093750
634.987244     27171.4628906250
635.319397     26748.5058593750
635.651489     26664.8437500000
635.983398     26676.4648437500
636.315430     26855.4062500000
636.647278     26207.0292968750
636.979187     26225.6210937500
637.311035     26725.2656250000
637.642761     26725.2656250000
637.974609     26430.1269531250
638.306335     26337.1699218750
638.637939     26325.5488281250
638.969604     26093.1562500000
639.301147     26244.2109375000
639.632751     26225.6210937500
639.964233     26076.8886718750
640.295715     25663.2285156250
640.627075     25554.0019531250
640.958496     25628.3691406250
641.289917     25182.1738281250
641.621094     25256.5390625000
641.952393     25409.9179687500
642.283569     25237.9472656250
642.614746     25121.7500000000
642.945923     24979.9902343750
643.276917     25163.5820312500
643.608093     25244.9199218750
643.939026     24856.8222656250
644.269958     25105.4824218750
644.600891     25449.4257812500
644.931763     25010.2011718750
645.262634     24824.2871093750
645.593384     24663.9355468750
645.924133     24582.5976562500
646.254822     23980.6972656250
646.585510     23820.3457031250
646.916199     23720.4179687500
647.246704     23288.1640625000
647.577271     22725.7714843750
647.907715     22597.9550781250
648.238220     22493.3789062500
648.568665     22393.4492187500
648.898987     22611.9003906250
649.229309     22479.4355468750
649.559570     22140.1406250000
649.889832     22363.2382812500
650.220093     22140.1406250000
650.550171     22467.8144531250
650.880310     23025.5605468750
651.210388     22753.6601562500
651.540405     22360.9140625000
651.870422     22272.6054687500
652.200317     22051.8300781250
652.530273     22314.4355468750
652.860046     22676.9687500000
653.189941     22523.5898437500
653.519775     22323.7304687500
653.849426     22516.6171875000
654.179199     22267.9570312500
654.508789     22263.3085937500
654.838440     22193.5917968750
655.168030     22109.9296875000
655.497498     21356.9746093750
655.827026     20703.9472656250
656.156372     20343.7382812500
656.485840     19799.9375000000
656.815247     19074.8691406250
657.144470     19367.6835937500
657.473755     19583.8105468750
657.802979     20195.0058593750
658.132202     20620.2851562500
658.461243     21033.9472656250
658.790466     20920.0742187500
659.119507     21096.6933593750
659.448486     21343.0312500000
659.777527     21050.2148437500
660.106384     21503.3828125000
660.435242     21663.7343750000
660.764160     21563.8046875000
661.092896     21796.1972656250
661.421692     21466.1992187500
661.750427     21677.6777343750
662.079102     21803.1699218750
662.407715     21944.9296875000
662.736328     21710.2128906250
663.064880     21677.6777343750
663.393311     21270.9882812500
663.721802     21498.7343750000
664.050232     21524.2968750000
664.378601     21171.0585937500
664.706970     21129.2285156250
665.035217     20834.0878906250
665.363525     21082.7500000000
665.691650     20975.8476562500
666.019897     20903.8066406250
666.347961     21020.0039062500
666.676086     20908.4550781250
667.004150     20610.9902343750
667.332092     20727.1875000000
667.660095     20497.1171875000
667.987915     20650.4980468750
668.315796     20578.4550781250
668.643677     20504.0898437500
668.971436     20439.0195312500
669.299133     20385.5683593750
669.626892     20485.4980468750
669.954468     20506.4140625000
670.282104     20046.2734375000
670.609619     20371.6250000000
670.937256     20141.5546875000
671.264587     19820.8515625000
671.592163     19834.7949218750
671.919495     19858.0351562500
672.246887     19374.6562500000
672.574097     19769.7246093750
672.901489     19639.5859375000
673.228699     19251.4882812500
673.555847     19033.0371093750
673.882996     19181.7695312500
674.210022     19462.9667968750
674.537109     19170.1503906250
674.864136     18977.2636718750
675.191101     18865.7148437500
675.518005     19100.4316406250
675.844849     18884.3066406250
676.171692     18949.3750000000
676.498535     18568.2500000000
676.825256     18923.8125000000
677.151978     18551.9824218750
677.478577     18754.1660156250
677.805237     18791.3476562500
678.131836     18707.6875000000
678.458435     18500.8554687500
678.784851     18654.2363281250
679.111328     18331.2089843750
679.437744     18289.3789062500
679.764099     18205.7167968750
680.090454     18486.9121093750
680.416687     18131.3496093750
680.742920     18235.9277343750
681.069153     17924.5195312500
681.395203     17717.6894531250
681.721313     17987.2656250000
682.047485     17592.1972656250
682.373474     17701.4218750000
682.699402     17694.4511718750
683.025391     17464.3808593750
683.351196     17508.5351562500
683.677063     17301.7050781250
684.002930     17459.7324218750
684.328674     17001.9179687500
684.654358     16962.4101562500
684.980042     17273.8183593750
685.305603     16853.1855468750
685.631287     16971.7070312500
685.956787     16890.3691406250
686.282288     16585.9335937500
686.607788     16339.5957031250
686.933167     15386.7822265625
687.258545     14350.3066406250
687.583923     13701.9277343750
687.909180     13176.7187500000
688.234375     13443.9707031250
688.559631     13471.8583984375
688.884766     14013.3349609375
689.209839     13766.9980468750
689.534973     13764.6738281250
689.859924     13599.6748046875
690.184937     13852.9833984375
690.509827     13755.3789062500
690.834717     14008.6875000000
691.159668     14478.1230468750
691.484436     14201.5742187500
691.809204     14310.7988281250
692.133911     14315.4472656250
692.458557     14322.4189453125
692.783142     14164.3916015625
693.107849     14364.2500000000
693.432312     14117.9121093750
693.756836     13718.1953125000
694.081238     13964.5332031250
694.405701     13664.7451171875
694.730164     13773.9697265625
695.054443     13664.7451171875
695.378723     13848.3359375000
695.702942     13811.1533203125
696.027100     13945.9414062500
696.351257     14064.4619140625
696.675476     14245.7294921875
696.999512     14415.3759765625
697.323486     14708.1923828125
697.647461     14738.4033203125
697.971375     14731.4316406250
698.295349     14677.9814453125
698.619202     14796.5019531250
698.942993     14361.9257812500
699.266724     14315.4472656250
699.590393     14278.2636718750
699.914124     14052.8427734375
700.237793     14141.1523437500
700.561340     13734.4628906250
700.884949     13562.4921875000
701.208374     13773.9697265625
701.531860     13792.5615234375
701.855286     13780.9414062500
702.178650     13395.1679687500
702.501953     13513.6894531250
702.825195     13664.7451171875
703.148499     13527.6328125000
703.471680     13983.1240234375
703.794861     14101.6445312500
704.117981     14306.1513671875
704.440979     14120.2363281250
704.764038     14127.2080078125
705.086975     14192.2783203125
705.409851     14041.2226562500
705.732849     13980.8007812500
706.055664     14382.8408203125
706.378479     14220.1660156250
706.701233     14164.3916015625
707.023926     14268.9687500000
707.346619     14308.4755859375
707.669250     14506.0097656250
707.991821     14334.0390625000
708.314392     14426.9960937500
708.636841     14371.2216796875
708.959290     14420.0244140625
709.281738     14382.8408203125
709.604065     14422.3486328125
709.926392     14426.9960937500
710.248657     14492.0664062500
710.570862     14403.7568359375
710.893066     14517.6298828125
711.215210     14510.6582031250
711.537292     14301.5039062500
711.859314     14633.8261718750
712.181335     14382.8408203125
712.503357     14640.7978515625
712.825256     14334.0390625000
713.147156     14169.0390625000
713.468994     14385.1650390625
713.790771     14173.6875000000
714.112488     14357.2783203125
714.434143     14152.7714843750
714.755859     14096.9970703125
715.077515     14045.8701171875
715.399109     13915.7304687500
715.720581     13957.5605468750
716.042053     13592.7031250000
716.363525     13492.7734375000
716.684875     13011.7187500000
717.006287     12323.8339843750
717.327576     11617.3574218750
717.648804     11050.3164062500
717.969971     10611.0927734375
718.291260     10039.4042968750
718.612366      9707.0820312500
718.933411      9474.6875000000
719.254395      9323.6318359375
719.575439      9058.7031250000
719.896362      8991.3095703125
720.217285      8842.5771484375
720.538147      8886.7324218750
720.859009      9174.9003906250
721.179749      9528.1386718750
721.500488     10125.3896484375
721.821228     10755.1767578125
722.141785     11133.9785156250
722.462402     11180.4570312500
722.782959     11559.2587890625
723.103455     11175.8095703125
723.423950     10750.5292968750
723.744385     10576.2333984375
724.064758     10343.8398437500
724.385071     10169.5449218750
724.705322     10220.6718750000
725.025574     10041.7285156250
725.345825      9937.1513671875
725.665955      9760.5322265625
725.986023      9637.3632812500
726.306091      9714.0537109375
726.626099      9642.0117187500
726.946045      9953.4189453125
727.266052      9902.2919921875
727.585938      9676.8701171875
727.905762      9558.3496093750
728.225525      9528.1386718750
728.545288      9793.0673828125
728.864990      9714.0537109375
729.184692      9809.3349609375
729.504333      9574.6171875000
729.823853      9553.7021484375
730.143372      9802.3632812500
730.462891      9739.6171875000
730.782410      9776.7998046875
731.101746      9655.9550781250
731.421143      9683.8417968750
731.740417      9760.5322265625
732.059631      9848.8417968750
732.378845     10111.4462890625
732.698059     10555.3183593750
733.017212     10666.8671875000
733.336304     10857.4296875000
733.655273     11131.6542968750
733.974304     11247.8515625000
734.293335     11529.0478515625
734.612183     11666.1601562500
734.931030     11701.0185546875
735.249878     11612.7089843750
735.568665     11628.9765625000
735.887329     11742.8496093750
736.206055     11545.3154296875
736.524658     11233.9072265625
736.843262     11387.2871093750
737.161804     11542.9912109375
737.480286     11398.9072265625
737.798828     11615.0332031250
738.117249     11531.3710937500
738.435608     11566.2304687500
738.753906     11443.0615234375
739.072205     11457.0058593750
739.390442     11610.3857421875
739.708618     11377.9921875000
740.026733     11554.6113281250
740.344849     11631.3007812500
740.662903     11805.5957031250
740.980957     11582.4980468750
741.298889     11640.5966796875
741.616821     11498.8369140625
741.934692     11701.0185546875
742.252502     11440.7382812500
742.570313     11424.4707031250
742.888062     11473.2734375000
743.205750     11714.9628906250
743.523438     11589.4697265625
743.841003     11682.4277343750
744.158569     11768.4130859375
744.476074     11775.3847656250
744.793518     11735.8779296875
745.111023     11831.1591796875
745.428345     11696.3710937500
745.745728     11824.1875000000
746.062988     11777.7089843750
746.380249     11624.3291015625
746.697449     11845.1025390625
747.014648     11598.7656250000
747.331726     11619.6806640625
747.648804     11547.6386718750
747.965759     11515.1035156250
748.282776     11292.0058593750
748.599731     11373.3437500000
748.916626     11298.9775390625
749.233459     11282.7099609375
749.550232     11145.5976562500
749.867004     10999.1904296875
750.183655     10941.0917968750
750.500366     10966.6552734375
750.816956     10801.6552734375
751.133545     10855.1064453125
751.450073     10687.7822265625
751.766479     10729.6132812500
752.083008     10738.9091796875
752.399414     10566.9384765625
752.715698     10664.5429687500
753.032043     10436.7978515625
753.348328     10506.5156250000
753.664429     10578.5576171875
753.980713     10508.8398437500
754.296814     10262.5019531250
754.612854     10269.4746093750
754.928833     10111.4462890625
755.244873     10222.9951171875
755.560852     10092.8554687500
755.876709      9974.3339843750
756.192505      9995.2500000000
756.508362     10011.5175781250
756.824097      9953.4189453125
757.139771      9702.4335937500
757.455505      9767.5039062500
757.771118      9911.5878906250
758.086670      9625.7441406250
758.402222      9646.6591796875
758.717712      9704.7578125000
759.033081      9665.2509765625
759.348511      8858.8447265625
759.663879      8233.7060546875
759.979187      7034.5551757813
760.294434      5730.8266601563
760.609619      4752.4497070313
760.924805      4097.0996093750
761.239929      3655.5517578125
761.554993      3660.1994628906
761.869995      3932.1000976563
762.184998      4283.0146484375
762.499939      4378.2958984375
762.814880      4443.3662109375
763.129700      4208.6484375000
763.444519      4252.8032226563
763.759277      4245.8315429688
764.073975      4466.6054687500
764.388672      4394.5634765625
764.703308      4520.0561523438
765.017883      4782.6606445313
765.332397      5189.3496093750
765.646851      5342.7294921875
765.961304      5714.5590820313
766.275696      6030.6142578125
766.590088      6346.6699218750
766.904358      6741.7387695313
767.218628      6953.2172851563
767.532776      7243.7089843750
767.846924      7513.2856445313
768.161072      7706.1723632813
768.475159      7847.9326171875
768.789185      8198.8466796875
769.103149      8180.2553710938
769.417114      8326.6630859375
769.731079      8470.7470703125
770.044861      8394.0576171875
770.358643      8510.2548828125
770.672363      8675.2539062500
770.986084      8570.6767578125
771.299683      8724.0566406250
771.613403      8510.2548828125
771.927002      8414.9726562500
772.240479      8538.1416015625
772.553955      8696.1689453125
772.867371      8475.3955078125
773.180847      8373.1425781250
773.494141      8480.0429687500
773.807434      8531.1699218750
774.120667      8366.1699218750
774.433899      8538.1416015625
774.747009      8273.2128906250
775.060181      8463.7753906250
775.373230      8433.5644531250
775.686218      8503.2822265625
775.999207      8352.2265625000
776.312073      8328.9873046875
776.624939      8349.9033203125
776.937866      8150.0444335938
777.250671      8243.0019531250
777.563416      8175.6074218750
777.876099      8110.5375976563
778.188721      8287.1562500000
778.501343      8064.0585937500
778.813904      8075.6782226563
779.126404      7943.2138671875
779.438904      8117.5092773438
779.751282      7899.0590820313
780.063660      8059.4106445313
780.376038      7966.4536132813
780.688293      7882.7915039063
781.000549      7901.3833007813
781.312683      7668.9897460938
781.624817      7831.6650390625
781.937012      7799.1298828125
782.249023      7768.9189453125
782.561035      7694.5527343750
782.872986      7541.1728515625
783.184937      7536.5253906250
783.496765      7390.1171875000
783.808655      7406.3847656250
784.120422      7385.4692382813
784.432129      7285.5400390625
784.743774      7164.6953125000
785.055420      7127.5122070313
785.367004      7276.2441406250
785.678589      7139.1318359375
785.990051      7246.0332031250
786.301514      7122.8647460938
786.612976      7132.1601562500
786.924316      6957.8652343750
787.235657      6769.6259765625
787.546936      6658.0771484375
787.858154      6590.6831054688
788.169312      6525.6127929688
788.480408      6630.1899414063
788.791504      6437.3032226563
789.102600      6395.4726562500
789.413513      6455.8950195313
789.724487      6204.9096679688
790.035400      6207.2338867188
790.346191      6053.8540039063
790.657043      6032.9384765625
790.967834      6235.1210937500
791.278564      5951.6005859375
791.589172      6179.3461914063
791.899780      6012.0229492188
792.210327      6009.6992187500
792.520935      6005.0512695313
792.831421      5888.8544921875
793.141846      5821.4604492188
793.452209      5956.2485351563
793.762573      5960.8964843750
794.072815      5863.2910156250
794.383118      5714.5590820313
794.693359      6044.5581054688
795.003479      5888.8544921875
795.313538      5858.6430664063
795.623596      5860.9672851563
795.933716      5946.9526367188
796.243652      5600.6865234375
796.553589      5540.2641601563
796.863464      5563.5034179688
797.173218      5512.3769531250
797.483032      5605.3339843750
797.792786      5475.1938476563
798.102478      5612.3061523438
798.412109      5605.3339843750
798.721741      5533.2919921875
799.031250      5486.8134765625
799.340820      5486.8134765625
799.650269      5512.3769531250
799.959656      5370.6166992188
800.269043      5300.8984375000
800.578369      5231.1806640625
800.887573      5189.3496093750
801.196899      5117.3076171875
801.505981      5235.8281250000
801.815186      5147.5185546875
802.124207      5001.1108398438
802.433289      5191.6733398438
802.742188      4959.2797851563
803.051270      4952.3081054688
803.360168      5052.2373046875
803.668945      4952.3081054688
803.977783      4984.8432617188
804.286499      4926.7446289063
804.595276      4822.1674804688
804.903931      4794.2802734375
805.212524      4836.1113281250
805.521057      4866.3222656250
805.829590      5033.6459960938
806.138062      4998.7866210938
806.446533      5056.8852539063
806.754944      4917.4492187500
807.063293      4977.8715820313
807.371521      4845.4072265625
807.679749      4924.4208984375
807.987976      4757.0976562500
808.296143      4896.5336914063
808.604248      4859.3505859375
808.912292      4773.3652343750
809.220276      4698.9990234375
809.528198      4680.4077148438
809.836182      4459.6337890625
810.144043      4564.2109375000
810.451843      4496.8164062500
810.759644      4473.5771484375
811.067322      4443.3662109375
811.375061      4369.0000000000
811.682678      4371.3242187500
811.990295      4313.2255859375
812.297791      4292.3100585938
812.605286      4180.7612304688
812.912720      4052.9448242188
813.220154      4083.1560058594
813.527527      3892.5932617188
813.834839      3850.7622070313
814.142029      3697.3825683594
814.449219      3604.4250488281
814.756409      3553.2985839844
815.063538      3525.4111328125
815.370605      3395.2707519531
815.677612      3309.2851562500
815.984619      3351.1159667969
816.291504      3197.7363281250
816.598389      3179.1447753906
816.905273      3202.3840332031
817.212036      3123.3703613281
817.518738      3093.1591796875
817.825439      3241.8911132813
818.132080      3176.8208007813
818.438721      3162.8771972656
818.745239      3204.7080078125
819.051758      3211.6799316406
819.358215      3237.2431640625
819.664612      3155.9052734375
819.971008      3123.3703613281
820.277344      3260.4824218750
820.583557      3230.2712402344
820.889771      3430.1298828125
821.195923      3548.6506347656
821.502075      3713.6501464844
821.808167      3530.0590820313
822.114197      3490.5522460938
822.420166      3532.3830566406
822.726074      3269.7783203125
823.031921      3055.9760742188
823.337769      2818.9345703125
823.643677      2716.6813964844
823.949402      2886.3288574219
824.255066      2965.3425292969
824.560730      3181.4687500000
824.866272      3293.0175781250
825.171936      3404.5666503906
825.477356      3395.2707519531
825.782837      3418.5102539063
826.088257      3327.8767089844
826.393616      3376.6794433594
826.698914      3399.9187011719
827.004272      3355.7639160156
827.309448      3399.9187011719
827.614624      3223.2995605469
827.919739      3146.6096191406
828.224854      3039.7084960938
828.529907      3104.7788085938
828.834839      3102.4548339844
829.139832      3197.7363281250
829.444702      3148.9335937500
829.749512      3104.7788085938
830.054260      3111.7504882813
830.359131      3121.0463867188
830.663818      3125.6943359375
830.968506      3167.5251464844
831.273071      3088.5112304688
831.577576      3204.7080078125
831.882080      3260.4824218750
832.186646      3104.7788085938
832.491028      3044.3564453125
832.795410      3114.0744628906
833.099731      3160.5532226563
833.403931      3188.4404296875
833.708191      3042.0324707031
834.012390      3035.0607910156
834.316467      3067.5957031250
834.620605      3128.0180664063
834.924622      3123.3703613281
835.228577      3232.5952148438
835.532593      3272.1022949219
835.836426      3197.7363281250
836.140320      3086.1872558594
836.444031      3237.2431640625
836.747803      3179.1447753906
837.051514      3281.3979492188
837.355225      3165.2011718750
837.658752      3218.6516113281
837.962341      3269.7783203125
838.265808      3193.0883789063
838.569336      3306.9611816406
838.872742      3246.5388183594
839.176147      3188.4404296875
839.479370      3320.9047851563
839.782715      3216.3276367188
840.085876      3214.0039062500
840.389038      3234.9191894531
840.692261      3204.7080078125
840.995300      3121.0463867188
841.298340      3169.8491210938
841.601257      3327.8767089844
841.904236      3288.3698730469
842.207153      3155.9052734375
842.509949      3116.3984375000
842.812805      3158.2292480469
843.115540      3188.4404296875
843.418152      3190.7644042969
843.720825      3062.9479980469
844.023438      3116.3984375000
844.325989      3146.6096191406
844.628540      3134.9899902344
844.930969      3183.7927246094
845.233337      3123.3703613281
845.535767      3223.2995605469
845.838013      3146.6096191406
846.140259      3193.0883789063
846.442505      3158.2292480469
846.744690      3083.8632812500
847.046753      3058.3000488281
847.348877      3018.7932128906
847.650879      3039.7084960938
847.952881      2942.1032714844
848.254761      3014.1452636719
848.556641      3030.4128417969
848.858459      2918.8640136719
849.160278      3049.0043945313
849.462036      3076.8916015625
849.763733      2993.2297363281
850.065308      2918.8640136719
850.366882      2907.2441406250
850.668518      2930.4836425781
850.969971      2904.9201660156
851.271423      2916.5400390625
851.572815      2897.9484863281
851.874084      2907.2441406250
852.175476      2802.6669921875
852.476685      2807.3149414063
852.777893      2779.4277343750
853.079041      2835.2021484375
853.380127      2974.6384277344
853.681213      2777.1037597656
853.982239      2758.5122070313
854.283203      2784.0756835938
854.584106      2598.1606445313
854.885010      2595.8366699219
855.185791      2598.1606445313
855.486572      2588.8649902344
855.787292      2644.6394042969
856.088013      2725.9772949219
856.388611      2707.3857421875
856.689148      2825.9064941406
856.989685      2756.1884765625
857.290161      2779.4277343750
857.590637      2772.4558105469
857.890991      2730.6250000000
858.191284      2767.8081054688
858.491577      2616.7521972656
858.791809      2705.0617675781
859.092041      2709.7097167969
859.392212      2619.0761718750
859.692261      2688.7941894531
859.992310      2707.3857421875
860.292297      2612.1042480469
860.592224      2651.6113281250
860.892151      2602.8085937500
861.191956      2698.0898437500
861.491760      2686.4702148438
861.791565      2667.8789062500
862.091248      2760.8361816406
862.390930      2591.1889648438
862.690552      2616.7521972656
862.990051      2637.6677246094
863.289551      2674.8505859375
863.589050      2507.5270996094
863.888428      2577.2453613281
864.187805      2556.3298339844
864.487122      2574.9213867188
864.786377      2593.5129394531
865.085632      2533.0905761719
865.384705      2507.5270996094
865.683838      2577.2453613281
865.982971      2498.2314453125
866.281982      2365.7670898438
866.580933      2277.4575195313
866.879883      2314.6403808594
867.178711      2370.4150390625
867.477600      2326.2602539063
867.776367      2293.7250976563
868.075134      2337.8798828125
868.373718      2296.0490722656
868.672424      2368.0910644531
868.970947      2444.7810058594
869.269531      2375.0627441406
869.568054      2330.9079589844
869.866455      2337.8798828125
870.164856      2363.4431152344
870.463196      2261.1899414063
870.761536      2416.8935546875
871.059753      2412.2458496094
871.357971      2342.5278320313
871.656067      2386.6826171875
871.954102      2272.8095703125
872.252197      2333.2319335938
872.550232      2351.8234863281
872.848206      2272.8095703125
873.146057      2247.2463378906
873.443848      2323.9362792969
873.741638      2228.6547851563
874.039429      2214.7111816406
874.337158      2314.6403808594
874.634827      2237.9506835938
874.932373      2168.2324218750
875.229980      2193.7958984375
875.527466      2184.5000000000
875.825012      2217.0351562500
876.122375      2191.4719238281
876.419739      2256.5419921875
876.717041      2198.4436035156
877.014282      2198.4436035156
877.311462      2140.3452148438
877.608704      2182.1760253906
877.905762      2163.5847167969
878.202881      2224.0070800781
878.499817      2196.1196289063
878.796814      2226.3308105469
879.093811      2114.7819824219
879.390625      2149.6411132813
879.687439      2140.3452148438
879.984253      2124.0776367188
880.280884      2026.4724121094
880.577637      2191.4719238281
880.874268      2056.6835937500
881.170837      2131.0495605469
881.467346      2024.1484375000
881.763855      2193.7958984375
882.060242      2040.4160156250
882.356567      2079.9228515625
882.652954      1989.2894287109
882.949280      2035.7681884766
883.245483      2035.7681884766
883.541626      1986.9654541016
883.837830      2096.1904296875
884.133911      2042.7399902344
884.429932      2021.8244628906
884.725952      2133.3735351563
885.021851      2082.2468261719
885.317688      2021.8244628906
885.613525      2075.2751464844
885.909363      2040.4160156250
886.205078      2068.3032226563
