0.069100
191.033081         0.0000000000
191.409973         0.0000000000
191.786819      1306.0521240234
192.163651      1322.3197021484
192.540451      1322.3197021484
192.917221      1329.2915039063
193.293961      1359.5026855469
193.670670      1357.1787109375
194.047348      1375.7702636719
194.423981      1324.6436767578
194.800613      1359.5026855469
195.177200      1403.6574707031
195.553757      1380.4180908203
195.930283      1336.2633056641
196.306778      1415.2770996094
196.683258      1412.9532470703
197.059677      1394.3616943359
197.436081      1403.6574707031
197.812454      1375.7702636719
198.188812      1389.7138671875
198.565125      1368.7984619141
198.941406      1366.4744873047
199.317673      1347.8830566406
199.693893      1382.7420654297
200.070099      1354.8548583984
200.446259      1354.8548583984
200.822388      1399.0096435547
201.198486      1317.6718750000
201.574570      1373.4462890625
201.950607      1340.9112548828
202.326614      1419.9250488281
202.702606      1403.6574707031
203.078568      1378.0942382813
203.454483      1315.3479003906
203.830383      1415.2770996094
204.206253      1403.6574707031
204.582077      1347.8830566406
204.957870      1366.4744873047
205.333633      1347.8830566406
205.709396      1329.2915039063
206.085098      1368.7984619141
206.460785      1306.0521240234
206.836426      1466.4038085938
207.212051      1392.0378417969
207.587646      1396.6856689453
207.963196      1399.0096435547
208.338730      1454.7840576172
208.714218      1371.1223144531
209.089691      1424.5728759766
209.465134      1357.1787109375
209.840530      1385.0660400391
210.215897      1419.9250488281
210.591263      1299.0803222656
210.966583      1338.5872802734
211.341858      1417.6010742188
211.717102      1338.5872802734
212.092331      1366.4744873047
212.467529      1357.1787109375
212.842697      1366.4744873047
213.217819      1350.2069091797
213.592926      1352.5308837891
213.968002      1382.7420654297
214.343018      1405.9814453125
214.718033      1447.8122558594
215.093018      1361.8266601563
215.467972      1447.8122558594
215.842880      1375.7702636719
216.217773      1382.7420654297
216.592636      1403.6574707031
216.967453      1403.6574707031
217.342255      1331.6154785156
217.717026      1345.5590820313
218.091766      1317.6718750000
218.466446      1357.1787109375
218.841125      1319.9957275391
219.215759      1361.8266601563
219.590378      1468.7276611328
219.964966      1375.7702636719
220.339508      1368.7984619141
220.714020      1394.3616943359
221.088516      1436.1926269531
221.462967      1410.6292724609
221.837402      1326.9675292969
222.211792      1345.5590820313
222.586166      1426.8968505859
222.960510      1378.0942382813
223.334793      1403.6574707031
223.709061      1382.7420654297
224.083313      1452.4600830078
224.457520      1352.5308837891
224.831696      1336.2633056641
225.205856      1394.3616943359
225.579987      1357.1787109375
225.954056      1375.7702636719
226.328110      1403.6574707031
226.702148      1292.1085205078
227.076126      1329.2915039063
227.450104      1306.0521240234
227.824036      1392.0378417969
228.197937      1331.6154785156
228.571823      1326.9675292969
228.945648      1359.5026855469
229.319473      1364.1505126953
229.693237      1366.4744873047
230.066986      1405.9814453125
230.440704      1345.5590820313
230.814392      1361.8266601563
231.188034      1389.7138671875
231.561661      1329.2915039063
231.935257      1361.8266601563
232.308823      1378.0942382813
232.682343      1308.3760986328
233.055847      1382.7420654297
233.429321      1385.0660400391
233.802750      1403.6574707031
234.176147      1368.7984619141
234.549530      1345.5590820313
234.922882      1347.8830566406
235.296188      1357.1787109375
235.669464      1385.0660400391
236.042725      1354.8548583984
236.415924      1352.5308837891
236.789139      1371.1223144531
237.162292      1378.0942382813
237.535416      1412.9532470703
237.908508      1412.9532470703
238.281570      1322.3197021484
238.654617      1403.6574707031
239.027618      1373.4462890625
239.400574      1308.3760986328
239.773514      1366.4744873047
240.146423      1380.4180908203
240.519302      1392.0378417969
240.892136      1371.1223144531
241.264969      1364.1505126953
241.637726      1438.5164794922
242.010498      1389.7138671875
242.383209      1357.1787109375
242.755905      1352.5308837891
243.128555      1461.7558593750
243.501190      1399.0096435547
243.873779      1385.0660400391
244.246353      1412.9532470703
244.618866      1359.5026855469
244.991379      1396.6856689453
245.363861      1357.1787109375
245.736282      1343.2351074219
246.108688      1322.3197021484
246.481079      1329.2915039063
246.853409      1322.3197021484
247.225723      1333.9394531250
247.598007      1378.0942382813
247.970261      1378.0942382813
248.342468      1361.8266601563
248.714645      1389.7138671875
249.086823      1371.1223144531
249.458954      1419.9250488281
249.831024      1324.6436767578
250.203094      1399.0096435547
250.575134      1401.3334960938
250.947113      1429.2208251953
251.319092      1354.8548583984
251.691025      1310.7000732422
252.062912      1364.1505126953
252.434784      1361.8266601563
252.806641      1389.7138671875
253.178452      1380.4180908203
253.550232      1394.3616943359
253.921967      1429.2208251953
254.293686      1389.7138671875
254.665359      1322.3197021484
255.037003      1424.5728759766
255.408630      1417.6010742188
255.780228      1429.2208251953
256.151764      1354.8548583984
256.523285      1354.8548583984
256.894806      1405.9814453125
257.266235      1405.9814453125
257.637695      1436.1926269531
258.009064      1410.6292724609
258.380432      1371.1223144531
258.751770      1371.1223144531
259.123077      1361.8266601563
259.494385      1315.3479003906
259.865601      1464.0798339844
260.236816      1422.2490234375
260.607941      1350.2069091797
260.979126      1401.3334960938
261.350220      1361.8266601563
261.721344      1438.5164794922
262.092346      1403.6574707031
262.463379      1387.3898925781
262.834351      1359.5026855469
263.205292      1450.1362304688
263.576233      1326.9675292969
263.947144      1336.2633056641
264.317993      1382.7420654297
264.688812      1417.6010742188
265.059631      1359.5026855469
265.430359      1417.6010742188
265.801117      1484.9952392578
266.171783      1375.7702636719
266.542450      1364.1505126953
266.913086      1412.9532470703
267.283691      1410.6292724609
267.654266      1292.1085205078
268.024811      1408.3052978516
268.395325      1322.3197021484
268.765778      1366.4744873047
269.136230      1343.2351074219
269.506653      1399.0096435547
269.877045      1394.3616943359
270.247375      1382.7420654297
270.617676      1345.5590820313
270.987946      1382.7420654297
271.358246      1410.6292724609
271.728424      1415.2770996094
272.098633      1410.6292724609
272.468781      1405.9814453125
272.838867      1429.2208251953
273.209015      1352.5308837891
273.579041      1452.4600830078
273.949066      1396.6856689453
274.319061      1394.3616943359
274.689056      1440.8404541016
275.058960      1433.8686523438
275.428864      1415.2770996094
275.798737      1408.3052978516
276.168579      1382.7420654297
276.538361      1389.7138671875
276.908142      1352.5308837891
277.277832      1326.9675292969
277.647583      1380.4180908203
278.017242      1408.3052978516
278.386902      1403.6574707031
278.756500      1417.6010742188
279.126038      1368.7984619141
279.495636      1378.0942382813
279.865143      1343.2351074219
280.234619      1436.1926269531
280.604065      1359.5026855469
280.973450      1389.7138671875
281.342834      1359.5026855469
281.712189      1375.7702636719
282.081512      1343.2351074219
282.450836      1410.6292724609
282.820038      1382.7420654297
283.189270      1336.2633056641
283.558502      1422.2490234375
283.927612      1380.4180908203
284.296722      1426.8968505859
284.665863      1368.7984619141
285.034912      1450.1362304688
285.403931      1440.8404541016
285.772919      1399.0096435547
286.141876      1347.8830566406
286.510834      1364.1505126953
286.879730      1389.7138671875
287.248596      1431.5446777344
287.617401      1394.3616943359
287.986206      1422.2490234375
288.354950      1375.7702636719
288.723724      1368.7984619141
289.092407      1373.4462890625
289.461060      1392.0378417969
289.829742      1373.4462890625
290.198334      1454.7840576172
290.566925      1452.4600830078
290.935455      1354.8548583984
291.303925      1440.8404541016
291.672394      1389.7138671875
292.040894      1394.3616943359
292.409271      1447.8122558594
292.777679      1419.9250488281
293.145996      1382.7420654297
293.514313      1431.5446777344
293.882599      1496.6148681641
294.250824      1399.0096435547
294.619049      1484.9952392578
294.987244      1422.2490234375
295.355377      1394.3616943359
295.723480      1389.7138671875
296.091614      1438.5164794922
296.459625      1429.2208251953
296.827667      1415.2770996094
297.195648      1382.7420654297
297.563599      1347.8830566406
297.931488      1429.2208251953
298.299408      1394.3616943359
298.667267      1445.4882812500
299.035095      1431.5446777344
299.402893      1450.1362304688
299.770599      1464.0798339844
300.138367      1464.0798339844
300.506042      1475.6994628906
300.873718      1468.7276611328
301.241333      1424.5728759766
301.608917      1440.8404541016
301.976471      1524.5021972656
302.344025      1531.4739990234
302.711487      1524.5021972656
303.078979      1589.5723876953
303.446411      1533.7978515625
303.813782      1605.8399658203
304.181183      1680.2059326172
304.548492      1701.1213378906
304.915771      1652.3186035156
305.283051      1784.7829589844
305.650299      1738.3043212891
306.017456      1877.7404785156
306.384644      1817.3181152344
306.751770      1873.0926513672
307.118896      1952.1064453125
307.485962      1954.4304199219
307.852966      2019.5006103516
308.219971      1998.5852050781
308.586945      2070.6271972656
308.953888      2033.4442138672
309.320801      2082.2468261719
309.687653      2249.5703125000
310.054504      2256.5419921875
310.421326      2307.6687011719
310.788086      2526.1186523438
311.154846      2660.9069824219
311.521515      2663.2309570313
311.888184      2802.6669921875
312.254822      2856.1176757813
312.621429      2951.3989257813
312.988007      2990.9060058594
313.354553      3076.8916015625
313.721039      3111.7504882813
314.087494      3255.8347167969
314.453949      3313.9331054688
314.820343      3348.7919921875
315.186737      3425.4819335938
315.553101      3439.4255371094
315.919373      3476.6086425781
316.285645      3506.8198242188
316.651886      3764.7766113281
317.018066      3776.3964843750
317.384308      4050.6208496094
317.750427      4092.4516601563
318.116516      4197.0288085938
318.482574      4227.2402343750
318.848633      4289.9863281250
319.214661      4501.4643554688
319.580627      4578.1542968750
319.946564      4798.9282226563
320.312439      4894.2094726563
320.678314      5040.6176757813
321.044159      5182.3779296875
321.410004      5089.4204101563
321.775757      5189.3496093750
322.141510      5096.3920898438
322.507202      5119.6313476563
322.872894      5035.9697265625
323.238525      5038.2939453125
323.604156      5391.5322265625
323.969696      5705.2636718750
324.335266      5709.9111328125
324.700745      6051.5297851563
325.066223      6325.7543945313
325.431702      6425.6835937500
325.797089      6771.9501953125
326.162445      7008.9916992188
326.527802      7332.0185546875
326.893097      7401.7368164063
327.258362      7253.0048828125
327.623657      7283.2163085938
327.988861      7499.3422851563
328.353973      7580.6801757813
328.719116      7606.2431640625
329.084259      8043.1430664063
329.449341      8296.4521484375
329.814392      8654.3388671875
330.179352      8731.0283203125
330.544312      8665.9580078125
330.909241      9009.9003906250
331.274170      8923.9150390625
331.639069      9056.3798828125
332.003906      9151.6611328125
332.368713      9165.6044921875
332.733459      9435.1806640625
333.098206      9537.4345703125
333.462921      9214.4072265625
333.827606      9291.0966796875
334.192230      8891.3798828125
334.556824      9081.9423828125
334.921356      9026.1679687500
335.285919      9200.4638671875
335.650452      9116.8017578125
336.014893      8828.6337890625
336.379333      8693.8457031250
336.743744      8359.1982421875
337.108124      8470.7470703125
337.472443      8568.3525390625
337.836731      8717.0849609375
338.201019      8805.3945312500
338.565247      9074.9707031250
338.929413      9260.8857421875
339.293579      9444.4765625000
339.657776      9539.7578125000
340.021851     10083.5595703125
340.385895      9997.5732421875
340.749908     10195.1083984375
341.113922     10076.5878906250
341.477875      9918.5595703125
341.841827     10046.3759765625
342.205688     10350.8115234375
342.569580     10469.3330078125
342.933380     10418.2060546875
343.297211     10622.7128906250
343.660950     10318.2763671875
344.024658      9944.1230468750
344.388367      9695.4619140625
344.752014      9588.5605468750
345.115601      9741.9404296875
345.479218     10176.5166015625
345.842804     10325.2490234375
346.206299     10315.9531250000
346.569763     10641.3037109375
346.933228     10446.0937500000
347.296661     10587.8535156250
347.660034     10557.6425781250
348.023407     10587.8535156250
348.386719     10506.5156250000
348.750000     10629.6845703125
349.113220     10580.8818359375
349.476471     10985.2460937500
349.839661     10866.7255859375
350.202820     11782.3564453125
350.565887     11677.7792968750
350.928955     12202.9892578125
351.292023     11996.1591796875
351.655029     11691.7226562500
352.018036     11870.6660156250
352.380981     11826.5117187500
352.743866     11777.7089843750
353.106720     11780.0332031250
353.469574     12423.7626953125
353.832397     12883.9023437500
354.195160     13034.9580078125
354.557892     13346.3662109375
354.920593     13404.4638671875
355.283234     13604.3222656250
355.645905     13376.5771484375
356.008514     13197.6337890625
356.371094     12658.4804687500
356.733612     12189.0458984375
357.096100     11835.8076171875
357.458588     11206.0205078125
357.820984     11075.8798828125
358.183411     10908.5566406250
358.545746     10213.6992187500
358.908081     10559.9658203125
359.270355     11375.6679687500
359.632629     12314.5380859375
359.994873     13041.9296875000
360.357056     13341.7177734375
360.719208     13095.3808593750
361.081329     12800.2402343750
361.443420     12821.1562500000
361.805481     12688.6914062500
362.167511     12916.4375000000
362.529480     13439.3232421875
362.891418     13780.9414062500
363.253326     13929.6738281250
363.615234     14059.8144531250
363.977081     14268.9687500000
364.338867     14582.7001953125
364.700653     14568.7558593750
365.062378     14882.4873046875
365.424103     15482.0634765625
365.785767     15884.1044921875
366.147430     16736.9882812500
366.509033     17636.3515625000
366.870605     17401.6347656250
367.232117     17266.8457031250
367.593628     17060.0156250000
367.955109     16913.6074218750
368.316559     16497.6230468750
368.677917     16541.7773437500
369.039307     16604.5234375000
369.400635     17018.1855468750
369.761902     17817.6191406250
370.123199     17922.1953125000
370.484436     17517.8320312500
370.845581     17187.8320312500
371.206726     17245.9316406250
371.567871     17262.1992187500
371.928955     16901.9882812500
372.290039     16616.1445312500
372.651062     16025.8642578125
373.011993     15730.7246093750
373.372955     15426.2890625000
373.733887     14661.7138671875
374.094788     14561.7841796875
374.455627     14234.1093750000
374.816406     14691.9248046875
375.177185     14596.6435546875
375.537903     15519.2460937500
375.898651     16197.8359375000
376.259338     17066.9882812500
376.619965     16834.5937500000
376.980530     17566.6347656250
377.341095     18461.3496093750
377.701660     19365.3613281250
378.062134     19999.7949218750
378.422607     20762.0468750000
378.783020     20074.1601562500
379.143402     19386.2753906250
379.503784     18533.3906250000
379.864105     17792.0566406250
380.224396     18115.0820312500
380.584656     18542.6875000000
380.944855     18714.6582031250
381.305054     18447.4062500000
381.665192     17740.9296875000
382.025299     16874.1015625000
382.385406     15363.5419921875
382.745453     14164.3916015625
383.105438     13344.0419921875
383.465424     12958.2685546875
383.825348     12788.6210937500
384.185272     13588.0546875000
384.545135     14375.8691406250
384.904968     15670.3017578125
385.264771     16644.0312500000
385.624512     16709.1015625000
385.984253     16390.7226562500
386.343964     16420.9335937500
386.703613     16660.2988281250
387.063232     16836.9179687500
387.422821     16762.5527343750
387.782379     16639.3828125000
388.141907     16955.4394531250
388.501404     16655.6503906250
388.860840     16836.9179687500
389.220215     17352.8320312500
389.579620     18637.9687500000
389.938995     19418.8105468750
390.298279     20394.8652343750
390.657562     20362.3300781250
391.016785     20950.2851562500
391.376007     21363.9453125000
391.735168     21391.8320312500
392.094299     20817.8203125000
392.453430     18972.6152343750
392.812469     17320.2968750000
393.171478     15177.6279296875
393.530457     13571.7871093750
393.889435     12955.9443359375
394.248383     13876.2236328125
394.607269     15549.4570312500
394.966125     18010.5058593750
395.324921     19802.2597656250
395.683655     20318.1738281250
396.042419     20308.8789062500
396.401154     18410.2226562500
396.759827     16288.4687500000
397.118469     15107.9091796875
397.477051     15558.7529296875
397.835632     17276.1425781250
398.194153     20531.9765625000
398.552673     22751.3359375000
398.911163     25096.1875000000
399.269592     26462.6621093750
399.627960     27371.3203125000
399.986328     27901.1777343750
400.344666     28347.3750000000
400.702942     29239.7656250000
401.061188     29323.4277343750
401.419403     29751.0312500000
401.777588     30094.9746093750
402.135712     30524.9023437500
402.493835     30866.5214843750
402.851929     31033.8437500000
403.209961     30371.5234375000
403.567932     30503.9863281250
403.925903     30071.7343750000
404.283905     30287.8613281250
404.641754     29588.3554687500
404.999634     29988.0722656250
405.357452     29639.4824218750
405.715210     29144.4843750000
406.072998     29476.8066406250
406.430725     29223.4980468750
406.788422     28761.0351562500
407.146027     28828.4296875000
407.503662     29276.9492187500
407.861237     29767.2988281250
408.218781     30266.9453125000
408.576294     30687.5781250000
408.933777     31459.1250000000
409.291168     31322.0117187500
409.648590     31328.9843750000
410.005951     30264.6210937500
410.363312     29281.5957031250
410.720612     29709.2011718750
411.077820     30483.0722656250
411.435059     31391.7304687500
411.792267     32551.3750000000
412.149384     32502.5722656250
412.506531     32393.3476562500
412.863586     32495.5996093750
413.220642     32391.0234375000
413.577606     32906.9375000000
413.934601     32302.7128906250
414.291565     32511.8671875000
414.648468     32793.0625000000
415.005310     32730.3183593750
415.362122     32437.5019531250
415.718903     32558.3457031250
416.075684     32716.3750000000
416.432434     33262.5000000000
416.789093     33188.1328125000
417.145752     33153.2734375000
417.502350     32721.0214843750
417.858948     32081.9394531250
418.215485     31668.2792968750
418.571991     31538.1386718750
418.928467     31851.8691406250
419.284882     32246.9394531250
419.641266     31812.3632812500
419.997650     31719.4062500000
420.354004     31282.5058593750
420.710266     31847.2226562500
421.066528     32760.5292968750
421.422760     33197.4296875000
421.778931     33604.1171875000
422.135071     33397.2890625000
422.491211     32109.8261718750
422.847260     31652.0117187500
423.203308     31322.0117187500
423.559296     31617.1523437500
423.915283     31591.5898437500
424.271210     31793.7714843750
424.627136     32123.7695312500
424.982971     32481.6562500000
425.338776     32474.6855468750
425.694611     31691.5175781250
426.050323     31782.1523437500
426.406036     31663.6308593750
426.761749     31700.8144531250
427.117371     31686.8710937500
427.472961     31052.4355468750
427.828552     30392.4375000000
428.184113     31205.8164062500
428.539581     30727.0839843750
428.895050     30673.6347656250
429.250458     29920.6796875000
429.605865     28837.7246093750
429.961212     27671.1093750000
430.316559     26471.9570312500
430.671814     24726.6816406250
431.027069     24636.0488281250
431.382263     25986.2539062500
431.737457     27854.6992187500
432.092590     30687.5781250000
432.447723     31359.1953125000
432.802734     31923.9121093750
433.157776     32381.7265625000
433.512756     32848.8398437500
433.867706     32507.2207031250
434.222656     31679.8984375000
434.577545     31512.5761718750
434.932373     32384.0507812500
435.287201     33057.9921875000
435.641968     33948.0585937500
435.996704     35086.7890625000
436.351410     35219.2539062500
436.706085     35916.4335937500
437.060699     35860.6601562500
437.415283     35672.4218750000
437.769867     34896.2265625000
438.124420     34380.3125000000
438.478882     33204.4023437500
438.833313     32741.9375000000
439.187714     32609.4726562500
439.542084     34078.1992187500
439.896454     35000.8046875000
440.250732     34910.1718750000
440.605011     34879.9570312500
440.959229     35500.4492187500
441.313416     35874.6015625000
441.667572     36232.4882812500
442.021698     37750.0195312500
442.375793     37770.9335937500
442.729858     38205.5117187500
443.083832     38156.7070312500
443.437836     37898.7500000000
443.791748     38066.0742187500
444.145630     38619.1718750000
444.499542     38119.5273437500
444.853363     38879.4531250000
445.207123     38200.8632812500
445.560883     37754.6679687500
445.914612     37141.1484375000
446.268280     37194.5976562500
446.621918     36901.7851562500
446.975555     37691.9218750000
447.329132     38189.2421875000
447.682678     38995.6484375000
448.036133     39813.6757812500
448.389618     39897.3359375000
448.743042     39871.7734375000
449.096405     39929.8710937500
449.449799     39525.5078125000
449.803101     39755.5781250000
450.156372     40238.9570312500
450.509613     41045.3632812500
450.862823     42005.1484375000
451.216003     41826.2031250000
451.569122     41654.2343750000
451.922211     41040.7148437500
452.275269     40396.9843750000
452.628296     40984.9375000000
452.981293     38860.8632812500
453.334229     39056.0703125000
453.687134     38688.8906250000
454.040009     39156.0000000000
454.392853     39353.5351562500
454.745636     39681.2109375000
455.098419     39634.7304687500
455.451172     39558.0429687500
455.803864     39418.6054687500
456.156464     40401.6328125000
456.509125     40773.4609375000
456.861694     41565.9218750000
457.214264     41070.9257812500
457.566742     41500.8515625000
457.919220     41714.6562500000
458.271667     41008.1796875000
458.624023     40527.1250000000
458.976379     40083.2539062500
459.328705     40322.6171875000
459.681000     40966.3476562500
460.033234     40631.6992187500
460.385468     41056.9804687500
460.737610     40424.8710937500
461.089752     41373.0351562500
461.441864     41621.6992187500
461.793945     41712.3320312500
462.145996     42351.4140625000
462.497955     42367.6796875000
462.849884     42139.9375000000
463.201813     42432.7500000000
463.553680     42816.1992187500
463.905518     42439.7226562500
464.257355     42625.6367187500
464.609100     41898.2460937500
464.960815     41672.8242187500
465.312531     41814.5859375000
465.664185     41786.6953125000
466.015778     42444.3710937500
466.367371     43304.2265625000
466.718903     42776.6953125000
467.070435     42207.3281250000
467.421906     42042.3320312500
467.773346     42874.3007812500
468.124725     42709.3007812500
468.476074     43522.6757812500
468.827393     43803.8750000000
469.178680     44038.5898437500
469.529938     44831.0546875000
469.881134     44138.5195312500
470.232330     44075.7734375000
470.583435     44435.9843750000
470.934540     44429.0117187500
471.285614     44849.6445312500
471.636627     44977.4609375000
471.987610     46334.6406250000
472.338562     47129.4257812500
472.689453     47717.3828125000
473.040375     47684.8476562500
473.391205     47591.8906250000
473.741974     48077.5937500000
474.092773     48454.0703125000
474.443481     49483.5742187500
474.794159     49627.6562500000
475.144806     50615.3320312500
475.495422     50029.6992187500
475.846039     50666.4570312500
476.196533     50136.6015625000
476.547028     50424.7695312500
476.897522     50852.3710937500
477.247925     50952.3007812500
477.598328     52065.4687500000
477.948700     52525.6054687500
478.299011     52597.6484375000
478.649231     53408.7031250000
478.999481     53383.1406250000
479.349701     53906.0234375000
479.699829     53824.6875000000
480.049988     54096.5859375000
480.400055     54633.4179687500
480.750153     54847.2187500000
481.100128     54719.4023437500
481.450104     55295.7382812500
481.800049     55604.8203125000
482.149963     55556.0195312500
482.499786     56006.8632812500
482.849670     55697.7812500000
483.199432     55965.0312500000
483.549194     55662.9218750000
483.898926     55579.2578125000
484.248566     55393.3437500000
484.598206     55374.7539062500
484.947815     55790.7382812500
485.297394     55332.9218750000
485.646912     54475.3906250000
485.996399     53364.5468750000
486.345825     51851.6640625000
486.695282     51124.2734375000
487.044617     51784.2695312500
487.393951     52453.5664062500
487.743286     53631.8007812500
488.092529     54428.9101562500
488.441711     54872.7812500000
488.790955     55353.8359375000
489.140076     55235.3164062500
489.489197     55379.3984375000
489.838257     56190.4531250000
490.187286     56941.0859375000
490.536316     57233.9023437500
490.885254     57217.6328125000
491.234161     56964.3242187500
491.583069     56659.8906250000
491.931915     56534.3984375000
492.280731     56039.3984375000
492.629486     55906.9335937500
492.978210     56106.7929687500
493.326874     56518.1289062500
493.675568     56434.4687500000
494.024200     56641.2968750000
494.372742     56996.8593750000
494.721313     57438.4062500000
495.069824     57768.4062500000
495.418274     57821.8554687500
495.766724     57675.4492187500
496.115112     57605.7304687500
496.463470     57673.1250000000
496.811768     57782.3515625000
497.160034     58100.7304687500
497.508301     57991.5039062500
497.856506     57747.4921875000
498.204651     57724.2500000000
498.552765     57292.0000000000
498.900848     56978.2695312500
499.248901     57173.4804687500
499.596924     57668.4765625000
499.944885     57705.6601562500
500.292816     57199.0429687500
500.640778     57236.2265625000
500.988556     56885.3125000000
501.336426     56597.1445312500
501.684204     56415.8750000000
502.031952     56222.9882812500
502.379700     56288.0585937500
502.727295     56611.0859375000
503.074982     57064.2539062500
503.422546     57136.2968750000
503.770081     56992.2109375000
504.117615     56692.4257812500
504.465088     56627.3554687500
504.812561     56871.3671875000
505.159943     57154.8867187500
505.507294     57591.7890625000
505.854645     57759.1093750000
506.201904     58103.0546875000
506.549194     58286.6445312500
506.896332     58084.4609375000
507.243591     58163.4765625000
507.590698     57847.4218750000
507.937775     57684.7460937500
508.284912     57433.7617187500
508.631836     57461.6484375000
508.978851     57838.1250000000
509.325806     58040.3085937500
509.672699     58156.5039062500
510.019592     58240.1640625000
510.366364     58154.1796875000
510.713196     57824.1796875000
511.059937     58096.0820312500
511.406677     58295.9414062500
511.753326     58709.6015625000
512.099976     58684.0390625000
512.446594     58423.7578125000
512.793091     58405.1640625000
513.139648     58082.1367187500
513.486145     58144.8828125000
513.832520     57984.5312500000
514.179016     57635.9414062500
514.525269     57533.6875000000
514.871704     57545.3085937500
515.217957     57443.0546875000
515.564209     57589.4648437500
515.910522     57740.5195312500
516.256531     57519.7460937500
516.602783     56966.6484375000
516.948853     55813.9765625000
517.294922     54570.6718750000
517.640930     54542.7812500000
517.986877     54882.0781250000
518.332886     54970.3867187500
518.678711     55084.2617187500
519.024658     55286.4414062500
519.370422     55730.3164062500
519.716248     56041.7226562500
520.062073     56755.1718750000
520.407715     56955.0273437500
520.753418     57415.1679687500
521.099060     57364.0429687500
521.444580     57677.7734375000
521.790222     57626.6484375000
522.135681     57975.2382812500
522.481201     57789.3203125000
522.826660     57603.4062500000
523.172058     57250.1679687500
523.517395     57380.3085937500
523.862671     57691.7148437500
524.208069     57872.9843750000
524.553284     58165.8007812500
524.898438     58165.8007812500
525.243591     57977.5625000000
525.588745     58037.9843750000
525.933899     58147.2070312500
526.278931     57675.4492187500
526.623962     56945.7343750000
526.968872     56041.7226562500
527.313904     55437.5000000000
527.658813     55637.3554687500
528.003601     56255.5234375000
528.348450     56717.9882812500
528.693237     57373.3359375000
529.037964     57333.8320312500
529.382751     57938.0546875000
529.727356     57863.6875000000
530.072021     57587.1406250000
530.416626     57473.2656250000
530.761169     57940.3789062500
531.105652     58291.2929687500
531.450134     58281.9960937500
531.794617     58202.9843750000
532.138916     57768.4062500000
532.483337     57343.1250000000
532.827637     56704.0429687500
533.171936     56536.7187500000
533.516174     56520.4531250000
533.860352     56611.0859375000
534.204529     56655.2421875000
534.548645     56764.4648437500
534.892700     56592.4960937500
535.236816     57061.9296875000
535.580750     57240.8750000000
535.924744     57298.9726562500
536.268738     57394.2539062500
536.612549     57206.0156250000
536.956421     56938.7617187500
537.300232     56615.7343750000
537.644043     56632.0000000000
537.987671     56541.3671875000
538.331421     56713.3398437500
538.675049     56968.9726562500
539.018677     56871.3671875000
539.362305     56443.7617187500
539.705750     56346.1562500000
540.049316     55902.2851562500
540.392822     55495.5976562500
540.736145     55504.8945312500
541.079590     55281.7929687500
541.422913     55451.4414062500
541.766235     55502.5703125000
542.109436     55813.9765625000
542.452698     56078.9062500000
542.795898     55946.4414062500
543.138977     55697.7812500000
543.482178     55911.5820312500
543.825195     55895.3125000000
544.168213     56102.1445312500
544.511230     56455.3828125000
544.854187     56513.4804687500
545.197083     56508.8320312500
545.539917     56206.7226562500
545.882813     56415.8750000000
546.225586     56185.8046875000
546.568359     56278.7617187500
546.911133     56209.0468750000
547.253662     55978.9765625000
547.596436     56248.5507812500
547.938965     55827.9179687500
548.281494     55639.6796875000
548.624084     55718.6953125000
548.966492     56202.0742187500
549.308960     56018.4843750000
549.651367     55997.5664062500
549.993713     55837.2148437500
550.336060     56157.9179687500
550.678345     55997.5664062500
551.020630     55911.5820312500
551.362732     55899.9609375000
551.704956     55760.5273437500
552.047058     55920.8789062500
552.389160     56055.6640625000
552.731262     55999.8906250000
553.073181     55597.8515625000
553.415161     55607.1445312500
553.757080     55504.8945312500
554.098999     55820.9492187500
554.440857     55646.6523437500
554.782593     55853.4843750000
555.124390     55795.3867187500
555.466125     55616.4414062500
555.807800     55874.3984375000
556.149414     55467.7109375000
556.491089     55119.1210937500
556.832642     54988.9804687500
557.174133     54677.5703125000
557.515686     54691.5156250000
557.857117     54505.6015625000
558.198486     54347.5742187500
558.539917     54015.2500000000
558.881165     53943.2070312500
559.222534     53629.4765625000
559.563782     53306.4492187500
559.904968     53380.8164062500
560.246216     53253.0000000000
560.587280     53696.8710937500
560.928406     53394.7578125000
561.269470     53671.3085937500
561.610474     53385.4648437500
561.951477     53311.0976562500
562.292297     53025.2539062500
562.633301     52913.7031250000
562.974121     53232.0820312500
563.315002     53250.6757812500
563.655762     53208.8437500000
563.996460     52946.2382812500
564.337158     52737.0859375000
564.677795     52500.0429687500
565.018433     52504.6914062500
565.359009     52525.6054687500
565.699524     52053.8476562500
566.040100     51526.3125000000
566.380493     51177.7226562500
566.720947     51291.5976562500
567.061340     51138.2148437500
567.401611     51475.1875000000
567.742004     51198.6406250000
568.082153     50975.5429687500
568.422424     50638.5703125000
568.762634     50178.4296875000
569.102722     49862.3750000000
569.442810     49760.1210937500
569.782898     49323.2226562500
570.122986     49406.8828125000
570.462830     48914.2109375000
570.802856     48800.3359375000
571.142761     48574.9140625000
571.482605     48556.3242187500
571.822449     48103.1562500000
572.162170     48695.7578125000
572.501953     48442.4492187500
572.841675     48872.3789062500
573.181274     48865.4062500000
573.520996     48607.4492187500
573.860474     48296.0429687500
574.200073     48423.8593750000
574.539551     48293.7187500000
574.878967     48282.0976562500
575.218384     47663.9335937500
575.557739     47589.5664062500
575.897156     47124.7773437500
576.236450     46685.5546875000
576.575684     47120.1328125000
576.914856     47161.9609375000
577.254089     47220.0585937500
577.593262     47017.8789062500
577.932251     46843.5820312500
578.271362     46260.2734375000
578.610352     45974.4296875000
578.949341     46202.1757812500
579.288330     46120.8398437500
579.627197     46069.7109375000
579.966064     45930.2773437500
580.304871     46016.2617187500
580.643677     46392.7382812500
580.982483     45858.2343750000
581.321045     46092.9492187500
581.659790     45446.8984375000
581.998413     46527.5273437500
582.336914     46276.5429687500
582.675476     45865.2070312500
583.013916     46281.1914062500
583.352478     46011.6132812500
583.690796     46348.5859375000
584.029175     46253.3007812500
584.367493     46032.5273437500
584.705811     45881.4726562500
585.044128     45781.5429687500
585.382202     45416.6875000000
585.720459     45198.2343750000
586.058594     44817.1093750000
586.396667     44870.5625000000
586.734802     44433.6601562500
587.072693     44442.9570312500
587.410767     44693.9414062500
587.748657     44138.5195312500
588.086487     44045.5625000000
588.424316     43346.0585937500
588.762146     41644.9375000000
589.099976     40285.4335937500
589.437622     39255.9296875000
589.775391     38426.2851562500
590.113037     38396.0742187500
590.450623     38905.0156250000
590.788208     39183.8906250000
591.125671     39929.8710937500
591.463196     39725.3671875000
591.800659     40385.3632812500
592.138062     40022.8281250000
592.475464     40127.4062500000
592.812683     40517.8281250000
593.150024     40545.7148437500
593.487244     40694.4453125000
593.824402     40259.8710937500
594.161621     40262.1953125000
594.498657     40387.6875000000
594.835815     39453.4648437500
595.172852     39699.8007812500
595.509827     39899.6601562500
595.846741     39964.7304687500
596.183655     39994.9414062500
596.520630     40815.2929687500
596.857422     40555.0117187500
597.194214     40673.5312500000
597.530945     40132.0546875000
597.867615     40252.8984375000
598.204346     40378.3906250000
598.540955     39802.0546875000
598.877563     40171.5625000000
599.214111     40018.1835937500
599.550598     40101.8437500000
599.887085     39881.0703125000
600.223450     40638.6718750000
600.559937     40185.5039062500
600.896240     39957.7578125000
601.232544     40427.1953125000
601.568787     39748.6054687500
601.905029     39674.2382812500
602.241272     39248.9570312500
602.577271     39323.3242187500
602.913452     39581.2812500000
603.249512     39388.3945312500
603.585510     39397.6914062500
603.921509     40032.1250000000
604.257385     39818.3242187500
604.593323     40004.2382812500
604.929199     39848.5351562500
605.264954     39753.2539062500
605.600830     39634.7304687500
605.936462     39460.4375000000
606.272217     38805.0859375000
606.607849     38305.4414062500
606.943420     38956.1445312500
607.278992     38688.8906250000
607.614502     38428.6093750000
607.950012     38498.3281250000
608.285461     38205.5117187500
608.620850     37926.6406250000
608.956177     38440.2304687500
609.291504     38040.5117187500
609.626831     37645.4414062500
609.962036     37206.2187500000
610.297302     36762.3476562500
610.632446     37127.2070312500
610.967529     36615.9375000000
611.302673     37024.9531250000
611.637634     36657.7695312500
611.972656     36511.3632812500
612.307617     36269.6718750000
612.642517     36550.8671875000
612.977356     36046.5742187500
613.312195     36137.2070312500
613.646973     36234.8125000000
613.981750     35804.8867187500
614.316406     35258.7617187500
614.651062     35907.1367187500
614.985657     35275.0273437500
615.320313     35388.9023437500
615.654846     35560.8710937500
615.989319     35110.0273437500
616.323792     34380.3125000000
616.658203     34150.2421875000
616.992615     34447.7070312500
617.326904     34182.7773437500
617.661194     34598.7617187500
617.995483     34563.9023437500
618.329712     34380.3125000000
618.663940     34489.5390625000
618.997925     34282.7070312500
619.332092     34364.0468750000
619.666077     34482.5664062500
620.000061     34280.3828125000
620.334045     33931.7929687500
620.667969     34631.2968750000
621.001892     34268.7617187500
621.335632     34285.0312500000
621.669495     34429.1132812500
622.003296     33601.7929687500
622.336914     33188.1328125000
622.670654     33162.5703125000
623.004272     33055.6679687500
623.337891     32755.8808593750
623.671387     32679.1914062500
624.004883     32174.8964843750
624.338440     32258.5585937500
624.671753     32200.4609375000
625.005249     31714.7578125000
625.338562     31635.7441406250
625.671814     31512.5761718750
626.005066     30994.3378906250
626.338257     31273.2089843750
626.671509     31480.0410156250
627.004578     30857.2246093750
627.337708     30933.9160156250
627.670776     30524.9023437500
628.003723     29916.0312500000
628.336731     29699.9042968750
628.669556     29383.8496093750
629.002502     29590.6796875000
629.335327     29823.0742187500
629.668152     29509.3417968750
630.000916     29434.9765625000
630.333618     29037.5839843750
630.666321     28891.1757812500
630.998962     28991.1035156250
631.331482     28949.2734375000
631.664063     28616.9511718750
631.996521     28161.4589843750
632.329102     28358.9941406250
632.661499     28493.7812500000
632.993835     28575.1191406250
633.326172     28266.0371093750
633.658447     28463.5703125000
633.990784     28149.8398437500
634.322937     28493.7812500000
634.655212     28375.2617187500
634.987244     28182.3750000000
635.319397     28205.6132812500
635.651489     27696.6718750000
635.983398     28263.7128906250
636.315430     28533.2890625000
636.647278     28068.5019531250
636.979187     27601.3906250000
637.311035     27910.4746093750
637.642761     28022.0234375000
637.974609     27840.7558593750
638.306335     27750.1230468750
638.637939     27961.6015625000
638.969604     27585.1230468750
639.301147     27487.5175781250
639.632751     27701.3203125000
639.964233     27224.9121093750
640.295715     27052.9414062500
640.627075     26815.9003906250
640.958496     27057.5898437500
641.289917     26713.6464843750
641.621094     26379.0000000000
641.952393     26534.7031250000
642.283569     26190.7617187500
642.614746     26423.1542968750
642.945923     26362.7324218750
643.276917     26597.4492187500
643.608093     26318.5781250000
643.939026     26225.6210937500
644.269958     25863.0859375000
644.600891     26444.0703125000
644.931763     26037.3808593750
645.262634     25930.4804687500
645.593384     25723.6503906250
645.924133     25642.3125000000
646.254822     25286.7500000000
646.585510     24928.8632812500
646.916199     24873.0898437500
647.246704     24347.8789062500
647.577271     24389.7109375000
647.907715     24185.2050781250
648.238220     23917.9511718750
648.568665     23780.8398437500
648.898987     23845.9101562500
649.229309     23446.1933593750
649.559570     23360.2070312500
649.889832     23139.4335937500
650.220093     23278.8691406250
650.550171     23476.4042968750
650.880310     23838.9375000000
651.210388     23862.1777343750
651.540405     23548.4453125000
651.870422     23190.5605468750
652.200317     23109.2226562500
652.530273     23206.8261718750
652.860046     23281.1933593750
653.189941     23608.8671875000
653.519775     23808.7265625000
653.849426     23485.6992187500
654.179199     23234.7148437500
654.508789     23148.7285156250
654.838440     22923.3066406250
655.168030     22765.2792968750
655.497498     22479.4355468750
655.827026     21791.5507812500
656.156372     20996.7636718750
656.485840     20571.4843750000
656.815247     19871.9785156250
657.144470     20243.8085937500
657.473755     20408.8085937500
657.802979     20794.5820312500
658.132202     21164.0878906250
658.461243     21740.4238281250
658.790466     21891.4785156250
659.119507     21807.8183593750
659.448486     22010.0000000000
659.777527     21917.0429687500
660.106384     21854.2968750000
660.435242     22116.9003906250
660.764160     22235.4218750000
661.092896     22154.0839843750
661.421692     22200.5625000000
661.750427     22319.0839843750
662.079102     22783.8710937500
662.407715     22244.7167968750
662.736328     21998.3808593750
663.064880     21965.8457031250
663.393311     21851.9726562500
663.721802     21826.4082031250
664.050232     21440.6347656250
664.378601     22063.4511718750
664.706970     21301.1992187500
665.035217     21431.3398437500
665.363525     21645.1425781250
665.691650     21343.0312500000
666.019897     21222.1855468750
666.347961     21219.8613281250
666.676086     21180.3554687500
667.004150     21013.0312500000
667.332092     20608.6660156250
667.660095     20729.5117187500
667.987915     20875.9199218750
668.315796     20775.9902343750
668.643677     20694.6523437500
668.971436     20680.7089843750
669.299133     20552.8925781250
669.626892     20566.8359375000
669.954468     20736.4824218750
670.282104     20301.9062500000
670.609619     20327.4707031250
670.937256     20004.4433593750
671.264587     20083.4570312500
671.592163     20132.2597656250
671.919495     19686.0644531250
672.246887     19572.1914062500
672.574097     19430.4316406250
672.901489     19479.2343750000
673.228699     19465.2890625000
673.555847     19288.6699218750
673.882996     19098.1074218750
674.210022     19049.3046875000
674.537109     18898.2500000000
674.864136     18698.3906250000
675.191101     18614.7285156250
675.518005     18563.6035156250
675.844849     18354.4492187500
676.171692     18417.1953125000
676.498535     18468.3203125000
676.825256     18154.5898437500
677.151978     18103.4628906250
677.478577     18129.0273437500
677.805237     18317.2656250000
678.131836     17989.5898437500
678.458435     17984.9433593750
678.784851     17961.7031250000
679.111328     17926.8437500000
679.437744     17678.1835937500
679.764099     17499.2402343750
680.090454     17466.7050781250
680.416687     17629.3808593750
680.742920     17345.8593750000
681.069153     17243.6074218750
681.395203     17169.2402343750
681.721313     16971.7070312500
682.047485     16860.1582031250
682.373474     16846.2128906250
682.699402     16553.3984375000
683.025391     16632.4121093750
683.351196     16506.9199218750
683.677063     16753.2558593750
684.002930     16555.7207031250
684.328674     16151.3564453125
684.654358     16225.7226562500
684.980042     15949.1738281250
685.305603     15846.9208984375
685.631287     15981.7089843750
685.956787     15698.1894531250
686.282288     15470.4433593750
686.607788     15291.5000000000
686.933167     14162.0673828125
687.258545     13209.2539062500
687.583923     12609.6777343750
687.909180     12361.0166015625
688.234375     12711.9306640625
688.559631     12642.2128906250
688.884766     12793.2685546875
689.209839     12737.4941406250
689.534973     12849.0429687500
689.859924     12639.8886718750
690.184937     12825.8037109375
690.509827     12558.5517578125
690.834717     12937.3525390625
691.159668     12979.1835937500
691.484436     13109.3242187500
691.809204     13239.4648437500
692.133911     13048.9023437500
692.458557     13021.0146484375
692.783142     13141.8593750000
693.107849     12951.2968750000
693.432312     12860.6630859375
693.756836     12777.0009765625
694.081238     12579.4667968750
694.405701     12419.1152343750
694.730164     12398.2001953125
695.054443     12230.8759765625
695.378723     12168.1298828125
695.702942     12453.9746093750
696.027100     12319.1855468750
696.351257     12618.9736328125
696.675476     12532.9882812500
696.999512     12549.2558593750
697.323486     12890.8740234375
697.647461     12951.2968750000
697.971375     12993.1269531250
698.295349     12883.9023437500
698.619202     12979.1835937500
698.942993     12702.6357421875
699.266724     12275.0312500000
699.590393     12449.3261718750
699.914124     12361.0166015625
700.237793     12182.0732421875
700.561340     12061.2285156250
700.884949     12077.4960937500
701.208374     11810.2441406250
701.531860     11796.2998046875
701.855286     11852.0751953125
702.178650     11803.2724609375
702.501953     11549.9628906250
702.825195     11640.5966796875
703.148499     11642.9208984375
703.471680     11800.9482421875
703.794861     11942.7080078125
704.117981     11986.8632812500
704.440979     12068.2011718750
704.764038     12005.4541015625
705.086975     12061.2285156250
705.409851     11984.5390625000
705.732849     11968.2714843750
706.055664     11889.2578125000
706.378479     12089.1162109375
706.701233     11819.5400390625
707.023926     11933.4121093750
707.346619     11940.3847656250
707.669250     12103.0595703125
707.991821     12012.4267578125
708.314392     11793.9765625000
708.636841     12149.5390625000
708.959290     12144.8906250000
709.281738     12047.2851562500
709.604065     11868.3427734375
709.926392     11628.9765625000
710.248657     11952.0039062500
710.570862     11780.0332031250
710.893066     11838.1308593750
711.215210     11752.1455078125
711.537292     11872.9902343750
711.859314     11917.1445312500
712.181335     11726.5820312500
712.503357     11694.0468750000
712.825256     11687.0751953125
713.147156     11635.9482421875
713.468994     11845.1025390625
713.790771     11612.7089843750
714.112488     11631.3007812500
714.434143     11661.5117187500
714.755859     11373.3437500000
715.077515     11347.7802734375
715.399109     11285.0341796875
715.720581     11166.5136718750
716.042053     11066.5839843750
716.363525     10576.2333984375
716.684875     10578.5576171875
717.006287     10060.3203125000
717.327576      9574.6171875000
717.648804      9107.5058593750
717.969971      8875.1123046875
718.291260      8593.9160156250
718.612366      8138.4248046875
718.933411      7940.8901367188
719.254395      7771.2426757813
719.575439      7775.8906250000
719.896362      7522.5815429688
720.217285      7531.8774414063
720.538147      7564.4125976563
720.859009      7513.2856445313
721.179749      7875.8198242188
721.500488      8224.4101562500
721.821228      8749.6201171875
722.141785      8991.3095703125
722.462402      9040.1123046875
722.782959      9207.4355468750
723.103455      9291.0966796875
723.423950      8821.6621093750
723.744385      8633.4228515625
724.064758      8533.4941406250
724.385071      8291.8046875000
724.705322      8166.3120117188
725.025574      8091.9458007813
725.345825      8008.2841796875
725.665955      7959.4814453125
725.986023      8036.1713867188
726.306091      8012.9321289063
726.626099      8047.7910156250
726.946045      7954.8334960938
727.266052      8061.7348632813
727.585938      7985.0449218750
727.905762      7752.6513671875
728.225525      7926.9462890625
728.545288      7792.1582031250
728.864990      7857.2285156250
729.184692      8115.1850585938
729.504333      7713.1445312500
729.823853      7873.4960937500
730.143372      7706.1723632813
730.462891      7992.0166015625
730.782410      7938.5659179688
731.101746      7926.9462890625
731.421143      7838.6367187500
731.740417      7864.2001953125
732.059631      7908.3549804688
732.378845      8105.8896484375
732.698059      8466.0996093750
733.017212      8421.9453125000
733.336304      8675.2539062500
733.655273      8728.7041015625
733.974304      8893.7041015625
734.293335      9212.0830078125
734.612183      9163.2802734375
734.931030      8956.4501953125
735.249878      8958.7744140625
735.568665      9047.0839843750
735.887329      9105.1816406250
736.206055      9086.5908203125
736.524658      9033.1396484375
736.843262      8891.3798828125
737.161804      8982.0136718750
737.480286      8993.6328125000
737.798828      8926.2392578125
738.117249      9033.1396484375
738.435608      9002.9287109375
738.753906      9012.2246093750
739.072205      9012.2246093750
739.390442      9007.5771484375
739.708618      9035.4638671875
740.026733      8921.5908203125
740.344849      9147.0126953125
740.662903      9177.2246093750
740.980957      8947.1542968750
741.298889      9042.4355468750
741.616821      9028.4921875000
741.934692      9002.9287109375
742.252502      9077.2949218750
742.570313      8905.3232421875
742.888062      8833.2812500000
743.205750      8912.2958984375
743.523438      9121.4492187500
743.841003      9009.9003906250
744.158569      9142.3652343750
744.476074      9300.3925781250
744.793518      9128.4218750000
745.111023      9074.9707031250
745.428345      9133.0693359375
745.745728      8884.4082031250
746.062988      8977.3652343750
746.380249      8837.9296875000
746.697449      8772.8593750000
747.014648      8949.4785156250
747.331726      8863.4931640625
747.648804      8740.3242187500
747.965759      8652.0146484375
748.282776      8563.7050781250
748.599731      8593.9160156250
748.916626      8510.2548828125
749.233459      8487.0146484375
749.550232      8521.8740234375
749.867004      8356.8750000000
750.183655      8205.8183593750
750.500366      8294.1279296875
750.816956      8414.9726562500
751.133545      8224.4101562500
751.450073      8170.9599609375
751.766479      8275.5371093750
752.083008      8022.2280273438
752.399414      7985.0449218750
752.715698      8143.0727539063
753.032043      7971.1010742188
753.348328      7961.8056640625
753.664429      8012.9321289063
753.980713      7950.1860351563
754.296814      7643.4262695313
754.612854      7824.6933593750
754.928833      7806.1015625000
755.244873      7757.2993164063
755.560852      7868.8481445313
755.876709      7620.1870117188
756.192505      7738.7075195313
756.508362      7703.8486328125
756.824097      7615.5390625000
757.139771      7513.2856445313
757.455505      7650.3979492188
757.771118      7559.7646484375
758.086670      7566.7363281250
758.402222      7550.4687500000
758.717712      7431.9482421875
759.033081      7359.9062500000
759.348511      6983.4282226563
759.663879      6472.1625976563
759.979187      5698.2915039063
760.294434      4801.2524414063
760.609619      4155.1977539063
760.924805      3618.3686523438
761.239929      3288.3698730469
761.554993      3058.3000488281
761.869995      3344.1442871094
762.184998      3541.6787109375
762.499939      3822.8750000000
762.814880      3820.5512695313
763.129700      3685.7629394531
763.444519      3732.2414550781
763.759277      3629.9882812500
764.073975      3502.1718750000
764.388672      3806.6074218750
764.703308      3815.9033203125
765.017883      4124.9868164063
765.332397      4138.9301757813
765.646851      4529.3515625000
765.961304      4726.8862304688
766.275696      4887.2377929688
766.590088      5073.1528320313
766.904358      5214.9130859375
767.218628      5447.3066406250
767.532776      5812.1645507813
767.846924      5830.7558593750
768.161072      6125.8959960938
768.475159      6109.6284179688
768.789185      6218.8535156250
769.103149      6437.3032226563
769.417114      6388.5004882813
769.731079      6479.1342773438
770.044861      6497.7255859375
770.358643      6646.4575195313
770.672363      6758.0063476563
770.986084      6544.2045898438
771.299683      6446.5991210938
771.613403      6525.6127929688
771.927002      6597.6547851563
772.240479      6541.8803710938
772.553955      6741.7387695313
772.867371      6597.6547851563
773.180847      6676.6689453125
773.494141      6641.8095703125
773.807434      6402.4443359375
774.120667      6588.3593750000
774.433899      6541.8803710938
774.747009      6444.2753906250
775.060181      6569.7675781250
775.373230      6469.8383789063
775.686218      6441.9511718750
775.999207      6507.0214843750
776.312073      6418.7119140625
776.624939      6400.1201171875
776.937866      6344.3457031250
777.250671      6342.0219726563
777.563416      6260.6840820313
777.876099      6353.6416015625
778.188721      6358.2895507813
778.501343      6260.6840820313
778.813904      6109.6284179688
779.126404      6195.6137695313
779.438904      6195.6137695313
779.751282      6197.9379882813
780.063660      6249.0644531250
780.376038      6156.1069335938
780.688293      6030.6142578125
781.000549      6116.6000976563
781.312683      6077.0932617188
781.624817      6102.6567382813
781.937012      5993.4316406250
782.249023      5977.1640625000
782.561035      6014.3471679688
782.872986      5972.5161132813
783.184937      5865.6152343750
783.496765      5763.3618164063
783.808655      5949.2768554688
784.120422      5893.5024414063
784.432129      5728.5029296875
784.743774      5619.2778320313
785.055420      5698.2915039063
785.367004      5530.9682617188
785.678589      5695.9677734375
785.990051      5656.4609375000
786.301514      5579.7709960938
786.612976      5644.8413085938
786.924316      5575.1230468750
787.235657      5386.8842773438
787.546936      5238.1523437500
787.858154      5331.1098632813
788.169312      5187.0258789063
788.480408      5189.3496093750
788.791504      5282.3071289063
789.102600      5117.3076171875
789.413513      5152.1665039063
789.724487      5135.8989257813
790.035400      4945.3364257813
790.346191      4952.3081054688
790.657043      4866.3222656250
790.967834      4889.5620117188
791.278564      4789.6323242188
791.589172      4898.8574218750
791.899780      4863.9985351563
792.210327      4966.2519531250
792.520935      4908.1533203125
792.831421      4696.6752929688
793.141846      4692.0273437500
793.452209      4775.6889648438
793.762573      4859.3505859375
794.072815      4666.4638671875
794.383118      4726.8862304688
794.693359      4710.6186523438
795.003479      4689.7031250000
795.313538      4661.8159179688
795.623596      4640.9008789063
795.933716      4629.2807617188
796.243652      4796.6044921875
796.553589      4461.9575195313
796.863464      4499.1406250000
797.173218      4573.5063476563
797.483032      4255.1274414063
797.792786      4450.3378906250
798.102478      4524.7036132813
798.412109      4461.9575195313
798.721741      4510.7602539063
799.031250      4461.9575195313
799.340820      4482.8730468750
799.650269      4582.8022460938
799.959656      4420.1264648438
800.269043      4324.8452148438
800.578369      4287.6621093750
800.887573      4266.7470703125
801.196899      4229.5639648438
801.505981      4180.7612304688
801.815186      4327.1694335938
802.124207      4152.8740234375
802.433289      4190.0571289063
802.742188      4039.0012207031
803.051270      4113.3671875000
803.360168      3966.9592285156
803.668945      4039.0012207031
803.977783      4032.0292968750
804.286499      4006.4660644531
804.595276      4032.0292968750
804.903931      4059.9165039063
805.212524      4094.7756347656
805.521057      4022.7336425781
805.829590      4185.4091796875
806.138062      4011.1140136719
806.446533      4094.7756347656
806.754944      4122.6630859375
807.063293      4164.4936523438
807.371521      4036.6772460938
807.679749      4062.2404785156
807.987976      4018.0856933594
808.296143      4013.4377441406
808.604248      3929.7761230469
808.912292      3987.8745117188
809.220276      3976.2548828125
809.528198      3899.5649414063
809.836182      3734.5654296875
810.144043      3734.5654296875
810.451843      3627.6645507813
810.759644      3860.0581054688
811.067322      3681.1149902344
811.375061      3571.8898925781
811.682678      3636.9602050781
811.990295      3676.4670410156
812.297791      3599.7770996094
812.605286      3490.5522460938
812.912720      3451.0454101563
813.220154      3557.9462890625
813.527527      3218.6516113281
813.834839      3330.2006835938
814.142029      3209.3559570313
814.449219      3227.9475097656
814.756409      3044.3564453125
815.063538      3058.3000488281
815.370605      3030.4128417969
815.677612      3004.8496093750
815.984619      3002.5256347656
816.291504      2897.9484863281
816.598389      2872.3852539063
816.905273      2828.2304687500
817.212036      2784.0756835938
817.518738      2823.5825195313
817.825439      2814.2868652344
818.132080      2814.2868652344
818.438721      2753.8645019531
818.745239      2814.2868652344
819.051758      2823.5825195313
819.358215      2870.0612792969
819.664612      2818.9345703125
819.971008      2751.5405273438
820.277344      2884.0048828125
820.583557      3032.7368164063
820.889771      2965.3425292969
821.195923      3102.4548339844
821.502075      3088.5112304688
821.808167      3179.1447753906
822.114197      3151.2575683594
822.420166      2937.4553222656
822.726074      2860.7653808594
823.031921      2737.5969238281
823.337769      2684.1462402344
823.643677      2556.3298339844
823.949402      2633.0197753906
824.255066      2695.7661132813
824.560730      2751.5405273438
824.866272      2918.8640136719
825.171936      3030.4128417969
825.477356      2935.1313476563
825.782837      2953.7229003906
826.088257      3095.4831542969
826.393616      2937.4553222656
826.698914      3037.3847656250
827.004272      2965.3425292969
827.309448      3007.1735839844
827.614624      2958.3708496094
827.919739      2765.4841308594
828.224854      2846.8217773438
828.529907      2828.2304687500
828.834839      2872.3852539063
829.139832      2765.4841308594
829.444702      2818.9345703125
829.749512      2825.9064941406
830.054260      2784.0756835938
830.359131      2746.8925781250
830.663818      2844.4980468750
830.968506      2798.0192871094
831.273071      2660.9069824219
831.577576      2767.8081054688
831.882080      2814.2868652344
832.186646      2693.4421386719
832.491028      2758.5122070313
832.795410      2670.2026367188
833.099731      2818.9345703125
833.403931      2732.9489746094
833.708191      2767.8081054688
834.012390      2663.2309570313
834.316467      2684.1462402344
834.620605      2763.1601562500
834.924622      2728.3010253906
835.228577      2811.9628906250
835.532593      2804.9909667969
835.836426      2698.0898437500
836.140320      2853.7937011719
836.444031      2802.6669921875
836.747803      2767.8081054688
837.051514      2851.4697265625
837.355225      2800.3432617188
837.658752      2821.2585449219
837.962341      2786.3994140625
838.265808      2884.0048828125
838.569336      2807.3149414063
838.872742      2823.5825195313
839.176147      2842.1740722656
839.479370      2828.2304687500
839.782715      2802.6669921875
840.085876      2872.3852539063
840.389038      2772.4558105469
840.692261      2781.7517089844
840.995300      2849.1457519531
841.298340      2863.0893554688
841.601257      2753.8645019531
841.904236      2735.2729492188
842.207153      2621.4001464844
842.509949      2791.0473632813
842.812805      2828.2304687500
843.115540      2800.3432617188
843.418152      2765.4841308594
843.720825      2774.7797851563
844.023438      2814.2868652344
844.325989      2774.7797851563
844.628540      2870.0612792969
844.930969      2693.4421386719
845.233337      2660.9069824219
845.535767      2767.8081054688
845.838013      2839.8500976563
846.140259      2723.6533203125
846.442505      2712.0336914063
846.744690      2693.4421386719
847.046753      2721.3293457031
847.348877      2691.1181640625
847.650879      2693.4421386719
847.952881      2614.4282226563
848.254761      2700.4138183594
848.556641      2623.7238769531
848.858459      2663.2309570313
849.160278      2600.4846191406
849.462036      2630.6958007813
849.763733      2646.9633789063
850.065308      2526.1186523438
850.366882      2530.7666015625
850.668518      2465.6962890625
850.969971      2505.2033691406
851.271423      2600.4846191406
851.572815      2507.5270996094
851.874084      2572.5974121094
852.175476      2498.2314453125
852.476685      2479.6398925781
852.777893      2540.0622558594
853.079041      2549.3581542969
853.380127      2549.3581542969
853.681213      2537.7382812500
853.982239      2398.3022460938
854.283203      2481.9638671875
854.584106      2384.3586425781
854.885010      2347.1755371094
855.185791      2389.0063476563
855.486572      2312.3166503906
855.787292      2458.7246093750
856.088013      2389.0063476563
856.388611      2402.9499511719
856.689148      2409.9218750000
856.989685      2412.2458496094
857.290161      2375.0627441406
857.590637      2514.4990234375
857.890991      2377.3867187500
858.191284      2419.2175292969
858.491577      2384.3586425781
858.791809      2379.7106933594
859.092041      2393.6542968750
859.392212      2421.5415039063
859.692261      2319.2883300781
859.992310      2349.4995117188
860.292297      2319.2883300781
860.592224      2382.0346679688
860.892151      2379.7106933594
861.191956      2430.8374023438
861.491760      2319.2883300781
861.791565      2356.4714355469
862.091248      2270.4855957031
862.390930      2314.6403808594
862.690552      2389.0063476563
862.990051      2330.9079589844
863.289551      2284.4291992188
863.589050      2265.8378906250
863.888428      2300.6967773438
864.187805      2240.2744140625
864.487122      2242.5983886719
864.786377      2210.0632324219
865.085632      2217.0351562500
865.384705      2214.7111816406
865.683838      2226.3308105469
865.982971      2247.2463378906
866.281982      2207.7395019531
866.580933      2168.2324218750
866.879883      2303.0207519531
867.178711      2151.9648437500
867.477600      2126.4016113281
867.776367      2144.9931640625
868.075134      2230.9787597656
868.373718      2203.0915527344
868.672424      2107.8100585938
868.970947      2182.1760253906
869.269531      2207.7395019531
869.568054      2161.2607421875
869.866455      2200.7675781250
870.164856      2138.0212402344
870.463196      2121.7536621094
870.761536      2038.0920410156
871.059753      2110.1340332031
871.357971      2091.5424804688
871.656067      2203.0915527344
871.954102      2042.7399902344
872.252197      2105.4863281250
872.550232      2063.6552734375
872.848206      2082.2468261719
873.146057      2068.3032226563
873.443848      2107.8100585938
873.741638      2126.4016113281
874.039429      2082.2468261719
874.337158      2086.8947753906
874.634827      2072.9511718750
874.932373      2031.1202392578
875.229980      2042.7399902344
875.527466      2089.2187500000
875.825012      2103.1623535156
876.122375      2049.7116699219
876.419739      2028.7962646484
876.717041      2075.2751464844
877.014282      2042.7399902344
877.311462      2052.0356445313
877.608704      1986.9654541016
877.905762      2056.6835937500
878.202881      1998.5852050781
878.499817      2063.6552734375
878.796814      2010.2048339844
879.093811      2007.8808593750
879.390625      1979.9936523438
879.687439      1935.8388671875
879.984253      1961.4022216797
880.280884      1970.6978759766
880.577637      1952.1064453125
880.874268      1984.6414794922
881.170837      1866.1207275391
881.467346      1910.2756347656
881.763855      1970.6978759766
882.060242      1868.4447021484
882.356567      1982.3176269531
882.652954      1921.8952636719
882.949280      1977.6696777344
883.245483      1935.8388671875
883.541626      1979.9936523438
883.837830      1863.7968750000
884.133911      1926.5430908203
884.429932      1898.6558837891
884.725952      1854.5010986328
885.021851      1863.7968750000
885.317688      1861.4729003906
885.613525      1880.0644531250
885.909363      1852.1771240234
886.205078      1796.4027099609
