0.233000
190.096298         0.0000000000
190.479492         0.0000000000
190.862656       797.9174194336
191.245789       899.0942382813
191.628876       882.9979248047
192.011948       924.3884277344
192.394958       984.1747436523
192.777939       954.2816162109
193.160904       974.9768676758
193.543823       940.4847412109
193.926697       814.0137329102
194.309555       905.9926757813
194.692368       901.3937377930
195.075150      1011.7684326172
195.457886       958.8805541992
195.840607       892.1958007813
196.223282       981.8753051758
196.605927       922.0889892578
196.988541       919.7894897461
197.371094       963.4794921875
197.753632       970.3779296875
198.136139       984.1747436523
198.518600      1016.3674316406
198.901031       928.9874267578
199.283432      1014.0679321289
199.665802       995.6721191406
200.048126       931.2868652344
200.430405       917.4900512695
200.812668       880.6984252930
201.194885       942.7842407227
201.577072       880.6984252930
201.959244       974.9768676758
202.341354       986.4742431641
202.723434       988.7737426758
203.105499       864.6021118164
203.487503       889.8963623047
203.869461       903.6931762695
204.251434       917.4900512695
204.633331       876.0994873047
205.015198       885.2974243164
205.397049       853.1047363281
205.778854       882.9979248047
206.160614       892.1958007813
206.542343       887.5968627930
206.924042       892.1958007813
207.305710       928.9874267578
207.687332       951.9821166992
208.068939       922.0889892578
208.450485       850.8052978516
208.832016       892.1958007813
209.213501       864.6021118164
209.594955       933.5863647461
209.976379       878.3989868164
210.357758       832.4094848633
210.739105       912.8911132813
211.120422       899.0942382813
211.501694       889.8963623047
211.882935       850.8052978516
212.264145       912.8911132813
212.645340       935.8858032227
213.026474       935.8858032227
213.407562       889.8963623047
213.788620       910.5916137695
214.169662       882.9979248047
214.550659       919.7894897461
214.931610       977.2763671875
215.312561       924.3884277344
215.693451       949.6826782227
216.074295       910.5916137695
216.455109       892.1958007813
216.835922       910.5916137695
217.216660       894.4953002930
217.597382       823.2116088867
217.978058       848.5057983398
218.358704       901.3937377930
218.739304       882.9979248047
219.119888       928.9874267578
219.500427       919.7894897461
219.880920       873.8000488281
220.261414       933.5863647461
220.641830      1020.9663696289
221.022232       912.8911132813
221.402603       942.7842407227
221.782944       956.5810546875
222.163223       928.9874267578
222.543488       926.6879272461
222.923706       935.8858032227
223.303894       866.9016113281
223.684036       887.5968627930
224.064163       894.4953002930
224.444244       882.9979248047
224.824295       894.4953002930
225.204300       864.6021118164
225.584274       860.0031738281
225.964203       896.7947387695
226.344131       942.7842407227
226.723999       857.7037353516
227.103806       846.2063598633
227.483627       903.6931762695
227.863388       986.4742431641
228.243118       924.3884277344
228.622787       899.0942382813
229.002472       892.1958007813
229.382080       915.1905517578
229.761688       876.0994873047
230.141220       834.7089843750
230.520721       940.4847412109
230.900208       903.6931762695
231.279663       935.8858032227
231.659073       905.9926757813
232.038452       979.5758056641
232.417786       947.3831787109
232.797073       995.6721191406
233.176346       933.5863647461
233.555573       905.9926757813
233.934784       887.5968627930
234.313934       866.9016113281
234.693069       841.6074218750
235.072144       899.0942382813
235.451202       885.2974243164
235.830215       917.4900512695
236.209213       866.9016113281
236.588165       917.4900512695
236.967072       910.5916137695
237.345947       926.6879272461
237.724792       933.5863647461
238.103577       905.9926757813
238.482361       853.1047363281
238.861084       917.4900512695
239.239777       917.4900512695
239.618454       910.5916137695
239.997070       908.2921142578
240.375671       956.5810546875
240.754211       869.2011108398
241.132751       774.9226684570
241.511215       919.7894897461
241.889694       908.2921142578
242.268097       882.9979248047
242.646469       928.9874267578
243.024811       887.5968627930
243.403122       947.3831787109
243.781387       864.6021118164
244.159622       846.2063598633
244.537827       809.4147949219
244.915985       935.8858032227
245.294113       892.1958007813
245.672195       912.8911132813
246.050262       882.9979248047
246.428268       917.4900512695
246.806274       965.7789916992
247.184219       864.6021118164
247.562119       896.7947387695
247.940002       917.4900512695
248.317841       945.0837402344
248.695648       958.8805541992
249.073425       940.4847412109
249.451157       873.8000488281
249.828842       878.3989868164
250.206512       901.3937377930
250.584152       899.0942382813
250.961731      1053.1589355469
251.339279       991.0731811523
251.716812      1011.7684326172
252.094299       901.3937377930
252.471725       901.3937377930
252.849136       954.2816162109
253.226517       880.6984252930
253.603867       880.6984252930
253.981171       903.6931762695
254.358429       882.9979248047
254.735672       873.8000488281
255.112869       908.2921142578
255.490021       905.9926757813
255.867172       947.3831787109
256.244263       903.6931762695
256.621307       876.0994873047
256.998291       834.7089843750
257.375305       892.1958007813
257.752228       899.0942382813
258.129120       974.9768676758
258.506012       901.3937377930
258.882843       940.4847412109
259.259644       997.9716186523
259.636414       965.7789916992
260.013123       885.2974243164
260.389832       855.4042358398
260.766479       816.3131713867
261.143127       887.5968627930
261.519714       885.2974243164
261.896271       869.2011108398
262.272736       986.4742431641
262.649231       894.4953002930
263.025696       880.6984252930
263.402100       942.7842407227
263.778473       878.3989868164
264.154785       873.8000488281
264.531097       938.1853027344
264.907318       965.7789916992
265.283569       949.6826782227
265.659760       928.9874267578
266.035919       899.0942382813
266.412018       885.2974243164
266.788086       905.9926757813
267.164154       880.6984252930
267.540192       954.2816162109
267.916107       892.1958007813
268.292084       933.5863647461
268.667969       850.8052978516
269.043793       949.6826782227
269.419617       905.9926757813
269.795410       912.8911132813
270.171204       903.6931762695
270.546875       899.0942382813
270.922577       908.2921142578
271.298248       915.1905517578
271.673828       924.3884277344
272.049408       857.7037353516
272.424927       882.9979248047
272.800446       961.1800537109
273.175934       986.4742431641
273.551361       901.3937377930
273.926727       931.2868652344
274.302063       949.6826782227
274.677399       880.6984252930
275.052673       857.7037353516
275.427948       853.1047363281
275.803131       899.0942382813
276.178314       860.0031738281
276.553436       862.3026733398
276.928558       919.7894897461
277.303650       855.4042358398
277.678619       823.2116088867
278.053650       864.6021118164
278.428589       857.7037353516
278.803528       924.3884277344
279.178375       938.1853027344
279.553253       905.9926757813
279.928070       889.8963623047
280.302826       956.5810546875
280.677582       972.6774291992
281.052277       954.2816162109
281.426941       903.6931762695
281.801544       947.3831787109
282.176147       935.8858032227
282.550720       901.3937377930
282.925232       853.1047363281
283.299683       954.2816162109
283.674133       880.6984252930
284.048553       908.2921142578
284.422974       933.5863647461
284.797241       954.2816162109
285.171600       880.6984252930
285.545837       958.8805541992
285.920074       919.7894897461
286.294250       954.2816162109
286.668396       809.4147949219
287.042511       855.4042358398
287.416626       873.8000488281
287.790649       894.4953002930
288.164673       940.4847412109
288.538635       910.5916137695
288.912567       905.9926757813
289.286438       896.7947387695
289.660309       901.3937377930
290.034149       947.3831787109
290.407959       922.0889892578
290.781677       857.7037353516
291.155396       917.4900512695
291.529083       885.2974243164
291.902710       908.2921142578
292.276337       882.9979248047
292.649902       910.5916137695
293.023407       908.2921142578
293.396912       864.6021118164
293.770386       878.3989868164
294.143829       871.5005493164
294.517181       919.7894897461
294.890533       848.5057983398
295.263824       919.7894897461
295.637115       903.6931762695
296.010345       926.6879272461
296.383545       885.2974243164
296.756744       981.8753051758
297.129852       912.8911132813
297.502960       892.1958007813
297.875977       935.8858032227
298.248993       889.8963623047
298.621979       850.8052978516
298.994934       830.1100463867
299.367859       915.1905517578
299.740723       853.1047363281
300.113556       885.2974243164
300.486359       993.3726806641
300.859100       818.6126708984
301.231842       873.8000488281
301.604492       919.7894897461
301.977173       896.7947387695
302.349792       926.6879272461
302.722351       910.5916137695
303.094910       878.3989868164
303.467377       855.4042358398
303.839874       827.8105468750
304.212311      1002.5705566406
304.584717       885.2974243164
304.957062       878.3989868164
305.329376       880.6984252930
305.701630       905.9926757813
306.073853       862.3026733398
306.446106       860.0031738281
306.818268       885.2974243164
307.190399       905.9926757813
307.562500       908.2921142578
307.934540       915.1905517578
308.306610       848.5057983398
308.678558       910.5916137695
309.050507       956.5810546875
309.422424       924.3884277344
309.794281       924.3884277344
310.166138       882.9979248047
310.537933       860.0031738281
310.909729       940.4847412109
311.281464       869.2011108398
311.653107       970.3779296875
312.024780       908.2921142578
312.396393       901.3937377930
312.767975       917.4900512695
313.139496       873.8000488281
313.511047       938.1853027344
313.882507       945.0837402344
314.253906       917.4900512695
314.625305       949.6826782227
314.996643       961.1800537109
315.368011       933.5863647461
315.739258       947.3831787109
316.110504       878.3989868164
316.481720       834.7089843750
316.852905       928.9874267578
317.223999       896.7947387695
317.595123       882.9979248047
317.966187       958.8805541992
318.337189       949.6826782227
318.708191       912.8911132813
319.079163       903.6931762695
319.450073       899.0942382813
319.820923       910.5916137695
320.191742       896.7947387695
320.562561       912.8911132813
320.933319       873.8000488281
321.304047       972.6774291992
321.674744       919.7894897461
322.045380       954.2816162109
322.416016       889.8963623047
322.786560       903.6931762695
323.157135       878.3989868164
323.527618       903.6931762695
323.898071       940.4847412109
324.268494       880.6984252930
324.638885       866.9016113281
325.009277       864.6021118164
325.379578       970.3779296875
325.749847       889.8963623047
326.120117       873.8000488281
326.490295       899.0942382813
326.860443       926.6879272461
327.230591       903.6931762695
327.600708       908.2921142578
327.970703       926.6879272461
328.340759       843.9068603516
328.710724       841.6074218750
329.080688       871.5005493164
329.450592       871.5005493164
329.820435       807.1152954102
330.190277       928.9874267578
330.560089       871.5005493164
330.929810       951.9821166992
331.299561       922.0889892578
331.669220       885.2974243164
332.038879       901.3937377930
332.408447       885.2974243164
332.778046       885.2974243164
333.147583       869.2011108398
333.517059       956.5810546875
333.886505       869.2011108398
334.255951       889.8963623047
334.625336       878.3989868164
334.994629       947.3831787109
335.363983       855.4042358398
335.733246       876.0994873047
336.102478       931.2868652344
336.471680       871.5005493164
336.840820       940.4847412109
337.209961       940.4847412109
337.578979       993.3726806641
337.948059       949.6826782227
338.317078       804.8157958984
338.686035       951.9821166992
339.054962       910.5916137695
339.423859       894.4953002930
339.792725       905.9926757813
340.161560       869.2011108398
340.530334       820.9121093750
340.899078       928.9874267578
341.267761       834.7089843750
341.636444       899.0942382813
342.005066       974.9768676758
342.373657       885.2974243164
342.742218       894.4953002930
343.110718       915.1905517578
343.479218       871.5005493164
343.847626       949.6826782227
344.216064       892.1958007813
344.584412       889.8963623047
344.952759       894.4953002930
345.321045       945.0837402344
345.689270       919.7894897461
346.057526       864.6021118164
346.425659       846.2063598633
346.793854       899.0942382813
347.161957       899.0942382813
347.529999       922.0889892578
347.898041       940.4847412109
348.266022       873.8000488281
348.634003       933.5863647461
349.001892       949.6826782227
349.369781       827.8105468750
349.737610       903.6931762695
350.105408       915.1905517578
350.473145       853.1047363281
350.840912       908.2921142578
351.208618       866.9016113281
351.576233       908.2921142578
351.943878       889.8963623047
352.311401       947.3831787109
352.678955       915.1905517578
353.046478       882.9979248047
353.413910       922.0889892578
353.781372       878.3989868164
354.148743       908.2921142578
354.516083       837.0084228516
354.883392       926.6879272461
355.250641       880.6984252930
355.617920       956.5810546875
355.985077       848.5057983398
356.352234       892.1958007813
356.719360       901.3937377930
357.086426       846.2063598633
357.453491       882.9979248047
357.820496       873.8000488281
358.187469       935.8858032227
358.554382       970.3779296875
358.921295       887.5968627930
359.288147       876.0994873047
359.654968       917.4900512695
360.021759       864.6021118164
360.388489       908.2921142578
360.755188       949.6826782227
361.121826       855.4042358398
361.488464       919.7894897461
361.855072       850.8052978516
362.221588       864.6021118164
362.588135       862.3026733398
362.954590       926.6879272461
363.321075       878.3989868164
363.687439       905.9926757813
364.053802       848.5057983398
364.420135       862.3026733398
364.786407       876.0994873047
365.152679       825.5111083984
365.518860       961.1800537109
365.885040       958.8805541992
366.251190       940.4847412109
366.617249       860.0031738281
366.983337       876.0994873047
367.349335       864.6021118164
367.715332       905.9926757813
368.081207       924.3884277344
368.447174       935.8858032227
368.813019       905.9926757813
369.178833       905.9926757813
369.544678       866.9016113281
369.910400       949.6826782227
370.276123       917.4900512695
370.641785       896.7947387695
371.007446       924.3884277344
371.373016       905.9926757813
371.738586       956.5810546875
372.104126       873.8000488281
372.469574       807.1152954102
372.835022       866.9016113281
373.200439       866.9016113281
373.565796       928.9874267578
373.931122       951.9821166992
374.296417       956.5810546875
374.661713       814.0137329102
375.026886       855.4042358398
375.392090       905.9926757813
375.757202       834.7089843750
376.122314       843.9068603516
376.487396       949.6826782227
376.852386       853.1047363281
377.217407       871.5005493164
377.582336       912.8911132813
377.947235       912.8911132813
378.312103       827.8105468750
378.676941       889.8963623047
379.041779       846.2063598633
379.406494       917.4900512695
379.771240       876.0994873047
380.135925       876.0994873047
380.500549       857.7037353516
380.865143       926.6879272461
381.229706       945.0837402344
381.594269       940.4847412109
381.958679       880.6984252930
382.323181       922.0889892578
382.687561       903.6931762695
383.051971       910.5916137695
383.416321       981.8753051758
383.780579       908.2921142578
384.144867       931.2868652344
384.509033       954.2816162109
384.873260       857.7037353516
385.237366       866.9016113281
385.601501       919.7894897461
385.965576       968.0784301758
386.329559       910.5916137695
386.693573       869.2011108398
387.057526       878.3989868164
387.421417       903.6931762695
387.785309       864.6021118164
388.149109       825.5111083984
388.512970       924.3884277344
388.876678       947.3831787109
389.240417       894.4953002930
389.604065       915.1905517578
389.967712       977.2763671875
390.331360       926.6879272461
390.694885       889.8963623047
391.058411       896.7947387695
391.421906       862.3026733398
391.785370       878.3989868164
392.148743       917.4900512695
392.512115       905.9926757813
392.875488       908.2921142578
393.238739       885.2974243164
393.602051       818.6126708984
393.965240       882.9979248047
394.328430       910.5916137695
394.691559       922.0889892578
395.054657       869.2011108398
395.417725       880.6984252930
395.780731       908.2921142578
396.143738       882.9979248047
396.506653       876.0994873047
396.869568       912.8911132813
397.232422       945.0837402344
397.595245       958.8805541992
397.958069       910.5916137695
398.320770       928.9874267578
398.683533       972.6774291992
399.046204       887.5968627930
399.408813       917.4900512695
399.771454       878.3989868164
400.133972       940.4847412109
400.496521       876.0994873047
400.859009       869.2011108398
401.221436       940.4847412109
401.583832       951.9821166992
401.946198       882.9979248047
402.308563       945.0837402344
402.670807       855.4042358398
403.033051       935.8858032227
403.395294       935.8858032227
403.757416       933.5863647461
404.119568       938.1853027344
404.481659       880.6984252930
404.843719       864.6021118164
405.205719       928.9874267578
405.567719       905.9926757813
405.929657       917.4900512695
406.291534       873.8000488281
406.653442       892.1958007813
407.015228       889.8963623047
407.377014       933.5863647461
407.738739       850.8052978516
408.100464       892.1958007813
408.462128       928.9874267578
408.823730       871.5005493164
409.185364       839.3079223633
409.546875       887.5968627930
409.908386       965.7789916992
410.269867       912.8911132813
410.631287       880.6984252930
410.992676       820.9121093750
411.354034       866.9016113281
411.715363       873.8000488281
412.076630       892.1958007813
412.437866       917.4900512695
412.799072       899.0942382813
413.160217       908.2921142578
413.521362       866.9016113281
413.882416       917.4900512695
414.243469       894.4953002930
414.604462       938.1853027344
414.965424       894.4953002930
415.326355       912.8911132813
415.687225       878.3989868164
416.048096       823.2116088867
416.408875       926.6879272461
416.769653       855.4042358398
417.130402       915.1905517578
417.491058       915.1905517578
417.851715       905.9926757813
418.212311       860.0031738281
418.572906       935.8858032227
418.933411       933.5863647461
419.293945       917.4900512695
419.654388       841.6074218750
420.014801       885.2974243164
420.375183       853.1047363281
420.735504       871.5005493164
421.095825       979.5758056641
421.456055       965.7789916992
421.816315       924.3884277344
422.176453       830.1100463867
422.536621       912.8911132813
422.896729       882.9979248047
423.256775       922.0889892578
423.616821       912.8911132813
423.976807       873.8000488281
424.336731       905.9926757813
424.696625       905.9926757813
425.056488       958.8805541992
425.416351       903.6931762695
425.776093       901.3937377930
426.135864       871.5005493164
426.495575       972.6774291992
426.855225       887.5968627930
427.214874       919.7894897461
427.574432       917.4900512695
427.934052       827.8105468750
428.293518       915.1905517578
428.653015       947.3831787109
429.012421       912.8911132813
429.371826       876.0994873047
429.731232       905.9926757813
430.090485       912.8911132813
430.449799       878.3989868164
430.808990       938.1853027344
431.168213       928.9874267578
431.527374       910.5916137695
431.886475       935.8858032227
432.245605       862.3026733398
432.604584       903.6931762695
432.963623       926.6879272461
433.322571       938.1853027344
433.681488       889.8963623047
434.040344       885.2974243164
434.399200       926.6879272461
434.758026       912.8911132813
435.116760       924.3884277344
435.475494       873.8000488281
435.834198       896.7947387695
436.192841       940.4847412109
436.551453       917.4900512695
436.910004       894.4953002930
437.268555       878.3989868164
437.627014       869.2011108398
437.985474       848.5057983398
438.343903       855.4042358398
438.702240       908.2921142578
439.060577       892.1958007813
439.418854       892.1958007813
439.777130       958.8805541992
440.135315       940.4847412109
440.493500       924.3884277344
440.851654       908.2921142578
441.209717       956.5810546875
441.567810       887.5968627930
441.925781       928.9874267578
442.283783       928.9874267578
442.641663       885.2974243164
442.999573       896.7947387695
443.357483       830.1100463867
443.715240       912.8911132813
444.073029       901.3937377930
444.430725       899.0942382813
444.788452       933.5863647461
445.146149       841.6074218750
445.503723       899.0942382813
445.861359       853.1047363281
446.218842       905.9926757813
446.576355       940.4847412109
446.933777       866.9016113281
447.291199       885.2974243164
447.648621       846.2063598633
448.005920       933.5863647461
448.363251       876.0994873047
448.720459       873.8000488281
449.077728       951.9821166992
449.434875       956.5810546875
449.792023       933.5863647461
450.149170       882.9979248047
450.506195       882.9979248047
450.863220       924.3884277344
451.220184       880.6984252930
451.577118       938.1853027344
451.933990       917.4900512695
452.290894       878.3989868164
452.647736       903.6931762695
453.004456       899.0942382813
453.361237       910.5916137695
453.717926       832.4094848633
454.074585       922.0889892578
454.431244       850.8052978516
454.787811       869.2011108398
455.144379       958.8805541992
455.500824       830.1100463867
455.857300       926.6879272461
456.213715       926.6879272461
456.570099       896.7947387695
456.926483       910.5916137695
457.282745       908.2921142578
457.639038       880.6984252930
457.995209       894.4953002930
458.351440       912.8911132813
458.707550       924.3884277344
459.063660       864.6021118164
459.419769       901.3937377930
459.775757       862.3026733398
460.131744       880.6984252930
460.487671       986.4742431641
460.843597       889.8963623047
461.199493       915.1905517578
461.555267       871.5005493164
461.911072       853.1047363281
462.266785       910.5916137695
462.622498       917.4900512695
462.978119       850.8052978516
463.333771       892.1958007813
463.689392       889.8963623047
464.044891       873.8000488281
464.400421       919.7894897461
464.755859       928.9874267578
465.111298       910.5916137695
465.466675       919.7894897461
465.821991       931.2868652344
466.177338       928.9874267578
466.532562       910.5916137695
466.887817       901.3937377930
467.242981       951.9821166992
467.598114       974.9768676758
467.953247       922.0889892578
468.308289       940.4847412109
468.663330       928.9874267578
469.018280       931.2868652344
469.373230       871.5005493164
469.728119       841.6074218750
470.082977       899.0942382813
470.437836       951.9821166992
470.792572       965.7789916992
471.147339       871.5005493164
471.502014       942.7842407227
471.856720       912.8911132813
472.211273       871.5005493164
472.565918       887.5968627930
472.920471       876.0994873047
473.274933       910.5916137695
473.629395       954.2816162109
473.983795       903.6931762695
474.338165       917.4900512695
474.692505       871.5005493164
475.046814       961.1800537109
475.401123       892.1958007813
475.755280       910.5916137695
476.109497       837.0084228516
476.463593       940.4847412109
476.817688      2030.4353027344
477.171783      1027.8647460938
477.525757       956.5810546875
477.879761       896.7947387695
478.233673       834.7089843750
478.587585       882.9979248047
478.941406       933.5863647461
479.295258       899.0942382813
479.649048       834.7089843750
480.002747       880.6984252930
480.356445       882.9979248047
480.710052       935.8858032227
481.063690       908.2921142578
481.417236       991.0731811523
481.770782       857.7037353516
482.124329       892.1958007813
482.477722       942.7842407227
482.831177       882.9979248047
483.184509       873.8000488281
483.537842       942.7842407227
483.891144       857.7037353516
484.244385       860.0031738281
484.597626       889.8963623047
484.950714       940.4847412109
485.303894       903.6931762695
485.656921       951.9821166992
486.010010       922.0889892578
486.363068       873.8000488281
486.715973       899.0942382813
487.068909       892.1958007813
487.421783       924.3884277344
487.774628       832.4094848633
488.127411       848.5057983398
488.480194       887.5968627930
488.832947       903.6931762695
489.185577       866.9016113281
489.538239       908.2921142578
489.890839       860.0031738281
490.243378       938.1853027344
490.595917       901.3937377930
490.948395       853.1047363281
491.300842       885.2974243164
491.653198       919.7894897461
492.005585       882.9979248047
492.357880       917.4900512695
492.710144       945.0837402344
493.062439       896.7947387695
493.414581       857.7037353516
493.766754       908.2921142578
494.118835       919.7894897461
494.470917       979.5758056641
494.822937       908.2921142578
495.174927       933.5863647461
495.526917       917.4900512695
495.878784       915.1905517578
496.230682       860.0031738281
496.582489       864.6021118164
496.934296       885.2974243164
497.285980       885.2974243164
497.637695       924.3884277344
497.989410      1099.1484375000
498.340973       947.3831787109
498.692596       912.8911132813
499.044128       887.5968627930
499.395630       910.5916137695
499.747101       857.7037353516
500.098480       938.1853027344
500.449921       899.0942382813
500.801208       940.4847412109
501.152527       931.2868652344
501.503754       882.9979248047
501.854980       853.1047363281
502.206177       972.6774291992
502.557281       880.6984252930
502.908386       931.2868652344
503.259430       910.5916137695
503.610443       949.6826782227
503.961365       945.0837402344
504.312317       866.9016113281
504.663239       850.8052978516
505.014069       917.4900512695
505.364899       961.1800537109
505.715607       853.1047363281
506.066376       919.7894897461
506.417084       871.5005493164
506.767670       866.9016113281
507.118317       876.0994873047
507.468842       873.8000488281
507.819397       903.6931762695
508.169830       857.7037353516
508.520294       892.1958007813
508.870697       878.3989868164
509.221039       901.3937377930
509.571381       926.6879272461
509.921631       841.6074218750
510.271851       855.4042358398
510.622009       878.3989868164
510.972198       947.3831787109
511.322327       968.0784301758
511.672394       915.1905517578
512.022461       933.5863647461
512.372375       901.3937377930
512.722351       889.8963623047
513.072266       956.5810546875
513.422058       974.9768676758
513.771912       855.4042358398
514.121704       853.1047363281
514.471436       887.5968627930
514.821167       947.3831787109
515.170776       894.4953002930
515.520447       885.2974243164
515.869995       864.6021118164
516.219543       908.2921142578
516.569031       855.4042358398
516.918518       880.6984252930
517.267822       903.6931762695
517.617249       869.2011108398
517.966614       889.8963623047
518.315796       951.9821166992
518.665161       818.6126708984
519.014282       841.6074218750
519.363464       935.8858032227
519.712585       889.8963623047
520.061646       889.8963623047
520.410706       912.8911132813
520.759705       917.4900512695
521.108704       917.4900512695
521.457520       928.9874267578
521.806458       791.0189819336
522.155334       951.9821166992
522.504089       855.4042358398
522.852844       894.4953002930
523.201538       931.2868652344
523.550232       899.0942382813
523.898804       876.0994873047
524.247437       853.1047363281
524.596008       922.0889892578
524.944458       933.5863647461
525.292969       896.7947387695
525.641357       912.8911132813
525.989746       951.9821166992
526.338074       864.6021118164
526.686401       919.7894897461
527.034607       878.3989868164
527.382813       910.5916137695
527.731018       915.1905517578
528.079102       931.2868652344
528.427246       866.9016113281
528.775330       876.0994873047
529.123291       963.4794921875
529.471252       963.4794921875
529.819153       903.6931762695
530.167053       837.0084228516
530.514832       841.6074218750
530.862732       885.2974243164
531.210510       926.6879272461
531.558167       869.2011108398
531.905884       850.8052978516
532.253479       963.4794921875
532.601074       965.7789916992
532.948608       954.2816162109
533.296143       928.9874267578
533.643616       912.8911132813
533.991028       896.7947387695
534.338379       901.3937377930
534.685730       917.4900512695
535.033081       995.6721191406
535.380371       878.3989868164
535.727478       860.0031738281
536.074707       965.7789916992
536.421875       938.1853027344
536.768921       871.5005493164
537.115967       958.8805541992
537.463013       871.5005493164
537.809998       912.8911132813
538.156860       912.8911132813
538.503784       924.3884277344
538.850647       905.9926757813
539.197449       945.0837402344
539.544189       860.0031738281
539.890930       866.9016113281
540.237610       933.5863647461
540.584229       882.9979248047
540.930847       866.9016113281
541.277344       905.9926757813
541.623901       947.3831787109
541.970337       855.4042358398
542.316772       935.8858032227
542.663208       866.9016113281
543.009521       885.2974243164
543.355835       917.4900512695
543.702026       878.3989868164
544.048279       984.1747436523
544.394470       922.0889892578
544.740601       951.9821166992
545.086731       892.1958007813
545.432739       887.5968627930
545.778809       857.7037353516
546.124695       892.1958007813
546.470703       926.6879272461
546.816589       915.1905517578
547.162415       938.1853027344
547.508240       864.6021118164
547.853943       938.1853027344
548.199646       922.0889892578
548.545349       878.3989868164
548.890930       931.2868652344
549.236633       903.6931762695
549.582092       905.9926757813
549.927673       915.1905517578
550.273071       910.5916137695
550.618530       832.4094848633
550.963928       860.0031738281
551.309204       882.9979248047
551.654602       956.5810546875
551.999756       947.3831787109
552.345093       832.4094848633
552.690186       919.7894897461
553.035339       887.5968627930
553.380493       915.1905517578
553.725464       862.3026733398
554.070496       954.2816162109
554.415405       878.3989868164
554.760376       882.9979248047
555.105225       905.9926757813
555.450073       889.8963623047
555.794922       896.7947387695
556.139648       846.2063598633
556.484375       949.6826782227
556.828979       878.3989868164
557.173645       896.7947387695
557.518311       917.4900512695
557.862793       905.9926757813
558.207275       899.0942382813
558.551697       860.0031738281
558.896118       942.7842407227
559.240479       905.9926757813
559.584839       908.2921142578
559.929199       986.4742431641
560.273376       866.9016113281
560.617676       901.3937377930
560.961792       871.5005493164
561.305908       908.2921142578
561.649963       931.2868652344
561.994019       908.2921142578
562.338074       917.4900512695
562.682007       839.3079223633
563.025879       993.3726806641
563.369751       915.1905517578
563.713623       882.9979248047
564.057373       922.0889892578
564.401123       903.6931762695
564.744873       963.4794921875
565.088501       926.6879272461
565.432129       961.1800537109
565.775635       915.1905517578
566.119263       871.5005493164
566.462769       892.1958007813
566.806152       933.5863647461
567.149597       908.2921142578
567.492920       922.0889892578
567.836243       823.2116088867
568.179504       915.1905517578
568.522827       928.9874267578
568.866028       972.6774291992
569.209106       938.1853027344
569.552307       846.2063598633
569.895325       926.6879272461
570.238403       942.7842407227
570.581299       928.9874267578
570.924255       814.0137329102
571.267212       926.6879272461
571.609985       853.1047363281
571.952881       864.6021118164
572.295593       919.7894897461
572.638367       926.6879272461
572.981079       931.2868652344
573.323730       887.5968627930
573.666260       864.6021118164
574.008850       880.6984252930
574.351440       977.2763671875
574.693848       910.5916137695
575.036255       862.3026733398
575.378723       908.2921142578
575.721008       942.7842407227
576.063354       899.0942382813
576.405579       880.6984252930
576.747803       827.8105468750
577.090027       977.2763671875
577.432129       850.8052978516
577.774231       968.0784301758
578.116272       873.8000488281
578.458313       871.5005493164
578.800232       869.2011108398
579.142212       931.2868652344
579.484070       961.1800537109
579.825928       869.2011108398
580.167725       945.0837402344
580.509460       924.3884277344
580.851196       866.9016113281
581.192810       940.4847412109
581.534485       869.2011108398
581.876099       901.3937377930
582.217590       860.0031738281
582.559143       894.4953002930
582.900574       919.7894897461
583.242004       896.7947387695
583.583313       876.0994873047
583.924683       887.5968627930
584.265991       892.1958007813
584.607239       878.3989868164
584.948425       816.3131713867
585.289551       860.0031738281
585.630737       915.1905517578
585.971802       846.2063598633
586.312805       825.5111083984
586.653870       889.8963623047
586.994751       901.3937377930
587.335693       896.7947387695
587.676453       956.5810546875
588.017334       855.4042358398
588.358154       905.9926757813
588.698853       947.3831787109
589.039551       905.9926757813
589.380188       873.8000488281
589.720825       924.3884277344
590.061340       892.1958007813
590.401917       926.6879272461
590.742432       915.1905517578
591.082825       837.0084228516
591.423218       915.1905517578
591.763550       830.1100463867
592.103882       896.7947387695
592.444092       903.6931762695
592.784363       811.7142333984
593.124512       926.6879272461
593.464600       864.6021118164
593.804749       910.5916137695
594.144775       825.5111083984
594.484802       910.5916137695
594.824829       841.6074218750
595.164734       882.9979248047
595.504578       908.2921142578
595.844360       830.1100463867
596.184204       903.6931762695
596.523926       857.7037353516
596.863647       940.4847412109
597.203369       915.1905517578
597.542969       919.7894897461
597.882507       892.1958007813
598.222046       896.7947387695
598.561584       903.6931762695
598.901001       894.4953002930
599.240417       931.2868652344
599.579834       899.0942382813
599.919067       924.3884277344
600.258423       873.8000488281
600.597595       880.6984252930
600.936829       848.5057983398
601.276001       942.7842407227
601.615051       855.4042358398
601.954163       892.1958007813
602.293091       876.0994873047
602.632141       839.3079223633
602.971069       901.3937377930
603.309998       873.8000488281
603.648865       922.0889892578
603.987610      1018.6668701172
604.326416       951.9821166992
604.665100       869.2011108398
605.003845       866.9016113281
605.342407       917.4900512695
605.680969       931.2868652344
606.019592       915.1905517578
606.358093       915.1905517578
606.696533       935.8858032227
607.034973       894.4953002930
607.373291       919.7894897461
607.711609       915.1905517578
608.049927       951.9821166992
608.388245       862.3026733398
608.726379       938.1853027344
609.064575       924.3884277344
609.402710       860.0031738281
609.740723       986.4742431641
610.078796       896.7947387695
610.416748       915.1905517578
610.754761       961.1800537109
611.092590       935.8858032227
611.430481       834.7089843750
611.768311       896.7947387695
612.106018       981.8753051758
612.443787       924.3884277344
612.781494       871.5005493164
613.119141       823.2116088867
613.456726       843.9068603516
613.794250       880.6984252930
614.131775       988.7737426758
614.469299       827.8105468750
614.806763       846.2063598633
615.144043       901.3937377930
615.481384       910.5916137695
615.818726       848.5057983398
616.156006       912.8911132813
616.493225       896.7947387695
616.830322       912.8911132813
617.167480       935.8858032227
617.504578       896.7947387695
617.841614       910.5916137695
618.178528       901.3937377930
618.515503       871.5005493164
618.852478       905.9926757813
619.189270       857.7037353516
619.526184       892.1958007813
619.862854       951.9821166992
620.199646       928.9874267578
620.536316       839.3079223633
620.872986       905.9926757813
621.209595       912.8911132813
621.546143       903.6931762695
621.882629       910.5916137695
622.219116       956.5810546875
622.555542       892.1958007813
622.892029       871.5005493164
623.228333       933.5863647461
623.564636       997.9716186523
623.900818       903.6931762695
624.237061       979.5758056641
624.573242       910.5916137695
624.909363       896.7947387695
625.245483       961.1800537109
625.581482       901.3937377930
625.917480       922.0889892578
626.253418       933.5863647461
626.589355       945.0837402344
626.925171       894.4953002930
627.261047       905.9926757813
627.596863       908.2921142578
627.932556       977.2763671875
628.268250       882.9979248047
628.603882       912.8911132813
628.939514       940.4847412109
629.275024       876.0994873047
629.610596       876.0994873047
629.946045       917.4900512695
630.281494       880.6984252930
630.616882       873.8000488281
630.952209       949.6826782227
631.287537       887.5968627930
631.622803       968.0784301758
631.958008       912.8911132813
632.293213       908.2921142578
632.628296       823.2116088867
632.963379       866.9016113281
633.298401       876.0994873047
633.633423       896.7947387695
633.968384       954.2816162109
634.303284       873.8000488281
634.638123       905.9926757813
634.972900       926.6879272461
635.307739       951.9821166992
635.642456       894.4953002930
635.977112       892.1958007813
636.311829       878.3989868164
636.646362       885.2974243164
636.980957       908.2921142578
637.315430       928.9874267578
637.649963       892.1958007813
637.984436       864.6021118164
638.318726       892.1958007813
638.653137       938.1853027344
638.987366       940.4847412109
639.321655       915.1905517578
639.655823       935.8858032227
639.990051       869.2011108398
640.324158       942.7842407227
640.658203       878.3989868164
640.992249       901.3937377930
641.326172       869.2011108398
641.660156       919.7894897461
641.994019       862.3026733398
642.327942       926.6879272461
642.661804       947.3831787109
642.995483       860.0031738281
643.329224       908.2921142578
643.662964       970.3779296875
643.996582       903.6931762695
644.330200       970.3779296875
644.663696       924.3884277344
644.997253       882.9979248047
645.330688       846.2063598633
645.664124       949.6826782227
645.997437       885.2974243164
646.330811       869.2011108398
646.664124       880.6984252930
646.997375       935.8858032227
647.330566       972.6774291992
647.663696       977.2763671875
647.996826       820.9121093750
648.329895       954.2816162109
648.662903       841.6074218750
648.995911       915.1905517578
649.328796       935.8858032227
649.661682       940.4847412109
649.994568       885.2974243164
650.327393       864.6021118164
650.660095       901.3937377930
650.992859       894.4953002930
651.325500       903.6931762695
651.658142       866.9016113281
651.990723       885.2974243164
652.323242       910.5916137695
652.655762       958.8805541992
652.988220       965.7789916992
653.320618       917.4900512695
653.652954       919.7894897461
653.985291       935.8858032227
654.317566       972.6774291992
654.649780       924.3884277344
654.981995       958.8805541992
655.314148       866.9016113281
655.646240       896.7947387695
655.978271       908.2921142578
656.310303       899.0942382813
656.642273       903.6931762695
656.974182       892.1958007813
657.306091       945.0837402344
657.637939       873.8000488281
657.969666       892.1958007813
658.301453       954.2816162109
658.633179       993.3726806641
658.964844       894.4953002930
659.296448       928.9874267578
659.627991       882.9979248047
659.959534       954.2816162109
660.291016       885.2974243164
660.622437       954.2816162109
660.953796       917.4900512695
661.285156       892.1958007813
661.616516       981.8753051758
661.947754       901.3937377930
662.278931       910.5916137695
662.610107       910.5916137695
662.941284       919.7894897461
663.272339       940.4847412109
663.603394       882.9979248047
663.934387       839.3079223633
664.265320       949.6826782227
664.596252       869.2011108398
664.927063       848.5057983398
665.257935       864.6021118164
665.588684       922.0889892578
665.919434       869.2011108398
666.250061       857.7037353516
666.580688       968.0784301758
666.911316       908.2921142578
667.241821       974.9768676758
667.572327       940.4847412109
667.902832       830.1100463867
668.233276       871.5005493164
668.563660       887.5968627930
668.893982       887.5968627930
669.224243       931.2868652344
669.554504       869.2011108398
669.884705       949.6826782227
670.214844       938.1853027344
670.544922       896.7947387695
670.875000       905.9926757813
671.205078       841.6074218750
671.534973       903.6931762695
671.864929       896.7947387695
672.194824       905.9926757813
672.524658       931.2868652344
672.854431       917.4900512695
673.184204       869.2011108398
673.513916       905.9926757813
673.843567       933.5863647461
674.173218       965.7789916992
674.502747       922.0889892578
674.832275       919.7894897461
675.161804       880.6984252930
675.491211       862.3026733398
675.820679       880.6984252930
676.149963       857.7037353516
676.479248       894.4953002930
676.808533       933.5863647461
677.137756       876.0994873047
677.466919       889.8963623047
677.796021       910.5916137695
678.125122       949.6826782227
678.454163       857.7037353516
678.783142       882.9979248047
679.112122       894.4953002930
679.440979       827.8105468750
679.769897       878.3989868164
680.098694       956.5810546875
680.427490       940.4847412109
680.756165       912.8911132813
681.084900      2483.4316406250
681.413513       935.8858032227
681.742065       882.9979248047
682.070679       931.2868652344
682.399170       892.1958007813
682.727600       820.9121093750
683.056030       938.1853027344
683.384399       951.9821166992
683.712708       922.0889892578
684.040955       928.9874267578
684.369263       887.5968627930
684.697388       917.4900512695
685.025574       926.6879272461
685.353638       834.7089843750
685.681702       876.0994873047
686.009766       896.7947387695
686.337708       947.3831787109
686.665588       919.7894897461
686.993469       915.1905517578
687.321289       889.8963623047
687.649048       956.5810546875
687.976807       954.2816162109
688.304565       901.3937377930
688.632141       903.6931762695
688.959839       843.9068603516
689.287354       894.4953002930
689.614868       894.4953002930
689.942383       896.7947387695
690.269775       915.1905517578
690.597168       922.0889892578
690.924500       933.5863647461
691.251770       963.4794921875
691.578979       878.3989868164
691.906250       830.1100463867
692.233398       894.4953002930
692.560486       855.4042358398
692.887573       958.8805541992
693.214539       850.8052978516
693.541565       862.3026733398
693.868469       866.9016113281
694.195374       857.7037353516
694.522217       850.8052978516
694.849060       862.3026733398
695.175781       885.2974243164
695.502441       903.6931762695
695.829163       965.7789916992
696.155823       830.1100463867
696.482300       882.9979248047
696.808899       901.3937377930
697.135315       972.6774291992
697.461792       935.8858032227
697.788147       972.6774291992
698.114563       956.5810546875
698.440857       915.1905517578
698.767029       853.1047363281
699.093323       956.5810546875
699.419495       910.5916137695
699.745605       885.2974243164
700.071655       910.5916137695
700.397705       878.3989868164
700.723694       928.9874267578
701.049622      1002.5705566406
701.375549       908.2921142578
701.701355       892.1958007813
702.027222       882.9979248047
702.352905       901.3937377930
702.678711       968.0784301758
703.004395       915.1905517578
703.329956       889.8963623047
703.655579       864.6021118164
703.981018       956.5810546875
704.306580       977.2763671875
704.632080       931.2868652344
704.957397       931.2868652344
705.282776       926.6879272461
705.608093       830.1100463867
705.933350       889.8963623047
706.258545       894.4953002930
706.583740       908.2921142578
706.908875       949.6826782227
707.233948       882.9979248047
707.559021       926.6879272461
707.883972       832.4094848633
708.208984       896.7947387695
708.533813       873.8000488281
708.858704       880.6984252930
709.183533       876.0994873047
709.508240       931.2868652344
709.833008       940.4847412109
710.157654       903.6931762695
710.482300       876.0994873047
710.806885       866.9016113281
711.131409       878.3989868164
711.455933       864.6021118164
711.780334       882.9979248047
712.104797       963.4794921875
712.429138       915.1905517578
712.753479       979.5758056641
713.077759       912.8911132813
713.401917       848.5057983398
713.726135       935.8858032227
714.050232       848.5057983398
714.374329       841.6074218750
714.698364       915.1905517578
715.022339       908.2921142578
715.346313       887.5968627930
715.670166       848.5057983398
715.994080       896.7947387695
716.317871       958.8805541992
716.641663       910.5916137695
716.965393       896.7947387695
717.289001       933.5863647461
717.612732       910.5916137695
717.936279       837.0084228516
718.259827       905.9926757813
718.583313       912.8911132813
718.906738       928.9874267578
719.230225       864.6021118164
719.553528       903.6931762695
719.876892       910.5916137695
720.200134       882.9979248047
720.523315       892.1958007813
720.846497       841.6074218750
721.169617       832.4094848633
721.492737       878.3989868164
721.815735       935.8858032227
722.138733       924.3884277344
722.461670       892.1958007813
722.784607       988.7737426758
723.107544       917.4900512695
723.430298       876.0994873047
723.753113       915.1905517578
724.075745       901.3937377930
724.398438       901.3937377930
724.721008       924.3884277344
725.043640       940.4847412109
725.366211       843.9068603516
725.688660       899.0942382813
726.011169       878.3989868164
726.333496       860.0031738281
726.655884       880.6984252930
726.978149       899.0942382813
727.300476       880.6984252930
727.622681       901.3937377930
727.944824       894.4953002930
728.266968       864.6021118164
728.589050       882.9979248047
728.911133       928.9874267578
729.233032       889.8963623047
729.554993       887.5968627930
729.876953       885.2974243164
730.198792       892.1958007813
730.520569       912.8911132813
730.842346       931.2868652344
731.164063       896.7947387695
731.485718       958.8805541992
731.807373       974.9768676758
732.128967       928.9874267578
732.450439       880.6984252930
732.771973       892.1958007813
733.093323       816.3131713867
733.414795       860.0031738281
733.736145       887.5968627930
734.057373       892.1958007813
734.378662       837.0084228516
734.699890       908.2921142578
735.021057       926.6879272461
735.342163       928.9874267578
735.663269       876.0994873047
735.984314       935.8858032227
736.305237       887.5968627930
736.626160       917.4900512695
736.947083       908.2921142578
737.267883       901.3937377930
737.588745       889.8963623047
737.909485       876.0994873047
738.230225       922.0889892578
738.550781       876.0994873047
738.871460       885.2974243164
739.192017       896.7947387695
739.512573       903.6931762695
739.833069       905.9926757813
740.153442       928.9874267578
740.473877       903.6931762695
740.794128       905.9926757813
741.114441       882.9979248047
741.434692       869.2011108398
741.754883       887.5968627930
742.075073       896.7947387695
742.395142       919.7894897461
742.715210       864.6021118164
743.035217       887.5968627930
743.355225       945.0837402344
743.675049       940.4847412109
743.994995       935.8858032227
744.314880       970.3779296875
744.634583       984.1747436523
744.954407       869.2011108398
745.273987       917.4900512695
745.593689       915.1905517578
745.913330       910.5916137695
746.232849       908.2921142578
746.552368       938.1853027344
746.871826       864.6021118164
747.191223       928.9874267578
747.510559       896.7947387695
747.829956       970.3779296875
748.149231       887.5968627930
748.468384       892.1958007813
748.787659       878.3989868164
749.106750       871.5005493164
749.425842       882.9979248047
749.744873       910.5916137695
750.063904       915.1905517578
750.382874       848.5057983398
750.701721       954.2816162109
751.020630       850.8052978516
751.339417       866.9016113281
751.658203       889.8963623047
751.976990       922.0889892578
752.295593       917.4900512695
752.614258       899.0942382813
752.932800       871.5005493164
753.251404       857.7037353516
753.569824       931.2868652344
753.888306       940.4847412109
754.206726       926.6879272461
754.525024       926.6879272461
754.843323       899.0942382813
755.161621       839.3079223633
755.479797       931.2868652344
755.797974       862.3026733398
756.116089       899.0942382813
756.434204       935.8858032227
756.752197       910.5916137695
757.070190       931.2868652344
757.388123       910.5916137695
757.705994       878.3989868164
758.023865       951.9821166992
758.341675       839.3079223633
758.659363       928.9874267578
758.977112       922.0889892578
759.294739       912.8911132813
759.612305       846.2063598633
759.929932       938.1853027344
760.247498       912.8911132813
760.564880       905.9926757813
760.882385       903.6931762695
761.199707       903.6931762695
761.517090       899.0942382813
761.834290       853.1047363281
762.151611       917.4900512695
762.468811       887.5968627930
762.785889       807.1152954102
763.103027       949.6826782227
763.420044       947.3831787109
763.737061       945.0837402344
764.054077       908.2921142578
764.370972       882.9979248047
764.687805       910.5916137695
765.004639       853.1047363281
765.321411       924.3884277344
765.638123       853.1047363281
765.954834       885.2974243164
766.271484       935.8858032227
766.588074       910.5916137695
766.904602       958.8805541992
767.221069       880.6984252930
767.537537       860.0031738281
767.853882       885.2974243164
768.170288       885.2974243164
768.486572       926.6879272461
768.802856       924.3884277344
769.119080       899.0942382813
769.435181       915.1905517578
769.751343       912.8911132813
770.067322       910.5916137695
770.383423       873.8000488281
770.699402      1007.1694946289
771.015320       841.6074218750
771.331238       873.8000488281
771.647095       905.9926757813
771.962891       938.1853027344
772.278625       942.7842407227
772.594299       922.0889892578
772.909973       933.5863647461
773.225586       905.9926757813
773.541138       841.6074218750
773.856567       853.1047363281
774.172119       905.9926757813
774.487549       901.3937377930
774.802856       862.3026733398
775.118286       830.1100463867
775.433472       968.0784301758
775.748718       885.2974243164
776.063904       889.8963623047
776.379028       908.2921142578
776.694153       894.4953002930
777.009155       873.8000488281
777.324158       919.7894897461
777.639099       915.1905517578
777.954041       947.3831787109
778.268921       892.1958007813
778.583740       896.7947387695
778.898499       853.1047363281
779.213196       901.3937377930
779.527832       866.9016113281
779.842468       871.5005493164
780.157043       970.3779296875
780.471619       899.0942382813
780.786072       818.6126708984
781.100525       850.8052978516
781.414856       949.6826782227
781.729248       945.0837402344
782.043457       816.3131713867
782.357788       912.8911132813
782.671997       940.4847412109
782.986084       816.3131713867
783.300293       912.8911132813
783.614258       926.6879272461
783.928345       926.6879272461
784.242249       931.2868652344
784.556213       866.9016113281
784.870117       912.8911132813
785.183899       954.2816162109
785.497681       889.8963623047
785.811340       951.9821166992
786.125061       912.8911132813
786.438721       889.8963623047
786.752258       887.5968627930
787.065857       850.8052978516
787.379333       963.4794921875
787.692810       880.6984252930
788.006165       910.5916137695
788.319519       924.3884277344
788.632874       841.6074218750
788.946106       878.3989868164
789.259338       823.2116088867
789.572449       834.7089843750
789.885559       933.5863647461
790.198608       880.6984252930
790.511719       876.0994873047
790.824707       873.8000488281
791.137573       864.6021118164
791.450500       901.3937377930
791.763306       942.7842407227
792.076111       915.1905517578
792.388855       908.2921142578
792.701538       894.4953002930
793.014221       947.3831787109
793.326782       834.7089843750
793.639343       901.3937377930
793.951843       871.5005493164
794.264282       853.1047363281
794.576721       931.2868652344
794.889099       869.2011108398
795.201416       901.3937377930
795.513611       848.5057983398
795.825867       885.2974243164
796.138000       972.6774291992
796.450195       804.8157958984
796.762268       894.4953002930
797.074280       931.2868652344
797.386292       882.9979248047
797.698181       871.5005493164
798.010071       894.4953002930
798.321960       873.8000488281
798.633728       894.4953002930
798.945496       905.9926757813
799.257202       882.9979248047
799.568787       887.5968627930
799.880432       869.2011108398
800.192017       912.8911132813
800.503540       942.7842407227
800.815002       846.2063598633
801.126404       866.9016113281
801.437744       827.8105468750
801.749084       926.6879272461
802.060364       910.5916137695
802.371582       818.6126708984
802.682800       885.2974243164
802.993835       896.7947387695
803.304993       843.9068603516
803.615967       786.4200439453
803.927002       954.2816162109
804.237976       915.1905517578
804.548828       843.9068603516
804.859741       853.1047363281
805.170471       933.5863647461
805.481201       846.2063598633
805.791931       917.4900512695
806.102600       848.5057983398
806.413208       880.6984252930
806.723755       924.3884277344
807.034241       853.1047363281
807.344727       869.2011108398
807.655151       843.9068603516
807.965515       887.5968627930
808.275879       878.3989868164
808.586182       894.4953002930
808.896362       830.1100463867
809.206604       901.3937377930
809.516663       905.9926757813
809.826782       823.2116088867
810.136780       866.9016113281
810.446777       940.4847412109
810.756775       922.0889892578
811.066650       887.5968627930
811.376465       864.6021118164
811.686279       885.2974243164
811.996033      1009.4689941406
812.305786       940.4847412109
812.615417       860.0031738281
812.924988       951.9821166992
813.234558       832.4094848633
813.544128       880.6984252930
813.853516       896.7947387695
814.162964       876.0994873047
814.472351       889.8963623047
814.781616       860.0031738281
815.090942       885.2974243164
815.400146       843.9068603516
815.709351       949.6826782227
816.018433       922.0889892578
816.327515       917.4900512695
816.636597       860.0031738281
816.945557       910.5916137695
817.254578       935.8858032227
817.563416       850.8052978516
817.872253       910.5916137695
818.181091       965.7789916992
818.489807       873.8000488281
818.798523       894.4953002930
819.107178       892.1958007813
819.415833       880.6984252930
819.724365       843.9068603516
820.032837       869.2011108398
820.341370       919.7894897461
820.649719       912.8911132813
820.958130       832.4094848633
821.266357       931.2868652344
821.574707       968.0784301758
821.882874       903.6931762695
822.191040       963.4794921875
822.499207       935.8858032227
822.807251       949.6826782227
823.115356       832.4094848633
823.423279       922.0889892578
823.731262       850.8052978516
824.039124       899.0942382813
824.346985       843.9068603516
824.654846       963.4794921875
824.962524       894.4953002930
825.270264       926.6879272461
825.577820       896.7947387695
825.885437       938.1853027344
826.193054       924.3884277344
826.500488       931.2868652344
826.807983       869.2011108398
827.115356       935.8858032227
827.422729       889.8963623047
827.729980       905.9926757813
828.037292       938.1853027344
828.344543       864.6021118164
828.651733       915.1905517578
828.958862       908.2921142578
829.265869       892.1958007813
829.572937       855.4042358398
829.879883       885.2974243164
830.186829       830.1100463867
830.493713       853.1047363281
830.800537       919.7894897461
831.107361       878.3989868164
831.414063       931.2868652344
831.720764       993.3726806641
832.027405       880.6984252930
832.333984       850.8052978516
832.640564       903.6931762695
832.947021       869.2011108398
833.253479       866.9016113281
833.559814       995.6721191406
833.866211       857.7037353516
834.172546       860.0031738281
834.478760       866.9016113281
834.784973       860.0031738281
835.091125       926.6879272461
835.397278       889.8963623047
835.703247       910.5916137695
836.009277       866.9016113281
836.315247       878.3989868164
836.621155       908.2921142578
836.927063       924.3884277344
837.232849       860.0031738281
837.538635       945.0837402344
837.844421       905.9926757813
838.150085       869.2011108398
838.455688       860.0031738281
838.761292       922.0889892578
839.066833       892.1958007813
839.372253       832.4094848633
839.677734       945.0837402344
839.983093       878.3989868164
840.288391       926.6879272461
840.593689       864.6021118164
840.898926       882.9979248047
841.204102       857.7037353516
841.509277       850.8052978516
841.814392       908.2921142578
842.119446       880.6984252930
842.424438       977.2763671875
842.729370       908.2921142578
843.034241       926.6879272461
843.339111       894.4953002930
843.643982       949.6826782227
843.948669       933.5863647461
844.253479       947.3831787109
844.558105       871.5005493164
844.862671       873.8000488281
845.167236       896.7947387695
845.471741       908.2921142578
845.776245       903.6931762695
846.080627       869.2011108398
846.385071       984.1747436523
846.689331       949.6826782227
846.993591       928.9874267578
847.297791       841.6074218750
847.601990       848.5057983398
847.906128       917.4900512695
848.210205       871.5005493164
848.514282       894.4953002930
848.818237       885.2974243164
849.122131       850.8052978516
849.426025       903.6931762695
849.729919       926.6879272461
850.033691       894.4953002930
850.337402       899.0942382813
850.641113       834.7089843750
850.944702       825.5111083984
851.248352       882.9979248047
851.551941       910.5916137695
851.855347       935.8858032227
852.158813       903.6931762695
852.462219       857.7037353516
852.765564       924.3884277344
853.068848       866.9016113281
853.372070       885.2974243164
853.675354       885.2974243164
853.978455       899.0942382813
854.281555       818.6126708984
854.584656       873.8000488281
854.887634       940.4847412109
855.190552       924.3884277344
855.493530       880.6984252930
855.796387       935.8858032227
856.099182       860.0031738281
856.401978       880.6984252930
856.704651       899.0942382813
857.007324       968.0784301758
857.309998       880.6984252930
857.612549       795.6179199219
857.915100       903.6931762695
858.217529       857.7037353516
858.519958       855.4042358398
858.822266       878.3989868164
859.124634       885.2974243164
859.426941       949.6826782227
859.729187       880.6984252930
860.031372       903.6931762695
860.333435       871.5005493164
860.635559       917.4900512695
860.937622       834.7089843750
861.239563       912.8911132813
861.541504       864.6021118164
861.843384       878.3989868164
862.145264       882.9979248047
862.446960       887.5968627930
862.748779       853.1047363281
863.050476       933.5863647461
863.352051       873.8000488281
863.653748       837.0084228516
863.955200       880.6984252930
864.256714       919.7894897461
864.558167       910.5916137695
864.859619       903.6931762695
865.160950       887.5968627930
865.462219       894.4953002930
865.763489       997.9716186523
866.064697       871.5005493164
866.365845       864.6021118164
866.666931       899.0942382813
866.967957       873.8000488281
867.269043       933.5863647461
867.570007       880.6984252930
867.870911       869.2011108398
868.171692       882.9979248047
868.472595       860.0031738281
868.773254       850.8052978516
869.074036       889.8963623047
869.374695       860.0031738281
869.675293       903.6931762695
869.975891       871.5005493164
870.276367       931.2868652344
870.576843       903.6931762695
870.877319       889.8963623047
871.177612       903.6931762695
871.477966       880.6984252930
871.778198       935.8858032227
872.078491       908.2921142578
872.378601       901.3937377930
872.678711       905.9926757813
872.978882       917.4900512695
873.278870       818.6126708984
873.578857       945.0837402344
873.878784       928.9874267578
874.178650       887.5968627930
874.478394       866.9016113281
874.778259       924.3884277344
875.078003       848.5057983398
875.377625       839.3079223633
875.677307       905.9926757813
875.976868       915.1905517578
876.276428       928.9874267578
876.575928       940.4847412109
876.875366       963.4794921875
877.174744       942.7842407227
877.474060       947.3831787109
877.773376       832.4094848633
878.072571       871.5005493164
878.371826       878.3989868164
878.670959       837.0084228516
878.970032       850.8052978516
879.269043       832.4094848633
879.567993       924.3884277344
879.867004       931.2868652344
880.165894       899.0942382813
880.464722       843.9068603516
880.763550       882.9979248047
881.062256       871.5005493164
881.361023       889.8963623047
881.659607       876.0994873047
881.958252       892.1958007813
882.256836       924.3884277344
882.555298       905.9926757813
882.853760       848.5057983398
883.152100       894.4953002930
883.450500       928.9874267578
883.748779       919.7894897461
884.047058       885.2974243164
884.345276       912.8911132813
884.643372       873.8000488281
884.941528       912.8911132813
885.239502       885.2974243164
885.537598       880.6984252930
885.835510       956.5810546875
886.133423       855.4042358398
886.431335       825.5111083984
886.729065       901.3937377930
887.026855       866.9016113281
887.324524       837.0084228516
887.622253       853.1047363281
887.919800       866.9016113281
888.217407       855.4042358398
888.514954       903.6931762695
888.812317       931.2868652344
889.109802       908.2921142578
889.407166       892.1958007813
889.704407       843.9068603516
890.001770       878.3989868164
890.298889       926.6879272461
890.596130       947.3831787109
890.893188       885.2974243164
891.190308       956.5810546875
891.487244       912.8911132813
