0.012900
191.033081         0.0000000000
191.409973         0.0000000000
191.786819       876.1239624023
192.163651       890.0675659180
192.540451       848.2366943359
192.917221       841.2648925781
193.293961       897.0393676758
193.670670       857.5324707031
194.047348       880.7718505859
194.423981       931.8984375000
194.800613       908.6590576172
195.177200       934.2223510742
195.553757       976.0532226563
195.930283       878.4478759766
196.306778       957.4617309570
196.683258       924.9266357422
197.059677      1027.1798095703
197.436081      1057.3909912109
197.812454       924.9266357422
198.188812      1006.2644042969
198.565125       950.4899291992
198.941406       980.7011108398
199.317673       950.4899291992
199.693893       906.3351440430
200.070099       908.6590576172
200.446259       976.0532226563
200.822388       934.2223510742
201.198486       952.8138427734
201.574570       948.1659545898
201.950607       864.5042724609
202.326614       834.2930908203
202.702606       876.1239624023
203.078568       850.5606689453
203.454483       938.8702392578
203.830383       929.5744628906
204.206253       966.7574462891
204.582077       857.5324707031
204.957870       904.0111694336
205.333633       859.8563842773
205.709396       885.4196777344
206.085098       936.5463256836
206.460785       927.2505493164
206.836426       945.8420410156
207.212051       908.6590576172
207.587646       910.9829711914
207.963196       948.1659545898
208.338730       901.6872558594
208.714218       915.6308593750
209.089691       887.7436523438
209.465134       862.1803588867
209.840530       880.7718505859
210.215897       864.5042724609
210.591263       855.2085571289
210.966583       843.5888671875
211.341858       857.5324707031
211.717102       906.3351440430
212.092331       945.8420410156
212.467529       959.7856445313
212.842697       955.1378173828
213.217819       962.1096191406
213.592926       929.5744628906
213.968002       917.9548339844
214.343018       910.9829711914
214.718033       931.8984375000
215.093018       959.7856445313
215.467972       924.9266357422
215.842880       892.3914794922
216.217773       957.4617309570
216.592636       959.7856445313
216.967453       873.8000488281
217.342255       897.0393676758
217.717026       915.6308593750
218.091766       959.7856445313
218.466446       852.8845825195
218.841125       915.6308593750
219.215759       927.2505493164
219.590378       906.3351440430
219.964966       910.9829711914
220.339508       976.0532226563
220.714020       841.2648925781
221.088516       864.5042724609
221.462967       955.1378173828
221.837402       885.4196777344
222.211792       927.2505493164
222.586166       904.0111694336
222.960510       843.5888671875
223.334793       945.8420410156
223.709061       936.5463256836
224.083313       838.9409790039
224.457520       924.9266357422
224.831696       894.7154541016
225.205856       887.7436523438
225.579987       901.6872558594
225.954056       941.1941528320
226.328110       873.8000488281
226.702148       901.6872558594
227.076126       915.6308593750
227.450104       869.1521606445
227.824036       924.9266357422
228.197937       948.1659545898
228.571823       829.6452026367
228.945648       948.1659545898
229.319473       834.2930908203
229.693237       878.4478759766
230.066986       857.5324707031
230.440704       862.1803588867
230.814392       866.8281860352
231.188034       936.5463256836
231.561661       936.5463256836
231.935257       908.6590576172
232.308823       952.8138427734
232.682343       892.3914794922
233.055847       871.4760742188
233.429321       878.4478759766
233.802750       929.5744628906
234.176147       904.0111694336
234.549530       915.6308593750
234.922882       966.7574462891
235.296188       929.5744628906
235.669464       913.3069458008
236.042725       857.5324707031
236.415924       873.8000488281
236.789139       915.6308593750
237.162292       901.6872558594
237.535416       938.8702392578
237.908508       899.3633422852
238.281570       897.0393676758
238.654617       871.4760742188
239.027618       917.9548339844
239.400574       908.6590576172
239.773514       887.7436523438
240.146423       864.5042724609
240.519302       797.1101074219
240.892136       873.8000488281
241.264969       899.3633422852
241.637726       780.8425903320
242.010498       948.1659545898
242.383209       871.4760742188
242.755905       929.5744628906
243.128555       920.2787475586
243.501190       873.8000488281
243.873779       850.5606689453
244.246353       850.5606689453
244.618866       857.5324707031
244.991379       910.9829711914
245.363861       862.1803588867
245.736282       908.6590576172
246.108688       887.7436523438
246.481079       899.3633422852
246.853409       945.8420410156
247.225723       913.3069458008
247.598007       915.6308593750
247.970261       869.1521606445
248.342468       843.5888671875
248.714645       880.7718505859
249.086823       878.4478759766
249.458954       904.0111694336
249.831024       966.7574462891
250.203094       927.2505493164
250.575134       883.0957641602
250.947113       924.9266357422
251.319092       924.9266357422
251.691025       906.3351440430
252.062912       869.1521606445
252.434784       910.9829711914
252.806641       845.9127807617
253.178452       901.6872558594
253.550232       876.1239624023
253.921967       976.0532226563
254.293686       948.1659545898
254.665359       996.9686279297
255.037003       883.0957641602
255.408630       866.8281860352
255.780228       927.2505493164
256.151764       945.8420410156
256.523285       996.9686279297
256.894806       920.2787475586
257.266235       883.0957641602
257.637695       880.7718505859
258.009064       869.1521606445
258.380432       901.6872558594
258.751770       948.1659545898
259.123077       864.5042724609
259.494385       922.6026611328
259.865601       897.0393676758
260.236816       887.7436523438
260.607941       936.5463256836
260.979126       906.3351440430
261.350220       883.0957641602
261.721344       910.9829711914
262.092346       862.1803588867
262.463379       890.0675659180
262.834351       866.8281860352
263.205292       901.6872558594
263.576233       878.4478759766
263.947144       894.7154541016
264.317993       922.6026611328
264.688812       931.8984375000
265.059631       924.9266357422
265.430359       915.6308593750
265.801117       894.7154541016
266.171783       897.0393676758
266.542450       931.8984375000
266.913086       876.1239624023
267.283691       885.4196777344
267.654266       927.2505493164
268.024811       897.0393676758
268.395325       915.6308593750
268.765778       931.8984375000
269.136230       878.4478759766
269.506653       904.0111694336
269.877045       906.3351440430
270.247375       920.2787475586
270.617676       964.4335327148
270.987946       915.6308593750
271.358246       852.8845825195
271.728424       922.6026611328
272.098633       952.8138427734
272.468781       899.3633422852
272.838867       913.3069458008
273.209015       929.5744628906
273.579041       929.5744628906
273.949066       929.5744628906
274.319061       950.4899291992
274.689056       908.6590576172
275.058960       885.4196777344
275.428864       848.2366943359
275.798737       906.3351440430
276.168579       876.1239624023
276.538361       955.1378173828
276.908142       852.8845825195
277.277832       989.9968261719
277.647583       910.9829711914
278.017242       917.9548339844
278.386902       927.2505493164
278.756500       936.5463256836
279.126038       952.8138427734
279.495636       920.2787475586
279.865143       910.9829711914
280.234619       904.0111694336
280.604065       887.7436523438
280.973450       943.5181274414
281.342834       871.4760742188
281.712189       887.7436523438
282.081512       892.3914794922
282.450836       948.1659545898
282.820038       910.9829711914
283.189270       913.3069458008
283.558502       915.6308593750
283.927612       897.0393676758
284.296722       897.0393676758
284.665863       952.8138427734
285.034912       845.9127807617
285.403931       924.9266357422
285.772919       915.6308593750
286.141876       838.9409790039
286.510834       943.5181274414
286.879730       876.1239624023
287.248596       959.7856445313
287.617401       864.5042724609
287.986206       922.6026611328
288.354950       952.8138427734
288.723724       906.3351440430
289.092407       857.5324707031
289.461060       955.1378173828
289.829742       913.3069458008
290.198334       904.0111694336
290.566925       934.2223510742
290.935455       920.2787475586
291.303925       955.1378173828
291.672394       864.5042724609
292.040894       887.7436523438
292.409271       864.5042724609
292.777679       908.6590576172
293.145996       917.9548339844
293.514313       915.6308593750
293.882599       878.4478759766
294.250824       892.3914794922
294.619049       906.3351440430
294.987244       962.1096191406
295.355377       876.1239624023
295.723480       878.4478759766
296.091614       908.6590576172
296.459625       913.3069458008
296.827667       885.4196777344
297.195648       910.9829711914
297.563599       887.7436523438
297.931488       957.4617309570
298.299408       871.4760742188
298.667267       929.5744628906
299.035095       973.7292480469
299.402893       857.5324707031
299.770599       969.0814208984
300.138367       904.0111694336
300.506042       920.2787475586
300.873718       831.9691772461
301.241333       829.6452026367
301.608917       920.2787475586
301.976471       936.5463256836
302.344025       959.7856445313
302.711487       887.7436523438
303.078979       959.7856445313
303.446411       890.0675659180
303.813782       941.1941528320
304.181183       959.7856445313
304.548492       894.7154541016
304.915771       901.6872558594
305.283051       859.8563842773
305.650299       838.9409790039
306.017456       910.9829711914
306.384644       934.2223510742
306.751770       901.6872558594
307.118896       950.4899291992
307.485962       950.4899291992
307.852966       887.7436523438
308.219971       818.0255737305
308.586945       936.5463256836
308.953888       841.2648925781
309.320801       848.2366943359
309.687653       959.7856445313
310.054504       852.8845825195
310.421326       915.6308593750
310.788086       920.2787475586
311.154846       955.1378173828
311.521515       908.6590576172
311.888184       904.0111694336
312.254822       969.0814208984
312.621429       876.1239624023
312.988007       908.6590576172
313.354553       920.2787475586
313.721039       866.8281860352
314.087494       906.3351440430
314.453949       936.5463256836
314.820343       915.6308593750
315.186737       950.4899291992
315.553101       901.6872558594
315.919373       931.8984375000
316.285645       948.1659545898
316.651886       920.2787475586
317.018066       904.0111694336
317.384308       936.5463256836
317.750427       880.7718505859
318.116516       927.2505493164
318.482574       917.9548339844
318.848633       915.6308593750
319.214661       876.1239624023
319.580627       883.0957641602
319.946564       897.0393676758
320.312439       955.1378173828
320.678314       876.1239624023
321.044159       883.0957641602
321.410004       873.8000488281
321.775757       899.3633422852
322.141510       973.7292480469
322.507202       873.8000488281
322.872894       869.1521606445
323.238525       908.6590576172
323.604156       880.7718505859
323.969696       950.4899291992
324.335266       901.6872558594
324.700745       910.9829711914
325.066223       873.8000488281
325.431702       897.0393676758
325.797089       931.8984375000
326.162445       915.6308593750
326.527802       929.5744628906
326.893097       876.1239624023
327.258362       859.8563842773
327.623657       857.5324707031
327.988861       890.0675659180
328.353973       941.1941528320
328.719116       917.9548339844
329.084259       876.1239624023
329.449341       913.3069458008
329.814392       929.5744628906
330.179352       904.0111694336
330.544312       894.7154541016
330.909241       885.4196777344
331.274170       908.6590576172
331.639069       883.0957641602
332.003906       866.8281860352
332.368713       910.9829711914
332.733459       945.8420410156
333.098206       876.1239624023
333.462921       934.2223510742
333.827606       920.2787475586
334.192230       966.7574462891
334.556824       910.9829711914
334.921356      1001.6165161133
335.285919       927.2505493164
335.650452       959.7856445313
336.014893       890.0675659180
336.379333       878.4478759766
336.743744       880.7718505859
337.108124       897.0393676758
337.472443       917.9548339844
337.836731       864.5042724609
338.201019       917.9548339844
338.565247       927.2505493164
338.929413       948.1659545898
339.293579       936.5463256836
339.657776       838.9409790039
340.021851       934.2223510742
340.385895       883.0957641602
340.749908       931.8984375000
341.113922       901.6872558594
341.477875       929.5744628906
341.841827       936.5463256836
342.205688       904.0111694336
342.569580       959.7856445313
342.933380       883.0957641602
343.297211       936.5463256836
343.660950       927.2505493164
344.024658       936.5463256836
344.388367       920.2787475586
344.752014       894.7154541016
345.115601       913.3069458008
345.479218       915.6308593750
345.842804       894.7154541016
346.206299       917.9548339844
346.569763       950.4899291992
346.933228       987.6729125977
347.296661       922.6026611328
347.660034       901.6872558594
348.023407       834.2930908203
348.386719       938.8702392578
348.750000       929.5744628906
349.113220       948.1659545898
349.476471       913.3069458008
349.839661       934.2223510742
350.202820       859.8563842773
350.565887       920.2787475586
350.928955       941.1941528320
351.292023       892.3914794922
351.655029       955.1378173828
352.018036       876.1239624023
352.380981       894.7154541016
352.743866       822.6734008789
353.106720       924.9266357422
353.469574       897.0393676758
353.832397       878.4478759766
354.195160       850.5606689453
354.557892       906.3351440430
354.920593       924.9266357422
355.283234       941.1941528320
355.645905       857.5324707031
356.008514       890.0675659180
356.371094       897.0393676758
356.733612       936.5463256836
357.096100       880.7718505859
357.458588       920.2787475586
357.820984       878.4478759766
358.183411       910.9829711914
358.545746       852.8845825195
358.908081       924.9266357422
359.270355       906.3351440430
359.632629       883.0957641602
359.994873       876.1239624023
360.357056       841.2648925781
360.719208       904.0111694336
361.081329       878.4478759766
361.443420       815.7015991211
361.805481       897.0393676758
362.167511       873.8000488281
362.529480       913.3069458008
362.891418       876.1239624023
363.253326       910.9829711914
363.615234       950.4899291992
363.977081       899.3633422852
364.338867       927.2505493164
364.700653       924.9266357422
365.062378       938.8702392578
365.424103       869.1521606445
365.785767       943.5181274414
366.147430       936.5463256836
366.509033       866.8281860352
366.870605       831.9691772461
367.232117       890.0675659180
367.593628       915.6308593750
367.955109       908.6590576172
368.316559       864.5042724609
368.677917       913.3069458008
369.039307       976.0532226563
369.400635       897.0393676758
369.761902       915.6308593750
370.123199       887.7436523438
370.484436       878.4478759766
370.845581       878.4478759766
371.206726       913.3069458008
371.567871       948.1659545898
371.928955       904.0111694336
372.290039       862.1803588867
372.651062       915.6308593750
373.011993       892.3914794922
373.372955       904.0111694336
373.733887       876.1239624023
374.094788       913.3069458008
374.455627       899.3633422852
374.816406       908.6590576172
375.177185       878.4478759766
375.537903       794.7861938477
375.898651       841.2648925781
376.259338       929.5744628906
376.619965       920.2787475586
376.980530       880.7718505859
377.341095       883.0957641602
377.701660       887.7436523438
378.062134       887.7436523438
378.422607       887.7436523438
378.783020       892.3914794922
379.143402       885.4196777344
379.503784       876.1239624023
379.864105       897.0393676758
380.224396       906.3351440430
380.584656       929.5744628906
380.944855       945.8420410156
381.305054       924.9266357422
381.665192       962.1096191406
382.025299       857.5324707031
382.385406       866.8281860352
382.745453       892.3914794922
383.105438       917.9548339844
383.465424       936.5463256836
383.825348       950.4899291992
384.185272       908.6590576172
384.545135       945.8420410156
384.904968       878.4478759766
385.264771       989.9968261719
385.624512       855.2085571289
385.984253       906.3351440430
386.343964       873.8000488281
386.703613       857.5324707031
387.063232       876.1239624023
387.422821       897.0393676758
387.782379       934.2223510742
388.141907       883.0957641602
388.501404       885.4196777344
388.860840       901.6872558594
389.220215       910.9829711914
389.579620       892.3914794922
389.938995       904.0111694336
390.298279       873.8000488281
390.657562       920.2787475586
391.016785       843.5888671875
391.376007       892.3914794922
391.735168       934.2223510742
392.094299       908.6590576172
392.453430       859.8563842773
392.812469       845.9127807617
393.171478       950.4899291992
393.530457       927.2505493164
393.889435       859.8563842773
394.248383       922.6026611328
394.607269       885.4196777344
394.966125       901.6872558594
395.324921       924.9266357422
395.683655       964.4335327148
396.042419       964.4335327148
396.401154       966.7574462891
396.759827       945.8420410156
397.118469       831.9691772461
397.477051       917.9548339844
397.835632       876.1239624023
398.194153       962.1096191406
398.552673       869.1521606445
398.911163       813.3776855469
399.269592       943.5181274414
399.627960       890.0675659180
399.986328       917.9548339844
400.344666       897.0393676758
400.702942       897.0393676758
401.061188       855.2085571289
401.419403       943.5181274414
401.777588       894.7154541016
402.135712       813.3776855469
402.493835       901.6872558594
402.851929       920.2787475586
403.209961       945.8420410156
403.567932       945.8420410156
403.925903       920.2787475586
404.283905       936.5463256836
404.641754       871.4760742188
404.999634       906.3351440430
405.357452       897.0393676758
405.715210       904.0111694336
406.072998       906.3351440430
406.430725       887.7436523438
406.788422       904.0111694336
407.146027       892.3914794922
407.503662       924.9266357422
407.861237       845.9127807617
408.218781       869.1521606445
408.576294       936.5463256836
408.933777       908.6590576172
409.291168       876.1239624023
409.648590       852.8845825195
410.005951       962.1096191406
410.363312       883.0957641602
410.720612       890.0675659180
411.077820       943.5181274414
411.435059       890.0675659180
411.792267       969.0814208984
412.149384       838.9409790039
412.506531       955.1378173828
412.863586       931.8984375000
413.220642       922.6026611328
413.577606       904.0111694336
413.934601       955.1378173828
414.291565       855.2085571289
414.648468       955.1378173828
415.005310       943.5181274414
415.362122       904.0111694336
415.718903       929.5744628906
416.075684       843.5888671875
416.432434       897.0393676758
416.789093       943.5181274414
417.145752       871.4760742188
417.502350       929.5744628906
417.858948       901.6872558594
418.215485       866.8281860352
418.571991       899.3633422852
418.928467       945.8420410156
419.284882       931.8984375000
419.641266       901.6872558594
419.997650       855.2085571289
420.354004       890.0675659180
420.710266       852.8845825195
421.066528       913.3069458008
421.422760       852.8845825195
421.778931       943.5181274414
422.135071       966.7574462891
422.491211       929.5744628906
422.847260       873.8000488281
423.203308       910.9829711914
423.559296       885.4196777344
423.915283       945.8420410156
424.271210       908.6590576172
424.627136       922.6026611328
424.982971       890.0675659180
425.338776       873.8000488281
425.694611       906.3351440430
426.050323       857.5324707031
426.406036       908.6590576172
426.761749       927.2505493164
427.117371       913.3069458008
427.472961       959.7856445313
427.828552       838.9409790039
428.184113       987.6729125977
428.539581       883.0957641602
428.895050       931.8984375000
429.250458       899.3633422852
429.605865       973.7292480469
429.961212       910.9829711914
430.316559       901.6872558594
430.671814       964.4335327148
431.027069       843.5888671875
431.382263       862.1803588867
431.737457       931.8984375000
432.092590       899.3633422852
432.447723       962.1096191406
432.802734       910.9829711914
433.157776       955.1378173828
433.512756       945.8420410156
433.867706       922.6026611328
434.222656       869.1521606445
434.577545       887.7436523438
434.932373       927.2505493164
435.287201       892.3914794922
435.641968       927.2505493164
435.996704       948.1659545898
436.351410       866.8281860352
436.706085       904.0111694336
437.060699       871.4760742188
437.415283       871.4760742188
437.769867       848.2366943359
438.124420       985.3489379883
438.478882       917.9548339844
438.833313       820.3494873047
439.187714       908.6590576172
439.542084       866.8281860352
439.896454       890.0675659180
440.250732       887.7436523438
440.605011       904.0111694336
440.959229       948.1659545898
441.313416       857.5324707031
441.667572       892.3914794922
442.021698       827.3212890625
442.375793       917.9548339844
442.729858       941.1941528320
443.083832       959.7856445313
443.437836       906.3351440430
443.791748       917.9548339844
444.145630       955.1378173828
444.499542       917.9548339844
444.853363       901.6872558594
445.207123       957.4617309570
445.560883       908.6590576172
445.914612       894.7154541016
446.268280       876.1239624023
446.621918       915.6308593750
446.975555       876.1239624023
447.329132       920.2787475586
447.682678       924.9266357422
448.036133       883.0957641602
448.389618       852.8845825195
448.743042       913.3069458008
449.096405       931.8984375000
449.449799       850.5606689453
449.803101       936.5463256836
450.156372       885.4196777344
450.509613       866.8281860352
450.862823       899.3633422852
451.216003       929.5744628906
451.569122       904.0111694336
451.922211       862.1803588867
452.275269       945.8420410156
452.628296       941.1941528320
452.981293       906.3351440430
453.334229       824.9973754883
453.687134       883.0957641602
454.040009       931.8984375000
454.392853       813.3776855469
454.745636       873.8000488281
455.098419       938.8702392578
455.451172       822.6734008789
455.803864       920.2787475586
456.156464       904.0111694336
456.509125       936.5463256836
456.861694       941.1941528320
457.214264       929.5744628906
457.566742       957.4617309570
457.919220       894.7154541016
458.271667       838.9409790039
458.624023       910.9829711914
458.976379       910.9829711914
459.328705       894.7154541016
459.681000       936.5463256836
460.033234       917.9548339844
460.385468       927.2505493164
460.737610       834.2930908203
461.089752       920.2787475586
461.441864       894.7154541016
461.793945       969.0814208984
462.145996       876.1239624023
462.497955       818.0255737305
462.849884       887.7436523438
463.201813       885.4196777344
463.553680       934.2223510742
463.905518       850.5606689453
464.257355       915.6308593750
464.609100       827.3212890625
464.960815       904.0111694336
465.312531       964.4335327148
465.664185       876.1239624023
466.015778       904.0111694336
466.367371       862.1803588867
466.718903       883.0957641602
467.070435       957.4617309570
467.421906       908.6590576172
467.773346       945.8420410156
468.124725       915.6308593750
468.476074       929.5744628906
468.827393       908.6590576172
469.178680       871.4760742188
469.529938       862.1803588867
469.881134       945.8420410156
470.232330       885.4196777344
470.583435       901.6872558594
470.934540       917.9548339844
471.285614       869.1521606445
471.636627       906.3351440430
471.987610       915.6308593750
472.338562       978.3771362305
472.689453       920.2787475586
473.040375       917.9548339844
473.391205       901.6872558594
473.741974       913.3069458008
474.092773       880.7718505859
474.443481       945.8420410156
474.794159       950.4899291992
475.144806       899.3633422852
475.495422       887.7436523438
475.846039       894.7154541016
476.196533       927.2505493164
476.547028       913.3069458008
476.897522       980.7011108398
477.247925       824.9973754883
477.598328       924.9266357422
477.948700       952.8138427734
478.299011       878.4478759766
478.649231       920.2787475586
478.999481       910.9829711914
479.349701       924.9266357422
479.699829       885.4196777344
480.049988       871.4760742188
480.400055       820.3494873047
480.750153       848.2366943359
481.100128       873.8000488281
481.450104       880.7718505859
481.800049       855.2085571289
482.149963       913.3069458008
482.499786       843.5888671875
482.849670       883.0957641602
483.199432       915.6308593750
483.549194       864.5042724609
483.898926       922.6026611328
484.248566       920.2787475586
484.598206       887.7436523438
484.947815       887.7436523438
485.297394       913.3069458008
485.646912       924.9266357422
485.996399       910.9829711914
486.345825       901.6872558594
486.695282       908.6590576172
487.044617       931.8984375000
487.393951       831.9691772461
487.743286       850.5606689453
488.092529       894.7154541016
488.441711       873.8000488281
488.790955       871.4760742188
489.140076       901.6872558594
489.489197       894.7154541016
489.838257       878.4478759766
490.187286       913.3069458008
490.536316       892.3914794922
490.885254       955.1378173828
491.234161       885.4196777344
491.583069       883.0957641602
491.931915       920.2787475586
492.280731       901.6872558594
492.629486       864.5042724609
492.978210       871.4760742188
493.326874       869.1521606445
493.675568       938.8702392578
494.024200       908.6590576172
494.372742       924.9266357422
494.721313       904.0111694336
495.069824       927.2505493164
495.418274       880.7718505859
495.766724       869.1521606445
496.115112       871.4760742188
496.463470       864.5042724609
496.811768       931.8984375000
497.160034       922.6026611328
497.508301       834.2930908203
497.856506       906.3351440430
498.204651       983.0250244141
498.552765       904.0111694336
498.900848       917.9548339844
499.248901       920.2787475586
499.596924       862.1803588867
499.944885       915.6308593750
500.292816       885.4196777344
500.640778       857.5324707031
500.988556       859.8563842773
501.336426       955.1378173828
501.684204       876.1239624023
502.031952       878.4478759766
502.379700       927.2505493164
502.727295       871.4760742188
503.074982       985.3489379883
503.422546       873.8000488281
503.770081       924.9266357422
504.117615      1006.2644042969
504.465088       922.6026611328
504.812561       973.7292480469
505.159943       915.6308593750
505.507294       890.0675659180
505.854645       871.4760742188
506.201904       945.8420410156
506.549194       885.4196777344
506.896332       915.6308593750
507.243591       943.5181274414
507.590698       929.5744628906
507.937775       883.0957641602
508.284912       952.8138427734
508.631836       941.1941528320
508.978851       880.7718505859
509.325806       964.4335327148
509.672699       904.0111694336
510.019592       862.1803588867
510.366364       917.9548339844
510.713196       922.6026611328
511.059937       973.7292480469
511.406677       892.3914794922
511.753326       927.2505493164
512.099976       938.8702392578
512.446594       920.2787475586
512.793091       927.2505493164
513.139648       873.8000488281
513.486145       892.3914794922
513.832520       906.3351440430
514.179016       920.2787475586
514.525269       957.4617309570
514.871704       934.2223510742
515.217957       901.6872558594
515.564209       894.7154541016
515.910522       901.6872558594
516.256531       855.2085571289
516.602783       857.5324707031
516.948853       901.6872558594
517.294922       943.5181274414
517.640930       915.6308593750
517.986877       897.0393676758
518.332886       873.8000488281
518.678711       873.8000488281
519.024658       945.8420410156
519.370422       885.4196777344
519.716248       966.7574462891
520.062073       894.7154541016
520.407715       952.8138427734
520.753418       901.6872558594
521.099060       927.2505493164
521.444580       915.6308593750
521.790222       950.4899291992
522.135681       834.2930908203
522.481201       936.5463256836
522.826660       959.7856445313
523.172058       924.9266357422
523.517395       899.3633422852
523.862671       864.5042724609
524.208069       952.8138427734
524.553284       971.4053344727
524.898438       913.3069458008
525.243591       915.6308593750
525.588745       936.5463256836
525.933899       873.8000488281
526.278931       880.7718505859
526.623962       971.4053344727
526.968872       827.3212890625
527.313904       848.2366943359
527.658813       871.4760742188
528.003601       901.6872558594
528.348450       855.2085571289
528.693237       936.5463256836
529.037964       929.5744628906
529.382751       887.7436523438
529.727356       857.5324707031
530.072021       924.9266357422
530.416626       831.9691772461
530.761169       866.8281860352
531.105652       850.5606689453
531.450134       827.3212890625
531.794617       908.6590576172
532.138916       906.3351440430
532.483337       792.4622802734
532.827637       890.0675659180
533.171936       931.8984375000
533.516174       943.5181274414
533.860352       927.2505493164
534.204529       859.8563842773
534.548645       962.1096191406
534.892700       887.7436523438
535.236816       945.8420410156
535.580750       945.8420410156
535.924744       815.7015991211
536.268738       866.8281860352
536.612549       943.5181274414
536.956421       922.6026611328
537.300232       871.4760742188
537.644043       887.7436523438
537.987671       880.7718505859
538.331421       934.2223510742
538.675049       973.7292480469
539.018677       871.4760742188
539.362305       966.7574462891
539.705750       894.7154541016
540.049316       936.5463256836
540.392822       931.8984375000
540.736145       917.9548339844
541.079590       897.0393676758
541.422913       976.0532226563
541.766235       862.1803588867
542.109436       917.9548339844
542.452698       883.0957641602
542.795898       950.4899291992
543.138977       864.5042724609
543.482178       936.5463256836
543.825195       978.3771362305
544.168213       906.3351440430
544.511230       890.0675659180
544.854187       920.2787475586
545.197083       859.8563842773
545.539917       943.5181274414
545.882813       922.6026611328
546.225586       950.4899291992
546.568359       915.6308593750
546.911133       834.2930908203
547.253662       883.0957641602
547.596436       822.6734008789
547.938965       906.3351440430
548.281494       885.4196777344
548.624084       894.7154541016
548.966492       834.2930908203
549.308960       929.5744628906
549.651367       894.7154541016
549.993713       927.2505493164
550.336060       934.2223510742
550.678345       892.3914794922
551.020630       871.4760742188
551.362732       934.2223510742
551.704956       855.2085571289
552.047058       952.8138427734
552.389160       957.4617309570
552.731262       992.3207397461
553.073181       892.3914794922
553.415161       852.8845825195
553.757080       950.4899291992
554.098999       952.8138427734
554.440857       873.8000488281
554.782593       852.8845825195
555.124390       883.0957641602
555.466125       899.3633422852
555.807800       920.2787475586
556.149414       904.0111694336
556.491089       901.6872558594
556.832642       917.9548339844
557.174133       969.0814208984
557.515686       927.2505493164
557.857117       904.0111694336
558.198486       950.4899291992
558.539917       931.8984375000
558.881165       973.7292480469
559.222534       915.6308593750
559.563782       950.4899291992
559.904968       927.2505493164
560.246216       899.3633422852
560.587280       859.8563842773
560.928406       931.8984375000
561.269470       857.5324707031
561.610474       883.0957641602
561.951477       873.8000488281
562.292297       843.5888671875
562.633301       913.3069458008
562.974121       852.8845825195
563.315002       878.4478759766
563.655762       894.7154541016
563.996460       910.9829711914
564.337158       948.1659545898
564.677795       904.0111694336
565.018433       904.0111694336
565.359009       904.0111694336
565.699524       880.7718505859
566.040100       866.8281860352
566.380493       915.6308593750
566.720947       852.8845825195
567.061340       850.5606689453
567.401611       892.3914794922
567.742004       924.9266357422
568.082153       943.5181274414
568.422424       955.1378173828
568.762634       904.0111694336
569.102722       910.9829711914
569.442810       915.6308593750
569.782898       885.4196777344
570.122986       859.8563842773
570.462830       934.2223510742
570.802856       904.0111694336
571.142761       883.0957641602
571.482605       880.7718505859
571.822449       887.7436523438
572.162170       943.5181274414
572.501953       834.2930908203
572.841675       892.3914794922
573.181274       948.1659545898
573.520996       936.5463256836
573.860474       943.5181274414
574.200073       892.3914794922
574.539551       890.0675659180
574.878967       924.9266357422
575.218384       841.2648925781
575.557739       931.8984375000
575.897156      1022.5319213867
576.236450       869.1521606445
576.575684       941.1941528320
576.914856       864.5042724609
577.254089       885.4196777344
577.593262       950.4899291992
577.932251       885.4196777344
578.271362       841.2648925781
578.610352       813.3776855469
578.949341       890.0675659180
579.288330       892.3914794922
579.627197       864.5042724609
579.966064       929.5744628906
580.304871       971.4053344727
580.643677       908.6590576172
580.982483       915.6308593750
581.321045       859.8563842773
581.659790       890.0675659180
581.998413       969.0814208984
582.336914       885.4196777344
582.675476       862.1803588867
583.013916       922.6026611328
583.352478       913.3069458008
583.690796       913.3069458008
584.029175       887.7436523438
584.367493       857.5324707031
584.705811       917.9548339844
585.044128       973.7292480469
585.382202       973.7292480469
585.720459       936.5463256836
586.058594       945.8420410156
586.396667       885.4196777344
586.734802       859.8563842773
587.072693       938.8702392578
587.410767       943.5181274414
587.748657       917.9548339844
588.086487       971.4053344727
588.424316       890.0675659180
588.762146       880.7718505859
589.099976       920.2787475586
589.437622       906.3351440430
589.775391       945.8420410156
590.113037       924.9266357422
590.450623       901.6872558594
590.788208       827.3212890625
591.125671       876.1239624023
591.463196       943.5181274414
591.800659       892.3914794922
592.138062       915.6308593750
592.475464       852.8845825195
592.812683       897.0393676758
593.150024       943.5181274414
593.487244       857.5324707031
593.824402       822.6734008789
594.161621       862.1803588867
594.498657       883.0957641602
594.835815       811.0537719727
595.172852       936.5463256836
595.509827       934.2223510742
595.846741       894.7154541016
596.183655       917.9548339844
596.520630       904.0111694336
596.857422       892.3914794922
597.194214       922.6026611328
597.530945       913.3069458008
597.867615       862.1803588867
598.204346       978.3771362305
598.540955       899.3633422852
598.877563       920.2787475586
599.214111       827.3212890625
599.550598       971.4053344727
599.887085       908.6590576172
600.223450       887.7436523438
600.559937       913.3069458008
600.896240       924.9266357422
601.232544       859.8563842773
601.568787       855.2085571289
601.905029       852.8845825195
602.241272       931.8984375000
602.577271       869.1521606445
602.913452       848.2366943359
603.249512       955.1378173828
603.585510       920.2787475586
603.921509       915.6308593750
604.257385       869.1521606445
604.593323       927.2505493164
604.929199       962.1096191406
605.264954       892.3914794922
605.600830       917.9548339844
605.936462       904.0111694336
606.272217       938.8702392578
606.607849       780.8425903320
606.943420       838.9409790039
607.278992       897.0393676758
607.614502       838.9409790039
607.950012       948.1659545898
608.285461       913.3069458008
608.620850       920.2787475586
608.956177       924.9266357422
609.291504       864.5042724609
609.626831       887.7436523438
609.962036       906.3351440430
610.297302       904.0111694336
610.632446       866.8281860352
610.967529       878.4478759766
611.302673       941.1941528320
611.637634       945.8420410156
611.972656       906.3351440430
612.307617       899.3633422852
612.642517       936.5463256836
612.977356       862.1803588867
613.312195       915.6308593750
613.646973       878.4478759766
613.981750       910.9829711914
614.316406       887.7436523438
614.651062       866.8281860352
614.985657       859.8563842773
615.320313       999.2926025391
615.654846       910.9829711914
615.989319       862.1803588867
616.323792       878.4478759766
616.658203       852.8845825195
616.992615       924.9266357422
617.326904       855.2085571289
617.661194       834.2930908203
617.995483       887.7436523438
618.329712       904.0111694336
618.663940       917.9548339844
618.997925       962.1096191406
619.332092       852.8845825195
619.666077       899.3633422852
620.000061       910.9829711914
620.334045       936.5463256836
620.667969       908.6590576172
621.001892       929.5744628906
621.335632       855.2085571289
621.669495       873.8000488281
622.003296       924.9266357422
622.336914       818.0255737305
622.670654       836.6170654297
623.004272       890.0675659180
623.337891       973.7292480469
623.671387       892.3914794922
624.004883       917.9548339844
624.338440       910.9829711914
624.671753       987.6729125977
625.005249       983.0250244141
625.338562       887.7436523438
625.671814       859.8563842773
626.005066       915.6308593750
626.338257       964.4335327148
626.671509       978.3771362305
627.004578       897.0393676758
627.337708       899.3633422852
627.670776       931.8984375000
628.003723       897.0393676758
628.336731       871.4760742188
628.669556       922.6026611328
629.002502       922.6026611328
629.335327       945.8420410156
629.668152       936.5463256836
630.000916       971.4053344727
630.333618       878.4478759766
630.666321       876.1239624023
630.998962       843.5888671875
631.331482       878.4478759766
631.664063       857.5324707031
631.996521       859.8563842773
632.329102       943.5181274414
632.661499       929.5744628906
632.993835       878.4478759766
633.326172      1024.8558349609
633.658447       899.3633422852
633.990784       908.6590576172
634.322937       850.5606689453
634.655212       924.9266357422
634.987244       910.9829711914
635.319397       910.9829711914
635.651489       915.6308593750
635.983398       880.7718505859
636.315430       876.1239624023
636.647278       901.6872558594
636.979187       899.3633422852
637.311035       890.0675659180
637.642761       931.8984375000
637.974609       908.6590576172
638.306335       922.6026611328
638.637939       920.2787475586
638.969604       924.9266357422
639.301147       969.0814208984
639.632751       941.1941528320
639.964233       971.4053344727
640.295715       801.7579956055
640.627075       894.7154541016
640.958496       862.1803588867
641.289917       929.5744628906
641.621094       943.5181274414
641.952393       934.2223510742
642.283569       869.1521606445
642.614746       978.3771362305
642.945923       913.3069458008
643.276917       978.3771362305
643.608093       887.7436523438
643.939026       915.6308593750
644.269958       883.0957641602
644.600891       845.9127807617
644.931763       864.5042724609
645.262634       850.5606689453
645.593384       904.0111694336
645.924133       910.9829711914
646.254822       924.9266357422
646.585510       945.8420410156
646.916199       976.0532226563
647.246704       878.4478759766
647.577271       927.2505493164
647.907715       950.4899291992
648.238220       948.1659545898
648.568665       880.7718505859
648.898987       927.2505493164
649.229309       941.1941528320
649.559570       890.0675659180
649.889832       890.0675659180
650.220093       862.1803588867
650.550171       941.1941528320
650.880310       927.2505493164
651.210388       908.6590576172
651.540405       913.3069458008
651.870422       897.0393676758
652.200317       878.4478759766
652.530273       836.6170654297
652.860046       973.7292480469
653.189941       876.1239624023
653.519775       887.7436523438
653.849426       913.3069458008
654.179199       892.3914794922
654.508789       887.7436523438
654.838440       941.1941528320
655.168030       952.8138427734
655.497498       894.7154541016
655.827026       924.9266357422
656.156372       864.5042724609
656.485840       920.2787475586
656.815247       827.3212890625
657.144470       910.9829711914
657.473755       876.1239624023
657.802979       855.2085571289
658.132202       883.0957641602
658.461243       859.8563842773
658.790466       845.9127807617
659.119507       945.8420410156
659.448486       878.4478759766
659.777527       996.9686279297
660.106384       920.2787475586
660.435242       894.7154541016
660.764160       924.9266357422
661.092896       906.3351440430
661.421692       894.7154541016
661.750427       922.6026611328
662.079102       887.7436523438
662.407715       964.4335327148
662.736328       901.6872558594
663.064880       910.9829711914
663.393311       897.0393676758
663.721802       908.6590576172
664.050232       852.8845825195
664.378601       904.0111694336
664.706970       880.7718505859
665.035217       885.4196777344
665.363525       952.8138427734
665.691650       922.6026611328
666.019897       873.8000488281
666.347961       892.3914794922
666.676086       894.7154541016
667.004150       850.5606689453
667.332092       917.9548339844
667.660095       876.1239624023
667.987915       901.6872558594
668.315796       857.5324707031
668.643677       892.3914794922
668.971436       924.9266357422
669.299133       873.8000488281
669.626892       922.6026611328
669.954468       885.4196777344
670.282104       873.8000488281
670.609619       915.6308593750
670.937256       873.8000488281
671.264587       866.8281860352
671.592163       929.5744628906
671.919495       885.4196777344
672.246887       899.3633422852
672.574097       959.7856445313
672.901489       929.5744628906
673.228699       887.7436523438
673.555847       834.2930908203
673.882996       959.7856445313
674.210022       910.9829711914
674.537109       915.6308593750
674.864136       950.4899291992
675.191101       887.7436523438
675.518005       941.1941528320
675.844849       869.1521606445
676.171692       887.7436523438
676.498535       859.8563842773
676.825256       913.3069458008
677.151978       904.0111694336
677.478577       857.5324707031
677.805237       857.5324707031
678.131836       943.5181274414
678.458435       841.2648925781
678.784851       908.6590576172
679.111328       962.1096191406
679.437744       887.7436523438
679.764099       952.8138427734
680.090454       873.8000488281
680.416687       908.6590576172
680.742920       945.8420410156
681.069153       857.5324707031
681.395203       829.6452026367
681.721313       890.0675659180
682.047485       971.4053344727
682.373474       945.8420410156
682.699402       959.7856445313
683.025391       906.3351440430
683.351196       904.0111694336
683.677063       901.6872558594
684.002930       892.3914794922
684.328674       880.7718505859
684.654358       897.0393676758
684.980042       887.7436523438
685.305603       883.0957641602
685.631287       871.4760742188
685.956787       915.6308593750
686.282288       920.2787475586
686.607788       913.3069458008
686.933167       831.9691772461
687.258545       920.2787475586
687.583923       915.6308593750
687.909180       887.7436523438
688.234375       869.1521606445
688.559631       917.9548339844
688.884766       890.0675659180
689.209839       885.4196777344
689.534973       894.7154541016
689.859924       845.9127807617
690.184937       910.9829711914
690.509827       927.2505493164
690.834717       897.0393676758
691.159668       915.6308593750
691.484436       899.3633422852
691.809204       929.5744628906
692.133911       969.0814208984
692.458557       878.4478759766
692.783142       941.1941528320
693.107849       878.4478759766
693.432312       922.6026611328
693.756836       883.0957641602
694.081238       945.8420410156
694.405701       920.2787475586
694.730164       878.4478759766
695.054443       876.1239624023
695.378723       887.7436523438
695.702942       873.8000488281
696.027100       850.5606689453
696.351257       878.4478759766
696.675476       834.2930908203
696.999512       894.7154541016
697.323486       966.7574462891
697.647461       941.1941528320
697.971375       862.1803588867
698.295349       885.4196777344
698.619202       864.5042724609
698.942993       901.6872558594
699.266724       857.5324707031
699.590393       929.5744628906
699.914124       906.3351440430
700.237793       897.0393676758
700.561340       857.5324707031
700.884949       878.4478759766
701.208374       904.0111694336
701.531860       971.4053344727
701.855286       957.4617309570
702.178650       885.4196777344
702.501953       917.9548339844
702.825195       957.4617309570
703.148499       943.5181274414
703.471680       834.2930908203
703.794861       834.2930908203
704.117981       917.9548339844
704.440979       908.6590576172
704.764038       897.0393676758
705.086975       931.8984375000
705.409851       866.8281860352
705.732849       936.5463256836
706.055664       897.0393676758
706.378479       885.4196777344
706.701233       836.6170654297
707.023926       936.5463256836
707.346619       908.6590576172
707.669250       964.4335327148
707.991821       934.2223510742
708.314392       906.3351440430
708.636841       964.4335327148
708.959290       864.5042724609
709.281738       857.5324707031
709.604065       936.5463256836
709.926392       824.9973754883
710.248657       869.1521606445
710.570862       876.1239624023
710.893066       908.6590576172
711.215210       883.0957641602
711.537292       880.7718505859
711.859314       897.0393676758
712.181335       873.8000488281
712.503357       880.7718505859
712.825256       941.1941528320
713.147156       922.6026611328
713.468994       906.3351440430
713.790771       873.8000488281
714.112488       957.4617309570
714.434143       922.6026611328
714.755859       910.9829711914
715.077515       927.2505493164
715.399109       894.7154541016
715.720581       850.5606689453
716.042053       857.5324707031
716.363525       899.3633422852
716.684875       913.3069458008
717.006287       915.6308593750
717.327576       883.0957641602
717.648804       894.7154541016
717.969971       948.1659545898
718.291260       811.0537719727
718.612366       920.2787475586
718.933411       904.0111694336
719.254395       887.7436523438
719.575439       908.6590576172
719.896362       934.2223510742
720.217285       955.1378173828
720.538147       906.3351440430
720.859009       859.8563842773
721.179749       917.9548339844
721.500488       899.3633422852
721.821228       915.6308593750
722.141785       915.6308593750
722.462402       883.0957641602
722.782959       922.6026611328
723.103455       871.4760742188
723.423950       931.8984375000
723.744385       924.9266357422
724.064758       950.4899291992
724.385071       824.9973754883
724.705322       917.9548339844
725.025574       904.0111694336
725.345825       924.9266357422
725.665955       890.0675659180
725.986023       904.0111694336
726.306091       892.3914794922
726.626099       906.3351440430
726.946045       948.1659545898
727.266052       841.2648925781
727.585938       999.2926025391
727.905762       904.0111694336
728.225525       931.8984375000
728.545288       904.0111694336
728.864990       836.6170654297
729.184692       934.2223510742
729.504333       836.6170654297
729.823853       927.2505493164
730.143372       894.7154541016
730.462891       845.9127807617
730.782410       850.5606689453
731.101746       927.2505493164
731.421143       962.1096191406
731.740417       929.5744628906
732.059631       845.9127807617
732.378845       936.5463256836
732.698059       924.9266357422
733.017212       927.2505493164
733.336304       873.8000488281
733.655273       890.0675659180
733.974304       894.7154541016
734.293335       890.0675659180
734.612183       899.3633422852
734.931030       917.9548339844
735.249878       887.7436523438
735.568665       938.8702392578
735.887329       887.7436523438
736.206055       845.9127807617
736.524658       959.7856445313
736.843262       920.2787475586
737.161804       857.5324707031
737.480286       920.2787475586
737.798828       885.4196777344
738.117249       831.9691772461
738.435608       976.0532226563
738.753906       808.7297973633
739.072205       908.6590576172
739.390442       917.9548339844
739.708618       892.3914794922
740.026733       910.9829711914
740.344849       892.3914794922
740.662903       887.7436523438
740.980957       904.0111694336
741.298889       892.3914794922
741.616821       943.5181274414
741.934692       878.4478759766
742.252502       869.1521606445
742.570313       852.8845825195
742.888062       890.0675659180
743.205750       941.1941528320
743.523438       950.4899291992
743.841003       934.2223510742
744.158569       966.7574462891
744.476074       815.7015991211
744.793518       878.4478759766
745.111023       890.0675659180
745.428345       906.3351440430
745.745728       962.1096191406
746.062988       962.1096191406
746.380249       871.4760742188
746.697449       838.9409790039
747.014648       929.5744628906
747.331726       917.9548339844
747.648804       929.5744628906
747.965759       845.9127807617
748.282776       883.0957641602
748.599731       913.3069458008
748.916626       938.8702392578
749.233459       904.0111694336
749.550232       878.4478759766
749.867004       864.5042724609
750.183655       913.3069458008
750.500366       873.8000488281
750.816956       892.3914794922
751.133545       962.1096191406
751.450073       887.7436523438
751.766479       878.4478759766
752.083008       799.4340820313
752.399414       850.5606689453
752.715698       910.9829711914
753.032043       969.0814208984
753.348328       880.7718505859
753.664429       917.9548339844
753.980713       899.3633422852
754.296814       941.1941528320
754.612854       962.1096191406
754.928833       883.0957641602
755.244873       917.9548339844
755.560852       962.1096191406
755.876709       892.3914794922
756.192505       989.9968261719
756.508362       924.9266357422
756.824097       936.5463256836
757.139771       908.6590576172
757.455505       866.8281860352
757.771118       831.9691772461
758.086670       931.8984375000
758.402222      1006.2644042969
758.717712       892.3914794922
759.033081       910.9829711914
759.348511       894.7154541016
759.663879       904.0111694336
759.979187       869.1521606445
760.294434       843.5888671875
760.609619       908.6590576172
760.924805       938.8702392578
761.239929       936.5463256836
761.554993       938.8702392578
761.869995       852.8845825195
762.184998       913.3069458008
762.499939       890.0675659180
762.814880       873.8000488281
763.129700       869.1521606445
763.444519       915.6308593750
763.759277       880.7718505859
764.073975       934.2223510742
764.388672       841.2648925781
764.703308       824.9973754883
765.017883       929.5744628906
765.332397       934.2223510742
765.646851       908.6590576172
765.961304       869.1521606445
766.275696       936.5463256836
766.590088       841.2648925781
766.904358       892.3914794922
767.218628       927.2505493164
767.532776       936.5463256836
767.846924       906.3351440430
768.161072       917.9548339844
768.475159       878.4478759766
768.789185       969.0814208984
769.103149       883.0957641602
769.417114       906.3351440430
769.731079       890.0675659180
770.044861       897.0393676758
770.358643       822.6734008789
770.672363       890.0675659180
770.986084       908.6590576172
771.299683       899.3633422852
771.613403       871.4760742188
771.927002       927.2505493164
772.240479       899.3633422852
772.553955       843.5888671875
772.867371       927.2505493164
773.180847       864.5042724609
773.494141       927.2505493164
773.807434       908.6590576172
774.120667       815.7015991211
774.433899       862.1803588867
774.747009       983.0250244141
775.060181       894.7154541016
775.373230       880.7718505859
775.686218       950.4899291992
775.999207       880.7718505859
776.312073       966.7574462891
776.624939       838.9409790039
776.937866       904.0111694336
777.250671       897.0393676758
777.563416       924.9266357422
777.876099       859.8563842773
778.188721       966.7574462891
778.501343       959.7856445313
778.813904       897.0393676758
779.126404       929.5744628906
779.438904       883.0957641602
779.751282       892.3914794922
780.063660       920.2787475586
780.376038       915.6308593750
780.688293       901.6872558594
781.000549       927.2505493164
781.312683       883.0957641602
781.624817       913.3069458008
781.937012       906.3351440430
782.249023       906.3351440430
782.561035       890.0675659180
782.872986       908.6590576172
783.184937       927.2505493164
783.496765       920.2787475586
783.808655       948.1659545898
784.120422       973.7292480469
784.432129       920.2787475586
784.743774       892.3914794922
785.055420       948.1659545898
785.367004       892.3914794922
785.678589       913.3069458008
785.990051       966.7574462891
786.301514       899.3633422852
786.612976       920.2787475586
786.924316       838.9409790039
787.235657       897.0393676758
787.546936       922.6026611328
787.858154       927.2505493164
788.169312       862.1803588867
788.480408       866.8281860352
788.791504       871.4760742188
789.102600       915.6308593750
789.413513       901.6872558594
789.724487       878.4478759766
790.035400       864.5042724609
790.346191       938.8702392578
790.657043       857.5324707031
790.967834       917.9548339844
791.278564       941.1941528320
791.589172       917.9548339844
791.899780       971.4053344727
792.210327       883.0957641602
792.520935       934.2223510742
792.831421       917.9548339844
793.141846       869.1521606445
793.452209       894.7154541016
793.762573       908.6590576172
794.072815       869.1521606445
794.383118       920.2787475586
794.693359       906.3351440430
795.003479       913.3069458008
795.313538       950.4899291992
795.623596       899.3633422852
795.933716       927.2505493164
796.243652       892.3914794922
796.553589       899.3633422852
796.863464       973.7292480469
797.173218       859.8563842773
797.483032       897.0393676758
797.792786       983.0250244141
798.102478       859.8563842773
798.412109       857.5324707031
798.721741       843.5888671875
799.031250       873.8000488281
799.340820       920.2787475586
799.650269       857.5324707031
799.959656       922.6026611328
800.269043       894.7154541016
800.578369       883.0957641602
800.887573       836.6170654297
801.196899       866.8281860352
801.505981       864.5042724609
801.815186       931.8984375000
802.124207       915.6308593750
802.433289       927.2505493164
802.742188       962.1096191406
803.051270       945.8420410156
803.360168       873.8000488281
803.668945       841.2648925781
803.977783       904.0111694336
804.286499       857.5324707031
804.595276       910.9829711914
804.903931       901.6872558594
805.212524       952.8138427734
805.521057       929.5744628906
805.829590       834.2930908203
806.138062       962.1096191406
806.446533       885.4196777344
806.754944       831.9691772461
807.063293       883.0957641602
807.371521       890.0675659180
807.679749       938.8702392578
807.987976       917.9548339844
808.296143       922.6026611328
808.604248       890.0675659180
808.912292       906.3351440430
809.220276       857.5324707031
809.528198       913.3069458008
809.836182       920.2787475586
810.144043       887.7436523438
810.451843       924.9266357422
810.759644       859.8563842773
811.067322       904.0111694336
811.375061       931.8984375000
811.682678       952.8138427734
811.990295       871.4760742188
812.297791       873.8000488281
812.605286       883.0957641602
812.912720       913.3069458008
813.220154       917.9548339844
813.527527       936.5463256836
813.834839       934.2223510742
814.142029       871.4760742188
814.449219       934.2223510742
814.756409       924.9266357422
815.063538       915.6308593750
815.370605       908.6590576172
815.677612       906.3351440430
815.984619       943.5181274414
816.291504       876.1239624023
816.598389       883.0957641602
816.905273       855.2085571289
817.212036       927.2505493164
817.518738       927.2505493164
817.825439       934.2223510742
818.132080       894.7154541016
818.438721       869.1521606445
818.745239       892.3914794922
819.051758       852.8845825195
819.358215       908.6590576172
819.664612       873.8000488281
819.971008       883.0957641602
820.277344       936.5463256836
820.583557       957.4617309570
820.889771       894.7154541016
821.195923       904.0111694336
821.502075       866.8281860352
821.808167       878.4478759766
822.114197       931.8984375000
822.420166       922.6026611328
822.726074       859.8563842773
823.031921       904.0111694336
823.337769       931.8984375000
823.643677       883.0957641602
823.949402       904.0111694336
824.255066       971.4053344727
824.560730       966.7574462891
824.866272       938.8702392578
825.171936       948.1659545898
825.477356       890.0675659180
825.782837       824.9973754883
826.088257       897.0393676758
826.393616       897.0393676758
826.698914       866.8281860352
827.004272       908.6590576172
827.309448       878.4478759766
827.614624       838.9409790039
827.919739       994.6447143555
828.224854       906.3351440430
828.529907       922.6026611328
828.834839       917.9548339844
829.139832       962.1096191406
829.444702       910.9829711914
829.749512       883.0957641602
830.054260       920.2787475586
830.359131       880.7718505859
830.663818       859.8563842773
830.968506       869.1521606445
831.273071       899.3633422852
831.577576       866.8281860352
831.882080       845.9127807617
832.186646       917.9548339844
832.491028       894.7154541016
832.795410       894.7154541016
833.099731       908.6590576172
833.403931       892.3914794922
833.708191       813.3776855469
834.012390       883.0957641602
834.316467       866.8281860352
834.620605       922.6026611328
834.924622       952.8138427734
835.228577       894.7154541016
835.532593       862.1803588867
835.836426       922.6026611328
836.140320       866.8281860352
836.444031       878.4478759766
836.747803       945.8420410156
837.051514       873.8000488281
837.355225       924.9266357422
837.658752       927.2505493164
837.962341       906.3351440430
838.265808       936.5463256836
838.569336       952.8138427734
838.872742       904.0111694336
839.176147       962.1096191406
839.479370       943.5181274414
839.782715       894.7154541016
840.085876       931.8984375000
840.389038       852.8845825195
840.692261       859.8563842773
840.995300       859.8563842773
841.298340       841.2648925781
841.601257       941.1941528320
841.904236       901.6872558594
842.207153       883.0957641602
842.509949       920.2787475586
842.812805       899.3633422852
843.115540       799.4340820313
843.418152       917.9548339844
843.720825       892.3914794922
844.023438       915.6308593750
844.325989       913.3069458008
844.628540       927.2505493164
844.930969       906.3351440430
845.233337       929.5744628906
845.535767       945.8420410156
845.838013       904.0111694336
846.140259       899.3633422852
846.442505       857.5324707031
846.744690       848.2366943359
847.046753       938.8702392578
847.348877       883.0957641602
847.650879       848.2366943359
847.952881       913.3069458008
848.254761       948.1659545898
848.556641       892.3914794922
848.858459       906.3351440430
849.160278       917.9548339844
849.462036       897.0393676758
849.763733       945.8420410156
850.065308       852.8845825195
850.366882       883.0957641602
850.668518       883.0957641602
850.969971       915.6308593750
851.271423       952.8138427734
851.572815       864.5042724609
851.874084       866.8281860352
852.175476       906.3351440430
852.476685       922.6026611328
852.777893       971.4053344727
853.079041       945.8420410156
853.380127       894.7154541016
853.681213       876.1239624023
853.982239       943.5181274414
854.283203       904.0111694336
854.584106       955.1378173828
854.885010       873.8000488281
855.185791       917.9548339844
855.486572       927.2505493164
855.787292       855.2085571289
856.088013       834.2930908203
856.388611       885.4196777344
856.689148       936.5463256836
856.989685       880.7718505859
857.290161       866.8281860352
857.590637       989.9968261719
857.890991       927.2505493164
858.191284       866.8281860352
858.491577       936.5463256836
858.791809       845.9127807617
859.092041       985.3489379883
859.392212       978.3771362305
859.692261       887.7436523438
859.992310       890.0675659180
860.292297       813.3776855469
860.592224       901.6872558594
860.892151       908.6590576172
861.191956       808.7297973633
861.491760       885.4196777344
861.791565       899.3633422852
862.091248       910.9829711914
862.390930       945.8420410156
862.690552       906.3351440430
862.990051       873.8000488281
863.289551       938.8702392578
863.589050       934.2223510742
863.888428       897.0393676758
864.187805       915.6308593750
864.487122       887.7436523438
864.786377       906.3351440430
865.085632       917.9548339844
865.384705       985.3489379883
865.683838       922.6026611328
865.982971       931.8984375000
866.281982       924.9266357422
866.580933       941.1941528320
866.879883       906.3351440430
867.178711       936.5463256836
867.477600       908.6590576172
867.776367       924.9266357422
868.075134       948.1659545898
868.373718       859.8563842773
868.672424       855.2085571289
868.970947       871.4760742188
869.269531       910.9829711914
869.568054       948.1659545898
869.866455       857.5324707031
870.164856       850.5606689453
870.463196       943.5181274414
870.761536       957.4617309570
871.059753       941.1941528320
871.357971       987.6729125977
871.656067       908.6590576172
871.954102       873.8000488281
872.252197       845.9127807617
872.550232       859.8563842773
872.848206       890.0675659180
873.146057       904.0111694336
873.443848       945.8420410156
873.741638       855.2085571289
874.039429       834.2930908203
874.337158       901.6872558594
874.634827       827.3212890625
874.932373       936.5463256836
875.229980       904.0111694336
875.527466       971.4053344727
875.825012       869.1521606445
876.122375       906.3351440430
876.419739       908.6590576172
876.717041       924.9266357422
877.014282       962.1096191406
877.311462       871.4760742188
877.608704       941.1941528320
877.905762       892.3914794922
878.202881       869.1521606445
878.499817       978.3771362305
878.796814       864.5042724609
879.093811       883.0957641602
879.390625       850.5606689453
879.687439       908.6590576172
879.984253       924.9266357422
880.280884       915.6308593750
880.577637       917.9548339844
880.874268       880.7718505859
881.170837       955.1378173828
881.467346       901.6872558594
881.763855       924.9266357422
882.060242       910.9829711914
882.356567       904.0111694336
882.652954       894.7154541016
882.949280       917.9548339844
883.245483       899.3633422852
883.541626       969.0814208984
883.837830       864.5042724609
884.133911       924.9266357422
884.429932       915.6308593750
884.725952       927.2505493164
885.021851       873.8000488281
885.317688       897.0393676758
885.613525       934.2223510742
885.909363       948.1659545898
886.205078       878.4478759766
