0.070400
190.096298         0.0000000000
190.479492         0.0000000000
190.862656       627.7563476563
191.245789       666.8474121094
191.628876       724.3342285156
192.011948       671.4463500977
192.394958       745.0294799805
192.777939       731.2326660156
193.160904       747.3289794922
193.543823       751.9279174805
193.926697       733.5321044922
194.309555       756.5268554688
194.692368       749.6284179688
195.075150       751.9279174805
195.457886       724.3342285156
195.840607       804.8157958984
196.223282       694.4411010742
196.605927       777.2221069336
196.988541       735.8316040039
197.371094       786.4200439453
197.753632       719.7352905273
198.136139       685.2431640625
198.518600       724.3342285156
198.901031       786.4200439453
199.283432       763.4252929688
199.665802       692.1416015625
200.048126       745.0294799805
200.430405       728.9331665039
200.812668       754.2274169922
201.194885       807.1152954102
201.577072       705.9384155273
201.959244       807.1152954102
202.341354       710.5374145508
202.723434       722.0347900391
203.105499       703.6389770508
203.487503       735.8316040039
203.869461       735.8316040039
204.251434       749.6284179688
204.633331       811.7142333984
205.015198       747.3289794922
205.397049       731.2326660156
205.778854       761.1257934570
206.160614       745.0294799805
206.542343       738.1311035156
206.924042       807.1152954102
207.305710       726.6337280273
207.687332       779.5216064453
208.068939       705.9384155273
208.450485       728.9331665039
208.832016       676.0452880859
209.213501       715.1363525391
209.594955       696.7405395508
209.976379       705.9384155273
210.357758       774.9226684570
210.739105       774.9226684570
211.120422       751.9279174805
211.501694       726.6337280273
211.882935       756.5268554688
212.264145       749.6284179688
212.645340       726.6337280273
213.026474       768.0242309570
213.407562       758.8263549805
213.788620       756.5268554688
214.169662       699.0400390625
214.550659       770.3237304688
214.931610       768.0242309570
215.312561       777.2221069336
215.693451       740.4305419922
216.074295       765.7247924805
216.455109       774.9226684570
216.835922       724.3342285156
217.216660       797.9174194336
217.597382       761.1257934570
217.978058       747.3289794922
218.358704       820.9121093750
218.739304       740.4305419922
219.119888       699.0400390625
219.500427       685.2431640625
219.880920       742.7300415039
220.261414       710.5374145508
220.641830       705.9384155273
221.022232       719.7352905273
221.402603       779.5216064453
221.782944       763.4252929688
222.163223       742.7300415039
222.543488       779.5216064453
222.923706       740.4305419922
223.303894       728.9331665039
223.684036       816.3131713867
224.064163       728.9331665039
224.444244       726.6337280273
224.824295       717.4357910156
225.204300       756.5268554688
225.584274       795.6179199219
225.964203       749.6284179688
226.344131       839.3079223633
226.723999       738.1311035156
227.103806       761.1257934570
227.483627       823.2116088867
227.863388       758.8263549805
228.243118       763.4252929688
228.622787       745.0294799805
229.002472       724.3342285156
229.382080       699.0400390625
229.761688       823.2116088867
230.141220       761.1257934570
230.520721       820.9121093750
230.900208       717.4357910156
231.279663       763.4252929688
231.659073       719.7352905273
232.038452       786.4200439453
232.417786       749.6284179688
232.797073       731.2326660156
233.176346       756.5268554688
233.555573       742.7300415039
233.934784       756.5268554688
234.313934       763.4252929688
234.693069       728.9331665039
235.072144       728.9331665039
235.451202       816.3131713867
235.830215       788.7194824219
236.209213       738.1311035156
236.588165       772.6231689453
236.967072       728.9331665039
237.345947       777.2221069336
237.724792       676.0452880859
238.103577       701.3394775391
238.482361       692.1416015625
238.861084       756.5268554688
239.239777       699.0400390625
239.618454       719.7352905273
239.997070       797.9174194336
240.375671       745.0294799805
240.754211       749.6284179688
241.132751       797.9174194336
241.511215       747.3289794922
241.889694       832.4094848633
242.268097       657.6494750977
242.646469       715.1363525391
243.024811       795.6179199219
243.403122       738.1311035156
243.781387       774.9226684570
244.159622       795.6179199219
244.537827       758.8263549805
244.915985       779.5216064453
245.294113       761.1257934570
245.672195       726.6337280273
246.050262       811.7142333984
246.428268       742.7300415039
246.806274       795.6179199219
247.184219       791.0189819336
247.562119       724.3342285156
247.940002       703.6389770508
248.317841       740.4305419922
248.695648       827.8105468750
249.073425       745.0294799805
249.451157       774.9226684570
249.828842       742.7300415039
250.206512       788.7194824219
250.584152       745.0294799805
250.961731       712.8368530273
251.339279       758.8263549805
251.716812       772.6231689453
252.094299       754.2274169922
252.471725       786.4200439453
252.849136       804.8157958984
253.226517       735.8316040039
253.603867       758.8263549805
253.981171       786.4200439453
254.358429       807.1152954102
254.735672       715.1363525391
255.112869       853.1047363281
255.490021       754.2274169922
255.867172       715.1363525391
256.244263       756.5268554688
256.621307       733.5321044922
256.998291       793.3184204102
257.375305       685.2431640625
257.752228       820.9121093750
258.129120       756.5268554688
258.506012       788.7194824219
258.882843       809.4147949219
259.259644       715.1363525391
259.636414       712.8368530273
260.013123       719.7352905273
260.389832       740.4305419922
260.766479       712.8368530273
261.143127       747.3289794922
261.519714       749.6284179688
261.896271       768.0242309570
262.272736       756.5268554688
262.649231       761.1257934570
263.025696       765.7247924805
263.402100       781.8211059570
263.778473       761.1257934570
264.154785       754.2274169922
264.531097       772.6231689453
264.907318       818.6126708984
265.283569       747.3289794922
265.659760       758.8263549805
266.035919       797.9174194336
266.412018       738.1311035156
266.788086       768.0242309570
267.164154       749.6284179688
267.540192       705.9384155273
267.916107       777.2221069336
268.292084       740.4305419922
268.667969       745.0294799805
269.043793       692.1416015625
269.419617       754.2274169922
269.795410       747.3289794922
270.171204       807.1152954102
270.546875       802.5163574219
270.922577       728.9331665039
271.298248       751.9279174805
271.673828       756.5268554688
272.049408       731.2326660156
272.424927       758.8263549805
272.800446       747.3289794922
273.175934       731.2326660156
273.551361       758.8263549805
273.926727       827.8105468750
274.302063       765.7247924805
274.677399       809.4147949219
275.052673       719.7352905273
275.427948       692.1416015625
275.803131       779.5216064453
276.178314       793.3184204102
276.553436       811.7142333984
276.928558       791.0189819336
277.303650       788.7194824219
277.678619       742.7300415039
278.053650       795.6179199219
278.428589       742.7300415039
278.803528       786.4200439453
279.178375       779.5216064453
279.553253       728.9331665039
279.928070       837.0084228516
280.302826       747.3289794922
280.677582       841.6074218750
281.052277       754.2274169922
281.426941       758.8263549805
281.801544       816.3131713867
282.176147       774.9226684570
282.550720       781.8211059570
282.925232       820.9121093750
283.299683       761.1257934570
283.674133       797.9174194336
284.048553       814.0137329102
284.422974       777.2221069336
284.797241       749.6284179688
285.171600       786.4200439453
285.545837       751.9279174805
285.920074       735.8316040039
286.294250       802.5163574219
286.668396       779.5216064453
287.042511       735.8316040039
287.416626       756.5268554688
287.790649       802.5163574219
288.164673       795.6179199219
288.538635       823.2116088867
288.912567       768.0242309570
289.286438       765.7247924805
289.660309       740.4305419922
290.034149       797.9174194336
290.407959       722.0347900391
290.781677       717.4357910156
291.155396       871.5005493164
291.529083       745.0294799805
291.902710       864.6021118164
292.276337       818.6126708984
292.649902       793.3184204102
293.023407       728.9331665039
293.396912       779.5216064453
293.770386       809.4147949219
294.143829       781.8211059570
294.517181       768.0242309570
294.890533       830.1100463867
295.263824       715.1363525391
295.637115       772.6231689453
296.010345       738.1311035156
296.383545       779.5216064453
296.756744       800.2168579102
297.129852       818.6126708984
297.502960       850.8052978516
297.875977       788.7194824219
298.248993       830.1100463867
298.621979       795.6179199219
298.994934       768.0242309570
299.367859       882.9979248047
299.740723       818.6126708984
300.113556       797.9174194336
300.486359       818.6126708984
300.859100       788.7194824219
301.231842       724.3342285156
301.604492       763.4252929688
301.977173       825.5111083984
302.349792       862.3026733398
302.722351       880.6984252930
303.094910       834.7089843750
303.467377       860.0031738281
303.839874       846.2063598633
304.212311       871.5005493164
304.584717       869.2011108398
304.957062       864.6021118164
305.329376       928.9874267578
305.701630       926.6879272461
306.073853       931.2868652344
306.446106      1030.1643066406
306.818268      1004.8700561523
307.190399      1016.3674316406
307.562500      1037.0626220703
307.934540      1080.7526855469
308.306610      1085.3515625000
308.678558      1168.1326904297
309.050507      1122.1431884766
309.422424      1168.1326904297
309.794281      1209.5231933594
310.166138      1207.2237548828
310.537933      1186.5284423828
310.909729      1326.7963867188
311.281464      1437.1711425781
311.653107      1427.9732666016
312.024780      1434.8715820313
312.396393      1455.5668945313
312.767975      1492.3585205078
313.139496      1595.8348388672
313.511047      1685.5142822266
313.882507      1618.8295898438
314.253906      1720.0063476563
314.625305      1809.6857910156
314.996643      1765.9958496094
315.368011      1908.5632324219
315.739258      1811.9853515625
316.110504      1759.0974121094
316.481720      1729.2042236328
316.852905      1933.8574218750
317.223999      2198.2968750000
317.595123      2218.9921875000
317.966187      2212.0937500000
318.337189      2230.4895019531
318.708191      2214.3933105469
319.079163      2179.9011230469
319.450073      2175.3022460938
319.820923      2264.9816894531
320.191742      2343.1638183594
320.562561      2448.9394531250
320.933319      2609.9028320313
321.304047      2575.4106445313
321.674744      2515.6242675781
322.045380      2598.4052734375
322.416016      2648.9936523438
322.786560      2619.1005859375
323.157135      2625.9990234375
323.527618      2607.6032714844
323.898071      2655.8920898438
324.268494      2878.9411621094
324.638885      3113.4875488281
325.009277      3081.2949218750
325.379578      3299.7448730469
325.749847      3460.7080078125
326.120117      3775.7358398438
326.490295      4076.9670410156
326.860443      4063.1701660156
327.230591      4231.0317382813
327.600708      4196.5395507813
327.970703      4079.2663574219
328.340759      4090.7639160156
328.710724      4037.8759765625
329.080688      4203.4379882813
329.450592      4426.4868164063
329.820435      4532.2626953125
330.190277      4828.8950195313
330.560089      4808.1997070313
330.929810      4656.4345703125
331.299561      4654.1347656250
331.669220      4483.9736328125
332.038879      4596.6479492188
332.408447      4674.8300781250
332.778046      4704.7231445313
333.147583      4833.4936523438
333.517059      4525.3642578125
333.886505      4644.9370117188
334.255951      4649.5361328125
334.625336      4819.6967773438
334.994629      4842.6918945313
335.363983      4861.0874023438
335.733246      4895.5795898438
336.102478      4769.1083984375
336.471680      4633.4394531250
336.840820      4555.2573242188
337.209961      4488.5727539063
337.578979      4596.6479492188
337.948059      4631.1401367188
338.317078      4771.4082031250
338.686035      4861.0874023438
339.054962      5137.0244140625
339.423859      5153.1206054688
339.792725      5337.0786132813
340.161560      5431.3569335938
340.530334      5787.7753906250
340.899078      5698.0961914063
341.267761      5452.0522460938
341.636444      5396.8647460938
342.005066      5348.5761718750
342.373657      5387.6669921875
342.742218      5613.0156250000
343.110718      5557.8281250000
343.479218      5601.5180664063
343.847626      5587.7211914063
344.216064      5406.0629882813
344.584412      5017.4516601563
344.952759      4881.7827148438
345.321045      5316.3833007813
345.689270      5511.8383789063
346.057526      5546.3305664063
346.425659      5654.4057617188
346.793854      5808.4707031250
347.161957      5629.1118164063
347.529999      5934.9418945313
347.898041      5764.7807617188
348.266022      5677.4008789063
348.634003      5500.3413085938
349.001892      5767.0800781250
349.369781      5723.3901367188
349.737610      5819.9682617188
350.105408      6040.7177734375
350.473145      6231.5737304688
350.840912      6502.9116210938
351.208618      6620.1850585938
351.576233      6553.5000000000
351.943878      6295.9589843750
352.311401      6293.6596679688
352.678955      6286.7612304688
353.046478      6256.8681640625
353.413910      6289.0605468750
353.781372      6615.5859375000
354.148743      7082.3793945313
354.516083      7008.7958984375
354.883392      7372.1127929688
355.250641      7280.1337890625
355.617920      7201.9516601563
355.985077      7229.5454101563
356.352234      7061.6840820313
356.719360      6723.6611328125
357.086426      6374.1411132813
357.453491      6341.9487304688
357.820496      6029.2202148438
358.187469      5813.0698242188
358.554382      5596.9189453125
358.921295      5663.6040039063
359.288147      6013.1240234375
359.654968      6394.8364257813
360.021759      7195.0532226563
360.388489      7443.3964843750
360.755188      7418.1025390625
361.121826      6988.1005859375
361.488464      6845.5332031250
361.855072      6955.9082031250
362.221588      6955.9082031250
362.588135      7284.7329101563
362.954590      7392.8081054688
363.321075      7650.3491210938
363.687439      7710.1357421875
364.053802      7786.0180664063
364.420135      7880.2963867188
364.786407      8089.5488281250
365.152679      8165.4311523438
365.518860      8317.1962890625
365.885040      8597.7324218750
366.251190      9326.6660156250
366.617249      9512.9228515625
366.983337      9793.4589843750
367.349335      9259.9804687500
367.715332      9565.8105468750
368.081207      9384.1523437500
368.447174      9193.2958984375
368.813019      9073.7236328125
369.178833      9168.0019531250
369.544678      9529.0195312500
369.910400      9722.1748046875
370.276123     10147.5781250000
370.641785      9524.4199218750
371.007446      9487.6289062500
371.373016      9391.0507812500
371.738586      9575.0087890625
372.104126      9565.8105468750
372.469574      8995.5410156250
372.835022      8797.7861328125
373.200439      8698.9091796875
373.565796      8618.4277343750
373.931122      8089.5488281250
374.296417      8050.4575195313
374.661713      7880.2963867188
375.026886      8015.9653320313
375.392090      8360.8867187500
375.757202      8671.3154296875
376.122314      9115.1142578125
376.487396      9218.5898437500
376.852386      9404.8476562500
377.217407      9593.4042968750
377.582336     10011.9091796875
377.947235     10531.5898437500
378.312103     11430.6835937500
378.676941     11658.3320312500
379.041779     11272.0205078125
379.406494     10483.3007812500
379.771240     10005.0107421875
380.135925      9809.5546875000
380.500549      9873.9404296875
380.865143     10106.1875000000
381.229706     10660.3603515625
381.594269     10237.2568359375
381.958679      9798.0576171875
382.323181      8855.2734375000
382.687561      8206.8222656250
383.051971      7477.8886718750
383.416321      7105.3740234375
383.780579      6857.0307617188
384.144867      7190.4545898438
384.509033      7493.9848632813
384.873260      8248.2119140625
385.237366      9002.4394531250
385.601501      9388.7509765625
385.965576      9195.5957031250
386.329559      9073.7236328125
386.693573      9299.0722656250
387.057526      9271.4785156250
387.421417      9363.4570312500
387.785309      9301.3710937500
388.149109      9213.9912109375
388.512970      9368.0556640625
388.876678      9328.9648437500
389.240417      9480.7304687500
389.604065     10044.1015625000
389.967712     10630.4667968750
390.331360     11152.4472656250
390.694885     11377.7958984375
391.058411     11757.2089843750
391.421906     12028.5468750000
391.785370     12040.0449218750
392.148743     11800.8994140625
392.512115     11042.0732421875
392.875488     10069.3955078125
393.238739      8491.9570312500
393.602051      7339.9204101563
393.965240      6912.2182617188
394.328430      7103.0742187500
394.691559      8464.3632812500
395.054657      9896.9355468750
395.417725     10989.1855468750
395.780731     11665.2304687500
396.143738     11295.0146484375
396.506653     10402.8193359375
396.869568      9190.9970703125
397.232422      8153.9340820313
397.595245      8206.8222656250
397.958069      9483.0302734375
398.320770     11495.0693359375
398.683533     12948.3369140625
399.046204     13886.5224609375
399.408813     14879.8945312500
399.771454     15388.0781250000
400.133972     15431.7685546875
400.496521     15870.9677734375
400.859009     15910.0585937500
401.221436     16402.1464843750
401.583832     16250.3808593750
401.946198     16875.8378906250
402.308563     16878.1367187500
402.670807     17156.3730468750
403.033051     16898.8320312500
403.395294     16850.5429687500
403.757416     16931.0253906250
404.119568     16682.6816406250
404.481659     16687.2812500000
404.843719     16820.6503906250
405.205719     16664.2871093750
405.567719     16478.0292968750
405.929657     16425.1406250000
406.291534     16489.5253906250
406.653442     15753.6943359375
407.015228     16064.1240234375
407.377014     16119.3115234375
407.738739     16333.1621093750
408.100464     16567.7089843750
408.462128     16820.6503906250
408.823730     17174.7695312500
409.185364     17862.3125000000
409.546875     17866.9121093750
409.908386     17197.7636718750
410.269867     16820.6503906250
410.631287     16215.8886718750
410.992676     16346.9589843750
411.354034     17473.7011718750
411.715363     17476.0000000000
412.076630     18278.5175781250
412.437866     18710.8183593750
412.799072     18634.9355468750
413.160217     18607.3417968750
413.521362     18283.1152343750
413.882416     18218.7304687500
414.243469     18448.6777343750
414.604462     18446.3789062500
414.965424     18352.0996093750
415.326355     18388.8925781250
415.687225     18630.3359375000
416.048096     18623.4375000000
416.408875     18975.2578125000
416.769653     18708.5175781250
417.130402     18756.8066406250
417.491058     18368.1972656250
417.851715     18467.0742187500
418.212311     17970.3867187500
418.572906     17827.8203125000
418.933411     18223.3300781250
419.293945     18503.8652343750
419.654388     18156.6445312500
420.014801     18175.0410156250
420.375183     18112.9550781250
420.735504     17894.5039062500
421.095825     18841.8886718750
421.456055     19623.7089843750
421.816315     18906.2734375000
422.176453     18936.1660156250
422.536621     18409.5878906250
422.896729     18193.4355468750
423.256775     17618.5683593750
423.616821     17965.7890625000
423.976807     17951.9921875000
424.336731     18522.2617187500
424.696625     18246.3242187500
425.056488     18908.5722656250
425.416351     18340.6035156250
425.776093     18329.1054687500
426.135864     18062.3671875000
426.495575     18273.9179687500
426.855225     18032.4726562500
427.214874     18087.6601562500
427.574432     17680.6542968750
427.934052     17738.1406250000
428.293518     17485.1992187500
428.653015     17448.4062500000
429.012421     17384.0214843750
429.371826     17234.5566406250
429.731232     16530.9160156250
430.090485     15951.4492187500
430.449799     15374.2812500000
430.808990     14445.2939453125
431.168213     14123.3681640625
431.527374     14799.4130859375
431.886475     16682.6816406250
432.245605     17915.1992187500
432.604584     18940.7656250000
432.963623     19055.7382812500
433.322571     18991.3535156250
433.681488     19205.2050781250
434.040344     19002.8515625000
434.399200     18800.4980468750
434.758026     18749.9082031250
435.116760     19025.8457031250
435.475494     19743.2812500000
435.834198     20237.6679687500
436.192841     20847.0292968750
436.551453     20978.0996093750
436.910004     21437.9941406250
437.268555     21040.1855468750
437.627014     21281.6289062500
437.985474     20509.0058593750
438.343903     20115.7968750000
438.702240     19977.8281250000
439.060577     19729.4843750000
439.418854     20157.1875000000
439.777130     20147.9882812500
440.135315     20950.5058593750
440.493500     20966.6015625000
440.851654     20918.3125000000
441.209717     21444.8925781250
441.567810     21582.8613281250
441.925781     21957.6757812500
442.283783     22847.5722656250
442.641663     22750.9941406250
442.999573     23160.2988281250
443.357483     22941.8496093750
443.715240     22629.1210937500
444.073029     22898.1601562500
444.430725     22999.3359375000
444.788452     23056.8242187500
445.146149     23174.0957031250
445.503723     23348.8574218750
445.861359     22415.2695312500
446.218842     21980.6699218750
446.576355     22210.6171875000
446.933777     22716.5019531250
447.291199     23123.5078125000
447.648621     23509.8203125000
448.005920     24031.8007812500
448.363251     24305.4375000000
448.720459     24227.2558593750
449.077728     24300.8378906250
449.434875     24155.9726562500
449.792023     24149.0742187500
450.149170     24395.1171875000
450.506195     24597.4707031250
450.863220     24940.0917968750
451.220184     25349.3984375000
451.577118     25266.6171875000
451.933990     24742.3378906250
452.290894     24875.7070312500
452.647736     24369.8222656250
453.004456     23627.0937500000
453.361237     23102.8125000000
453.717926     23100.5136718750
454.074585     22895.8593750000
454.431244     23261.4765625000
454.787811     23679.9804687500
455.144379     24052.4960937500
455.500824     23473.0273437500
455.857300     23965.1152343750
456.213715     23930.6230468750
456.570099     24461.8027343750
456.926483     25075.7617187500
457.282745     25321.8046875000
457.639038     25142.4453125000
457.995209     25535.6562500000
458.351440     25393.0878906250
458.707550     25080.3593750000
459.063660     25022.8730468750
459.419769     25082.6601562500
459.775757     25071.1621093750
460.131744     24765.3320312500
460.487671     25328.7031250000
460.843597     25289.6132812500
461.199493     25747.2070312500
461.555267     26453.1464843750
461.911072     26471.5410156250
462.266785     26639.4042968750
462.622498     26758.9765625000
462.978119     26825.6601562500
463.333771     26933.7363281250
463.689392     26952.1328125000
464.044891     27191.2773437500
464.400421     26719.8847656250
464.755859     27179.7792968750
465.111298     26938.3359375000
465.466675     26800.3671875000
465.821991     26662.3984375000
466.177338     27922.5097656250
466.532562     27770.7441406250
466.887817     27301.6523437500
467.242981     27168.2832031250
467.598114     27773.0449218750
467.953247     28067.3769531250
468.308289     28764.1171875000
468.663330     28748.0214843750
469.018280     29138.9316406250
469.373230     28904.3847656250
469.728119     28899.7871093750
470.082977     29364.2792968750
470.437836     29230.9101562500
470.792572     29366.5800781250
471.147339     29693.1054687500
471.502014     30031.1269531250
471.856720     30870.4355468750
472.211273     32112.1503906250
472.565918     32799.6953125000
472.920471     32470.8691406250
473.274933     33004.3476562500
473.629395     32877.8750000000
473.983795     33158.4101562500
474.338165     33452.7460937500
474.692505     34662.2656250000
475.046814     34726.6523437500
475.401123     34832.4296875000
475.755280     35359.0078125000
476.109497     35211.8398437500
476.463593     35455.5859375000
476.817688     36007.4609375000
477.171783     36041.9531250000
477.525757     37007.7304687500
477.879761     37617.0898437500
478.233673     38539.1796875000
478.587585     38996.7773437500
478.941406     39332.5000000000
479.295258     39803.8906250000
479.649048     40128.1171875000
480.002747     40760.4726562500
480.356445     41500.9023437500
480.710052     41477.9062500000
481.063690     41664.1640625000
481.417236     42147.0546875000
481.770782     42411.4921875000
482.124329     43310.5898437500
482.477722     43059.9453125000
482.831177     43575.0273437500
483.184509     43910.7500000000
483.537842     43715.2968750000
483.891144     43795.7773437500
484.244385     43710.6953125000
484.597626     43575.0273437500
484.950714     44060.2148437500
485.303894     43798.0781250000
485.656921     42696.6289062500
486.010010     41298.5468750000
486.363068     39767.0976562500
486.715973     38412.7109375000
487.068909     39468.1679687500
487.421783     40886.9414062500
487.774628     41967.6953125000
488.127411     43570.4296875000
488.480194     44499.4179687500
488.832947     44897.2265625000
489.185577     44904.1250000000
489.538239     45607.7617187500
489.890839     46575.8398437500
490.243378     47311.6718750000
490.595917     48206.1679687500
490.948395     48015.3125000000
491.300842     47537.0195312500
491.653198     47424.3476562500
492.005585     47272.5820312500
492.357880     46916.1640625000
492.710144     46688.5156250000
493.062439     47040.3359375000
493.414581     48192.3710937500
493.766754     48380.9296875000
494.118835     48649.9648437500
494.470917     48456.8125000000
494.822937     49516.8671875000
495.174927     49841.0937500000
495.526917     49785.9062500000
495.878784     49742.2148437500
496.230682     49514.5703125000
496.582489     49257.0273437500
496.934296     49926.1757812500
497.285980     50025.0507812500
497.637695     49781.3085937500
497.989410     49751.4140625000
498.340973     49657.1367187500
498.692596     49174.2460937500
499.044128     48981.0898437500
499.395630     49188.0429687500
499.747101     49394.9960937500
500.098480     49572.0546875000
500.449921     49268.5234375000
500.801208     48700.5546875000
501.152527     48178.5742187500
501.503754     47762.3710937500
501.854980     47985.4179687500
502.206177     47799.1601562500
502.557281     48049.8046875000
502.908386     48397.0234375000
503.259430     48682.1601562500
503.610443     48797.1328125000
503.961365     48797.1328125000
504.312317     48631.5703125000
504.663239     48215.3671875000
505.014069     48544.1914062500
505.364899     49489.2734375000
505.715607     49953.7695312500
506.066376     50625.2148437500
506.417084     50733.2890625000
506.767670     50714.8945312500
507.118317     50259.5976562500
507.468842     50321.6835937500
507.819397     49739.9179687500
508.169830     49592.7500000000
508.520294     49873.2851562500
508.870697     50006.6562500000
509.221039     50080.2382812500
509.571381     50618.3164062500
509.921631     50668.9062500000
510.271851     50261.8984375000
510.622009     50758.5820312500
510.972198     50604.5195312500
511.322327     50806.8710937500
511.672394     51379.4414062500
512.022461     51772.6523437500
512.372375     51669.1757812500
512.722351     51487.5156250000
513.072266     50963.2382812500
513.422058     50694.1992187500
513.771912     50882.7539062500
514.121704     50471.1484375000
514.471436     50018.1523437500
514.821167     49972.1640625000
515.170776     50422.8593750000
515.520447     50859.7617187500
515.869995     51119.6015625000
516.219543     51082.8085937500
516.569031     49820.3984375000
516.918518     48171.6757812500
517.267822     46725.3085937500
517.617249     46194.1289062500
517.966614     47061.0312500000
518.315796     47387.5546875000
518.665161     47573.8125000000
519.014282     48157.8789062500
519.363464     48482.1054687500
519.712585     49406.4921875000
520.061646     50432.0585937500
520.410706     51197.7851562500
520.759705     51287.4609375000
521.108704     51466.8203125000
521.457520     51505.9140625000
521.806458     51807.1445312500
522.155334     51993.4023437500
522.504089     52080.7812500000
522.852844     51703.6679687500
523.201538     51558.8007812500
523.550232     51871.5273437500
523.898804     51634.6835937500
524.247437     52405.0078125000
524.596008     52786.7187500000
524.944458     52871.8007812500
525.292969     53170.7304687500
525.641357     52878.6992187500
525.989746     52598.1640625000
526.338074     51972.7070312500
526.686401     51165.5898437500
527.034607     50027.3515625000
527.382813     50114.7304687500
527.731018     49620.3437500000
528.079102     50524.0390625000
528.427246     51356.4453125000
528.775330     51710.5664062500
529.123291     52772.9218750000
529.471252     52839.6093750000
529.819153     52722.3359375000
530.167053     52761.4257812500
530.514832     52685.5429687500
530.862732     52901.6953125000
531.210510     53182.2304687500
531.558167     53235.1171875000
531.905884     53297.2031250000
532.253479     52841.9062500000
532.601074     52628.0546875000
532.948608     51887.6250000000
533.296143     51085.1093750000
533.643616     51648.4804687500
533.991028     51860.0312500000
534.338379     51954.3085937500
534.685730     51903.7226562500
535.033081     52375.1132812500
535.380371     52713.1367187500
535.727478     52637.2539062500
536.074707     53147.7382812500
536.421875     52740.7304687500
536.768921     52110.6757812500
537.115967     52018.6953125000
537.463013     51855.4335937500
537.809998     52055.4882812500
538.156860     51988.8007812500
538.503784     52561.3710937500
538.850647     51862.3320312500
539.197449     51731.2617187500
539.544189     51246.0742187500
539.890930     51211.5820312500
540.237610     51004.6289062500
540.584229     50068.7421875000
540.930847     50190.6132812500
541.277344     50034.2500000000
541.623901     50300.9882812500
541.970337     50919.5468750000
542.316772     50691.8984375000
542.663208     50682.7031250000
543.009521     50284.8906250000
543.355835     50415.9609375000
543.702026     50358.4765625000
544.048279     50402.1640625000
544.394470     50997.7304687500
544.740601     50908.0507812500
545.086731     50501.0429687500
545.432739     50829.8671875000
545.778809     50685.0000000000
546.124695     50501.0429687500
546.470703     50484.9453125000
546.816589     50776.9804687500
547.162415     50696.4960937500
547.508240     50514.8398437500
547.853943     50399.8671875000
548.199646     49847.9921875000
548.545349     50061.8437500000
548.890930     50015.8554687500
549.236633     50422.8593750000
549.582092     49953.7695312500
549.927673     51117.3007812500
550.273071     50590.7226562500
550.618530     50296.3906250000
550.963928     50050.3476562500
551.309204     49827.2968750000
551.654602     50399.8671875000
551.999756     50232.0039062500
552.345093     50482.6484375000
552.690186     50153.8203125000
553.035339     49946.8710937500
553.380493     49555.9609375000
553.725464     49684.7304687500
554.070496     49491.5742187500
554.415405     49967.5664062500
554.760376     50169.9179687500
555.105225     50264.1953125000
555.450073     50084.8398437500
555.794922     50103.2343750000
556.139648     49884.7851562500
556.484375     49553.6601562500
556.828979     49624.9414062500
557.173645     49277.7226562500
557.518311     49250.1289062500
557.862793     49029.3789062500
558.207275     48967.2929687500
558.551697     48599.3789062500
558.896118     48068.1992187500
559.240479     47155.3085937500
559.584839     47109.3203125000
559.929199     47670.3906250000
560.273376     47695.6835937500
560.617676     47479.5351562500
560.961792     47284.0781250000
561.305908     48144.0820312500
561.649963     48426.9179687500
561.994019     47902.6367187500
562.338074     47741.6757812500
562.682007     47300.1757812500
563.025879     47649.6953125000
563.369751     48065.8984375000
563.713623     48157.8789062500
564.057373     47911.8359375000
564.401123     47764.6679687500
564.744873     47336.9687500000
565.088501     47672.6914062500
565.432129     47136.9140625000
565.775635     46640.2265625000
566.119263     46217.1250000000
566.462769     46322.8984375000
566.806152     46736.8046875000
567.149597     46647.1250000000
567.492920     46585.0390625000
567.836243     46148.1406250000
568.179504     45931.9882812500
568.522827     45807.8164062500
568.866028     45589.3671875000
569.209106     44630.4843750000
569.552307     44704.0703125000
569.895325     44448.8281250000
570.238403     44188.9882812500
570.581299     44653.4804687500
570.924255     43765.8828125000
571.267212     43781.9804687500
571.609985     43538.2343750000
571.952881     44172.8906250000
572.295593     44384.4414062500
572.638367     44635.0859375000
572.981079     44418.9335937500
573.323730     44223.4804687500
573.666260     44462.6250000000
574.008850     44354.5507812500
574.351440     45078.8828125000
574.693848     44391.3398437500
575.036255     43899.2539062500
575.378723     44276.3671875000
575.721008     43811.8750000000
576.063354     43887.7578125000
576.405579     43634.8125000000
576.747803     43423.2617187500
577.090027     43278.3945312500
577.432129     43496.8437500000
577.774231     43207.1132812500
578.116272     42979.4648437500
578.458313     42643.7421875000
578.800232     42880.5859375000
579.142212     42181.5468750000
579.484070     42710.4257812500
579.825928     42659.8359375000
580.167725     42954.1679687500
580.509460     42779.4101562500
580.851196     42763.3125000000
581.192810     43087.5390625000
581.534485     43023.1523437500
581.876099     43453.1562500000
582.217590     43179.5195312500
582.559143     43393.3710937500
582.900574     43374.9726562500
583.242004     43393.3710937500
583.583313     43317.4882812500
583.924683     43487.6484375000
584.265991     43200.2148437500
584.607239     43345.0820312500
584.948425     42786.3085937500
585.289551     42788.6093750000
585.630737     42326.4140625000
585.971802     41758.4453125000
586.312805     41687.1601562500
586.653870     41822.8281250000
586.994751     41585.9843750000
587.335693     40951.3281250000
587.676453     41024.9101562500
588.017334     40748.9726562500
588.358154     39189.9296875000
588.698853     38194.2578125000
589.039551     36805.3789062500
589.380188     35492.3789062500
589.720825     34650.7695312500
590.061340     34809.4335937500
590.401917     35271.6289062500
590.742432     36239.7070312500
591.082825     36964.0390625000
591.423218     36646.7148437500
591.763550     37274.4687500000
592.103882     36837.5703125000
592.444092     37575.6992187500
592.784363     37460.7265625000
593.124512     37497.5195312500
593.464600     37646.9843750000
593.804749     37867.7343750000
594.144775     37223.8828125000
594.484802     36959.4414062500
594.824829     36483.4492187500
595.164734     36609.9218750000
595.504578     36156.9257812500
595.844360     36750.1914062500
596.184204     37559.6054687500
596.523926     37442.3320312500
596.863647     37706.7695312500
597.203369     37587.1992187500
597.542969     37320.4609375000
597.882507     37166.3945312500
598.222046     37377.9453125000
598.561584     37529.7109375000
598.901001     37380.2460937500
599.240417     37212.3828125000
599.579834     37688.3750000000
599.919067     37389.4453125000
600.258423     37936.7187500000
600.597595     37736.6640625000
600.936829     37787.2539062500
601.276001     37810.2460937500
601.615051     37065.2187500000
601.954163     37361.8515625000
602.293091     37145.6992187500
602.632141     37522.8125000000
602.971069     38079.2851562500
603.309998     37543.5078125000
603.648865     38021.7968750000
603.987610     38267.8437500000
604.326416     38139.0703125000
604.665100     38633.4570312500
605.003845     37996.5039062500
605.342407     38279.3398437500
605.680969     37734.3632812500
606.019592     38272.4414062500
606.358093     37674.5781250000
606.696533     37773.4570312500
607.034973     37083.6132812500
607.373291     37557.3046875000
607.711609     37122.7031250000
608.049927     37044.5234375000
608.388245     36557.0351562500
608.726379     36614.5195312500
609.064575     36600.7226562500
609.402710     36591.5273437500
609.740723     36205.2148437500
610.078796     36071.8437500000
610.416748     36478.8515625000
610.754761     35802.8046875000
611.092590     35977.5664062500
611.430481     36306.3906250000
611.768311     35975.2656250000
612.106018     36520.2421875000
612.443787     36127.0312500000
612.781494     35922.3789062500
613.119141     35388.9023437500
613.456726     35391.1992187500
613.794250     34804.8359375000
614.131775     35085.3710937500
614.469299     35129.0625000000
614.806763     35060.0781250000
615.144043     35163.5546875000
615.481384     35244.0351562500
615.818726     34912.9101562500
616.156006     34344.9414062500
616.493225     34255.2617187500
616.830322     33887.3437500000
617.167480     33956.3281250000
617.504578     34310.4492187500
617.841614     34439.2187500000
618.178528     34846.2265625000
618.515503     34572.5898437500
618.852478     34538.0976562500
619.189270     34843.9257812500
619.526184     35053.1796875000
619.862854     34581.7851562500
620.199646     34551.8945312500
620.536316     34158.6835937500
620.872986     34402.4257812500
621.209595     34519.6992187500
621.546143     34167.8789062500
621.882629     34476.0117187500
622.219116     33772.3710937500
622.555542     33806.8632812500
622.892029     33048.0351562500
623.228333     33206.6992187500
623.564636     32912.3671875000
623.900818     33084.8281250000
624.237061     33071.0312500000
624.573242     32739.9082031250
624.909363     32447.8750000000
625.245483     31698.2460937500
625.581482     31640.7597656250
625.917480     31893.7011718750
626.253418     31482.0957031250
626.589355     32084.5566406250
626.925171     31569.4746093750
627.261047     31716.6425781250
627.596863     31061.2910156250
627.932556     30743.9648437500
628.268250     30518.6152343750
628.603882     30263.3750000000
628.939514     30417.4394531250
629.275024     30442.7324218750
629.610596     30369.1503906250
629.946045     30458.8300781250
630.281494     30031.1269531250
630.616882     30532.4121093750
630.952209     30311.6640625000
631.287537     29959.8437500000
631.622803     30134.6035156250
631.958008     30104.7109375000
632.293213     29982.8378906250
632.628296     29879.3613281250
632.963379     29617.2226562500
633.298401     29920.7519531250
633.633423     29745.9921875000
633.968384     29490.7519531250
634.303284     29787.3828125000
634.638123     29398.7714843750
634.972900     29787.3828125000
635.307739     29548.2382812500
635.642456     29541.3398437500
635.977112     29520.6445312500
636.311829     29212.5156250000
636.646362     29267.7011718750
636.980957     29557.4355468750
637.315430     29198.7187500000
637.649963     29212.5156250000
637.984436     29460.8574218750
638.318726     29224.0117187500
638.653137     29014.7597656250
638.987366     29251.6054687500
639.321655     28646.8437500000
639.655823     28915.8828125000
639.990051     28679.0371093750
640.324158     28644.5449218750
640.658203     28570.9609375000
640.992249     28380.1054687500
641.326172     27791.4394531250
641.660156     27888.0175781250
641.994019     28019.0878906250
642.327942     28005.2910156250
642.661804     27865.0234375000
642.995483     27800.6386718750
643.329224     27865.0234375000
643.662964     27549.9960937500
643.996582     27513.2031250000
644.330200     27416.6250000000
644.663696     27713.2578125000
644.997253     27366.0371093750
645.330688     27269.4589843750
645.664124     27145.2871093750
645.997437     26354.2695312500
646.330811     26223.1992187500
646.664124     25917.3691406250
646.997375     25577.0468750000
647.330566     25043.5683593750
647.663696     25034.3710937500
647.996826     24562.9785156250
648.329895     24537.6835937500
648.662903     24464.1015625000
648.995911     24063.9921875000
649.328796     23884.6347656250
649.661682     24040.9980468750
649.994568     24096.1855468750
650.327393     24585.9726562500
650.660095     24703.2460937500
650.992859     24832.0175781250
651.325500     25181.5371093750
651.658142     24811.3222656250
651.990723     24484.7968750000
652.323242     24629.6640625000
652.655762     24461.8027343750
652.988220     24362.9238281250
653.320618     24560.6796875000
653.652954     24510.0917968750
653.985291     24834.3164062500
654.317566     24590.5722656250
654.649780     24287.0410156250
654.981995     23863.9394531250
655.314148     23408.6425781250
655.646240     22615.3242187500
655.978271     22134.7343750000
656.310303     21224.1425781250
656.642273     20918.3125000000
656.974182     21010.2910156250
657.306091     21456.3906250000
657.637939     22005.9648437500
657.969666     22307.1953125000
658.301453     22946.4492187500
658.633179     23316.6640625000
658.964844     23473.0273437500
659.296448     23254.5781250000
659.627991     23249.9785156250
659.959534     23627.0937500000
660.291016     23829.4472656250
660.622437     23742.0664062500
660.953796     23972.0136718750
661.285156     23725.9707031250
661.616516     24105.3828125000
661.947754     23723.6699218750
662.278931     23565.0078125000
662.610107     24057.0937500000
662.941284     23725.9707031250
663.272339     23758.1621093750
663.603394     23525.9160156250
663.934387     23797.2539062500
664.265320     23026.9296875000
664.596252     23075.2187500000
664.927063     23144.2031250000
665.257935     23279.8730468750
665.588684     23174.0957031250
665.919434     23008.5351562500
666.250061     23231.5839843750
666.580688     22732.5976562500
666.911316     22806.1816406250
667.241821     22914.2558593750
667.572327     22865.9667968750
667.902832     22608.4257812500
668.233276     22668.2128906250
668.563660     22523.3457031250
668.893982     22201.4199218750
669.224243     22748.6933593750
669.554504     22518.7460937500
669.884705     22481.9550781250
670.214844     22008.2636718750
670.544922     22323.2910156250
670.875000     21971.4726562500
671.205078     22141.6328125000
671.534973     21543.7695312500
671.864929     21555.2675781250
672.194824     21306.9238281250
672.524658     21460.9882812500
672.854431     21263.2343750000
673.184204     21481.6835937500
673.513916     21426.4960937500
673.843567     21247.1367187500
674.173218     21258.6347656250
674.502747     21366.7109375000
674.832275     21017.1894531250
675.161804     21143.6621093750
675.491211     20706.7617187500
675.820679     21060.8808593750
676.149963     20918.3125000000
676.479248     20709.0605468750
676.808533     20522.8027343750
677.137756     20389.4335937500
677.466919     20276.7597656250
677.796021     20400.9316406250
678.125122     20159.4863281250
678.454163     20228.4707031250
678.783142     20193.9785156250
679.112122     20495.2089843750
679.440979     20127.2929687500
679.769897     20203.1757812500
680.098694     20069.8066406250
680.427490     19968.6308593750
680.756165     20099.6992187500
681.084900     20318.1503906250
681.413513     19862.8535156250
681.742065     19727.1855468750
682.070679     19469.6445312500
682.399170     19124.7226562500
682.727600     19292.5839843750
683.056030     19432.8535156250
683.384399     19048.8398437500
683.712708     19035.0429687500
684.040955     18795.8984375000
684.369263     18660.2304687500
684.697388     18662.5292968750
685.025574     18839.5878906250
685.353638     18393.4902343750
685.681702     18761.4062500000
686.009766     18170.4414062500
686.337708     17860.0136718750
686.665588     16657.3886718750
686.993469     15618.0253906250
687.321289     14790.2148437500
687.649048     14408.5029296875
687.976807     14346.4169921875
688.304565     14541.8720703125
688.632141     14755.7226562500
688.959839     14718.9316406250
689.287354     14898.2900390625
689.614868     15185.7246093750
689.942383     15155.8320312500
690.269775     15406.4746093750
690.597168     15376.5810546875
690.924500     15687.0097656250
691.251770     15438.6669921875
691.578979     15827.2783203125
691.906250     15365.0839843750
692.233398     15388.0781250000
692.560486     15369.6826171875
692.887573     15139.7353515625
693.214539     15167.3291015625
693.541565     14656.8457031250
693.868469     14560.2675781250
694.195374     14339.5185546875
694.522217     14173.9560546875
694.849060     14261.3359375000
695.175781     14546.4707031250
695.502441     14268.2343750000
695.829163     14461.3906250000
696.155823     14718.9316406250
696.482300     15162.7304687500
696.808899     15293.7998046875
697.135315     15371.9824218750
697.461792     15542.1435546875
697.788147     15611.1269531250
698.114563     15608.8281250000
698.440857     15252.4091796875
698.767029     14955.7773437500
699.093323     14638.4501953125
699.419495     14629.2519531250
699.745605     14325.7216796875
700.071655     14316.5234375000
700.397705     14442.9951171875
700.723694     14104.9716796875
701.049622     14001.4960937500
701.375549     14093.4746093750
701.701355     14109.5712890625
702.027222     14029.0898437500
702.352905     13960.1054687500
702.678711     14155.5605468750
703.004395     14137.1650390625
703.329956     14052.0839843750
703.655579     14410.8017578125
703.981018     14431.4970703125
704.306580     14415.4013671875
704.632080     14574.0644531250
704.957397     14569.4658203125
705.282776     14403.9033203125
705.608093     14399.3046875000
705.933350     14362.5126953125
706.258545     14429.1982421875
706.583740     14390.1064453125
706.908875     14484.3847656250
707.233948     14429.1982421875
707.559021     14461.3906250000
707.883972     14484.3847656250
708.208984     14116.4697265625
708.533813     14429.1982421875
708.858704     14339.5185546875
709.183533     14199.2500000000
709.508240     14399.3046875000
709.833008     14376.3095703125
710.157654     14413.1015625000
710.482300     14284.3310546875
710.806885     14318.8232421875
711.131409     14323.4218750000
711.455933     14233.7421875000
711.780334     14162.4589843750
712.104797     14229.1435546875
712.429138     14355.6142578125
712.753479     14213.0468750000
713.077759     13930.2119140625
713.401917     13799.1416015625
713.726135     14075.0791015625
714.050232     14153.2607421875
714.374329     14116.4697265625
714.698364     13716.3613281250
715.022339     13654.2753906250
715.346313     13440.4238281250
715.670166     13231.1718750000
715.994080     13185.1826171875
716.317871     12743.6835937500
716.641663     11715.8183593750
716.965393     11131.7529296875
717.289001     10324.6367187500
717.612732     10039.5029296875
717.936279      9478.4306640625
718.259827      9257.6816406250
718.583313      8908.1611328125
718.906738      8558.6416015625
719.230225      8606.9306640625
719.553528      8209.1210937500
719.876892      8296.5009765625
720.200134      8399.9775390625
720.523315      8627.6259765625
720.846497      8956.4501953125
721.169617      9510.6230468750
721.492737     10198.1660156250
721.815735     10646.5634765625
722.138733     10963.8906250000
722.461670     11094.9609375000
722.784607     11028.2763671875
723.107544     10536.1884765625
723.430298     10313.1396484375
723.753113     10021.1064453125
724.075745      9678.4853515625
724.398438      9600.3027343750
724.721008      9315.1679687500
725.043640      9285.2753906250
725.366211      9255.3818359375
725.688660      9186.3974609375
726.011169      9002.4394531250
726.333496      9211.6914062500
726.655884      9257.6816406250
726.978149      9271.4785156250
727.300476      9349.6601562500
727.622681      9308.2695312500
727.944824      9168.0019531250
728.266968      9374.9541015625
728.589050      9423.2431640625
728.911133      9202.4941406250
729.233032      9108.2158203125
729.554993      9089.8193359375
729.876953      9324.3662109375
730.198792      9503.7246093750
730.520569      9310.5693359375
730.842346      9358.8583984375
731.164063      9312.8691406250
731.485718      9460.0351562500
731.807373      9641.6933593750
732.128967      9903.8330078125
732.450439     10154.4765625000
732.771973     10159.0751953125
733.093323     10584.4775390625
733.414795     10823.6230468750
733.736145     11053.5703125000
734.057373     11377.7958984375
734.378662     11449.0800781250
734.699890     11308.8115234375
735.021057     11186.9394531250
735.342163     11373.1972656250
735.663269     11357.1005859375
735.984314     11196.1376953125
736.305237     10970.7890625000
736.626160     11111.0576171875
736.947083     10821.3232421875
737.267883     10920.2011718750
737.588745     11154.7470703125
737.909485     11159.3457031250
738.230225     11301.9130859375
738.550781     11191.5390625000
738.871460     11184.6406250000
739.192017     11129.4531250000
739.512573     11345.6035156250
739.833069     11320.3095703125
740.153442     11409.9892578125
740.473877     11221.4316406250
740.794128     11051.2705078125
741.114441     11258.2236328125
741.434692     11299.6142578125
741.754883     11269.7207031250
742.075073     11354.8017578125
742.395142     11375.4970703125
742.715210     11543.3583984375
743.035217     11485.8710937500
743.355225     11492.7695312500
743.675049     11361.7001953125
743.994995     11262.8222656250
744.314880     11465.1757812500
744.634583     11421.4863281250
744.954407     11506.5664062500
745.273987     11320.3095703125
745.593689     11531.8613281250
745.913330     11292.7158203125
746.232849     11065.0673828125
746.552368     11446.7802734375
746.871826     11299.6142578125
747.191223     11416.8876953125
747.510559     11191.5390625000
747.829956     11232.9296875000
748.149231     10947.7949218750
748.468384     10966.1904296875
748.787659     10883.4091796875
749.106750     10977.6875000000
749.425842     10890.3076171875
749.744873     10779.9326171875
750.063904     10623.5683593750
750.382874     10529.2900390625
750.701721     10648.8632812500
751.020630     10616.6699218750
751.339417     10526.9912109375
751.658203     10460.3056640625
751.976990     10375.2255859375
752.295593     10412.0175781250
752.614258     10644.2636718750
752.932800     10458.0068359375
753.251404     10432.7128906250
753.569824     10432.7128906250
753.888306     10448.8085937500
754.206726     10320.0380859375
754.525024     10331.5351562500
754.843323     10423.5146484375
755.161621     10283.2470703125
755.479797     10435.0117187500
755.797974     10276.3486328125
756.116089     10154.4765625000
756.434204     10267.1503906250
756.752197      9931.4267578125
757.070190      9867.0419921875
757.388123     10087.7910156250
757.705994      9871.6406250000
758.023865     10009.6093750000
758.341675      9857.8437500000
758.659363      9814.1542968750
758.977112      9515.2226562500
759.294739      8544.8447265625
759.612305      7457.1933593750
759.929932      6183.2851562500
760.247498      5010.5532226563
760.564880      4058.5712890625
760.882385      3566.4838867188
761.199707      3561.8847656250
761.517090      3975.7900390625
761.834290      4332.2084960938
762.151611      4704.7231445313
762.468811      4847.2905273438
762.785889      4794.4028320313
763.103027      4642.6376953125
763.420044      4610.4448242188
763.737061      4667.9316406250
764.054077      4955.3657226563
764.370972      5150.8212890625
764.687805      5442.8544921875
765.004639      5734.8876953125
765.321411      5773.9785156250
765.638123      6192.4829101563
765.954834      6502.9116210938
766.271484      6847.8330078125
766.588074      7020.2934570313
766.904602      7374.4125976563
767.221069      7546.8730468750
767.537537      7933.1845703125
767.853882      8181.5278320313
768.170288      8464.3632812500
768.486572      8586.2353515625
768.802856      8802.3857421875
769.119080      8588.5341796875
769.435181      8724.2031250000
769.751343      8788.5888671875
770.067322      8859.8720703125
770.383423      8813.8828125000
770.699402      8802.3857421875
771.015320      8657.5185546875
771.331238      8779.3906250000
771.647095      8751.7968750000
771.962891      8875.9687500000
772.278625      8618.4277343750
772.594299      8524.1494140625
772.909973      8669.0156250000
773.225586      8521.8496093750
773.541138      8604.6308593750
773.856567      8659.8183593750
774.172119      8411.4746093750
774.487549      8537.9462890625
774.802856      8172.3295898438
775.118286      8457.4648437500
775.433472      8163.1318359375
775.748718      8266.6083984375
776.063904      8176.9287109375
776.379028      8078.0512695313
776.694153      8153.9340820313
777.009155      8204.5224609375
777.324158      8066.5541992188
777.639099      7988.3720703125
777.954041      8089.5488281250
778.268921      7992.9707031250
778.583740      7802.1142578125
778.898499      7721.6328125000
779.213196      7905.5908203125
779.527832      7882.5961914063
779.842468      7546.8730468750
780.157043      7638.8520507813
780.471619      7742.3281250000
780.786072      7454.8940429688
781.100525      7415.8027343750
781.414856      7523.8779296875
781.729248      7418.1025390625
782.043457      7576.7661132813
782.357788      7365.2143554688
782.671997      7312.3266601563
782.986084      7277.8344726563
783.300293      6985.8012695313
783.614258      7165.1601562500
783.928345      7153.6630859375
784.242249      7192.7539062500
784.556213      6930.6137695313
784.870117      6960.5068359375
785.183899      6967.4052734375
785.497681      6896.1215820313
785.811340      6994.9990234375
786.125061      6857.0307617188
786.438721      6643.1796875000
786.752258      6748.9555664063
787.065857      6574.1953125000
787.379333      6539.7036132813
787.692810      6369.5424804688
788.006165      6330.4511718750
788.319519      6408.6333007813
788.632874      6116.6000976563
788.946106      6252.2690429688
789.259338      6015.4233398438
789.572449      5944.1396484375
789.885559      5817.6684570313
790.198608      5787.7753906250
790.511719      5951.0380859375
790.824707      5911.9472656250
791.137573      5907.3481445313
791.450500      5817.6684570313
791.763306      5681.9995117188
792.076111      5771.6791992188
792.388855      5773.9785156250
792.701538      5723.3901367188
793.014221      5681.9995117188
793.326782      5744.0854492188
793.639343      5636.0102539063
793.951843      5739.4863281250
794.264282      5615.3149414063
794.576721      5652.1064453125
794.889099      5468.1484375000
795.201416      5672.8017578125
795.513611      5594.6196289063
795.825867      5435.9560546875
796.138000      5297.9873046875
796.450195      5348.5761718750
796.762268      5334.7792968750
797.074280      5226.7041015625
797.386292      5166.9174804688
797.698181      5263.4956054688
798.010071      5461.2500000000
798.321960      5458.9506835938
798.633728      5219.8056640625
798.945496      5212.9072265625
799.257202      5334.7792968750
799.568787      5249.6987304688
799.880432      5084.1367187500
800.192017      5012.8530273438
800.503540      5077.2382812500
800.815002      4969.1625976563
801.126404      5042.7460937500
801.437744      4920.8740234375
801.749084      4884.0820312500
802.060364      5040.4462890625
802.371582      4842.6918945313
802.682800      4893.2802734375
802.993835      4812.7988281250
803.304993      4762.2099609375
803.615967      4863.3872070313
803.927002      4771.4082031250
804.237976      4716.2207031250
804.548828      4707.0229492188
804.859741      4674.8300781250
805.170471      4647.2363281250
805.481201      4679.4291992188
805.791931      4753.0122070313
806.102600      4861.0874023438
806.413208      4704.7231445313
806.723755      4785.2050781250
807.034241      4610.4448242188
807.344727      4566.7548828125
807.655151      4732.3168945313
807.965515      4649.5361328125
808.275879      4559.8564453125
808.586182      4525.3642578125
808.896362      4585.1508789063
809.206604      4456.3803710938
809.516663      4352.9038085938
809.826782      4433.3852539063
810.136780      4414.9897460938
810.446777      4336.8076171875
810.756775      4187.3417968750
811.066650      4274.7216796875
811.376465      4111.4589843750
811.686279      4141.3520507813
811.996033      4012.5817871094
812.305786      3904.5063476563
812.615417      3961.9934082031
812.924988      3807.9284667969
813.234558      3635.4680175781
813.544128      3686.0563964844
813.853516      3541.1896972656
814.162964      3490.6010742188
814.472351      3341.1354980469
814.781616      3315.8410644531
815.090942      3265.2526855469
815.400146      3175.5732421875
815.709351      3124.9848632813
816.018433      3069.7973632813
816.327515      2964.0217285156
816.636597      2855.9465332031
816.945557      2851.3474121094
817.254578      2952.5244140625
817.563416      2823.7536621094
817.872253      2881.2407226563
818.181091      2844.4489746094
818.489807      2837.5505371094
818.798523      2936.4279785156
819.107178      3028.4069824219
819.415833      2830.6520996094
819.724365      2961.7221679688
820.032837      3069.7973632813
820.341370      3039.9042968750
820.649719      3159.4770507813
820.958130      3191.6696777344
821.266357      3256.0549316406
821.574707      3265.2526855469
821.882874      3269.8518066406
822.191040      3152.5786132813
822.499207      2934.1284179688
822.807251      2872.0427246094
823.115356      2665.0900878906
823.423279      2651.2932128906
823.731262      2676.5874023438
824.039124      2786.9621582031
824.346985      2830.6520996094
824.654846      2970.9201660156
824.962524      3118.0864257813
825.270264      3090.4926757813
825.577820      3113.4875488281
825.885437      3145.6801757813
826.193054      3003.1127929688
826.500488      3141.0810546875
826.807983      3131.8833007813
827.115356      3120.3859863281
827.422729      3076.6958007813
827.729980      2867.4438476563
828.037292      2895.0373535156
828.344543      3007.7116699219
828.651733      2855.9465332031
828.958862      2740.9726562500
829.265869      2941.0268554688
829.572937      2839.8500976563
829.879883      2920.3317871094
830.186829      2899.6364746094
830.493713      2858.2458496094
830.800537      2860.5454101563
831.107361      2846.7485351563
831.414063      2798.4594726563
831.720764      2828.3527832031
832.027405      2720.2773437500
832.333984      2701.8815917969
832.640564      2743.2722167969
832.947021      2789.2617187500
833.253479      2740.9726562500
833.559814      2819.1547851563
833.866211      2727.1757812500
834.172546      2819.1547851563
834.478760      2713.3791503906
834.784973      2872.0427246094
835.091125      2858.2458496094
835.397278      2915.7326660156
835.703247      2904.2353515625
836.009277      2849.0480957031
836.315247      2878.9411621094
836.621155      2927.2299804688
836.927063      2911.1337890625
837.232849      3000.8132324219
837.538635      2943.3264160156
837.844421      2975.5190429688
838.150085      2878.9411621094
838.455688      2911.1337890625
838.761292      2872.0427246094
839.066833      2913.4333496094
839.372253      2878.9411621094
839.677734      2957.1232910156
839.983093      2957.1232910156
840.288391      2803.0585937500
840.593689      2927.2299804688
840.898926      2920.3317871094
841.204102      2867.4438476563
841.509277      2814.5559082031
841.814392      2938.7275390625
842.119446      2885.8395996094
842.424438      2966.3210449219
842.729370      2793.8605957031
843.034241      2915.7326660156
843.339111      2897.3369140625
843.643982      2908.8342285156
843.948669      2826.0532226563
844.253479      2777.7644042969
844.558105      2786.9621582031
844.862671      2913.4333496094
845.167236      2775.4648437500
845.471741      2740.9726562500
845.776245      2780.0637207031
846.080627      2745.5717773438
846.385071      2713.3791503906
846.689331      2745.5717773438
846.993591      2763.9675292969
847.297791      2740.9726562500
847.601990      2688.0847167969
847.906128      2750.1706542969
848.210205      2773.1652832031
848.514282      2727.1757812500
848.818237      2692.6838378906
849.122131      2681.1865234375
849.426025      2612.2021484375
849.729919      2775.4648437500
850.033691      2589.2075195313
850.337402      2563.9133300781
850.641113      2584.6083984375
850.944702      2490.3300781250
851.248352      2540.9184570313
851.551941      2625.9990234375
851.855347      2580.0095214844
852.158813      2540.9184570313
852.462219      2580.0095214844
852.765564      2538.6191406250
853.068848      2538.6191406250
853.372070      2494.9289550781
853.675354      2462.7363281250
853.978455      2366.1584472656
854.281555      2276.4790039063
854.584656      2269.5805664063
854.887634      2258.0832519531
855.190552      2246.5859375000
855.493530      2285.6770019531
855.796387      2290.2758789063
856.099182      2375.3564453125
856.401978      2343.1638183594
856.704651      2393.7521972656
857.007324      2437.4421386719
857.309998      2244.2863769531
857.612549      2322.4685058594
857.915100      2347.7626953125
858.217529      2377.6557617188
858.519958      2458.1374511719
858.822266      2379.9553222656
859.124634      2297.1743164063
859.426941      2308.6716308594
859.729187      2343.1638183594
860.031372      2366.1584472656
860.333435      2315.5700683594
860.635559      2267.2812500000
860.937622      2287.9763183594
861.239563      2209.7941894531
861.541504      2299.4738769531
861.843384      2276.4790039063
862.145264      2195.9975585938
862.446960      2202.8957519531
862.748779      2290.2758789063
863.050476      2225.8906250000
863.352051      2267.2812500000
863.653748      2283.3774414063
863.955200      2147.7084960938
864.256714      2177.6015625000
864.558167      2182.2006835938
864.859619      2131.6120605469
865.160950      2205.1953125000
865.462219      2145.4089355469
865.763489      2173.0026855469
866.064697      2064.9274902344
866.365845      1952.2531738281
866.666931      1977.5474853516
866.967957      1986.7453613281
867.269043      1986.7453613281
867.570007      2092.5212402344
867.870911      2035.0343017578
868.171692      1913.1621093750
868.472595      1929.2585449219
868.773254      2076.4248046875
869.074036      1913.1621093750
869.374695      1901.6647949219
869.675293      2090.2216796875
869.975891      1968.3494873047
870.276367      1966.0500488281
870.576843      2002.8416748047
870.877319      1975.2479248047
871.177612      1975.2479248047
871.477966      1933.8574218750
871.778198      2081.0236816406
872.078491      1954.5527343750
872.378601      1915.4616699219
872.678711      1848.7768554688
872.978882      1972.9484863281
873.278870      1903.9642333984
873.578857      1876.3706054688
873.878784      1830.3811035156
874.178650      1899.3653564453
874.478394      1867.1727294922
874.778259      1846.4774169922
875.078003      1869.4721679688
875.377625      1834.9801025391
875.677307      1828.0816650391
875.976868      1786.6911621094
876.276428      1906.2637939453
876.575928      1800.4879150391
876.875366      1802.7874755859
877.174744      1809.6857910156
877.474060      1828.0816650391
877.773376      1756.7979736328
878.072571      1779.7927246094
878.371826      1759.0974121094
878.670959      1793.5894775391
878.970032      1759.0974121094
879.269043      1786.6911621094
879.567993      1738.4022216797
879.867004      1811.9853515625
880.165894      1664.8189697266
880.464722      1674.0168457031
880.763550      1651.0222167969
881.062256      1699.3111572266
881.361023      1657.9205322266
881.659607      1623.4284667969
881.958252      1690.1131591797
882.256836      1729.2042236328
882.555298      1660.2200927734
882.853760      1646.4232177734
883.152100      1595.8348388672
883.450500      1676.3164062500
883.748779      1602.7331542969
884.047058      1644.1237792969
884.345276      1653.3216552734
884.643372      1538.3479003906
884.941528      1621.1290283203
885.239502      1634.9259033203
885.537598      1568.2410888672
885.835510      1487.7595214844
886.133423      1450.9678955078
886.431335      1538.3479003906
886.729065      1568.2410888672
887.026855      1561.3426513672
887.324524      1561.3426513672
887.622253      1487.7595214844
887.919800      1485.4600830078
888.217407      1444.0695800781
888.514954      1467.0642089844
888.812317      1526.8505859375
889.109802      1487.7595214844
889.407166      1526.8505859375
889.704407      1430.2727050781
890.001770      1446.3690185547
890.298889      1457.8663330078
890.596130      1450.9678955078
890.893188      1384.2832031250
891.190308      1434.8715820313
891.487244      1490.0589599609
