0.064000
190.489868         0.0000000000
190.870819         0.0000000000
191.251740       837.5150756836
191.632629       897.4962768555
192.013474       868.6164550781
192.394302       917.4899902344
192.775101       870.8379516602
193.155838       879.7240600586
193.536575       921.9330444336
193.917267       901.9393310547
194.297943       950.8128662109
194.678574       957.4774780273
195.059174       933.0407104492
195.439743       921.9330444336
195.820282       944.1483154297
196.200790       950.8128662109
196.581268       948.5913696289
196.961700       937.4837036133
197.342117       939.7052612305
197.722488       895.2747192383
198.102829       884.1671142578
198.483154       868.6164550781
198.863434       904.1608276367
199.243698       930.8191528320
199.623901       901.9393310547
200.004089       906.3823852539
200.384247       966.3635864258
200.764389       881.9456176758
201.144485       884.1671142578
201.524536       890.8317260742
201.904572       868.6164550781
202.284561       897.4962768555
202.664520       948.5913696289
203.044449       893.0532226563
203.424362       901.9393310547
203.804214       910.8254394531
204.184067       893.0532226563
204.563858       939.7052612305
204.943649       877.5025634766
205.323380       873.0595092773
205.703094       913.0469360352
206.082764       881.9456176758
206.462418       904.1608276367
206.842026       919.7115478516
207.221588       877.5025634766
207.601166       853.0657958984
207.980667       870.8379516602
208.360153       877.5025634766
208.739609       906.3823852539
209.119034       857.5087890625
209.498428       857.5087890625
209.877777       919.7115478516
210.257111       933.0407104492
210.636398       881.9456176758
211.015656       973.0281372070
211.394882       877.5025634766
211.774094       899.7177734375
212.153244       901.9393310547
212.532394       915.2684936523
212.911484       933.0407104492
213.290543       921.9330444336
213.669571       953.0344238281
214.048584       955.2559204102
214.427567       901.9393310547
214.806488       981.9142456055
215.185410       877.5025634766
215.564270       986.3572998047
215.943115       881.9456176758
216.321930       919.7115478516
216.700714       957.4774780273
217.079437       941.9267578125
217.458176       953.0344238281
217.836838       910.8254394531
218.215485       955.2559204102
218.594101       893.0532226563
218.972687       893.0532226563
219.351227       921.9330444336
219.729752       999.6864624023
220.108246       946.3698120117
220.486694       959.6989746094
220.865128       904.1608276367
221.243515       941.9267578125
221.621872       895.2747192383
222.000183       921.9330444336
222.378494       917.4899902344
222.756744       921.9330444336
223.134964       904.1608276367
223.513153       877.5025634766
223.891327       893.0532226563
224.269455       906.3823852539
224.647552       930.8191528320
225.025620       870.8379516602
225.403656       915.2684936523
225.781647       821.9644165039
226.159622       901.9393310547
226.537552       955.2559204102
226.915436       906.3823852539
227.293335       935.2622070313
227.671158       864.1734008789
228.048950       959.6989746094
228.426727       864.1734008789
228.804459       886.3886718750
229.182175       815.2998046875
229.559845       957.4774780273
229.937500       924.1546020508
230.315094       928.5976562500
230.692673       881.9456176758
231.070221       970.8066406250
231.447723       924.1546020508
231.825180       864.1734008789
232.202652       919.7115478516
232.580048       881.9456176758
232.957428       933.0407104492
233.334778       935.2622070313
233.712097       917.4899902344
234.089386       915.2684936523
234.466614       886.3886718750
234.843842       939.7052612305
235.221024       915.2684936523
235.598175       855.2872924805
235.975281       881.9456176758
236.352386       944.1483154297
236.729431       904.1608276367
237.106445       877.5025634766
237.483414       957.4774780273
237.860382       953.0344238281
238.237305       917.4899902344
238.614182       864.1734008789
238.991043       935.2622070313
239.367859       846.4011840820
239.744644       873.0595092773
240.121414       855.2872924805
240.498138       910.8254394531
240.874817       844.1796875000
241.251480       930.8191528320
241.628098       899.7177734375
242.004700       921.9330444336
242.381241       953.0344238281
242.757782       946.3698120117
243.134262       868.6164550781
243.510727       955.2559204102
243.887146       901.9393310547
244.263535       895.2747192383
244.639893       899.7177734375
245.016220       877.5025634766
245.392517       933.0407104492
245.768768       939.7052612305
246.145020       926.3760986328
246.521194       855.2872924805
246.897354       955.2559204102
247.273483       888.6101684570
247.649567       853.0657958984
248.025650       933.0407104492
248.401672       899.7177734375
248.777664       921.9330444336
249.153641       866.3948974609
249.529556       924.1546020508
249.905457       875.2810058594
250.281326       961.9205322266
250.657135       917.4899902344
251.032959       873.0595092773
251.408707       933.0407104492
251.784424       897.4962768555
252.160126       866.3948974609
252.535797       966.3635864258
252.911423       875.2810058594
253.287018       801.9707031250
253.662582       915.2684936523
254.038116       948.5913696289
254.413605       899.7177734375
254.789063       975.2496337891
255.164505       944.1483154297
255.539886       964.1420288086
255.915268       910.8254394531
256.290588       886.3886718750
256.665894       946.3698120117
257.041168       917.4899902344
257.416351       928.5976562500
257.791565       957.4774780273
258.166779       957.4774780273
258.541870       848.6227416992
258.916962       941.9267578125
259.292023       944.1483154297
259.667023       924.1546020508
260.042053       866.3948974609
260.416992       897.4962768555
260.791931       915.2684936523
261.166809       961.9205322266
261.541687       926.3760986328
261.916504       957.4774780273
262.291321       928.5976562500
262.666077       879.7240600586
263.040802       908.6038818359
263.415497       888.6101684570
263.790161       893.0532226563
264.164795       939.7052612305
264.539368       910.8254394531
264.913910       964.1420288086
265.288452       917.4899902344
265.662964       921.9330444336
266.037384       864.1734008789
266.411865       961.9205322266
266.786224       984.1357421875
267.160583       899.7177734375
267.534912       924.1546020508
267.909210       970.8066406250
268.283447       959.6989746094
268.657654       899.7177734375
269.031860       924.1546020508
269.406006       993.0218505859
269.780151       913.0469360352
270.154236       904.1608276367
270.528290       990.8003540039
270.902283       975.2496337891
271.276306       975.2496337891
271.650238       893.0532226563
272.024170       950.8128662109
272.398041       986.3572998047
272.771881       941.9267578125
273.145721       953.0344238281
273.519531       970.8066406250
273.893219       901.9393310547
274.266937       873.0595092773
274.640656       906.3823852539
275.014282       915.2684936523
275.387909       933.0407104492
275.761475       875.2810058594
276.135040       844.1796875000
276.508514       930.8191528320
276.882019       941.9267578125
277.255463       924.1546020508
277.628906       917.4899902344
278.002258       913.0469360352
278.375549       939.7052612305
278.748901       917.4899902344
279.122162       924.1546020508
279.495392       984.1357421875
279.868622       915.2684936523
280.241791       966.3635864258
280.614929       886.3886718750
280.988007       879.7240600586
281.361084       921.9330444336
281.734131       937.4837036133
282.107117       928.5976562500
282.480072       884.1671142578
282.853027       955.2559204102
283.225952       946.3698120117
283.598785       921.9330444336
283.971619       930.8191528320
284.344452       941.9267578125
284.717194       977.4711914063
285.089905       948.5913696289
285.462616       926.3760986328
285.835297       904.1608276367
286.207886       961.9205322266
286.580475       906.3823852539
286.953064       930.8191528320
287.325592       884.1671142578
287.698059       888.6101684570
288.070496       866.3948974609
288.442963      1026.3447265625
288.815308       913.0469360352
289.187683       964.1420288086
289.559998       975.2496337891
289.932281       910.8254394531
290.304504       950.8128662109
290.676727       915.2684936523
291.048920       879.7240600586
291.421082      1001.9079589844
291.793182      1013.0156250000
292.165222       966.3635864258
292.537292       875.2810058594
292.909332       919.7115478516
293.281281       908.6038818359
293.653198       897.4962768555
294.025116       970.8066406250
294.397003       904.1608276367
294.768860       906.3823852539
295.140656       950.8128662109
295.512390       953.0344238281
295.884125      1033.0092773438
296.255829       933.0407104492
296.627502       966.3635864258
296.999146       957.4774780273
297.370728       919.7115478516
297.742249       913.0469360352
298.113831       935.2622070313
298.485291       984.1357421875
298.856781       964.1420288086
299.228149       915.2684936523
299.599579       950.8128662109
299.970917       919.7115478516
300.342224       897.4962768555
300.713531       955.2559204102
301.084778       948.5913696289
301.455994       964.1420288086
301.827148       901.9393310547
302.198334       957.4774780273
302.569427       997.4649047852
302.940521       964.1420288086
303.311554      1024.1231689453
303.682556      1021.9016723633
304.053528      1024.1231689453
304.424469      1057.4460449219
304.795380      1004.1295166016
305.166260      1059.6676025391
305.537048      1097.4335937500
305.907837      1041.8953857422
306.278625      1128.5349121094
306.649384      1164.0793457031
307.020050      1146.3071289063
307.390686      1181.8515625000
307.761353      1199.6237792969
308.131897      1232.9466552734
308.502502      1195.1806640625
308.872986      1292.9278564453
309.243500      1279.5986328125
309.613922      1332.9152832031
309.984344      1279.5986328125
310.354736      1328.4721679688
310.725098      1455.0991210938
311.095398      1463.9852294922
311.465637      1577.2830810547
311.835907      1608.3843994141
312.206116      1621.7136230469
312.576294      1650.5933837891
312.946411      1599.4982910156
313.316528      1672.8085937500
313.686584      1723.9036865234
314.056610      1761.6696777344
314.426605      1803.8786621094
314.796570      1848.3092041016
315.166504      1857.1953125000
315.536377      1934.9486083984
315.906250      1868.3028564453
316.276093      1890.5181884766
316.645844      1983.8222656250
317.015594      2108.2275390625
317.385315      2161.5441894531
317.755035      2254.8483886719
318.124603      2248.1838378906
318.494263      2299.2788085938
318.863831      2317.0510253906
319.233368      2434.7919921875
319.602875      2357.0385742188
319.972351      2454.7856445313
320.341797      2559.1972656250
320.711182      2688.0456542969
321.080536      2672.4951171875
321.449890      2708.0395507813
321.819183      2781.3498535156
322.188446      2754.6916503906
322.557648      2776.9067382813
322.926880      2659.1660156250
323.295990      2688.0456542969
323.665100      2752.4699707031
324.034210      2901.3122558594
324.403259      3094.5849609375
324.772247      2981.2871093750
325.141205      3218.9902343750
325.510193      3258.9777832031
325.879120      3463.3581542969
326.247955      3661.0739746094
326.616791      3900.9985351563
326.985596      3943.2075195313
327.354340      3949.8723144531
327.723053      3969.8659667969
328.091797      3974.3090820313
328.460449      3965.4228515625
328.829071      3912.1062011719
329.197632      4067.6130371094
329.566193      4409.7280273438
329.934753      4503.0322265625
330.303192      4403.0634765625
330.671631      4449.7153320313
331.040070      4251.9995117188
331.408478      4320.8671875000
331.776794      4223.1196289063
332.145081      4354.1899414063
332.513367      4356.4111328125
332.881592      4498.5888671875
333.249756      4400.8417968750
333.617920      4507.4750976563
333.986084      4394.1772460938
334.354156      4423.0571289063
334.722229      4376.4052734375
335.090240      4376.4052734375
335.458252      4467.4877929688
335.826202      4296.4301757813
336.194092      4180.9106445313
336.561951      4058.7270507813
336.929779      4112.0434570313
337.297577      4187.5751953125
337.665375      4369.7407226563
338.033142      4367.5190429688
338.400787      4622.9946289063
338.768463      4882.9130859375
339.136108      4996.2109375000
339.503693      5145.0527343750
339.871246      5407.1928710938
340.238770      5598.2441406250
340.606262      5687.1049804688
340.973755      5418.3002929688
341.341125      5358.3193359375
341.708527      5151.7172851563
342.075867      5185.0405273438
342.443146      5289.4521484375
342.810425      5478.2817382813
343.177673      5487.1679687500
343.544861      5482.7246093750
343.912018      5307.2241210938
344.279114      5042.8627929688
344.646271      4789.6088867188
345.013336      4851.8115234375
345.380341      4973.9956054688
345.747314      5198.3696289063
346.114258      5238.3569335938
346.481171      5253.9077148438
346.848022      5373.8701171875
347.214905      5564.9213867188
347.581726      5447.1801757813
347.948456      5578.2504882813
348.315186      5349.4331054688
348.681885      5467.1743164063
349.048584      5411.6357421875
349.415161      5413.8574218750
349.781738      5353.8764648438
350.148346      5649.3393554688
350.514862      6038.1059570313
350.881287      6275.8095703125
351.247742      6346.8979492188
351.614197      6038.1059570313
351.980530      6104.7519531250
352.346863      6142.5175781250
352.713165      5998.1186523438
353.079437      6144.7392578125
353.445679      6213.6064453125
353.811859      6540.1708984375
354.178009      6671.2407226563
354.544159      6991.1406250000
354.910217      7006.6914062500
355.276276      6951.1528320313
355.642303      6971.1469726563
356.008270      6977.8115234375
356.374176      6757.8803710938
356.740112      6462.4174804688
357.105988      6020.3339843750
357.471802      5922.5869140625
357.837585      5802.6245117188
358.203339      5807.0673828125
358.569092      5560.4780273438
358.934753      5225.0278320313
359.300415      5631.5668945313
359.666016      6273.5878906250
360.031616      6677.9052734375
360.397125      6926.7163085938
360.762634      6862.2919921875
361.128143      6797.8676757813
361.493530      6669.0195312500
361.858917      6624.5888671875
362.224274      6649.0253906250
362.589630      6835.6337890625
362.954895      7348.8061523438
363.320160      7264.3881835938
363.685394      7304.3754882813
364.050568      7317.7045898438
364.415680      7746.4589843750
364.780792      7610.9462890625
365.145874      7684.2563476563
365.510895      7939.7319335938
365.875854      8468.4550781250
366.240845      8681.7216796875
366.605774      9061.6025390625
366.970642      8928.3105468750
367.335480      9110.4755859375
367.700317      9001.6210937500
368.065125      8792.7978515625
368.429840      8526.2148437500
368.794525      8666.1708984375
369.159241      8579.5312500000
369.523834      8941.6396484375
369.888397      9357.0654296875
370.252991      9557.0019531250
370.617554      9148.2421875000
370.981995      8663.9492187500
371.346436      8903.8740234375
371.710846      9254.8750000000
372.075256      8974.9628906250
372.439545      8735.0380859375
372.803864      8415.1386718750
373.168121      8295.1757812500
373.532379      8044.1435546875
373.896545      7564.2939453125
374.260681      7382.1289062500
374.624847      7588.7309570313
374.988892      7670.9272460938
375.352936      7484.3193359375
375.716949      8137.4477539063
376.080933      8477.3408203125
376.444855      8692.8291015625
376.808716      8952.7470703125
377.172638      9088.2607421875
377.536469      9490.3564453125
377.900208     10141.2636718750
378.263947     10576.6826171875
378.627686     10825.4931640625
378.991364     10534.4736328125
379.354980      9927.9970703125
379.718628      9628.0908203125
380.082214      9217.1093750000
380.445709      9388.1660156250
380.809174      9881.3447265625
381.172668      9930.2187500000
381.536072      9772.4902343750
381.899475      8981.6269531250
382.262787      8630.6259765625
382.626129      7853.0922851563
382.989380      7179.9702148438
383.352631      6817.8613281250
383.715790      6511.2910156250
384.078979      6733.4433593750
384.442078      7171.0839843750
384.805145      7739.7944335938
385.168243      8532.8789062500
385.531250      8775.0253906250
385.894226      8610.6328125000
386.257141      8655.0634765625
386.620056      8719.4873046875
386.982941      8777.2470703125
387.345734      8892.7666015625
387.708527      8688.3857421875
388.071289      8863.8867187500
388.433990      8688.3857421875
388.796661      8675.0566406250
389.159332      8994.9560546875
389.521942      9248.2099609375
389.884491      9799.1484375000
390.247040     10358.9726562500
390.609528     10747.7402343750
390.971985     10901.0253906250
391.334412     11089.8544921875
391.696747     11358.6591796875
392.059143     11243.1406250000
392.421478     10574.4609375000
392.783691      9703.6230468750
393.145935      8308.5048828125
393.508148      7148.8686523438
393.870270      6409.1010742188
394.232391      6720.1142578125
394.594482      7915.2949218750
394.956573      9021.6152343750
395.318542     10347.8652343750
395.680511     10841.0439453125
396.042450     10978.7783203125
396.404388      9990.2001953125
396.766235      8839.4492187500
397.128021      7750.9023437500
397.489838      7682.0351562500
397.851563      8661.7275390625
398.213257     10278.9980468750
398.574951     11747.4267578125
398.936615     13002.5878906250
399.298187     13722.3623046875
399.659729     14128.9013671875
400.021271     14455.4658203125
400.382751     15135.2529296875
400.744202     14750.9287109375
401.105621     15126.3662109375
401.466980     15559.5644531250
401.828339     15568.4501953125
402.189606     16110.5019531250
402.550873     16197.1416015625
402.912140     15821.7041015625
403.273285     15441.8232421875
403.634430     15668.4189453125
403.995544     15530.6845703125
404.356659     15617.3242187500
404.717651     15310.7529296875
405.078674     15039.7275390625
405.439636     15508.4687500000
405.800568     15510.6904296875
406.161438     15397.3925781250
406.522278     14766.4794921875
406.883118     14915.3212890625
407.243866     15210.7841796875
407.604584     15115.2587890625
407.965302     15304.0888671875
408.325989     15448.4882812500
408.686584     15755.0585937500
409.047150     16377.0859375000
409.407715     16763.6308593750
409.768250     16303.7753906250
410.128723     15603.9941406250
410.489136     15035.2841796875
410.849518     15388.5068359375
411.209900     15932.7802734375
411.570190     16470.3886718750
411.930511     16903.5878906250
412.290741     17212.3789062500
412.650940     17627.8046875000
413.011078     17250.1445312500
413.371246     17310.1269531250
413.731354     17225.7089843750
414.091400     17294.5761718750
414.451385     17107.9667968750
414.811401     17319.0117187500
415.171356     17223.4863281250
415.531281     17376.7714843750
415.891113     17350.1132812500
416.250946     17738.8808593750
416.610718     18065.4453125000
416.970490     17956.5898437500
417.330200     17923.2675781250
417.689911     17474.5195312500
418.049530     17092.4160156250
418.409119     17276.8027343750
418.768707     16954.6816406250
419.128235     16854.7128906250
419.487701     17154.6191406250
419.847137     17456.7460937500
420.206573     17083.5312500000
420.565948     17072.4238281250
420.925232     17294.5761718750
421.284576     17832.1855468750
421.643860     18118.7617187500
422.003052     18423.1113281250
422.362213     17299.0175781250
422.721375     17179.0566406250
423.080536     17079.0878906250
423.439575     16872.4863281250
423.798584     17034.6562500000
424.157593     16821.3906250000
424.516571     17270.1386718750
424.875458     17316.7910156250
425.234314     17674.4570312500
425.593201     17310.1269531250
425.951965     16783.6250000000
426.310699     16908.0292968750
426.669495     17216.8222656250
427.028168     16803.6191406250
427.386810     16574.8007812500
427.745392     16648.1113281250
428.103973     16363.7558593750
428.462524     16714.7578125000
428.821045     16639.2246093750
429.179504     16226.0214843750
429.537903     16159.3759765625
429.896271     15290.7597656250
430.254608     14362.1621093750
430.612915     13411.3486328125
430.971222     13206.9687500000
431.329437     13460.2226562500
431.687622     14768.7011718750
432.045776     16432.6230468750
432.403900     17132.4042968750
432.761993     17763.3164062500
433.119995     17721.1074218750
433.477997     18385.3437500000
433.835968     18247.6093750000
434.193909     17372.3281250000
434.551758     17370.1074218750
434.909637     18049.8945312500
435.267395     17634.4687500000
435.625183     18600.8320312500
435.982910     19116.2265625000
436.340607     19789.3476562500
436.698273     20124.7988281250
437.055878     20193.6660156250
437.413452     20007.0585937500
437.770996     20044.8242187500
438.128479     19602.7402343750
438.485962     18703.0234375000
438.843384     18645.2636718750
439.200775     18409.7812500000
439.558136     19222.8593750000
439.915405     19580.5253906250
440.272705     19947.0761718750
440.629883     19811.5644531250
440.987091     19880.4316406250
441.344238     20657.9648437500
441.701355     21295.5429687500
442.058441     21397.7324218750
442.415436     21733.1835937500
442.772461     22081.9628906250
443.129425     22301.8945312500
443.486359     22073.0761718750
443.843231     22228.5839843750
444.200104     22215.2539062500
444.556885     22461.8437500000
444.913635     22590.6914062500
445.270355     22235.2480468750
445.627075     22028.6464843750
445.983704     21810.9375000000
446.340302     21515.4746093750
446.696869     21597.6699218750
447.053436     21824.2656250000
447.409912     22577.3632812500
447.766357     22859.4960937500
448.122803     23730.3339843750
448.479156     23023.8886718750
448.835510     23294.9160156250
449.191772     23026.1113281250
449.548096     23194.9472656250
449.904297     23434.8710937500
450.260437     23457.0878906250
450.616608     24019.1328125000
450.972687     24263.5000000000
451.328796     24054.6777343750
451.684814     24110.2148437500
452.040833     24167.9746093750
452.396729     23721.4492187500
452.752655     23150.5156250000
453.108551     22455.1796875000
453.464355     21635.4355468750
453.820160     21815.3789062500
454.175934     21742.0703125000
454.531616     22664.0019531250
454.887299     22932.8066406250
455.242950     22703.9902343750
455.598541     22564.0332031250
455.954102     23054.9902343750
456.309601     23328.2382812500
456.665131     23408.2128906250
457.020538     23956.9296875000
457.375977     23683.6816406250
457.731323     24405.6777343750
458.086670     23823.6386718750
458.441956     23648.1386718750
458.797211     23583.7148437500
459.152405     23499.2968750000
459.507538     24143.5390625000
459.862701     23810.3085937500
460.217773     23901.3925781250
460.572845     24183.5253906250
460.927856     24232.3984375000
461.282837     24730.0214843750
461.637756     25023.2617187500
461.992645     25418.6933593750
462.347504     25756.3652343750
462.702332     25425.3593750000
463.057129     26022.9492187500
463.411835     25665.2832031250
463.766541     26211.7792968750
464.121185     26287.3105468750
464.475830     26025.1699218750
464.830383     25507.5546875000
465.184937     25669.7265625000
465.539429     26156.2402343750
465.893921     26249.5449218750
466.248322     26602.7675781250
466.602753     26265.0957031250
466.957062     26831.5839843750
467.311371     26409.4941406250
467.665619     27102.6093750000
468.019897     27289.2187500000
468.374054     27284.7753906250
468.728180     27602.4531250000
469.082306     28662.1210937500
469.436371     28875.3867187500
469.790405     28804.2988281250
470.144379     28137.8417968750
470.498352     29270.8183593750
470.852264     28777.6406250000
471.206146     29086.4316406250
471.559967     30066.1250000000
471.913788     30483.7714843750
472.267487     31176.8886718750
472.621246     31923.3203125000
472.974915     31861.1171875000
473.328522     31645.6289062500
473.682129     31981.0800781250
474.035675     32483.1445312500
474.389191     33500.6015625000
474.742676     33518.3750000000
475.096130     34064.8710937500
475.449493     34471.4101562500
475.802856     34264.8085937500
476.156189     35115.6523437500
476.509460     35175.6328125000
476.862732     34795.7539062500
477.215912     35280.0468750000
477.569061     36817.3398437500
477.922150     37399.3789062500
478.275299     38270.2187500000
478.628296     37914.7734375000
478.981323     38325.7578125000
479.334259     37948.0976562500
479.687195     38645.6562500000
480.040070     39720.8750000000
480.392914     39927.4765625000
480.745728     39905.2617187500
481.098511     40374.0039062500
481.451202     40818.3085937500
481.803925     41820.2148437500
482.156525     42126.7851562500
482.509125     42109.0156250000
482.861694     42611.0781250000
483.214233     42337.8320312500
483.566711     42235.6406250000
483.919128     42777.6953125000
484.271576     42548.8750000000
484.623901     42393.3710937500
484.976257     43002.0664062500
485.328522     42255.6367187500
485.680786     41582.5117187500
486.032959     39445.4062500000
486.385132     37577.1015625000
486.737274     37230.5429687500
487.089325     38279.1054687500
487.441376     39340.9921875000
487.793396     41253.7265625000
488.145386     42133.4531250000
488.497284     43033.1679687500
488.849182     43521.9062500000
489.201019     43641.8671875000
489.552826     44186.1406250000
489.904572     45492.3984375000
490.256317     46214.3945312500
490.608002     46860.8593750000
490.959656     46209.9492187500
491.311249     46252.1601562500
491.662811     46045.5585937500
492.014343     45367.9921875000
492.365814     44610.4531250000
492.717285     45256.9179687500
493.068665     45952.2539062500
493.420044     46543.1796875000
493.771362     46354.3515625000
494.122650     46971.9335937500
494.473877     47058.5742187500
494.825104     47787.2343750000
495.176270     48529.2226562500
495.527374     48304.8476562500
495.878479     48044.9296875000
496.229492     47782.7890625000
496.580536     48291.5195312500
496.931458     48409.2617187500
497.282379     48804.6914062500
497.633270     48784.6992187500
497.984131     49042.3945312500
498.334900     48000.5000000000
498.685669     47454.0039062500
499.036377     47374.0312500000
499.387115     47820.5546875000
499.737701     48407.0390625000
500.088318     48149.3437500000
500.438904     47896.0898437500
500.789429     47200.7500000000
501.139893     47171.8710937500
501.490295     46712.0156250000
501.840729     46420.9960937500
502.191040     46554.2851562500
502.541382     46740.8945312500
502.891663     47220.7460937500
503.241913     47691.7070312500
503.592133     47796.1210937500
503.942322     47309.6054687500
504.292358     46718.6796875000
504.642395     47429.5664062500
504.992432     47933.8554687500
505.342468     48187.1093750000
505.692413     48347.0585937500
506.042358     49220.1171875000
506.392242     49551.1250000000
506.742035     49977.6562500000
507.091858     49251.2187500000
507.441528     49311.1992187500
507.791290     49220.1171875000
508.140961     48253.7539062500
508.490601     48082.6953125000
508.840210     48769.1484375000
509.189697     49948.7773437500
509.539215     50070.9609375000
509.888641     49862.1367187500
510.238098     49704.4101562500
510.587494     49975.4375000000
510.936859     49511.1367187500
511.286194     50135.3867187500
511.635498     50273.1210937500
511.984650     51241.7070312500
512.333862     50653.0000000000
512.682922     50490.8281250000
513.032043     50375.3125000000
513.381104     49764.3906250000
513.730164     49982.1015625000
514.079163     49364.5156250000
514.428040     49306.7578125000
514.776978     49342.3007812500
515.125793     49731.0664062500
515.474609     49342.3007812500
515.823425     49719.9609375000
516.172180     49990.9882812500
516.520813     49580.0039062500
516.869568     47587.2968750000
517.218079     45503.5039062500
517.566650     45063.6445312500
517.915161     46149.9687500000
518.263672     46520.9648437500
518.612183     46578.7226562500
518.960571     46232.1640625000
519.308899     47849.4375000000
519.657227     48626.9687500000
520.005554     49520.0234375000
520.353699     50019.8671875000
520.701904     50026.5312500000
521.050110     50224.2460937500
521.398254     50501.9375000000
521.746338     50868.4882812500
522.094421     51412.7617187500
522.442383     51075.0898437500
522.790222     50899.5898437500
523.138184     50495.2734375000
523.486145     50059.8554687500
523.833984     50899.5898437500
524.181763     51401.6562500000
524.529541     51521.6171875000
524.877197     51885.9492187500
525.224915     52061.4492187500
525.572449     51988.1367187500
525.920105     51828.1875000000
526.267639     51546.0546875000
526.615173     49935.4492187500
526.962646     49106.8203125000
527.309998     48151.5625000000
527.657410     48540.3320312500
528.004700     49175.6875000000
528.351990     49979.8789062500
528.699280     50630.7851562500
529.046509     51386.1054687500
529.393677     52094.7695312500
529.740845     52025.9023437500
530.087891     51679.3476562500
530.434998     51355.0039062500
530.781921     51912.6054687500
531.128906     52279.1562500000
531.475891     52312.4804687500
531.822815     52163.6367187500
532.169617     52012.5742187500
532.516418     51163.9531250000
532.863159     50346.4296875000
533.209839     49762.1679687500
533.556580     50397.5273437500
533.903198     50364.2031250000
534.249817     50701.8750000000
534.596436     51017.3320312500
534.942932     50819.6171875000
535.289368     51248.3710937500
535.635803     51501.6250000000
535.982178     52045.8984375000
536.328552     51870.3984375000
536.674805     51339.4531250000
537.021118     50490.8281250000
537.367371     50361.9804687500
537.713501     50568.5820312500
538.059692     50581.9140625000
538.405701     51088.4218750000
538.751831     50757.4140625000
539.097839     51043.9882812500
539.443787     50517.4882812500
539.789734     49970.9921875000
540.135620     49546.6835937500
540.481506     48784.6992187500
540.827209     48651.4062500000
541.173035     48151.5625000000
541.518799     48829.1289062500
541.864502     48784.6992187500
542.210144     49553.3476562500
542.555786     49606.6640625000
542.901245     49371.1796875000
543.246826     49180.1289062500
543.592285     49093.4921875000
543.937683     49395.6171875000
544.283142     49733.2890625000
544.628479     50370.8671875000
544.973816     49882.1328125000
545.319031     50062.0742187500
545.664307     50266.4570312500
546.009399     49842.1445312500
546.354614     49977.6562500000
546.699707     49888.7968750000
547.044739     49646.6484375000
547.389832     49631.1015625000
547.734802     49109.0429687500
548.079712     49224.5585937500
548.424622     48744.7109375000
548.769409     49126.8125000000
549.114258     49360.0742187500
549.459045     49393.3945312500
549.803772     49495.5859375000
550.148499     49888.7968750000
550.493103     49788.8281250000
550.837708     49286.7617187500
551.182190     49066.8320312500
551.526733     49417.8320312500
551.871216     49100.1562500000
552.215698     49375.6250000000
552.560120     49706.6328125000
552.904480     49260.1054687500
553.248718     49277.8789062500
553.592957     49271.2109375000
553.937195     49097.9335937500
554.281372     49211.2304687500
554.625549     49251.2187500000
554.969666     49666.6445312500
555.313721     49026.8437500000
555.657654     49322.3085937500
556.001709     49104.5976562500
556.345581     49037.9531250000
556.689514     48704.7226562500
557.033325     48020.4921875000
557.377197     47693.9296875000
557.720947     47618.3984375000
558.064575     47878.3164062500
558.408264     47391.8007812500
558.751892     46727.5664062500
559.095520     46480.9765625000
559.439087     45736.7656250000
559.782654     45614.5820312500
560.126099     45703.4414062500
560.469543     45854.5078125000
560.812927     46318.8046875000
561.156250     45801.1914062500
561.499512     46845.3085937500
561.842773     46236.6093750000
562.185974     45961.1406250000
562.529175     45681.2265625000
562.872314     45887.8281250000
563.215332     46376.5664062500
563.558472     46372.1210937500
563.901367     45594.5898437500
564.244385     45727.8789062500
564.587341     45639.0195312500
564.930237     45818.9609375000
565.273071     45936.7031250000
565.615845     45161.3906250000
565.958557     44679.3203125000
566.301331     44097.2812500000
566.643860     44083.9492187500
566.986511     44068.3984375000
567.329163     44728.1914062500
567.671692     44765.9570312500
568.014221     44112.8320312500
568.356628     43335.2968750000
568.699036     43313.0820312500
569.041321     43053.1640625000
569.383728     42844.3398437500
569.726013     42986.5156250000
570.068298     43022.0625000000
570.410461     43415.2734375000
570.752686     42317.8398437500
571.094727     42202.3203125000
571.436768     41802.4453125000
571.778809     42264.5195312500
572.120850     42444.4648437500
572.462769     42735.4843750000
572.804688     43006.5117187500
573.146606     42577.7578125000
573.488342     42480.0078125000
573.830139     43528.5703125000
574.171814     43006.5117187500
574.513550     43008.7304687500
574.855164     43137.5820312500
575.196838     42124.5664062500
575.538391     42548.8750000000
575.879883     41198.1875000000
576.221375     41393.6835937500
576.562744     41889.0820312500
576.904175     42064.5859375000
577.245483     42315.6171875000
577.586792     42224.5351562500
577.928101     41871.3125000000
578.269348     42077.9140625000
578.610535     41393.6835937500
578.951660     41242.6210937500
579.292664     41600.2851562500
579.633728     41824.6601562500
579.974792     41600.2851562500
580.315796     41982.3867187500
580.656677     42133.4531250000
580.997498     41926.8476562500
581.338379     42471.1250000000
581.679138     42315.6171875000
582.019897     41986.8320312500
582.360657     42164.5507812500
582.701294     42435.5781250000
583.041931     42779.9140625000
583.382507     42464.4570312500
583.723022     42431.1367187500
584.063538     42482.2304687500
584.403931     42513.3320312500
584.744385     42373.3750000000
585.084778     42071.2500000000
585.425110     41613.6132812500
585.765381     41162.6445312500
586.105591     40485.0781250000
586.445801     40549.5039062500
586.785889     40558.3906250000
587.125977     40871.6250000000
587.466064     40493.9648437500
587.806152     40569.4960937500
588.146118     40194.0585937500
588.486023     39378.7617187500
588.825928     38039.1796875000
589.165710     36004.2617187500
589.505554     34351.4492187500
589.845337     34138.1796875000
590.185120     33980.4531250000
590.524780     34917.9375000000
590.864441     35573.2851562500
591.203918     36313.0546875000
591.543518     36470.7812500000
591.882996     36557.4218750000
592.222473     36355.2656250000
592.561890     36519.6562500000
592.901306     36792.9023437500
593.240662     36732.9218750000
593.579895     36841.7773437500
593.919128     37312.7421875000
594.258301     36604.0742187500
594.597473     36355.2656250000
594.936646     35895.4062500000
595.275696     35870.9726562500
595.614807     35848.7578125000
595.953796     36604.0742187500
596.292725     36641.8398437500
596.631592     36399.6953125000
596.970398     36664.0546875000
597.309204     36679.6054687500
597.648010     36877.3203125000
597.986755     36706.2656250000
598.325500     36659.6132812500
598.664124     36381.9218750000
599.002686     36113.1171875000
599.341187     36399.6953125000
599.679749     36519.6562500000
600.018250     36586.3007812500
600.356628     36317.4960937500
600.695068     36457.4531250000
601.033386     36350.8203125000
601.371643     35144.5312500000
601.709900     35242.2812500000
602.048035     35659.9257812500
602.386292     35817.6562500000
602.724426     35484.4257812500
603.062500     36088.6796875000
603.400574     36084.2382812500
603.738525     36273.0664062500
604.076477     36486.3320312500
604.414307     36526.3203125000
604.752197     36504.1054687500
605.090027     36373.0351562500
605.427795     36115.3398437500
605.765564     36022.0351562500
606.103210     35853.1992187500
606.440857     35602.1679687500
606.778442     35728.7929687500
607.115967     35655.4843750000
607.453552     35571.0664062500
607.791016     35439.9960937500
608.128418     34946.8164062500
608.465820     34869.0625000000
608.803162     35091.2148437500
609.140442     34244.8164062500
609.477661     34475.8515625000
609.814880     34307.0156250000
610.152100     34080.4218750000
610.489258     33864.9335937500
610.826294     33824.9453125000
611.163269     33853.8242187500
611.500305     33836.0546875000
611.837219     33678.3242187500
612.174072     33402.8554687500
612.510986     33511.7109375000
612.847839     33080.7343750000
613.184570     33425.0703125000
613.521362     33145.1601562500
613.857971     32849.6953125000
614.194641     32831.9257812500
614.531189     32494.2519531250
614.867737     32774.1640625000
615.204285     32674.1953125000
615.540771     32982.9882812500
615.877197     32785.2734375000
616.213562     32576.4492187500
616.549927     31896.6621093750
616.886169     31592.3125000000
617.222351     31814.4648437500
617.558594     31914.4335937500
617.894775     31863.3398437500
618.230896     32089.9355468750
618.566956     32689.7460937500
618.902954     32649.7597656250
619.238953     32547.5683593750
619.574890     32216.5625000000
619.910767     32529.7968750000
620.246643     32509.8027343750
620.582458     32636.4296875000
620.918213     32523.1328125000
621.253967     32607.5507812500
621.589661     32565.3417968750
621.925232     31961.0859375000
622.260803     32118.8144531250
622.596375     31923.3203125000
622.931885     31958.8652343750
623.267334     31625.6367187500
623.602722     31481.2363281250
623.938110     31165.7792968750
624.273376     31216.8750000000
624.608643     30894.7539062500
624.943848     31212.4316406250
625.279114     30761.4628906250
625.614258     30274.9492187500
625.949341     30379.3593750000
626.284424     30201.6386718750
626.619446     30541.5312500000
626.954407     30459.3359375000
627.289307     30550.4179687500
627.624207     30457.1132812500
627.959045     29801.7636718750
628.293884     28857.6152343750
628.628601     29304.1425781250
628.963257     29361.9023437500
629.297913     29201.9511718750
629.632507     29206.3945312500
629.967102     28948.6972656250
630.301697     29177.5156250000
630.636169     28597.6972656250
630.970581     28990.9062500000
631.304993     29035.3378906250
631.639282     28591.0332031250
631.973572     28459.9628906250
632.307861     28284.4609375000
632.642090     28753.2031250000
632.976257     28888.7167968750
633.310425     28611.0253906250
633.644470     28504.3925781250
633.978516     28859.8359375000
634.312439     28411.0878906250
634.646423     28613.2480468750
634.980347     28704.3300781250
635.314209     28868.7226562500
635.648071     28582.1464843750
635.981812     28300.0117187500
636.315552     28195.6015625000
636.649170     28362.2148437500
636.982849     28017.8789062500
637.316406     28146.7265625000
637.649963     28517.7226562500
637.983521     28271.1328125000
638.317017     28493.2851562500
638.650391     28048.9804687500
638.983765     28442.1894531250
639.317078     28291.1269531250
639.650391     27751.2949218750
639.983643     27775.7324218750
640.316833     27540.2500000000
640.649963     27215.9082031250
640.983032     27629.1113281250
641.316101     27275.8886718750
641.649109     27293.6621093750
641.982056     27213.6875000000
642.315002     26920.4453125000
642.647888     27058.1796875000
642.980774     27093.7246093750
643.313538     26778.2675781250
643.646301     26858.2421875000
643.979004     26860.4648437500
644.311646     26787.1542968750
644.644226     26947.1035156250
644.976868     26440.5957031250
645.309387     26616.0957031250
645.641846     26089.5937500000
645.974243     25974.0761718750
646.306702     25794.1308593750
646.638977     25547.5429687500
646.971252     25101.0156250000
647.303528     24778.8945312500
647.635803     24554.5214843750
647.967957     24252.3925781250
648.300110     24032.4628906250
648.632141     24285.7167968750
648.964111     23870.2910156250
649.296082     24343.4765625000
649.628113     23248.2636718750
649.960022     23497.0742187500
650.291870     23514.8476562500
650.623718     24274.6074218750
650.955383     24325.7031250000
651.287109     24363.4687500000
651.618774     24061.3417968750
651.950378     23772.5429687500
652.281982     23614.8144531250
652.613586     23543.7265625000
652.945068     23919.1640625000
653.276489     23779.2089843750
653.607910     23983.5878906250
653.939209     24252.3925781250
654.270569     24199.0761718750
654.601807     23690.3476562500
654.933105     23479.3027343750
655.264221     23199.3906250000
655.595398     22728.4257812500
655.926453     22064.1914062500
656.257507     20800.1425781250
656.588440     19875.9882812500
656.919434     19980.4003906250
657.250366     20262.5332031250
657.581238     21075.6113281250
657.912048     21375.5175781250
658.242798     22097.5136718750
658.573486     22253.0195312500
658.904114     22870.6035156250
659.234802     22861.7187500000
659.565430     22606.2421875000
659.895996     22408.5273437500
660.226501     22932.8066406250
660.556946     23452.6445312500
660.887329     22559.5898437500
661.217712     23106.0859375000
661.547974     22939.4707031250
661.878296     22979.4589843750
662.208557     22883.9335937500
662.538757     22841.7246093750
662.868896     22919.4785156250
663.198975     22797.2949218750
663.528992     22606.2421875000
663.859009     22446.2929687500
664.188904     22450.7363281250
664.518860     22364.0957031250
664.848755     22213.0332031250
665.178589     22472.9511718750
665.508362     22572.9199218750
665.838013     22273.0136718750
666.167725     22364.0957031250
666.497375     21684.3105468750
666.826965     21804.2714843750
667.156494     21964.2226562500
667.486084     21988.6582031250
667.815552     21882.0253906250
668.144897     21551.0175781250
668.474304     21455.4921875000
668.803528     21595.4492187500
669.132813     21673.2011718750
669.462036     21679.8671875000
669.791260     21497.7011718750
670.120422     21242.2265625000
670.449463     21315.5371093750
670.778564     21246.6699218750
671.107544     21188.9101562500
671.436523     21037.8457031250
671.765381     20704.6171875000
672.094299     20426.9257812500
672.423157     21060.0605468750
672.751831     20380.2734375000
673.080627     20413.5976562500
673.409302     20726.8320312500
673.737976     20209.2167968750
674.066528     20849.0156250000
674.395081     20571.3261718750
674.723572     20306.9648437500
675.052002     20415.8183593750
675.380432     20449.1406250000
675.708801     20278.0839843750
676.037170     20278.0839843750
676.365417     20206.9960937500
676.693665     20067.0390625000
677.021851     20015.9433593750
677.349976     19516.1015625000
677.678040     19836.0000000000
678.006042     19733.8105468750
678.334106     20018.1660156250
678.662048     19684.9375000000
678.989929     19616.0703125000
679.317810     19562.7539062500
679.645630     19600.5195312500
679.973389     19260.6250000000
680.301086     19258.4042968750
680.628845     19411.6894531250
680.956482     19196.2011718750
681.283997     19058.4667968750
681.611572     19185.0937500000
681.939087     18918.5097656250
682.266541     18840.7578125000
682.593872     18945.1679687500
682.921265     18856.3085937500
683.248596     19016.2578125000
683.575806     18909.6250000000
683.903076     18707.4648437500
684.230286     18376.4589843750
684.557373     18445.3261718750
684.884399     18358.6855468750
685.211487     18372.0156250000
685.538513     18034.3437500000
685.865417     18029.9003906250
686.192261     17685.5644531250
686.519165     17503.3984375000
686.845947     16512.5976562500
687.172729     15279.6523437500
687.499451     14146.6738281250
687.826111     13911.1923828125
688.152771     14204.4335937500
688.479248     14468.7949218750
688.805847     14890.8847656250
689.132324     15221.8925781250
689.458801     14937.5371093750
689.785095     14919.7646484375
690.111511     15104.1513671875
690.437805     15292.9814453125
690.764038     15606.2158203125
691.090210     15548.4560546875
691.416443     15812.8183593750
691.742554     15775.0517578125
692.068604     15963.8818359375
692.394592     15686.1914062500
692.720581     15581.7792968750
693.046509     15339.6328125000
693.372375     14873.1123046875
693.698242     15119.7021484375
694.023987     14586.5361328125
694.349792     14533.2197265625
694.675476     14544.3271484375
695.001099     14766.4794921875
695.326721     14519.8906250000
695.652222     14582.0927734375
695.977783     14819.7958984375
696.303284     14950.8662109375
696.628723     15168.5751953125
696.954041     15459.5957031250
697.279358     15883.9072265625
697.604675     15690.6337890625
697.929871     15643.9824218750
698.255066     15603.9941406250
698.580200     15626.2099609375
698.905334     15346.2978515625
699.230286     14981.9677734375
699.555359     14824.2392578125
699.880310     14673.1757812500
700.205261     14659.8466796875
700.530029     14359.9404296875
700.854919     14404.3710937500
701.179688     14224.4277343750
701.504456     14419.9218750000
701.829102     14477.6816406250
702.153687     14215.5410156250
702.478271     14311.0664062500
702.802856     14222.2060546875
703.127319     14091.1357421875
703.451721     14415.4785156250
703.776123     14550.9912109375
704.100464     14804.2451171875
704.424805     14775.3652343750
704.749084     14770.9228515625
705.073303     14970.8603515625
705.397461     14828.6826171875
705.721558     14784.2519531250
706.045654     14693.1689453125
706.369690     15019.7333984375
706.693604     14544.3271484375
707.017578     14782.0302734375
707.341431     14824.2392578125
707.665283     14808.6884765625
707.989075     14957.5302734375
708.312805     14626.5234375000
708.636536     14959.7519531250
708.960144     14782.0302734375
709.283752     14657.6250000000
709.607361     14773.1445312500
709.930847     14755.3720703125
710.254333     14530.9980468750
710.577759     14471.0166015625
710.901062     14328.8388671875
711.224426     14637.6308593750
711.547668     14517.6689453125
711.870911     14373.2695312500
712.194153     14697.6123046875
712.517212     14526.5546875000
712.840332     14271.0791015625
713.163391     14213.3193359375
713.486389     14135.5664062500
713.809326     14306.6240234375
714.132202     14199.9902343750
714.455078     13944.5146484375
714.777893     13706.8115234375
715.100586     13902.3056640625
715.423401     13333.5957031250
715.746094     13653.4951171875
716.068604     13329.1523437500
716.391235     12978.1513671875
716.713745     12198.3964843750
717.036255     11332.0009765625
717.358643     10749.9619140625
717.681030     10005.7509765625
718.003418      9799.1484375000
718.325745      9452.5908203125
718.647888      9219.3300781250
718.970154      9041.6083984375
719.292297      8912.7597656250
719.614380      8726.1523437500
719.936401      8495.1132812500
720.258423      8339.6064453125
720.580383      8435.1318359375
720.902283      8946.0830078125
721.224182      9412.6035156250
721.545959     10316.7636718750
721.867737     10796.6132812500
722.189453     11172.0517578125
722.511169     11247.5830078125
722.832764     11376.4316406250
723.154419     11112.0703125000
723.475952     10494.4863281250
723.797424     10194.5800781250
724.118896      9781.3769531250
724.440247      9661.4140625000
724.761597      9454.8125000000
725.082886      9179.3427734375
725.404175      9292.6406250000
725.725342      9081.5957031250
726.046509      9312.6347656250
726.367615      9294.8623046875
726.688721      9545.8945312500
727.009644      9339.2929687500
727.330688      9492.5781250000
727.651611      9237.1025390625
727.972473      8972.7412109375
728.293274      9328.1855468750
728.614075      9599.2109375000
728.934814      9390.3876953125
729.255493      9292.6406250000
729.576172      9126.0263671875
729.896729      9254.8750000000
730.217285      9265.9824218750
730.537720      9361.5078125000
730.858215      9345.9570312500
731.178650      9243.7675781250
731.498962      9137.1337890625
731.819214      9399.2744140625
732.139526      9585.8818359375
732.459778     10027.9658203125
732.779846      9999.0859375000
733.100037     10343.4228515625
733.420105     10216.7958984375
733.740112     10478.9355468750
734.060059     10725.5244140625
734.380066     10892.1396484375
734.699890     10861.0380859375
735.019775     10847.7089843750
735.339478     11098.7412109375
735.659241     10918.7978515625
735.978943     10723.3037109375
736.298584     10698.8662109375
736.618164     10590.0117187500
736.937744     10558.9101562500
737.257263     10636.6640625000
737.576599     10647.7714843750
737.896057     10827.7148437500
738.215393     10849.9306640625
738.534729     10656.6572265625
738.853943     10638.8857421875
739.173157     10587.7900390625
739.492371     10452.2773437500
739.811523     10427.8408203125
740.130493     10994.3291015625
740.449524     10865.4804687500
740.768555     10907.6894531250
741.087463     10878.8095703125
741.406311     10732.1894531250
741.725159     10661.1005859375
742.043945     10663.3222656250
742.362610     10796.6132812500
742.681396     10643.3281250000
743.000061     10863.2597656250
743.318604     10656.6572265625
743.637146     10707.7529296875
743.955627     10969.8925781250
744.274109     10812.1640625000
744.592407     10658.8789062500
744.910828     10674.4296875000
745.229126     10576.6826171875
745.547424     10685.5371093750
745.865540     10752.1826171875
746.183777     10596.6767578125
746.501892     10534.4736328125
746.819946     10516.7011718750
747.137939     10578.9042968750
747.455872     10510.0371093750
747.773865     10492.2646484375
748.091736     10552.2460937500
748.409485     10601.1191406250
748.727295     10372.3017578125
749.045044     10234.5673828125
749.362671     10199.0234375000
749.680298     10134.5986328125
749.997925     10199.0234375000
750.315491     10067.9531250000
750.632874      9990.2001953125
750.950378     10101.2763671875
751.267822     10156.8144531250
751.585083     10092.3896484375
751.902405      9934.6621093750
752.219666      9976.8710937500
752.536865      9952.4335937500
752.854004      9972.4277343750
753.171082      9952.4335937500
753.488159      9774.7119140625
753.805176      9961.3203125000
754.122070      9963.5419921875
754.439026      9943.5478515625
754.755920     10112.3837890625
755.072693      9999.0859375000
755.389465      9894.6738281250
755.706177      9868.0156250000
756.022888      9947.9912109375
756.339478      9941.3261718750
756.656006      9863.5732421875
756.972595      9888.0097656250
757.289063      9621.4267578125
757.605408      9523.6796875000
757.921814      9725.8378906250
758.238159      9714.7304687500
758.554443      9583.6611328125
758.870667      9461.4765625000
759.186890      9277.0898437500
759.503052      8350.7138671875
759.819092      7297.7109375000
760.135132      5780.4091796875
760.451172      4660.7602539063
760.767029      3974.3090820313
761.082947      3654.4094238281
761.398804      3701.0612792969
761.714600      4178.6894531250
762.030396      4685.1972656250
762.346008      5036.1982421875
762.661682      4969.5522460938
762.977295      4685.1972656250
763.292908      4496.3676757813
763.608337      4534.1333007813
763.923828      4809.6025390625
764.239258      4958.4448242188
764.554626      5225.0278320313
764.869873      5413.8574218750
765.185181      5811.5107421875
765.500427      5913.7006835938
765.815491      6160.2900390625
766.130615      6615.7026367188
766.445740      6835.6337890625
766.760803      7033.3496093750
767.075745      7499.8696289063
767.390686      7733.1298828125
767.705566      7815.3266601563
768.020386      8221.8652343750
768.335144      8259.6318359375
768.649902      8523.9931640625
768.964539      8401.8095703125
769.279175      8563.9804687500
769.593750      8592.8603515625
769.908264      8681.7216796875
770.222839      8601.7460937500
770.537170      8892.7666015625
770.851624      8908.3173828125
771.165955      8759.4746093750
771.480286      8839.4492187500
771.794495      8741.7021484375
772.108704      8550.6513671875
772.422852      8783.9111328125
772.736938      8532.8789062500
773.050964      8672.8349609375
773.364990      8452.9042968750
773.678894      8470.6767578125
773.992798      8748.3671875000
774.306641      8610.6328125000
774.620422      8421.8027343750
774.934204      8206.3144531250
775.247864      8370.7080078125
775.561584      8364.0429687500
775.875183      8264.0742187500
776.188721      8364.0429687500
776.502197      8208.5361328125
776.815735      8150.7768554688
777.129150      8055.2509765625
777.442444      8066.3588867188
777.755737      8210.7578125000
778.069092      8108.5678710938
778.382324      8015.2636718750
778.695435      7868.6430664063
779.008545      7779.7822265625
779.321594      7841.9848632813
779.634644      7866.4213867188
779.947571      7813.1049804688
780.260498      7748.6806640625
780.573364      7668.7055664063
780.886169      7504.3129882813
781.198975      7673.1489257813
781.511719      7675.3706054688
781.824402      7606.5029296875
782.136963      7686.4780273438
782.449585      7524.3066406250
782.762146      7550.9648437500
783.074646      7308.8188476563
783.387024      7242.1728515625
783.699402      7182.1918945313
784.011719      7235.5083007813
784.324097      7299.9326171875
784.636230      7119.9887695313
784.948425      7208.8500976563
785.260620      7006.6914062500
785.572632      7104.4384765625
785.884644      7051.1215820313
786.196655      7124.4321289063
786.508667      6837.8554687500
786.820496      6677.9052734375
787.132324      6802.3110351563
787.444153      6711.2285156250
787.755859      6669.0195312500
788.067566      6564.6074218750
788.379211      6513.5126953125
788.690796      6529.0634765625
789.002319      6440.2021484375
789.313782      6198.0561523438
789.625305      6162.5117187500
789.936707      6135.8530273438
790.247986      6060.3212890625
790.559326      6240.2651367188
790.870605      6066.9858398438
791.181763      6120.3027343750
791.492920      6100.3085937500
791.803955      6133.6318359375
792.115051      5798.1811523438
792.426086      5809.2890625000
792.737000      5931.4726562500
793.047913      5878.1562500000
793.358765      5735.9785156250
793.669495      5924.8081054688
793.980347      5760.4155273438
794.291016      5687.1049804688
794.601685      5638.2314453125
794.912292      5669.3330078125
795.222778      5551.5922851563
795.533325      5618.2377929688
795.843811      5673.7758789063
796.154175      5558.2568359375
796.464539      5453.8447265625
796.774902      5464.9526367188
797.085022      5427.1865234375
797.395325      5447.1801757813
797.705505      5376.0913085938
798.015625      5564.9213867188
798.325623      5393.8637695313
798.635620      5420.5219726563
798.945618      5464.9526367188
799.255554      5351.6547851563
799.565369      5371.6484375000
799.875183      5258.3505859375
800.184998      5200.5908203125
800.494690      5189.4833984375
800.804321      5113.9516601563
801.113953      5189.4833984375
801.423462      5087.2934570313
801.732910      5080.6284179688
802.042419      5076.1855468750
802.351868      4902.9067382813
802.661255      4956.2231445313
802.970520      5093.9580078125
803.279785      4954.0019531250
803.588989      4887.3559570313
803.898193      4927.3432617188
804.207275      4789.6088867188
804.516357      4722.9628906250
804.825378      4758.5073242188
805.134277      4831.8178710938
805.443176      4851.8115234375
805.752136      4829.5961914063
806.060974      4736.2919921875
806.369629      4991.7675781250
806.678406      4934.0078125000
806.987061      4856.2543945313
807.295715      4760.7290039063
807.604187      4709.6337890625
807.912720      4805.1596679688
808.221191      4858.4760742188
808.529663      4716.2983398438
808.837952      4603.0004882813
809.146301      4491.9243164063
809.454590      4525.2470703125
809.762756      4463.0444335938
810.070923      4583.0068359375
810.379028      4549.6840820313
810.687073      4351.9682617188
810.995117      4331.9746093750
811.303040      4220.8984375000
811.611023      4192.0185546875
811.918884      4327.5317382813
812.226624      4200.9047851563
812.534424      4025.4040527344
812.842163      3963.2014160156
813.149719      3969.8659667969
813.457397      3727.7197265625
813.764954      3621.0864257813
814.072510      3627.7509765625
814.379883      3545.5546875000
814.687378      3456.6936035156
814.994690      3354.5034179688
815.302063      3307.8513183594
815.609314      3310.0729980469
815.916504      3203.4396972656
816.223694      3047.9328613281
816.530762      3079.0341796875
816.837830      3045.7114257813
817.144836      3032.3823242188
817.451843      3132.3508300781
817.758667      3123.4648437500
818.065552      2990.1733398438
818.372375      2963.5148925781
818.679138      3079.0341796875
818.985779      3083.4772949219
819.292480      3034.6037597656
819.599121      3081.2558593750
819.905701      3041.2683105469
820.212158      3047.9328613281
820.518616      3327.8452148438
820.825012      3336.7312011719
821.131348      3305.6298828125
821.437683      3330.0666503906
821.743896      3405.5983886719
822.050110      3307.8513183594
822.356262      3187.8889160156
822.662415      2976.8439941406
822.968445      2872.4323730469
823.274475      2710.2609863281
823.580322      2792.4575195313
823.886292      2965.7363281250
824.192200      2963.5148925781
824.497864      3019.0529785156
824.803711      3030.1606445313
825.109375      3150.1230468750
825.415039      3210.1042480469
825.720581      3123.4648437500
826.026184      3265.6423339844
826.331665      3207.8828125000
826.637146      3230.0979003906
826.942444      3267.8640136719
827.247803      3330.0666503906
827.553162      3221.2119140625
827.858398      3007.9453125000
828.163574      3056.8190917969
828.468750      3099.0280761719
828.773804      3101.2495117188
829.078796      2974.6225585938
829.383850      3056.8190917969
829.688782      3085.6987304688
829.993713      3119.0217285156
830.298462      2976.8439941406
830.603271      2961.2934570313
830.908020      3083.4772949219
831.212708      3036.8251953125
831.517273      2979.0656738281
831.821960      3047.9328613281
832.126465      2979.0656738281
832.430908      3003.5024414063
832.735352      2985.7302246094
833.039734      3039.0468750000
833.344116      3096.8063964844
833.648315      3063.4836425781
833.952576      2972.4011230469
834.256714      3056.8190917969
834.560913      2994.6162109375
834.864929      3025.7175292969
835.169006      2987.9516601563
835.472961      2996.8378906250
835.776917      2945.7426757813
836.080750      3034.6037597656
836.384583      3079.0341796875
836.688354      3125.6862792969
836.992004      3021.2746582031
837.295654      2981.2871093750
837.599365      3063.4836425781
837.902893      3176.7812500000
838.206360      3110.1354980469
838.509827      3034.6037597656
838.813293      3112.3571777344
839.116699      3143.4584960938
839.419922      3172.3383789063
839.723206      3039.0468750000
840.026428      3119.0217285156
840.329590      3072.3696289063
840.632690      2939.0781250000
840.935730      2961.2934570313
841.238708      3096.8063964844
841.541626      3056.8190917969
841.844543      2956.8503417969
842.147461      2916.8627929688
842.450256      2890.2045898438
842.752930      2963.5148925781
843.055664      3019.0529785156
843.358337      2910.1982421875
843.660889      2992.3947753906
843.963440      2981.2871093750
844.265930      2990.1733398438
844.568420      3052.3759765625
844.870728      2876.8754882813
845.173096      2932.4135742188
845.475403      2914.6413574219
845.777649      2901.3122558594
846.079834      2867.9892578125
846.381958      2830.2233886719
846.684021      2874.6538085938
846.986145      2907.9768066406
847.288025      2856.8815917969
847.589966      2892.4260253906
847.891846      2896.8691406250
848.193665      2874.6538085938
848.495483      2763.5776367188
848.797180      2748.0268554688
849.098877      2714.7041015625
849.400452      2863.5463867188
849.702026      2710.2609863281
850.003540      2743.5839843750
850.304993      2639.1721191406
850.606445      2661.3874511719
850.907776      2545.8681640625
851.209106      2561.4187011719
851.510315      2523.6528320313
851.811584      2596.9631347656
852.112671      2643.6152343750
852.413879      2579.1909179688
852.714844      2541.4250488281
853.015869      2574.7480468750
853.316833      2501.4377441406
853.617737      2548.0895996094
853.918579      2583.6340332031
854.219360      2490.3300781250
854.520142      2410.3549804688
854.820862      2350.3740234375
855.121399      2363.7031250000
855.421997      2401.4689941406
855.722595      2432.5703125000
856.023071      2403.6904296875
856.323486      2323.7155761719
856.623901      2421.4626464844
856.924255      2450.3425292969
857.224487      2328.1586914063
857.524719      2372.5891113281
857.824890      2385.9182128906
858.125000      2390.3613281250
858.425049      2450.3425292969
858.725098      2452.5639648438
859.025085      2463.6716308594
859.325012      2357.0385742188
859.624817      2385.9182128906
859.924683      2352.5954589844
860.224487      2448.1210937500
860.524170      2421.4626464844
860.823792      2341.4877929688
861.123474      2379.2536621094
861.422974      2434.7919921875
861.722412      2341.4877929688
862.021912      2297.0573730469
862.321350      2339.2663574219
862.620728      2285.9497070313
862.919983      2263.7343750000
863.219238      2250.4052734375
863.518433      2270.3989257813
863.817505      2172.6518554688
864.116638      2310.3864746094
864.415710      2270.3989257813
864.714722      2194.8671875000
865.013550      2261.5129394531
865.312439      2183.7595214844
865.611328      2192.6455078125
865.910156      2210.4177246094
866.208801      2165.9873046875
866.507507      2134.8859863281
866.806091      2108.2275390625
867.104614      2103.7846679688
867.403137      2154.8796386719
867.701660      2121.5568847656
868.000061      2072.6831054688
868.298401      2059.3540039063
868.596741      2041.5819091797
868.894958      2083.7907714844
869.193237      2023.8096923828
869.491333      2070.4616699219
869.789429      2143.7719726563
870.087524      2048.2463378906
870.385498      2134.8859863281
870.683411      2014.9235839844
870.981323      2094.8984375000
871.279236      2052.6894531250
871.576965      2097.1201171875
871.874695      2092.6770019531
872.172363      2063.7971191406
872.470032      2026.0312500000
872.767578      1877.1889648438
873.065125      1990.4868164063
873.362549      2012.7020263672
873.660034      2003.8159179688
873.957397      1970.4930419922
874.254700      2003.8159179688
874.552002      2057.1325683594
874.849182      2014.9235839844
875.146362      1946.0562744141
875.443481      1901.6257324219
875.740540      1863.8598632813
876.037476      1986.0437011719
876.334473      1932.7271728516
876.631348      1930.5056152344
876.928223      1908.2904052734
877.224976      1821.6508789063
877.521729      1981.6007080078
877.818420      1866.0814208984
878.115112      1972.7145996094
878.411621      1939.3917236328
878.708191      1899.4042968750
879.004700      1861.6383056641
879.301086      1846.0876464844
879.597473      1906.0688476563
879.893799      1914.9549560547
880.190063      1863.8598632813
880.486267      1806.1002197266
880.782471      1792.7709960938
881.078613      1863.8598632813
881.374695      1830.5369873047
881.670654      1808.3216552734
881.966614      1852.7521972656
882.262573      1732.7897949219
882.558350      1763.8912353516
882.854126      1786.1064453125
883.149902      1759.4481201172
883.445618      1635.0427246094
883.741211      1770.5557861328
884.036865      1683.9162597656
884.332336      1737.2329101563
884.627869      1786.1064453125
884.923218      1748.3404541016
885.218689      1708.3530273438
885.513977      1661.7010498047
885.809265      1710.5745849609
886.104492      1715.0175781250
886.399658      1723.9036865234
886.694763      1715.0175781250
886.989807      1599.4982910156
887.284790      1737.2329101563
887.579773      1675.0301513672
887.874695      1626.1566162109
888.169495      1748.3404541016
888.464355      1628.3781738281
888.759094      1652.8149414063
889.053772      1650.5933837891
889.348389      1746.1190185547
