0.081900
190.489868         0.0000000000
190.870819         0.0000000000
191.251740       773.0908203125
191.632629       753.0971069336
192.013474       821.9644165039
192.394302       821.9644165039
192.775101       815.2998046875
193.155838       846.4011840820
193.536575       784.1984863281
193.917267       813.0783081055
194.297943       844.1796875000
194.678574       866.3948974609
195.059174       813.0783081055
195.439743       808.6352539063
195.820282       864.1734008789
196.200790       855.2872924805
196.581268       806.4137573242
196.961700       864.1734008789
197.342117       895.2747192383
197.722488       828.6289672852
198.102829       830.8505249023
198.483154       766.4262695313
198.863434       790.8630371094
199.243698       886.3886718750
199.623901       833.0720214844
200.004089       859.7303466797
200.384247       886.3886718750
200.764389       864.1734008789
201.144485       808.6352539063
201.524536       795.3060913086
201.904572       850.8442382813
202.284561       884.1671142578
202.664520       853.0657958984
203.044449       781.9769287109
203.424362       853.0657958984
203.804214       806.4137573242
204.184067       828.6289672852
204.563858       839.7366333008
204.943649       768.6478271484
205.323380       857.5087890625
205.703094       804.1921997070
206.082764       877.5025634766
206.462418       797.5276489258
206.842026       810.8568115234
207.221588       870.8379516602
207.601166       815.2998046875
207.980667       888.6101684570
208.360153       839.7366333008
208.739609       824.1859130859
209.119034       764.2047729492
209.498428       879.7240600586
209.877777       826.4074707031
210.257111       806.4137573242
210.636398       826.4074707031
211.015656       799.7491455078
211.394882       819.7428588867
211.774094       848.6227416992
212.153244       848.6227416992
212.532394       844.1796875000
212.911484       835.2935791016
213.290543       857.5087890625
213.669571       890.8317260742
214.048584       917.4899902344
214.427567       855.2872924805
214.806488       844.1796875000
215.185410       830.8505249023
215.564270       917.4899902344
215.943115       848.6227416992
216.321930       810.8568115234
216.700714       857.5087890625
217.079437       875.2810058594
217.458176       824.1859130859
217.836838       853.0657958984
218.215485       853.0657958984
218.594101       797.5276489258
218.972687       846.4011840820
219.351227       837.5150756836
219.729752       904.1608276367
220.108246       875.2810058594
220.486694       861.9518432617
220.865128       848.6227416992
221.243515       835.2935791016
221.621872       850.8442382813
222.000183       861.9518432617
222.378494       877.5025634766
222.756744       837.5150756836
223.134964       879.7240600586
223.513153       819.7428588867
223.891327       855.2872924805
224.269455       764.2047729492
224.647552       844.1796875000
225.025620       786.4199829102
225.403656       824.1859130859
225.781647       888.6101684570
226.159622       868.6164550781
226.537552       861.9518432617
226.915436       846.4011840820
227.293335       830.8505249023
227.671158       815.2998046875
228.048950       839.7366333008
228.426727       861.9518432617
228.804459       804.1921997070
229.182175       833.0720214844
229.559845       808.6352539063
229.937500       870.8379516602
230.315094       806.4137573242
230.692673       806.4137573242
231.070221       781.9769287109
231.447723       781.9769287109
231.825180       824.1859130859
232.202652       879.7240600586
232.580048       817.5213623047
232.957428       950.8128662109
233.334778       855.2872924805
233.712097       726.4388427734
234.089386       819.7428588867
234.466614       806.4137573242
234.843842       797.5276489258
235.221024       804.1921997070
235.598175       784.1984863281
235.975281       806.4137573242
236.352386       873.0595092773
236.729431       826.4074707031
237.106445       761.9832153320
237.483414       779.7554321289
237.860382       901.9393310547
238.237305       864.1734008789
238.614182       868.6164550781
238.991043       853.0657958984
239.367859       866.3948974609
239.744644       881.9456176758
240.121414       828.6289672852
240.498138       808.6352539063
240.874817       861.9518432617
241.251480       859.7303466797
241.628098       897.4962768555
242.004700       813.0783081055
242.381241       830.8505249023
242.757782       859.7303466797
243.134262       813.0783081055
243.510727       848.6227416992
243.887146       857.5087890625
244.263535       877.5025634766
244.639893       919.7115478516
245.016220       773.0908203125
245.392517       868.6164550781
245.768768       864.1734008789
246.145020       786.4199829102
246.521194       833.0720214844
246.897354       873.0595092773
247.273483       775.3123779297
247.649567       830.8505249023
248.025650       841.9581298828
248.401672       884.1671142578
248.777664       859.7303466797
249.153641       815.2998046875
249.529556       841.9581298828
249.905457       837.5150756836
250.281326       773.0908203125
250.657135       817.5213623047
251.032959       819.7428588867
251.408707       835.2935791016
251.784424       870.8379516602
252.160126       804.1921997070
252.535797       839.7366333008
252.911423       890.8317260742
253.287018       888.6101684570
253.662582       859.7303466797
254.038116       857.5087890625
254.413605       804.1921997070
254.789063       826.4074707031
255.164505       833.0720214844
255.539886       819.7428588867
255.915268       859.7303466797
256.290588       824.1859130859
256.665894       853.0657958984
257.041168       853.0657958984
257.416351       897.4962768555
257.791565       846.4011840820
258.166779       844.1796875000
258.541870       855.2872924805
258.916962       881.9456176758
259.292023       850.8442382813
259.667023       886.3886718750
260.042053       850.8442382813
260.416992       906.3823852539
260.791931       835.2935791016
261.166809       870.8379516602
261.541687       835.2935791016
261.916504       899.7177734375
262.291321       773.0908203125
262.666077       810.8568115234
263.040802       779.7554321289
263.415497       859.7303466797
263.790161       788.6415405273
264.164795       913.0469360352
264.539368       835.2935791016
264.913910       806.4137573242
265.288452       844.1796875000
265.662964       901.9393310547
266.037384       837.5150756836
266.411865       886.3886718750
266.786224       933.0407104492
267.160583       859.7303466797
267.534912       846.4011840820
267.909210       817.5213623047
268.283447       821.9644165039
268.657654       879.7240600586
269.031860       859.7303466797
269.406006       821.9644165039
269.780151       839.7366333008
270.154236       844.1796875000
270.528290       835.2935791016
270.902283       824.1859130859
271.276306       850.8442382813
271.650238       859.7303466797
272.024170       850.8442382813
272.398041       830.8505249023
272.771881       839.7366333008
273.145721       817.5213623047
273.519531       850.8442382813
273.893219       801.9707031250
274.266937       848.6227416992
274.640656       770.8693237305
275.014282       839.7366333008
275.387909       853.0657958984
275.761475       810.8568115234
276.135040       828.6289672852
276.508514       873.0595092773
276.882019       875.2810058594
277.255463       824.1859130859
277.628906       908.6038818359
278.002258       815.2998046875
278.375549       808.6352539063
278.748901       915.2684936523
279.122162       841.9581298828
279.495392       957.4774780273
279.868622       764.2047729492
280.241791       835.2935791016
280.614929       877.5025634766
280.988007       904.1608276367
281.361084       884.1671142578
281.734131       877.5025634766
282.107117       861.9518432617
282.480072       884.1671142578
282.853027       855.2872924805
283.225952       868.6164550781
283.598785       877.5025634766
283.971619       875.2810058594
284.344452       884.1671142578
284.717194       895.2747192383
285.089905       824.1859130859
285.462616       893.0532226563
285.835297       801.9707031250
286.207886       806.4137573242
286.580475       853.0657958984
286.953064       859.7303466797
287.325592       908.6038818359
287.698059       884.1671142578
288.070496       850.8442382813
288.442963       884.1671142578
288.815308       817.5213623047
289.187683       917.4899902344
289.559998       873.0595092773
289.932281       844.1796875000
290.304504       850.8442382813
290.676727       808.6352539063
291.048920       773.0908203125
291.421082       855.2872924805
291.793182       853.0657958984
292.165222       906.3823852539
292.537292       866.3948974609
292.909332       835.2935791016
293.281281       826.4074707031
293.653198       848.6227416992
294.025116       848.6227416992
294.397003       808.6352539063
294.768860       928.5976562500
295.140656       821.9644165039
295.512390       895.2747192383
295.884125       884.1671142578
296.255829       799.7491455078
296.627502       833.0720214844
296.999146       844.1796875000
297.370728       899.7177734375
297.742249       848.6227416992
298.113831       806.4137573242
298.485291       826.4074707031
298.856781       830.8505249023
299.228149       835.2935791016
299.599579       926.3760986328
299.970917       848.6227416992
300.342224       786.4199829102
300.713531       846.4011840820
301.084778       877.5025634766
301.455994       848.6227416992
301.827148       855.2872924805
302.198334       861.9518432617
302.569427       848.6227416992
302.940521       846.4011840820
303.311554       853.0657958984
303.682556       861.9518432617
304.053528       870.8379516602
304.424469       855.2872924805
304.795380       817.5213623047
305.166260       935.2622070313
305.537048       830.8505249023
305.907837       910.8254394531
306.278625       873.0595092773
306.649384       897.4962768555
307.020050       921.9330444336
307.390686       855.2872924805
307.761353       873.0595092773
308.131897       826.4074707031
308.502502       821.9644165039
308.872986       921.9330444336
309.243500       884.1671142578
309.613922       864.1734008789
309.984344       957.4774780273
310.354736       939.7052612305
310.725098       955.2559204102
311.095398       935.2622070313
311.465637       977.4711914063
311.835907       961.9205322266
312.206116      1024.1231689453
312.576294      1021.9016723633
312.946411       944.1483154297
313.316528       933.0407104492
313.686584       928.5976562500
314.056610       961.9205322266
314.426605       979.6926879883
314.796570       961.9205322266
315.166504       964.1420288086
315.536377      1044.1169433594
315.906250       926.3760986328
316.276093       961.9205322266
316.645844      1019.6801757813
317.015594       986.3572998047
317.385315      1050.7814941406
317.755035       955.2559204102
318.124603      1004.1295166016
318.494263      1024.1231689453
318.863831      1048.5600585938
319.233368      1044.1169433594
319.602875      1101.8765869141
319.972351      1112.9842529297
320.341797      1035.2308349609
320.711182      1146.3071289063
321.080536      1141.8640136719
321.449890      1037.4523925781
321.819183      1124.0919189453
322.188446      1119.6488037109
322.557648      1037.4523925781
322.926880      1081.8829345703
323.295990      1117.4272460938
323.665100      1124.0919189453
324.034210      1115.2058105469
324.403259      1150.7501220703
324.772247      1139.6425781250
325.141205      1204.0667724609
325.510193      1228.5035400391
325.879120      1312.9215087891
326.247955      1248.4973144531
326.616791      1186.2945556641
326.985596      1344.0228271484
327.354340      1215.1744384766
327.723053      1279.5986328125
328.091797      1277.3770751953
328.460449      1248.4973144531
328.829071      1297.3708496094
329.197632      1250.7188720703
329.566193      1321.8076171875
329.934753      1359.5736083984
330.303192      1337.3582763672
330.671631      1324.0291748047
331.040070      1364.0166015625
331.408478      1230.7250976563
331.776794      1319.5860595703
332.145081      1241.8327636719
332.513367      1264.0479736328
332.881592      1377.3458251953
333.249756      1268.4909667969
333.617920      1346.2443847656
333.986084      1299.5924072266
334.354156      1366.2381591797
334.722229      1297.3708496094
335.090240      1295.1492919922
335.458252      1401.7825927734
335.826202      1419.5548095703
336.194092      1192.9591064453
336.561951      1237.3896484375
336.929779      1266.2695312500
337.297577      1286.2631835938
337.665375      1348.4659423828
338.033142      1335.1368408203
338.400787      1330.6937255859
338.768463      1452.8776855469
339.136108      1470.6497802734
339.503693      1399.5610351563
339.871246      1475.0928955078
340.238770      1572.8399658203
340.606262      1463.9852294922
340.973755      1488.4219970703
341.341125      1483.9790039063
341.708527      1446.2130126953
342.075867      1435.1054687500
342.443146      1515.0803222656
342.810425      1463.9852294922
343.177673      1432.8839111328
343.544861      1388.4533691406
343.912018      1386.2318115234
344.279114      1512.8587646484
344.646271      1441.7700195313
345.013336      1446.2130126953
345.380341      1404.0040283203
345.747314      1477.3144531250
346.114258      1448.4345703125
346.481171      1475.0928955078
346.848022      1457.3206787109
347.214905      1490.6435546875
347.581726      1519.5234375000
347.948456      1479.5358886719
348.315186      1466.2067871094
348.681885      1501.7512207031
349.048584      1512.8587646484
349.415161      1430.6623535156
349.781738      1466.2067871094
350.148346      1530.6309814453
350.514862      1541.7386474609
350.881287      1581.7260742188
351.247742      1610.6059570313
351.614197      1577.2830810547
351.980530      1635.0427246094
352.346863      1639.4857177734
352.713165      1637.2642822266
353.079437      1586.1691894531
353.445679      1655.0364990234
353.811859      1761.6696777344
354.178009      1735.0113525391
354.544159      1710.5745849609
354.910217      1766.1126708984
355.276276      1699.4669189453
355.642303      1735.0113525391
356.008270      1728.3468017578
356.374176      1715.0175781250
356.740112      1668.3656005859
357.105988      1526.1879882813
357.471802      1552.8463134766
357.837585      1657.2579345703
358.203339      1612.8275146484
358.569092      1479.5358886719
358.934753      1601.7198486328
359.300415      1590.6121826172
359.666016      1721.6822509766
360.031616      1739.4544677734
360.397125      1810.5432128906
360.762634      1777.2203369141
361.128143      1752.7835693359
361.493530      1730.5683593750
361.858917      1686.1378173828
362.224274      1683.9162597656
362.589630      1859.4167480469
362.954895      1883.8535156250
363.320160      1772.7773437500
363.685394      1881.6320800781
364.050568      1826.0938720703
364.415680      1841.6445312500
364.780792      1870.5244140625
365.145874      2010.4804687500
365.510895      1974.9361572266
365.875854      2132.6643066406
366.240845      2094.8984375000
366.605774      2177.0949707031
366.970642      2203.7531738281
367.335480      2279.2851562500
367.700317      2179.3164062500
368.065125      2130.4428710938
368.429840      2099.3415527344
368.794525      2097.1201171875
369.159241      2250.4052734375
369.523834      2088.2338867188
369.888397      2141.5505371094
370.252991      2332.6018066406
370.617554      2332.6018066406
370.981995      2259.2912597656
371.346436      2292.6142578125
371.710846      2270.3989257813
372.075256      2285.9497070313
372.439545      2208.1962890625
372.803864      2165.9873046875
373.168121      2161.5441894531
373.532379      2134.8859863281
373.896545      2019.3665771484
374.260681      2108.2275390625
374.624847      2019.3665771484
374.988892      2092.6770019531
375.352936      2097.1201171875
375.716949      2221.5253906250
376.080933      2345.9309082031
376.444855      2334.8232421875
376.808716      2330.3801269531
377.172638      2483.6655273438
377.536469      2510.3237304688
377.900208      2699.1533203125
378.263947      2876.8754882813
378.627686      2779.1284179688
378.991364      2759.1345214844
379.354980      2612.5139160156
379.718628      2641.3937988281
380.082214      2568.0834960938
380.445709      2628.0646972656
380.809174      2719.1472167969
381.172668      2796.9006347656
381.536072      2725.8117675781
381.899475      2725.8117675781
382.262787      2516.9882812500
382.626129      2343.7092285156
382.989380      2203.7531738281
383.352631      2208.1962890625
383.715790      2128.2214355469
384.078979      2181.5380859375
384.442078      2368.1459960938
384.805145      2510.3237304688
385.168243      2636.9506835938
385.531250      2765.7990722656
385.894226      2716.9255371094
386.257141      2732.4763183594
386.620056      2799.1220703125
386.982941      2812.4511718750
387.345734      2876.8754882813
387.708527      2992.3947753906
388.071289      2987.9516601563
388.433990      2865.7678222656
388.796661      2923.5275878906
389.159332      2981.2871093750
389.521942      3247.8701171875
389.884491      3481.1303710938
390.247040      3525.5607910156
390.609528      3658.8522949219
390.971985      3809.9160156250
391.334412      3849.9035644531
391.696747      4132.0371093750
392.059143      4025.4040527344
392.421478      3769.9287109375
392.783691      3669.9599609375
393.145935      3121.2431640625
393.508148      2772.4636230469
393.870270      2772.4636230469
394.232391      2996.8378906250
394.594482      3472.2441406250
394.956573      4045.3977050781
395.318542      4320.8671875000
395.680511      4731.8491210938
396.042450      4529.6904296875
396.404388      4423.0571289063
396.766235      3867.6757812500
397.128021      3581.0988769531
397.489838      3843.2390136719
397.851563      4423.0571289063
398.213257      5085.0717773438
398.574951      5787.0737304688
398.936615      6320.2397460938
399.298187      6942.2670898438
399.659729      7131.0966796875
400.021271      7473.2114257813
400.382751      7797.5541992188
400.744202      7677.5917968750
401.105621      8088.5742187500
401.466980      8412.9169921875
401.828339      8595.0820312500
402.189606      8870.5507812500
402.550873      9006.0644531250
402.912140      9157.1279296875
403.273285      9177.1210937500
403.634430      9370.3945312500
403.995544      9477.0273437500
404.356659      9576.9960937500
404.717651      9668.0791015625
405.078674      9903.5605468750
405.439636      9899.1171875000
405.800568     10036.8515625000
406.161438     10043.5166015625
406.522278     10123.4912109375
406.883118     10227.9033203125
407.243866     10370.0810546875
407.604584     10769.9550781250
407.965302     11080.9687500000
408.325989     11305.3427734375
408.686584     11663.0087890625
409.047150     12189.5097656250
409.407715     12487.1943359375
409.768250     12305.0292968750
410.128723     11936.2558593750
410.489136     11663.0087890625
410.849518     12273.9277343750
411.209900     12840.4169921875
411.570190     13249.1777343750
411.930511     13720.1406250000
412.290741     14075.5849609375
412.650940     14211.0986328125
413.011078     14053.3701171875
413.371246     14284.4082031250
413.731354     14395.4843750000
414.091400     14790.9160156250
414.451385     14675.3974609375
414.811401     14617.6376953125
415.171356     14901.9921875000
415.531281     14928.6513671875
415.891113     15133.0312500000
416.250946     15515.1337890625
416.610718     15743.9511718750
416.970490     15435.1591796875
417.330200     15350.7412109375
417.689911     15448.4882812500
418.049530     15244.1074218750
418.409119     15173.0185546875
418.768707     15141.9169921875
419.128235     15235.2216796875
419.487701     15153.0253906250
419.847137     15450.7089843750
420.206573     15439.6015625000
420.565948     15481.8105468750
420.925232     15619.5449218750
421.284576     16383.7500000000
421.643860     16530.3710937500
422.003052     16799.1757812500
422.362213     15943.8876953125
422.721375     15484.0322265625
423.080536     15435.1591796875
423.439575     15364.0703125000
423.798584     15792.8242187500
424.157593     15723.9570312500
424.516571     16217.1357421875
424.875458     15897.2363281250
425.234314     15937.2236328125
425.593201     15766.1660156250
425.951965     15499.5830078125
426.310699     15404.0576171875
426.669495     15861.6914062500
427.028168     15635.0957031250
427.386810     15348.5195312500
427.745392     15428.4941406250
428.103973     15417.3867187500
428.462524     15759.5009765625
428.821045     15470.7031250000
429.179504     15090.8222656250
429.537903     14946.4228515625
429.896271     13913.4140625000
430.254608     13173.6455078125
430.612915     12529.4033203125
430.971222     12387.2255859375
431.329437     12971.4873046875
431.687622     14402.1494140625
432.045776     15597.3300781250
432.403900     16252.6796875000
432.761993     16628.1171875000
433.119995     17323.4550781250
433.477997     17398.9863281250
433.835968     16988.0058593750
434.193909     16377.0859375000
434.551758     16679.2128906250
434.909637     17074.6445312500
435.267395     17172.3906250000
435.625183     17803.3046875000
435.982910     18280.9335937500
436.340607     19087.3457031250
436.698273     19518.3222656250
437.055878     19062.9101562500
437.413452     19349.4863281250
437.770996     18962.9414062500
438.128479     18576.3964843750
438.485962     17927.7109375000
438.843384     17618.9179687500
439.200775     17507.8417968750
439.558136     18787.4414062500
439.915405     18756.3398437500
440.272705     19111.7832031250
440.629883     19105.1191406250
440.987091     19000.7070312500
441.344238     19558.3105468750
441.701355     20609.0917968750
442.058441     21082.2753906250
442.415436     20986.7500000000
442.772461     21539.9101562500
443.129425     21444.3847656250
443.486359     21566.5683593750
443.843231     21466.5996093750
444.200104     21522.1386718750
444.556885     21142.2578125000
444.913635     21599.8925781250
445.270355     21393.2890625000
445.627075     21211.1250000000
445.983704     20917.8828125000
446.340302     20422.4824218750
446.696869     20795.6992187500
447.053436     20831.2441406250
447.409912     22135.2792968750
447.766357     22086.4062500000
448.122803     22835.0605468750
448.479156     22617.3496093750
448.835510     22239.6914062500
449.191772     22848.3886718750
449.548096     22479.6152343750
449.904297     22941.6933593750
450.260437     22808.4023437500
450.616608     23206.0546875000
450.972687     23803.6445312500
451.328796     23523.7324218750
451.684814     23688.1250000000
452.040833     23843.6328125000
452.396729     22968.3515625000
452.752655     22477.3945312500
453.108551     22028.6464843750
453.464355     21339.9726562500
453.820160     21933.1210937500
454.175934     22093.0703125000
454.531616     22506.2734375000
454.887299     22344.1035156250
455.242950     22415.1914062500
455.598541     22697.3261718750
455.954102     23143.8515625000
456.309601     23081.6484375000
456.665131     23188.2832031250
457.020538     23401.5488281250
457.375977     23663.6894531250
457.731323     23330.4609375000
458.086670     23346.0117187500
458.441956     22708.4335937500
458.797211     23605.9296875000
459.152405     23448.2011718750
459.507538     23499.2968750000
459.862701     23490.4101562500
460.217773     23721.4492187500
460.572845     23848.0761718750
460.927856     24203.5195312500
461.282837     24534.5273437500
461.637756     24992.1601562500
461.992645     24687.8125000000
462.347504     25183.2128906250
462.702332     25203.2050781250
463.057129     25958.5253906250
463.411835     25356.4921875000
463.766541     25823.0117187500
464.121185     25800.7968750000
464.475830     25849.6699218750
464.830383     25671.9472656250
465.184937     25523.1054687500
465.539429     26189.5625000000
465.893921     26062.9355468750
466.248322     26682.7421875000
466.602753     26540.5644531250
466.957062     26676.0781250000
467.311371     26733.8378906250
467.665619     26955.9902343750
468.019897     27211.4648437500
468.374054     27286.9960937500
468.728180     27853.4863281250
469.082306     28202.2656250000
469.436371     28966.4707031250
469.790405     28839.8437500000
470.144379     28277.7968750000
470.498352     28688.7792968750
470.852264     28453.2968750000
471.206146     29213.0585937500
471.559967     30288.2773437500
471.913788     30717.0312500000
472.267487     31332.3945312500
472.621246     31741.1562500000
472.974915     31796.6933593750
473.328522     31805.5800781250
473.682129     32485.3671875000
474.035675     32700.8535156250
474.389191     33418.4062500000
474.742676     33602.7929687500
475.096130     34098.1953125000
475.449493     34700.2265625000
475.802856     34664.6835937500
476.156189     34902.3867187500
476.509460     34773.5390625000
476.862732     34757.9882812500
477.215912     35535.5195312500
477.569061     36495.2187500000
477.922150     37361.6132812500
478.275299     37863.6796875000
478.628296     38079.1679687500
478.981323     38303.5429687500
479.334259     38150.2578125000
479.687195     39276.5703125000
480.040070     39900.8164062500
480.392914     40231.8242187500
480.745728     39936.3632812500
481.098511     40682.7968750000
481.451202     41631.3867187500
481.803925     41698.0312500000
482.156525     42064.5859375000
482.509125     41969.0585937500
482.861694     43206.4492187500
483.214233     42464.4570312500
483.566711     42606.6367187500
483.919128     43015.3984375000
484.271576     43066.4921875000
484.623901     42915.4296875000
484.976257     43086.4843750000
485.328522     42759.9218750000
485.680786     41631.3867187500
486.032959     38765.6171875000
486.385132     38019.1875000000
486.737274     37732.6093750000
487.089325     39149.9414062500
487.441376     40418.4335937500
487.793396     41569.1835937500
488.145386     43068.7148437500
488.497284     43926.2226562500
488.849182     43601.8789062500
489.201019     43784.0429687500
489.552826     45012.5468750000
489.904572     46152.1914062500
490.256317     46849.7500000000
490.608002     47098.5625000000
490.959656     47347.3710937500
491.311249     47011.9218750000
491.662811     46705.3515625000
492.014343     45683.4492187500
492.365814     45132.5117187500
492.717285     45930.0390625000
493.068665     46960.8242187500
493.420044     47105.2265625000
493.771362     47651.7187500000
494.122650     47856.1015625000
494.473877     47969.3984375000
494.825104     48695.8359375000
495.176270     49209.0117187500
495.527374     48866.8945312500
495.878479     49104.5976562500
496.229492     49095.7109375000
496.580536     49222.3398437500
496.931458     49471.1484375000
497.282379     49639.9843750000
497.633270     49582.2265625000
497.984131     49455.5976562500
498.334900     48342.6132812500
498.685669     47707.2578125000
499.036377     48660.2929687500
499.387115     48540.3320312500
499.737701     49308.9765625000
500.088318     48660.2929687500
500.438904     48398.1523437500
500.789429     48300.4062500000
501.139893     47536.1992187500
501.490295     47749.4687500000
501.840729     47400.6875000000
502.191040     47449.5625000000
502.541382     47913.8593750000
502.891663     48373.7148437500
503.241913     49013.5156250000
503.592133     49095.7109375000
503.942322     47944.9609375000
504.292358     47378.4726562500
504.642395     48367.0507812500
504.992432     48813.5781250000
505.342468     49460.0429687500
505.692413     49993.2070312500
506.042358     50373.0898437500
506.392242     50797.4023437500
506.742035     50461.9492187500
507.091858     50446.3984375000
507.441528     50275.3437500000
507.791290     49706.6328125000
508.140961     49244.5546875000
508.490601     49513.3593750000
508.840210     50724.0898437500
509.189697     50701.8750000000
509.539215     51132.8515625000
509.888641     50941.8007812500
510.238098     50699.6523437500
510.587494     50930.6914062500
510.936859     51017.3320312500
511.286194     51268.3632812500
511.635498     51526.0625000000
511.984650     51897.0546875000
512.333862     51383.8828125000
512.682922     51297.2421875000
513.032043     51443.8632812500
513.381104     51121.7421875000
513.730164     50646.3359375000
514.079163     50508.6015625000
514.428040     50255.3476562500
514.776978     50348.6523437500
515.125793     50850.7187500000
515.474609     50837.3867187500
515.823425     51557.1640625000
516.172180     51290.5781250000
516.520813     50464.1718750000
516.869568     48447.0273437500
517.218079     46518.7421875000
517.566650     47107.4453125000
517.915161     48069.3671875000
518.263672     47809.4492187500
518.612183     48311.5117187500
518.960571     48387.0468750000
519.308899     49564.4531250000
519.657227     50117.6132812500
520.005554     51203.9414062500
520.353699     51566.0468750000
520.701904     51672.6796875000
521.050110     51674.9023437500
521.398254     52074.7773437500
521.746338     52490.2031250000
522.094421     52607.9453125000
522.442383     52256.9414062500
522.790222     52139.2031250000
523.138184     51710.4492187500
523.486145     52074.7773437500
523.833984     52570.1796875000
524.181763     53358.8203125000
524.529541     52987.8242187500
524.877197     53136.6679687500
525.224915     52890.0781250000
525.572449     53183.3203125000
525.920105     52985.6015625000
526.267639     52567.9570312500
526.615173     50979.5664062500
526.962646     50059.8554687500
527.309998     49646.6484375000
527.657410     50335.3242187500
528.004700     51248.3710937500
528.351990     51797.0859375000
528.699280     52467.9882812500
529.046509     53087.7929687500
529.393677     53554.3125000000
529.740845     53276.6210937500
530.087891     52823.4335937500
530.434998     53021.1484375000
530.781921     53345.4882812500
531.128906     53503.2187500000
531.475891     53836.4492187500
531.822815     53652.0625000000
532.169617     53245.5234375000
532.516418     52012.5742187500
532.863159     51965.9218750000
533.209839     51537.1679687500
533.556580     51952.5937500000
533.903198     51961.4804687500
534.249817     52279.1562500000
534.596436     52341.3593750000
534.942932     52601.2773437500
535.289368     53001.1523437500
535.635803     53363.2617187500
535.982178     53758.6953125000
536.328552     53423.2421875000
536.674805     52692.3632812500
537.021118     52156.9726562500
537.367371     52012.5742187500
537.713501     52536.8554687500
538.059692     52567.9570312500
538.405701     52667.9257812500
538.751831     52650.1523437500
539.097839     52750.1210937500
539.443787     52072.5546875000
539.789734     51832.6328125000
540.135620     51232.8203125000
540.481506     50548.5898437500
540.827209     50428.6289062500
541.173035     50444.1796875000
541.518799     50664.1093750000
541.864502     51237.2617187500
542.210144     51526.0625000000
542.555786     51514.9531250000
542.901245     51155.0664062500
543.246826     51183.9453125000
543.592285     51123.9648437500
543.937683     51723.7773437500
544.283142     51830.4101562500
544.628479     52272.4921875000
544.973816     51774.8710937500
545.319031     52048.1210937500
545.664307     51954.8164062500
546.009399     51432.7578125000
546.354614     52025.9023437500
546.699707     51668.2382812500
547.044739     51734.8828125000
547.389832     51450.5273437500
547.734802     51317.2382812500
548.079712     50986.2304687500
548.424622     51306.1289062500
548.769409     51190.6093750000
549.114258     51257.2578125000
549.459045     51341.6757812500
549.803772     51774.8710937500
550.148499     51743.7695312500
550.493103     51726.0000000000
550.837708     51399.4335937500
551.182190     51263.9218750000
551.526733     51292.8007812500
551.871216     51377.2187500000
552.215698     51450.5273437500
552.560120     51534.9453125000
552.904480     51146.1796875000
553.248718     50999.5585937500
553.592957     51055.0976562500
553.937195     51483.8515625000
554.281372     51561.6054687500
554.625549     51232.8203125000
554.969666     51337.2304687500
555.313721     51281.6914062500
555.657654     51075.0898437500
556.001709     50977.3437500000
556.345581     51312.7929687500
556.689514     50964.0156250000
557.033325     50222.0273437500
557.377197     49793.2695312500
557.720947     49702.1875000000
558.064575     50193.1445312500
558.408264     49939.8906250000
558.751892     49408.9453125000
559.095520     48511.4492187500
559.439087     48702.5039062500
559.782654     48598.0898437500
560.126099     48116.0195312500
560.469543     48598.0898437500
560.812927     49095.7109375000
561.156250     48451.4687500000
561.499512     49111.2617187500
561.842773     48367.0507812500
562.185974     48156.0078125000
562.529175     47829.4414062500
562.872314     48469.2421875000
563.215332     48360.3867187500
563.558472     48602.5351562500
563.901367     47827.2226562500
564.244385     48247.0898437500
564.587341     47940.5195312500
564.930237     48566.9882812500
565.273071     48051.5937500000
565.615845     47222.9648437500
565.958557     47291.8320312500
566.301331     46247.7148437500
566.643860     46452.0976562500
566.986511     46696.4648437500
567.329163     47389.5820312500
567.671692     47269.6171875000
568.014221     46463.2031250000
568.356628     45219.1484375000
568.699036     44790.3945312500
569.041321     45308.0117187500
569.383728     45370.2148437500
569.726013     45627.9101562500
570.068298     45443.5234375000
570.410461     45308.0117187500
570.752686     44823.7187500000
571.094727     44314.9882812500
571.436768     44408.2929687500
571.778809     44363.8632812500
572.120850     45334.6679687500
572.462769     45530.1640625000
572.804688     45456.8515625000
573.146606     45145.8398437500
573.488342     44817.0546875000
573.830139     45878.9414062500
574.171814     45232.4804687500
574.513550     45281.3515625000
574.855164     44892.5859375000
575.196838     44357.1992187500
575.538391     44248.3437500000
575.879883     43590.7734375000
576.221375     43515.2382812500
576.562744     43955.1015625000
576.904175     44159.4843750000
577.245483     44239.4570312500
577.586792     44817.0546875000
577.928101     44232.7929687500
578.269348     43915.1132812500
578.610535     43575.2226562500
578.951660     43812.9257812500
579.292664     43679.6328125000
579.633728     43510.7968750000
579.974792     44037.2968750000
580.315796     44645.9960937500
580.656677     44088.3945312500
580.997498     44228.3515625000
581.338379     44574.9062500000
581.679138     44135.0468750000
582.019897     44414.9570312500
582.360657     44937.0156250000
582.701294     44692.6484375000
583.041931     44892.5859375000
583.382507     44814.8320312500
583.723022     44521.5898437500
584.063538     44941.4609375000
584.403931     44857.0429687500
584.744385     44526.0351562500
585.084778     44470.4960937500
585.425110     44072.8437500000
585.765381     43206.4492187500
586.105591     43310.8593750000
586.445801     43373.0625000000
586.785889     43039.8320312500
587.125977     42848.7812500000
587.466064     43015.3984375000
587.806152     43042.0546875000
588.146118     41991.2734375000
588.486023     41187.0820312500
588.825928     39309.8906250000
589.165710     37732.6093750000
589.505554     36488.5546875000
589.845337     36148.6601562500
590.185120     36455.2304687500
590.524780     37490.4648437500
590.864441     37961.4257812500
591.203918     38816.7148437500
591.543518     38554.5742187500
591.882996     38825.6015625000
592.222473     38330.1992187500
592.561890     38685.6445312500
592.901306     38883.3593750000
593.240662     39125.5078125000
593.579895     39323.2226562500
593.919128     39238.8046875000
594.258301     38943.3398437500
594.597473     38270.2187500000
594.936646     38041.4023437500
595.275696     38079.1679687500
595.614807     38008.0781250000
595.953796     38350.1953125000
596.292725     38790.0546875000
596.631592     39036.6445312500
596.970398     38532.3593750000
597.309204     39187.7070312500
597.648010     38996.6562500000
597.986755     38685.6445312500
598.325500     38805.6054687500
598.664124     39023.3164062500
599.002686     38430.1679687500
599.341187     38523.4726562500
599.679749     38745.6250000000
600.018250     38496.8125000000
600.356628     38816.7148437500
600.695068     38916.6835937500
601.033386     38638.9921875000
601.371643     37288.3046875000
601.709900     37614.8671875000
602.048035     37961.4257812500
602.386292     38072.5039062500
602.724426     37590.4335937500
603.062500     38248.0039062500
603.400574     38503.4804687500
603.738525     38407.9531250000
604.076477     38661.2070312500
604.414307     38687.8671875000
604.752197     38667.8710937500
605.090027     38394.6250000000
605.427795     38161.3632812500
605.765564     37785.9257812500
606.103210     38248.0039062500
606.440857     38019.1875000000
606.778442     37859.2382812500
607.115967     37745.9375000000
607.453552     37850.3515625000
607.791016     37654.8554687500
608.128418     36988.3984375000
608.465820     36748.4726562500
608.803162     36570.7500000000
609.140442     36655.1679687500
609.477661     36275.2890625000
609.814880     36495.2187500000
610.152100     36055.3593750000
610.489258     36088.6796875000
610.826294     36139.7773437500
611.163269     35551.0703125000
611.500305     36444.1250000000
611.837219     35735.4570312500
612.174072     35277.8242187500
612.510986     35653.2617187500
612.847839     35468.8750000000
613.184570     35362.2421875000
613.521362     35268.9375000000
613.857971     34375.8828125000
614.194641     34569.1562500000
614.531189     34469.1875000000
614.867737     34913.4921875000
615.204285     34351.4492187500
615.540771     34406.9843750000
615.877197     33864.9335937500
616.213562     34158.1757812500
616.549927     33691.6562500000
616.886169     33009.6445312500
617.222351     33727.1992187500
617.558594     33676.1054687500
617.894775     33989.3398437500
618.230896     33749.4140625000
618.566956     34240.3710937500
618.902954     34175.9453125000
619.238953     34333.6757812500
619.574890     34367.0000000000
619.910767     34300.3515625000
620.246643     34100.4140625000
620.582458     34413.6523437500
620.918213     34384.7695312500
621.253967     34091.5273437500
621.589661     34064.8710937500
621.925232     33449.5078125000
622.260803     34029.3281250000
622.596375     33493.9375000000
622.931885     33198.4765625000
623.267334     33174.0390625000
623.602722     33185.1484375000
623.938110     32887.4609375000
624.273376     32600.8847656250
624.608643     32763.0566406250
624.943848     32516.4667968750
625.279114     32149.9160156250
625.614258     31696.7246093750
625.949341     32045.5039062500
626.284424     31958.8652343750
626.619446     31927.7636718750
626.954407     32201.0117187500
627.289307     31961.0859375000
627.624207     31216.8750000000
627.959045     30723.6972656250
628.293884     30114.9980468750
628.628601     30639.2792968750
628.963257     30732.5820312500
629.297913     30641.5000000000
629.632507     30505.9863281250
629.967102     29866.1875000000
630.301697     30028.3593750000
630.636169     30059.4609375000
630.970581     30721.4746093750
631.304993     30061.6816406250
631.639282     29897.2890625000
631.973572     29948.3847656250
632.307861     30028.3593750000
632.642090     29999.4785156250
632.976257     30134.9921875000
633.310425     30346.0371093750
633.644470     30239.4042968750
633.978516     29875.0742187500
634.312439     29510.7441406250
634.646423     29888.4023437500
634.980347     29892.8457031250
635.314209     29570.7246093750
635.648071     30192.7519531250
635.981812     29415.2187500000
636.315552     29555.1738281250
636.649170     29690.6875000000
636.982849     29850.6367187500
637.316406     29337.4648437500
637.649963     29690.6875000000
637.983521     29735.1171875000
638.317017     29550.7304687500
638.650391     29717.3457031250
638.983765     29661.8066406250
639.317078     29297.4765625000
639.650391     29195.2871093750
639.983643     29115.3125000000
640.316833     28844.2871093750
640.649963     28333.3359375000
640.983032     28633.2421875000
641.316101     28337.7792968750
641.649109     28413.3105468750
641.982056     28177.8281250000
642.315002     28151.1699218750
642.647888     28137.8417968750
642.980774     28373.3222656250
643.313538     27835.7128906250
643.646301     28157.8339843750
643.979004     27944.5683593750
644.311646     27824.6054687500
644.644226     27786.8398437500
644.976868     27529.1425781250
645.309387     27489.1562500000
645.641846     27315.8769531250
645.974243     26922.6660156250
646.306702     26818.2558593750
646.638977     26507.2421875000
646.971252     25978.5175781250
647.303528     25574.2011718750
647.635803     25511.9980468750
647.967957     24983.2753906250
648.300110     24794.4453125000
648.632141     24838.8750000000
648.964111     25063.2500000000
649.296082     24665.5976562500
649.628113     24123.5449218750
649.960022     24447.8867187500
650.291870     24516.7539062500
650.623718     25387.5917968750
650.955383     25611.9667968750
651.287109     25156.5546875000
651.618774     24754.4570312500
651.950378     24829.9902343750
652.281982     24196.8554687500
652.613586     24647.8242187500
652.945068     24661.1542968750
653.276489     24892.1933593750
653.607910     25263.1875000000
653.939209     25094.3515625000
654.270569     24585.6210937500
654.601807     24501.2031250000
654.933105     24034.6835937500
655.264221     23645.9160156250
655.595398     23528.1757812500
655.926453     22184.1523437500
656.257507     21182.2441406250
656.588440     20460.2500000000
656.919434     20804.5859375000
657.250366     21428.8339843750
657.581238     21979.7734375000
657.912048     22579.5839843750
658.242798     23028.3320312500
658.573486     23179.3964843750
658.904114     23508.1816406250
659.234802     23794.7597656250
659.565430     23672.5742187500
659.895996     23752.5507812500
660.226501     23759.2148437500
660.556946     23750.3281250000
660.887329     23617.0371093750
661.217712     23728.1132812500
661.547974     23634.8085937500
661.878296     23783.6503906250
662.208557     23816.9746093750
662.538757     23290.4726562500
662.868896     23932.4941406250
663.198975     23399.3281250000
663.528992     23263.8144531250
663.859009     23008.3398437500
664.188904     23257.1503906250
664.518860     22939.4707031250
664.848755     22499.6093750000
665.178589     22899.4843750000
665.508362     22706.2109375000
665.838013     22664.0019531250
666.167725     22975.0156250000
666.497375     22688.4394531250
666.826965     22570.6992187500
667.156494     22610.6855468750
667.486084     22157.4941406250
667.815552     22259.6855468750
668.144897     22399.6406250000
668.474304     22286.3437500000
668.803528     22115.2851562500
669.132813     22401.8632812500
669.462036     21984.2148437500
669.791260     21753.1777343750
670.120422     21657.6523437500
670.449463     21970.8867187500
670.778564     21830.9296875000
671.107544     21375.5175781250
671.436523     21093.3847656250
671.765381     20933.4335937500
672.094299     20988.9726562500
672.423157     21348.8593750000
672.751831     20771.2636718750
673.080627     21035.6250000000
673.409302     21040.0664062500
673.737976     20369.1660156250
674.066528     21057.8398437500
674.395081     20769.0410156250
674.723572     20711.2812500000
675.052002     20466.9140625000
675.380432     20438.0332031250
675.708801     20724.6113281250
676.037170     20515.7871093750
676.365417     20557.9960937500
676.693665     20262.5332031250
677.021851     20206.9960937500
677.349976     20104.8046875000
677.678040     20242.5390625000
678.006042     20153.6777343750
678.334106     20384.7167968750
678.662048     20067.0390625000
678.989929     20080.3691406250
679.317810     19780.4628906250
679.645630     19838.2226562500
679.973389     19789.3476562500
680.301086     19587.1894531250
680.628845     19476.1132812500
680.956482     19422.7968750000
681.283997     19289.5058593750
681.611572     19269.5117187500
681.939087     19080.6816406250
682.266541     19460.5625000000
682.593872     19205.0878906250
682.921265     19127.3339843750
683.248596     19151.7714843750
683.575806     18809.6562500000
683.903076     18902.9589843750
684.230286     18571.9531250000
684.557373     18600.8320312500
684.884399     18794.1054687500
685.211487     18369.7929687500
685.538513     18356.4648437500
685.865417     18425.3320312500
686.192261     18136.5332031250
686.519165     17070.2011718750
686.845947     15668.4189453125
687.172729     14404.3710937500
687.499451     13569.0771484375
687.826111     14117.7939453125
688.152771     14304.4023437500
688.479248     14693.1689453125
688.805847     14595.4218750000
689.132324     14659.8466796875
689.458801     14670.9541015625
689.785095     14973.0810546875
690.111511     14981.9677734375
690.437805     15344.0761718750
690.764038     15328.5253906250
691.090210     15259.6582031250
691.416443     15541.7919921875
691.742554     15686.1914062500
692.068604     15783.9384765625
692.394592     15548.4560546875
692.720581     15577.3359375000
693.046509     15364.0703125000
693.372375     14937.5371093750
693.698242     14835.3466796875
694.023987     15008.6259765625
694.349792     14542.1054687500
694.675476     14626.5234375000
695.001099     14613.1943359375
695.326721     14622.0800781250
695.652222     14679.8398437500
695.977783     14941.9804687500
696.303284     15208.5634765625
696.628723     15721.7353515625
696.954041     15997.2050781250
697.279358     16001.6474609375
697.604675     15870.5781250000
697.929871     15866.1347656250
698.255066     15526.2412109375
698.580200     15635.0957031250
698.905334     15201.8984375000
699.230286     15070.8281250000
699.555359     14730.9355468750
699.880310     14899.7714843750
700.205261     14506.5615234375
700.530029     14575.4287109375
700.854919     14584.3144531250
701.179688     14337.7255859375
701.504456     14399.9277343750
701.829102     14419.9218750000
702.153687     14299.9589843750
702.478271     14275.5224609375
702.802856     14259.9716796875
703.127319     14610.9726562500
703.451721     14706.4980468750
703.776123     14646.5175781250
704.100464     14795.3593750000
704.424805     14906.4355468750
704.749084     14837.5683593750
705.073303     14999.7392578125
705.397461     14719.8271484375
705.721558     14835.3466796875
706.045654     14582.0927734375
706.369690     14875.3339843750
706.693604     14522.1113281250
707.017578     14890.8847656250
707.341431     14913.1005859375
707.665283     14730.9355468750
707.989075     14870.8916015625
708.312805     14993.0751953125
708.636536     15115.2587890625
708.960144     14642.0742187500
709.283752     14935.3154296875
709.607361     14915.3212890625
709.930847     14893.1064453125
710.254333     14766.4794921875
710.577759     14635.4091796875
710.901062     14873.1123046875
711.224426     14686.5048828125
711.547668     14464.3525390625
711.870911     14697.6123046875
712.194153     14626.5234375000
712.517212     14346.6113281250
712.840332     14391.0419921875
713.163391     14317.7314453125
713.486389     14073.3632812500
713.809326     14304.4023437500
714.132202     13977.8378906250
714.455078     13840.1035156250
714.777893     13640.1660156250
715.100586     13757.9072265625
715.423401     13309.1591796875
715.746094     13140.3232421875
716.068604     12995.9238281250
716.391235     12587.1630859375
716.713745     11611.9130859375
717.036255     10918.7978515625
717.358643     10327.8720703125
717.681030      9912.4462890625
718.003418      9370.3945312500
718.325745      9154.9062500000
718.647888      8997.1777343750
718.970154      8677.2783203125
719.292297      8535.1005859375
719.614380      8430.6894531250
719.936401      8259.6318359375
720.258423      8255.1884765625
720.580383      8559.5371093750
720.902283      9154.9062500000
721.224182      9814.6992187500
721.545959     10250.1181640625
721.867737     10574.4609375000
722.189453     10889.9179687500
722.511169     11078.7470703125
722.832764     10721.0820312500
723.154419     10307.8779296875
723.475952      9921.3330078125
723.797424      9490.3564453125
724.118896      9488.1347656250
724.440247      9188.2294921875
724.761597      9186.0078125000
725.082886      8963.8554687500
725.404175      9006.0644531250
725.725342      9101.5898437500
726.046509      8848.3359375000
726.367615      8730.5947265625
726.688721      9010.5068359375
727.009644      9048.2734375000
727.330688      8868.3291015625
727.651611      8732.8164062500
727.972473      8719.4873046875
728.293274      8901.6523437500
728.614075      9103.8115234375
728.934814      8855.0000000000
729.255493      8583.9746093750
729.576172      8797.2402343750
729.896729      8921.6464843750
730.217285      8883.8798828125
730.537720      8959.4121093750
730.858215      8828.3417968750
731.178650      8835.0068359375
731.498962      8872.7724609375
731.819214      9188.2294921875
732.139526      9383.7236328125
732.459778      9950.2128906250
732.779846      9939.1044921875
733.100037      9885.7880859375
733.420105     10039.0732421875
733.740112     10216.7958984375
734.060059     10418.9541015625
734.380066     10552.2460937500
734.699890     10510.0371093750
735.019775     10196.8017578125
735.339478     10552.2460937500
735.659241     10298.9921875000
735.978943     10274.5546875000
736.298584     10056.8457031250
736.618164     10276.7763671875
736.937744     10125.7128906250
737.257263     10170.1435546875
737.576599     10403.4033203125
737.896057     10367.8593750000
738.215393     10396.7392578125
738.534729     10501.1503906250
738.853943     10112.3837890625
739.173157      9999.0859375000
739.492371      9941.3261718750
739.811523     10136.8203125000
740.130493     10163.4785156250
740.449524     10232.3457031250
740.768555     10503.3720703125
741.087463     10099.0546875000
741.406311     10152.3710937500
741.725159     10352.3085937500
742.043945      9936.8828125000
742.362610     10374.5234375000
742.681396     10323.4287109375
743.000061     10350.0869140625
743.318604     10276.7763671875
743.637146     10450.0556640625
743.955627     10470.0498046875
744.274109     10358.9726562500
744.592407     10252.3398437500
744.910828     10276.7763671875
745.229126     10296.7705078125
745.547424     10390.0742187500
745.865540     10267.8906250000
746.183777     10094.6113281250
746.501892     10070.1748046875
746.819946      9965.7626953125
747.137939     10176.8076171875
747.455872     10085.7255859375
747.773865     10019.0800781250
748.091736      9836.9150390625
748.409485      9703.6230468750
748.727295      9856.9082031250
749.045044      9761.3828125000
749.362671      9621.4267578125
749.680298      9628.0908203125
749.997925      9472.5839843750
750.315491      9770.2685546875
750.632874      9539.2304687500
750.950378      9574.7744140625
751.267822      9479.2490234375
751.585083      9523.6796875000
751.902405      9323.7421875000
752.219666      9596.9902343750
752.536865      9521.4580078125
752.854004      9279.3115234375
753.171082      9414.8251953125
753.488159      9432.5966796875
753.805176      9645.8632812500
754.122070      9294.8623046875
754.439026      9410.3818359375
754.755920      9430.3750000000
755.072693      9308.1914062500
755.389465      9614.7617187500
755.706177      9128.2480468750
756.022888      9168.2353515625
756.339478      9301.5273437500
756.656006      9368.1728515625
756.972595      9101.5898437500
757.289063      9319.2988281250
757.605408      9283.7548828125
757.921814      9161.5712890625
758.238159      8890.5449218750
758.554443      8954.9687500000
758.870667      8914.9814453125
759.186890      8081.9096679688
759.503052      6891.1718750000
759.819092      5707.0986328125
760.135132      4538.5766601563
760.451172      3583.3205566406
760.767029      3174.5598144531
761.082947      3059.0405273438
761.398804      3381.1616210938
761.714600      3869.8972167969
762.030396      4283.1010742188
762.346008      4225.3413085938
762.661682      4047.6193847656
762.977295      3916.5493164063
763.292908      3916.5493164063
763.608337      3874.3403320313
763.923828      4094.2714843750
764.239258      4367.5190429688
764.554626      4549.6840820313
764.869873      4825.1533203125
765.185181      4907.3496093750
765.500427      5464.9526367188
765.815491      5678.2192382813
766.130615      5838.1689453125
766.445740      6417.9868164063
766.760803      6460.1958007813
767.075745      6920.0517578125
767.390686      7259.9453125000
767.705566      7351.0278320313
768.020386      7713.1362304688
768.335144      7633.1616210938
768.649902      7861.9785156250
768.964539      7788.6679687500
769.279175      8006.3774414063
769.593750      8128.5615234375
769.908264      8050.8081054688
770.222839      8155.2197265625
770.537170      8095.2387695313
770.851624      8326.2773437500
771.165955      8161.8842773438
771.480286      8117.4541015625
771.794495      8128.5615234375
772.108704      8039.7006835938
772.422852      8044.1435546875
772.736938      7968.6118164063
773.050964      7939.7319335938
773.364990      8028.5927734375
773.678894      8188.5429687500
773.992798      8166.3276367188
774.306641      7955.2827148438
774.620422      7619.8320312500
774.934204      7768.6743164063
775.247864      7604.2817382813
775.561584      7779.7822265625
775.875183      7786.4467773438
776.188721      7673.1489257813
776.502197      7639.8261718750
776.815735      7655.3764648438
777.129150      7590.9526367188
777.442444      7695.3642578125
777.755737      7584.2875976563
778.069092      7459.8823242188
778.382324      7513.1992187500
778.695435      7453.2177734375
779.008545      7386.5722656250
779.321594      7442.1103515625
779.634644      7302.1542968750
779.947571      7322.1479492188
780.260498      7228.8437500000
780.573364      7255.5019531250
780.886169      7277.7172851563
781.198975      7177.7485351563
781.511719      7133.3183593750
781.824402      7020.0205078125
782.136963      6944.4882812500
782.449585      6986.6972656250
782.762146      7108.8813476563
783.074646      6882.2856445313
783.387024      6609.0380859375
783.699402      6671.2407226563
784.011719      6651.2470703125
784.324097      6686.7915039063
784.636230      6597.9306640625
784.948425      6580.1582031250
785.260620      6604.5952148438
785.572632      6520.1772460938
785.884644      6406.8793945313
786.196655      6537.9492187500
786.508667      6318.0185546875
786.820496      6180.2836914063
787.132324      6231.3789062500
787.444153      6275.8095703125
787.755859      6013.6694335938
788.067566      5855.9409179688
788.379211      5964.7958984375
788.690796      5871.4916992188
789.002319      5940.3588867188
789.313782      5851.4980468750
789.625305      5662.6684570313
789.936707      5664.8896484375
790.247986      5591.5795898438
790.559326      5702.6557617188
790.870605      5600.4658203125
791.181763      5544.9272460938
791.492920      5431.6298828125
791.803955      5553.8134765625
792.115051      5407.1928710938
792.426086      5384.9775390625
792.737000      5504.9399414063
793.047913      5307.2241210938
793.358765      5447.1801757813
793.669495      5371.6484375000
793.980347      5369.4267578125
794.291016      5342.7685546875
794.601685      5336.1040039063
794.912292      5296.1166992188
795.222778      5245.0214843750
795.533325      5282.7875976563
795.843811      5038.4194335938
796.154175      4880.6914062500
796.464539      5056.1918945313
796.774902      5042.8627929688
797.085022      4898.4633789063
797.395325      4960.6665039063
797.705505      4900.6850585938
798.015625      4940.6723632813
798.325623      4985.1030273438
798.635620      4927.3432617188
798.945618      4938.4511718750
799.255554      4845.1469726563
799.565369      4716.2983398438
799.875183      4754.0644531250
800.184998      4691.8618164063
800.494690      4616.3300781250
800.804321      4622.9946289063
801.113953      4543.0195312500
801.423462      4638.5449218750
801.732910      4589.6713867188
802.042419      4585.2285156250
802.351868      4498.5888671875
802.661255      4503.0322265625
802.970520      4534.1333007813
803.279785      4434.1645507813
803.588989      4540.7978515625
803.898193      4303.0947265625
804.207275      4298.6518554688
804.516357      4471.9306640625
804.825378      4380.8481445313
805.134277      4485.2597656250
805.443176      4474.1523437500
805.752136      4514.1396484375
806.060974      4529.6904296875
806.369629      4340.8608398438
806.678406      4489.7031250000
806.987061      4494.1459960938
807.295715      4323.0883789063
807.604187      4469.7089843750
807.912720      4334.1962890625
808.221191      4289.7656250000
808.529663      4207.5693359375
808.837952      4223.1196289063
809.146301      4180.9106445313
809.454590      4147.5878906250
809.762756      4040.9548339844
810.070923      4034.2902832031
810.379028      4060.9484863281
810.687073      3876.5617675781
810.995117      3796.5869140625
811.303040      3887.6694335938
811.611023      3769.9287109375
811.918884      3658.8522949219
812.226624      3674.4030761719
812.534424      3636.6372070313
812.842163      3545.5546875000
813.149719      3507.7885742188
813.457397      3301.1867675781
813.764954      3261.1992187500
814.072510      3223.4333496094
814.379883      3167.8952636719
814.687378      3087.9204101563
814.994690      3025.7175292969
815.302063      2972.4011230469
815.609314      2959.0717773438
815.916504      2887.9831542969
816.223694      2825.7802734375
816.530762      2736.9194335938
816.837830      2839.1096191406
817.144836      2752.4699707031
817.451843      2694.7104492188
817.758667      2756.9130859375
818.065552      2632.5075683594
818.372375      2690.2673339844
818.679138      2721.3686523438
818.985779      2819.1157226563
819.292480      2750.2485351563
819.599121      2794.6789550781
819.905701      2788.0144042969
820.212158      2901.3122558594
820.518616      2952.4072265625
820.825012      2990.1733398438
821.131348      3110.1354980469
821.437683      3050.1542968750
821.743896      3070.1481933594
822.050110      2950.1857910156
822.356262      2803.5651855469
822.662415      2756.9130859375
822.968445      2445.8994140625
823.274475      2394.8044433594
823.580322      2539.2036132813
823.886292      2665.8305664063
824.192200      2794.6789550781
824.497864      2708.0395507813
824.803711      2963.5148925781
825.109375      2799.1220703125
825.415039      2892.4260253906
825.720581      2819.1157226563
826.026184      2919.0844726563
826.331665      3025.7175292969
826.637146      2874.6538085938
826.942444      2879.0969238281
827.247803      2921.3059082031
827.553162      2808.0080566406
827.858398      2774.6853027344
828.163574      2783.5712890625
828.468750      2743.5839843750
828.773804      2750.2485351563
829.078796      2712.4826660156
829.383850      2699.1533203125
829.688782      2754.6916503906
829.993713      2690.2673339844
830.298462      2741.3623046875
830.603271      2803.5651855469
830.908020      2781.3498535156
831.212708      2728.0332031250
831.517273      2694.7104492188
831.821960      2576.9694824219
832.126465      2603.6276855469
832.430908      2630.2861328125
832.735352      2841.3310546875
833.039734      2663.6088867188
833.344116      2630.2861328125
833.648315      2630.2861328125
833.952576      2734.6977539063
834.256714      2654.7229003906
834.560913      2743.5839843750
834.864929      2730.2546386719
835.169006      2723.5900878906
835.472961      2699.1533203125
835.776917      2861.3247070313
836.080750      2785.7929687500
836.384583      2810.2297363281
836.688354      2654.7229003906
836.992004      2728.0332031250
837.295654      2761.3562011719
837.599365      2699.1533203125
837.902893      2792.4575195313
838.206360      2768.0207519531
838.509827      2810.2297363281
838.813293      2805.7866210938
839.116699      2825.7802734375
839.419922      2745.8054199219
839.723206      2681.3811035156
840.026428      2694.7104492188
840.329590      2708.0395507813
840.632690      2732.4763183594
840.935730      2772.4636230469
841.238708      2776.9067382813
841.541626      2710.2609863281
841.844543      2768.0207519531
842.147461      2743.5839843750
842.450256      2730.2546386719
842.752930      2763.5776367188
843.055664      2821.3374023438
843.358337      2599.1848144531
843.660889      2723.5900878906
843.963440      2594.7416992188
844.265930      2688.0456542969
844.568420      2608.0708007813
844.870728      2643.6152343750
845.173096      2628.0646972656
845.475403      2668.0520019531
845.777649      2576.9694824219
846.079834      2625.8430175781
846.381958      2690.2673339844
846.684021      2608.0708007813
846.986145      2634.7292480469
847.288025      2654.7229003906
847.589966      2576.9694824219
847.891846      2390.3613281250
848.193665      2461.4501953125
848.495483      2590.2985839844
848.797180      2563.6403808594
849.098877      2470.3361816406
849.400452      2472.5578613281
849.702026      2470.3361816406
850.003540      2414.7980957031
850.304993      2379.2536621094
850.606445      2401.4689941406
850.907776      2365.9245605469
851.209106      2330.3801269531
851.510315      2419.2412109375
851.811584      2263.7343750000
852.112671      2303.7219238281
852.413879      2290.3928222656
852.714844      2323.7155761719
853.015869      2374.8107910156
853.316833      2214.8608398438
853.617737      2299.2788085938
853.918579      2161.5441894531
854.219360      2163.7658691406
854.520142      2083.7907714844
854.820862      2112.6706542969
855.121399      2114.8920898438
855.421997      2070.4616699219
855.722595      2117.1137695313
856.023071      2201.5317382813
856.323486      2157.1010742188
856.623901      2134.8859863281
856.924255      2268.1774902344
857.224487      2063.7971191406
857.524719      2150.4365234375
857.824890      2183.7595214844
858.125000      2185.9809570313
858.425049      2090.4553222656
858.725098      2125.9997558594
859.025085      2161.5441894531
859.325012      2199.3100585938
859.624817      2119.3352050781
859.924683      2079.3479003906
860.224487      2185.9809570313
860.524170      2079.3479003906
860.823792      2099.3415527344
861.123474      2070.4616699219
861.422974      2039.3603515625
861.722412      1954.9423828125
862.021912      2001.5943603516
862.321350      2039.3603515625
862.620728      2054.9111328125
862.919983      1968.2714843750
863.219238      2074.9047851563
863.518433      1994.9298095703
863.817505      1968.2714843750
864.116638      1983.8222656250
864.415710      1997.1513671875
864.714722      1890.5181884766
865.013550      1917.1763916016
865.312439      1923.8410644531
865.611328      1979.3791503906
865.910156      1928.2840576172
866.208801      1954.9423828125
866.507507      1852.7521972656
866.806091      1814.9863281250
867.104614      1857.1953125000
867.403137      1877.1889648438
867.701660      1857.1953125000
868.000061      1894.9611816406
868.298401      1866.0814208984
868.596741      1801.6571044922
868.894958      1794.9925537109
869.193237      1788.3280029297
869.491333      1779.4418945313
869.789429      1797.2141113281
870.087524      1912.7333984375
870.385498      1839.4230957031
870.683411      1886.0750732422
870.981323      1783.8848876953
871.279236      1874.9674072266
871.576965      1843.8660888672
871.874695      1866.0814208984
872.172363      1841.6445312500
872.470032      1728.3468017578
872.767578      1903.8472900391
873.065125      1759.4481201172
873.362549      1806.1002197266
873.660034      1821.6508789063
873.957397      1781.6634521484
874.254700      1708.3530273438
874.552002      1781.6634521484
874.849182      1790.5494384766
875.146362      1688.3593750000
875.443481      1757.2265625000
875.740540      1690.5808105469
876.037476      1688.3593750000
876.334473      1650.5933837891
876.631348      1692.8023681641
876.928223      1623.9350585938
877.224976      1659.4794921875
877.521729      1619.4920654297
877.818420      1708.3530273438
878.115112      1703.9100341797
878.411621      1606.1628417969
878.708191      1619.4920654297
879.004700      1761.6696777344
879.301086      1528.4095458984
879.597473      1652.8149414063
879.893799      1610.6059570313
880.190063      1597.2767333984
880.486267      1568.3969726563
880.782471      1532.8525390625
881.078613      1621.7136230469
881.374695      1663.9226074219
881.670654      1526.1879882813
881.966614      1597.2767333984
882.262573      1628.3781738281
882.558350      1539.5170898438
882.854126      1552.8463134766
883.149902      1570.6185302734
883.445618      1568.3969726563
883.741211      1506.1942138672
884.036865      1495.0866699219
884.332336      1537.2956542969
884.627869      1452.8776855469
884.923218      1492.8651123047
885.218689      1508.4157714844
885.513977      1437.3269042969
885.809265      1372.9027099609
886.104492      1490.6435546875
886.399658      1521.7448730469
886.694763      1415.1116943359
886.989807      1457.3206787109
887.284790      1470.6497802734
887.579773      1426.2193603516
887.874695      1470.6497802734
888.169495      1468.4283447266
888.464355      1486.2005615234
888.759094      1519.5234375000
889.053772      1397.3394775391
889.348389      1388.4533691406
