1.000000
190.096298         0.0000000000
190.479492         0.0000000000
190.862656       356.4184265137
191.245789       328.8247375488
191.628876       264.4394836426
192.011948       315.0278930664
192.394958       544.9752807617
192.777939       565.6705322266
193.160904       687.5426635742
193.543823       641.5531616211
193.926697       519.6810913086
194.309555       630.0557861328
194.692368       602.4620971680
195.075150       517.3815917969
195.457886       556.4726562500
195.840607       416.2047424316
196.223282       738.1311035156
196.605927       600.1626586914
196.988541       664.5479125977
197.371094       754.2274169922
197.753632       786.4200439453
198.136139       666.8474121094
198.518600       632.3552856445
198.901031       712.8368530273
199.283432       623.1574096680
199.665802       579.4674072266
200.048126       535.7774047852
200.430405       554.1731567383
200.812668       510.4831848145
201.194885       648.4515991211
201.577072       469.0926513672
201.959244       563.3710937500
202.341354       659.9489746094
202.723434       611.6600341797
203.105499       565.6705322266
203.487503       498.9858093262
203.869461       600.1626586914
204.251434       466.7931823730
204.633331       466.7931823730
205.015198       519.6810913086
205.397049       446.0979003906
205.778854       531.1784667969
206.160614       602.4620971680
206.542343       459.8947448730
206.924042       515.0821533203
207.305710       547.2747802734
207.687332       797.9174194336
208.068939       542.6757812500
208.450485       475.9910583496
208.832016       521.9805297852
209.213501       374.8142089844
209.594955       586.3657836914
209.976379       510.4831848145
210.357758       423.1031799316
210.739105       611.6600341797
211.120422       666.8474121094
211.501694       556.4726562500
211.882935       478.2905273438
212.264145       464.4937133789
212.645340       512.7826538086
213.026474       666.8474121094
213.407562       572.5689697266
213.788620       462.1942138672
214.169662       515.0821533203
214.550659       450.6968688965
214.931610       708.2379150391
215.312561       524.2800292969
215.693451       630.0557861328
216.074295       558.7720947266
216.455109       521.9805297852
216.835922       554.1731567383
217.216660       528.8789672852
217.597382       400.1084289551
217.978058       482.8894958496
218.358704       466.7931823730
218.739304       586.3657836914
219.119888       715.1363525391
219.500427       572.5689697266
219.880920       535.7774047852
220.261414       450.6968688965
220.641830       733.5321044922
221.022232       446.0979003906
221.402603       485.1889648438
221.782944       464.4937133789
222.163223       623.1574096680
222.543488       745.0294799805
222.923706       632.3552856445
223.303894       549.5742187500
223.684036       531.1784667969
224.064163       590.9647827148
224.444244       567.9700317383
224.824295       459.8947448730
225.204300       478.2905273438
225.584274       515.0821533203
225.964203       577.1679077148
226.344131       632.3552856445
226.723999       517.3815917969
227.103806       524.2800292969
227.483627       471.3921203613
227.863388       991.0731811523
228.243118       641.5531616211
228.622787       501.2852783203
229.002472       639.2537231445
229.382080       593.2642211914
229.761688       531.1784667969
230.141220       563.3710937500
230.520721       558.7720947266
230.900208       577.1679077148
231.279663       531.1784667969
231.659073       636.9542236328
232.038452       570.2694702148
232.417786       634.6547851563
232.797073       673.7457885742
233.176346       639.2537231445
233.555573       473.6915893555
233.934784       538.0768432617
234.313934       533.4779052734
234.693069       558.7720947266
235.072144       616.2589721680
235.451202       498.9858093262
235.830215       524.2800292969
236.209213       485.1889648438
236.588165       584.0663452148
236.967072       526.5794677734
237.345947       469.0926513672
237.724792       643.8526611328
238.103577       505.8842163086
238.482361       547.2747802734
238.861084       521.9805297852
239.239777       517.3815917969
239.618454       466.7931823730
239.997070       756.5268554688
240.375671       551.8737182617
240.754211       439.1994934082
241.132751       473.6915893555
241.511215       712.8368530273
241.889694       544.9752807617
242.268097       639.2537231445
242.646469       452.9963378906
243.024811       613.9594726563
243.403122       505.8842163086
243.781387       563.3710937500
244.159622       407.0068664551
244.537827       475.9910583496
244.915985       611.6600341797
245.294113       551.8737182617
245.672195       567.9700317383
246.050262       492.0873718262
246.428268       505.8842163086
246.806274       498.9858093262
247.184219       535.7774047852
247.562119       524.2800292969
247.940002       561.0715942383
248.317841       423.1031799316
248.695648       593.2642211914
249.073425       544.9752807617
249.451157       418.5042114258
249.828842       501.2852783203
250.206512       574.8684692383
250.584152       581.7668457031
250.961731      1349.7911376953
251.339279       510.4831848145
251.716812       517.3815917969
252.094299       625.4568481445
252.471725       554.1731567383
252.849136       528.8789672852
253.226517       466.7931823730
253.603867       574.8684692383
253.981171       446.0979003906
254.358429       510.4831848145
254.735672       519.6810913086
255.112869       503.5847473145
255.490021       572.5689697266
255.867172       735.8316040039
256.244263       517.3815917969
256.621307       423.1031799316
256.998291       480.5900268555
257.375305       641.5531616211
257.752228       510.4831848145
258.129120       409.3063354492
258.506012       459.8947448730
258.882843       604.7615966797
259.259644      1046.2606201172
259.636414       671.4463500977
260.013123       584.0663452148
260.389832       572.5689697266
260.766479       540.3763427734
261.143127       480.5900268555
261.519714       590.9647827148
261.896271       558.7720947266
262.272736       439.1994934082
262.649231       519.6810913086
263.025696       696.7405395508
263.402100       574.8684692383
263.778473       602.4620971680
264.154785       556.4726562500
264.531097       455.2958068848
264.907318       547.2747802734
265.283569       625.4568481445
265.659760       487.4884338379
266.035919       462.1942138672
266.412018       549.5742187500
266.788086       423.1031799316
267.164154       722.0347900391
267.540192       549.5742187500
267.916107       475.9910583496
268.292084       448.3973693848
268.667969       526.5794677734
269.043793       501.2852783203
269.419617       540.3763427734
269.795410       565.6705322266
270.171204       503.5847473145
270.546875       459.8947448730
270.922577       485.1889648438
271.298248       439.1994934082
271.673828       423.1031799316
272.049408       466.7931823730
272.424927       469.0926513672
272.800446       586.3657836914
273.175934       501.2852783203
273.551361       448.3973693848
273.926727       558.7720947266
274.302063       478.2905273438
274.677399       600.1626586914
275.052673       572.5689697266
275.427948       533.4779052734
275.803131       478.2905273438
276.178314       411.6058044434
276.553436       680.6442260742
276.928558       595.5637207031
277.303650       411.6058044434
277.678619       508.1837158203
278.053650       705.9384155273
278.428589       469.0926513672
278.803528       676.0452880859
279.178375       466.7931823730
279.553253       574.8684692383
279.928070       567.9700317383
280.302826       613.9594726563
280.677582       469.0926513672
281.052277       443.7984313965
281.426941       567.9700317383
281.801544       611.6600341797
282.176147       519.6810913086
282.550720       482.8894958496
282.925232       492.0873718262
283.299683       793.3184204102
283.674133       519.6810913086
284.048553       459.8947448730
284.422974       521.9805297852
284.797241       526.5794677734
285.171600       485.1889648438
285.545837       397.8089599609
285.920074       519.6810913086
286.294250       561.0715942383
286.668396       473.6915893555
287.042511       473.6915893555
287.416626       459.8947448730
287.790649       577.1679077148
288.164673       540.3763427734
288.538635       632.3552856445
288.912567       498.9858093262
289.286438       379.4131774902
289.660309       443.7984313965
290.034149       570.2694702148
290.407959       581.7668457031
290.781677       515.0821533203
291.155396       466.7931823730
291.529083       466.7931823730
291.902710       712.8368530273
292.276337       595.5637207031
292.649902       765.7247924805
293.023407       517.3815917969
293.396912       595.5637207031
293.770386       519.6810913086
294.143829       510.4831848145
294.517181       600.1626586914
294.890533       535.7774047852
295.263824       676.0452880859
295.637115       613.9594726563
296.010345       581.7668457031
296.383545       570.2694702148
296.756744       519.6810913086
297.129852       544.9752807617
297.502960       604.7615966797
297.875977       526.5794677734
298.248993       471.3921203613
298.621979       565.6705322266
298.994934       492.0873718262
299.367859       646.1520996094
299.740723       356.4184265137
300.113556       416.2047424316
300.486359       956.5810546875
300.859100       586.3657836914
301.231842       634.6547851563
301.604492       489.7879028320
301.977173       482.8894958496
302.349792       533.4779052734
302.722351       492.0873718262
303.094910       510.4831848145
303.467377       462.1942138672
303.839874       434.6005554199
304.212311       558.7720947266
304.584717       492.0873718262
304.957062       457.5952758789
305.329376       505.8842163086
305.701630       528.8789672852
306.073853       450.6968688965
306.446106       487.4884338379
306.818268       584.0663452148
307.190399       407.0068664551
307.562500       448.3973693848
307.934540       492.0873718262
308.306610       418.5042114258
308.678558       402.4078979492
309.050507       758.8263549805
309.422424       639.2537231445
309.794281       786.4200439453
310.166138       482.8894958496
310.537933       457.5952758789
310.909729       597.8631591797
311.281464       604.7615966797
311.653107       623.1574096680
312.024780       565.6705322266
312.396393       496.6863403320
312.767975       494.3868713379
313.139496       630.0557861328
313.511047       528.8789672852
313.882507       613.9594726563
314.253906       358.7178955078
314.625305       699.0400390625
314.996643       517.3815917969
315.368011       494.3868713379
315.739258       616.2589721680
316.110504       436.9000244141
316.481720       367.9158020020
316.852905       701.3394775391
317.223999       561.0715942383
317.595123       595.5637207031
317.966187       551.8737182617
318.337189       853.1047363281
318.708191       579.4674072266
319.079163       561.0715942383
319.450073       471.3921203613
319.820923       482.8894958496
320.191742       498.9858093262
320.562561       471.3921203613
320.933319       519.6810913086
321.304047       590.9647827148
321.674744       533.4779052734
322.045380       531.1784667969
322.416016       618.5584716797
322.786560       508.1837158203
323.157135       597.8631591797
323.527618       554.1731567383
323.898071       538.0768432617
324.268494       471.3921203613
324.638885       586.3657836914
325.009277       439.1994934082
325.379578       480.5900268555
325.749847       524.2800292969
326.120117       441.4989624023
326.490295       498.9858093262
326.860443       526.5794677734
327.230591       423.1031799316
327.600708       678.3447875977
327.970703       590.9647827148
328.340759       473.6915893555
328.710724       407.0068664551
329.080688       699.0400390625
329.450592       549.5742187500
329.820435       482.8894958496
330.190277       528.8789672852
330.560089       498.9858093262
330.929810       496.6863403320
331.299561       457.5952758789
331.669220       503.5847473145
332.038879       452.9963378906
332.408447       563.3710937500
332.778046       457.5952758789
333.147583       563.3710937500
333.517059       404.7073974609
333.886505       489.7879028320
334.255951       450.6968688965
334.625336       427.7021179199
334.994629       508.1837158203
335.363983       558.7720947266
335.733246       459.8947448730
336.102478       584.0663452148
336.471680       535.7774047852
336.840820       466.7931823730
337.209961       680.6442260742
337.578979       699.0400390625
337.948059       820.9121093750
338.317078       425.4026489258
338.686035       446.0979003906
339.054962       524.2800292969
339.423859       547.2747802734
339.792725       765.7247924805
340.161560       519.6810913086
340.530334       459.8947448730
340.899078       501.2852783203
341.267761       420.8037109375
341.636444       567.9700317383
342.005066       577.1679077148
342.373657       439.1994934082
342.742218       475.9910583496
343.110718       609.3605346680
343.479218       618.5584716797
343.847626       786.4200439453
344.216064       519.6810913086
344.584412       563.3710937500
344.952759       496.6863403320
345.321045       469.0926513672
345.689270       452.9963378906
346.057526       471.3921203613
346.425659       501.2852783203
346.793854       627.7563476563
347.161957       487.4884338379
347.529999       524.2800292969
347.898041       455.2958068848
348.266022       436.9000244141
348.634003       602.4620971680
349.001892       482.8894958496
349.369781       577.1679077148
349.737610       459.8947448730
350.105408       556.4726562500
350.473145       485.1889648438
350.840912       556.4726562500
351.208618       423.1031799316
351.576233       448.3973693848
351.943878       758.8263549805
352.311401       551.8737182617
352.678955       561.0715942383
353.046478       367.9158020020
353.413910       659.9489746094
353.781372       547.2747802734
354.148743       462.1942138672
354.516083       549.5742187500
354.883392       519.6810913086
355.250641       448.3973693848
355.617920       531.1784667969
355.985077       567.9700317383
356.352234       542.6757812500
356.719360       579.4674072266
357.086426       531.1784667969
357.453491       584.0663452148
357.820496       535.7774047852
358.187469       498.9858093262
358.554382       687.5426635742
358.921295       459.8947448730
359.288147       393.2100219727
359.654968       671.4463500977
360.021759       593.2642211914
360.388489       505.8842163086
360.755188       586.3657836914
361.121826       480.5900268555
361.488464       466.7931823730
361.855072       544.9752807617
362.221588       572.5689697266
362.588135       595.5637207031
362.954590       597.8631591797
363.321075       542.6757812500
363.687439       515.0821533203
364.053802       478.2905273438
364.420135       482.8894958496
364.786407       494.3868713379
365.152679       439.1994934082
365.518860       572.5689697266
365.885040       551.8737182617
366.251190       572.5689697266
366.617249       517.3815917969
366.983337       586.3657836914
367.349335       446.0979003906
367.715332       549.5742187500
368.081207       664.5479125977
368.447174       538.0768432617
368.813019       611.6600341797
369.178833       577.1679077148
369.544678       494.3868713379
369.910400       434.6005554199
370.276123       512.7826538086
370.641785       542.6757812500
371.007446       618.5584716797
371.373016       600.1626586914
371.738586       551.8737182617
372.104126       450.6968688965
372.469574       464.4937133789
372.835022       579.4674072266
373.200439       439.1994934082
373.565796       641.5531616211
373.931122       547.2747802734
374.296417       623.1574096680
374.661713       466.7931823730
375.026886       595.5637207031
375.392090       561.0715942383
375.757202       508.1837158203
376.122314       450.6968688965
376.487396       436.9000244141
376.852386       439.1994934082
377.217407       519.6810913086
377.582336       436.9000244141
377.947235       728.9331665039
378.312103       498.9858093262
378.676941       694.4411010742
379.041779       485.1889648438
379.406494       459.8947448730
379.771240       462.1942138672
380.135925       620.8579101563
380.500549       613.9594726563
380.865143       761.1257934570
381.229706       570.2694702148
381.594269       540.3763427734
381.958679       441.4989624023
382.323181       496.6863403320
382.687561       464.4937133789
383.051971       563.3710937500
383.416321       551.8737182617
383.780579       487.4884338379
384.144867       503.5847473145
384.509033       459.8947448730
384.873260       505.8842163086
385.237366       505.8842163086
385.601501       756.5268554688
385.965576       791.0189819336
386.329559       531.1784667969
386.693573       407.0068664551
387.057526       361.0173950195
387.421417       521.9805297852
387.785309       393.2100219727
388.149109       462.1942138672
388.512970       554.1731567383
388.876678       466.7931823730
389.240417       618.5584716797
389.604065       577.1679077148
389.967712       469.0926513672
390.331360       448.3973693848
390.694885       524.2800292969
391.058411       501.2852783203
391.421906       531.1784667969
391.785370       457.5952758789
392.148743       551.8737182617
392.512115       613.9594726563
392.875488       590.9647827148
393.238739       574.8684692383
393.602051       407.0068664551
393.965240       397.8089599609
394.328430       533.4779052734
394.691559       462.1942138672
395.054657       602.4620971680
395.417725       452.9963378906
395.780731       450.6968688965
396.143738       487.4884338379
396.506653       609.3605346680
396.869568       584.0663452148
397.232422       505.8842163086
397.595245       533.4779052734
397.958069       358.7178955078
398.320770       411.6058044434
398.683533       526.5794677734
399.046204       482.8894958496
399.408813       579.4674072266
399.771454       473.6915893555
400.133972       496.6863403320
400.496521       469.0926513672
400.859009       466.7931823730
401.221436       441.4989624023
401.583832       528.8789672852
401.946198       505.8842163086
402.308563       547.2747802734
402.670807       475.9910583496
403.033051       556.4726562500
403.395294       579.4674072266
403.757416       699.0400390625
404.119568       694.4411010742
404.481659       464.4937133789
404.843719       505.8842163086
405.205719       542.6757812500
405.567719       579.4674072266
405.929657       526.5794677734
406.291534       400.1084289551
406.653442       446.0979003906
407.015228       570.2694702148
407.377014       616.2589721680
407.738739       436.9000244141
408.100464       448.3973693848
408.462128       494.3868713379
408.823730       498.9858093262
409.185364       432.3010559082
409.546875       469.0926513672
409.908386       676.0452880859
410.269867       471.3921203613
410.631287       441.4989624023
410.992676       464.4937133789
411.354034       404.7073974609
411.715363       600.1626586914
412.076630       671.4463500977
412.437866       450.6968688965
412.799072       547.2747802734
413.160217       492.0873718262
413.521362       407.0068664551
413.882416       685.2431640625
414.243469       432.3010559082
414.604462       623.1574096680
414.965424       547.2747802734
415.326355       528.8789672852
415.687225       489.7879028320
416.048096       579.4674072266
416.408875       430.0015869141
416.769653       593.2642211914
417.130402       471.3921203613
417.491058       485.1889648438
417.851715       498.9858093262
418.212311       452.9963378906
418.572906       489.7879028320
418.933411       533.4779052734
419.293945       508.1837158203
419.654388       669.1468505859
420.014801       457.5952758789
420.375183       480.5900268555
420.735504       478.2905273438
421.095825       526.5794677734
421.456055       547.2747802734
421.816315       586.3657836914
422.176453       464.4937133789
422.536621       423.1031799316
422.896729       430.0015869141
423.256775       475.9910583496
423.616821       446.0979003906
423.976807       505.8842163086
424.336731       554.1731567383
424.696625       524.2800292969
425.056488       487.4884338379
425.416351       600.1626586914
425.776093       531.1784667969
426.135864       416.2047424316
426.495575       512.7826538086
426.855225       478.2905273438
427.214874       395.5094909668
427.574432       609.3605346680
427.934052       480.5900268555
428.293518       588.6652832031
428.653015       779.5216064453
429.012421       480.5900268555
429.371826       441.4989624023
429.731232       570.2694702148
430.090485       586.3657836914
430.449799       623.1574096680
430.808990       501.2852783203
431.168213       593.2642211914
431.527374       459.8947448730
431.886475       462.1942138672
432.245605       452.9963378906
432.604584       505.8842163086
432.963623       430.0015869141
433.322571       388.6110534668
433.681488       427.7021179199
434.040344       443.7984313965
434.399200       418.5042114258
434.758026       471.3921203613
435.116760       498.9858093262
435.475494       579.4674072266
435.834198       577.1679077148
436.192841       485.1889648438
436.551453       464.4937133789
436.910004       526.5794677734
437.268555       519.6810913086
437.627014       430.0015869141
437.985474       584.0663452148
438.343903       430.0015869141
438.702240       328.8247375488
439.060577       489.7879028320
439.418854       492.0873718262
439.777130       508.1837158203
440.135315       503.5847473145
440.493500       434.6005554199
440.851654       664.5479125977
441.209717       703.6389770508
441.567810       423.1031799316
441.925781       567.9700317383
442.283783       579.4674072266
442.641663       469.0926513672
442.999573       487.4884338379
443.357483       457.5952758789
443.715240       510.4831848145
444.073029       533.4779052734
444.430725       639.2537231445
444.788452       469.0926513672
445.146149       496.6863403320
445.503723       618.5584716797
445.861359       464.4937133789
446.218842       579.4674072266
446.576355       381.7126464844
446.933777       469.0926513672
447.291199       446.0979003906
447.648621       409.3063354492
448.005920       496.6863403320
448.363251       487.4884338379
448.720459       413.9052734375
449.077728       613.9594726563
449.434875       632.3552856445
449.792023       443.7984313965
450.149170       508.1837158203
450.506195       570.2694702148
450.863220       473.6915893555
451.220184       466.7931823730
451.577118       510.4831848145
451.933990       533.4779052734
452.290894       480.5900268555
452.647736       567.9700317383
453.004456       469.0926513672
453.361237       602.4620971680
453.717926       457.5952758789
454.074585       487.4884338379
454.431244       448.3973693848
454.787811       473.6915893555
455.144379       581.7668457031
455.500824       418.5042114258
455.857300       452.9963378906
456.213715       584.0663452148
456.570099       561.0715942383
456.926483       436.9000244141
457.282745       593.2642211914
457.639038       609.3605346680
457.995209       494.3868713379
458.351440       620.8579101563
458.707550       561.0715942383
459.063660       505.8842163086
459.419769       469.0926513672
459.775757       597.8631591797
460.131744       535.7774047852
460.487671       544.9752807617
460.843597       653.0505371094
461.199493       462.1942138672
461.555267       524.2800292969
461.911072       531.1784667969
462.266785       466.7931823730
462.622498       579.4674072266
462.978119       570.2694702148
463.333771       526.5794677734
463.689392       432.3010559082
464.044891       473.6915893555
464.400421       409.3063354492
464.755859       650.7510986328
465.111298       498.9858093262
465.466675       519.6810913086
465.821991       464.4937133789
466.177338       434.6005554199
466.532562       609.3605346680
466.887817       593.2642211914
467.242981       489.7879028320
467.598114       508.1837158203
467.953247       540.3763427734
468.308289       609.3605346680
468.663330       521.9805297852
469.018280       676.0452880859
469.373230       395.5094909668
469.728119       418.5042114258
470.082977       501.2852783203
470.437836       779.5216064453
470.792572       482.8894958496
471.147339       524.2800292969
471.502014       586.3657836914
471.856720       524.2800292969
472.211273       473.6915893555
472.565918       565.6705322266
472.920471       471.3921203613
473.274933       570.2694702148
473.629395       478.2905273438
473.983795       492.0873718262
474.338165       570.2694702148
474.692505       485.1889648438
475.046814       501.2852783203
475.401123       533.4779052734
475.755280       554.1731567383
476.109497       538.0768432617
476.463593       572.5689697266
476.817688      8742.5996093750
477.171783      1124.4426269531
477.525757       517.3815917969
477.879761       765.7247924805
478.233673       551.8737182617
478.587585       388.6110534668
478.941406       443.7984313965
479.295258       627.7563476563
479.649048       498.9858093262
480.002747       517.3815917969
480.356445       475.9910583496
480.710052       542.6757812500
481.063690       558.7720947266
481.417236       710.5374145508
481.770782       395.5094909668
482.124329       526.5794677734
482.477722       531.1784667969
482.831177       455.2958068848
483.184509       464.4937133789
483.537842       554.1731567383
483.891144       480.5900268555
484.244385       492.0873718262
484.597626       494.3868713379
484.950714       434.6005554199
485.303894       600.1626586914
485.656921       413.9052734375
486.010010       512.7826538086
486.363068       653.0505371094
486.715973       722.0347900391
487.068909       494.3868713379
487.421783       462.1942138672
487.774628       586.3657836914
488.127411       551.8737182617
488.480194       538.0768432617
488.832947       512.7826538086
489.185577       547.2747802734
489.538239       639.2537231445
489.890839       515.0821533203
490.243378       517.3815917969
490.595917       489.7879028320
490.948395       443.7984313965
491.300842       524.2800292969
491.653198       478.2905273438
492.005585       482.8894958496
492.357880       471.3921203613
492.710144       701.3394775391
493.062439       452.9963378906
493.414581       551.8737182617
493.766754       554.1731567383
494.118835       751.9279174805
494.470917       533.4779052734
494.822937       475.9910583496
495.174927       482.8894958496
495.526917       588.6652832031
495.878784       593.2642211914
496.230682       469.0926513672
496.582489       409.3063354492
496.934296       549.5742187500
497.285980       409.3063354492
497.637695       577.1679077148
497.989410      1524.5511474609
498.340973       676.0452880859
498.692596       574.8684692383
499.044128       515.0821533203
499.395630       609.3605346680
499.747101       492.0873718262
500.098480       473.6915893555
500.449921       480.5900268555
500.801208       611.6600341797
501.152527       648.4515991211
501.503754       466.7931823730
501.854980       570.2694702148
502.206177       751.9279174805
502.557281       466.7931823730
502.908386       400.1084289551
503.259430       609.3605346680
503.610443       521.9805297852
503.961365       832.4094848633
504.312317       544.9752807617
504.663239       430.0015869141
505.014069       402.4078979492
505.364899       482.8894958496
505.715607       469.0926513672
506.066376       705.9384155273
506.417084       512.7826538086
506.767670       565.6705322266
507.118317       678.3447875977
507.468842       519.6810913086
507.819397       450.6968688965
508.169830       547.2747802734
508.520294       558.7720947266
508.870697       434.6005554199
509.221039       653.0505371094
509.571381       517.3815917969
509.921631       620.8579101563
510.271851       639.2537231445
510.622009       436.9000244141
510.972198       544.9752807617
511.322327       777.2221069336
511.672394       466.7931823730
512.022461       473.6915893555
512.372375       413.9052734375
512.722351       487.4884338379
513.072266       510.4831848145
513.422058       436.9000244141
513.771912       395.5094909668
514.121704       489.7879028320
514.471436       411.6058044434
514.821167       659.9489746094
515.170776       528.8789672852
515.520447       588.6652832031
515.869995       482.8894958496
516.219543       423.1031799316
516.569031       540.3763427734
516.918518       680.6442260742
517.267822       519.6810913086
517.617249       521.9805297852
517.966614       577.1679077148
518.315796       567.9700317383
518.665161       450.6968688965
519.014282       416.2047424316
519.363464       508.1837158203
519.712585       404.7073974609
520.061646       319.6268615723
520.410706       544.9752807617
520.759705       586.3657836914
521.108704       457.5952758789
521.457520       466.7931823730
521.806458       469.0926513672
522.155334       735.8316040039
522.504089       533.4779052734
522.852844       623.1574096680
523.201538       494.3868713379
523.550232       510.4831848145
523.898804       425.4026489258
524.247437       547.2747802734
524.596008       579.4674072266
524.944458       471.3921203613
525.292969       457.5952758789
525.641357       602.4620971680
525.989746       551.8737182617
526.338074       471.3921203613
526.686401       512.7826538086
527.034607       494.3868713379
527.382813       390.9105529785
527.731018       450.6968688965
528.079102       485.1889648438
528.427246       455.2958068848
528.775330       455.2958068848
529.123291       648.4515991211
529.471252       542.6757812500
529.819153       623.1574096680
530.167053       505.8842163086
530.514832       473.6915893555
530.862732       648.4515991211
531.210510       834.7089843750
531.558167       613.9594726563
531.905884       464.4937133789
532.253479       436.9000244141
532.601074       517.3815917969
532.948608       882.9979248047
533.296143       549.5742187500
533.643616       556.4726562500
533.991028       432.3010559082
534.338379       457.5952758789
534.685730       519.6810913086
535.033081       763.4252929688
535.380371       625.4568481445
535.727478       482.8894958496
536.074707       682.9437255859
536.421875       443.7984313965
536.768921       464.4937133789
537.115967       551.8737182617
537.463013       413.9052734375
537.809998       469.0926513672
538.156860       533.4779052734
538.503784       533.4779052734
538.850647       519.6810913086
539.197449       473.6915893555
539.544189       418.5042114258
539.890930       434.6005554199
540.237610       505.8842163086
540.584229       517.3815917969
540.930847       512.7826538086
541.277344       436.9000244141
541.623901       473.6915893555
541.970337       462.1942138672
542.316772       521.9805297852
542.663208       473.6915893555
543.009521       607.0610961914
543.355835       526.5794677734
543.702026       469.0926513672
544.048279       650.7510986328
544.394470       430.0015869141
544.740601       512.7826538086
545.086731       547.2747802734
545.432739       448.3973693848
545.778809       558.7720947266
546.124695       618.5584716797
546.470703       407.0068664551
546.816589       620.8579101563
547.162415       639.2537231445
547.508240       501.2852783203
547.853943       643.8526611328
548.199646       531.1784667969
548.545349       508.1837158203
548.890930       632.3552856445
549.236633       763.4252929688
549.582092       561.0715942383
549.927673       558.7720947266
550.273071       694.4411010742
550.618530       459.8947448730
550.963928       498.9858093262
551.309204       462.1942138672
551.654602       558.7720947266
551.999756       579.4674072266
552.345093       404.7073974609
552.690186       680.6442260742
553.035339       455.2958068848
553.380493       567.9700317383
553.725464       446.0979003906
554.070496       478.2905273438
554.415405       452.9963378906
554.760376       634.6547851563
555.105225       554.1731567383
555.450073       459.8947448730
555.794922       386.3115844727
556.139648       574.8684692383
556.484375       413.9052734375
556.828979       418.5042114258
557.173645       519.6810913086
557.518311       397.8089599609
557.862793       441.4989624023
558.207275       623.1574096680
558.551697       436.9000244141
558.896118       482.8894958496
559.240479       459.8947448730
559.584839       636.9542236328
559.929199       949.6826782227
560.273376       632.3552856445
560.617676       443.7984313965
560.961792       475.9910583496
561.305908       430.0015869141
561.649963       636.9542236328
561.994019       485.1889648438
562.338074       508.1837158203
562.682007       427.7021179199
563.025879       503.5847473145
563.369751       542.6757812500
563.713623       570.2694702148
564.057373       498.9858093262
564.401123       570.2694702148
564.744873       549.5742187500
565.088501       554.1731567383
565.432129       471.3921203613
565.775635       455.2958068848
566.119263       542.6757812500
566.462769       480.5900268555
566.806152       623.1574096680
567.149597       653.0505371094
567.492920       521.9805297852
567.836243       411.6058044434
568.179504       549.5742187500
568.522827       452.9963378906
568.866028      1483.1605224609
569.209106       593.2642211914
569.552307       588.6652832031
569.895325       613.9594726563
570.238403       680.6442260742
570.581299       646.1520996094
570.924255       494.3868713379
571.267212       533.4779052734
571.609985       439.1994934082
571.952881       427.7021179199
572.295593       567.9700317383
572.638367       662.2484130859
572.981079       597.8631591797
573.323730       450.6968688965
573.666260       485.1889648438
574.008850       480.5900268555
574.351440       620.8579101563
574.693848       538.0768432617
575.036255       648.4515991211
575.378723       584.0663452148
575.721008       581.7668457031
576.063354       676.0452880859
576.405579       556.4726562500
576.747803       650.7510986328
577.090027       475.9910583496
577.432129       508.1837158203
577.774231       740.4305419922
578.116272       528.8789672852
578.458313       561.0715942383
578.800232       427.7021179199
579.142212       574.8684692383
579.484070       471.3921203613
579.825928       719.7352905273
580.167725       572.5689697266
580.509460       505.8842163086
580.851196       570.2694702148
581.192810       528.8789672852
581.534485       650.7510986328
581.876099       466.7931823730
582.217590       561.0715942383
582.559143       528.8789672852
582.900574       508.1837158203
583.242004       526.5794677734
583.583313       570.2694702148
583.924683       443.7984313965
584.265991       485.1889648438
584.607239       590.9647827148
584.948425       508.1837158203
585.289551       441.4989624023
585.630737       436.9000244141
585.971802       407.0068664551
586.312805       653.0505371094
586.653870       588.6652832031
586.994751       501.2852783203
587.335693       528.8789672852
587.676453       604.7615966797
588.017334       446.0979003906
588.358154       620.8579101563
588.698853       480.5900268555
589.039551       471.3921203613
589.380188       561.0715942383
589.720825       469.0926513672
590.061340       455.2958068848
590.401917       521.9805297852
590.742432       570.2694702148
591.082825       487.4884338379
591.423218       528.8789672852
591.763550       496.6863403320
592.103882       588.6652832031
592.444092       450.6968688965
592.784363       409.3063354492
593.124512       579.4674072266
593.464600       613.9594726563
593.804749       473.6915893555
594.144775       448.3973693848
594.484802       692.1416015625
594.824829       747.3289794922
595.164734       480.5900268555
595.504578       517.3815917969
595.844360       469.0926513672
596.184204       544.9752807617
596.523926       544.9752807617
596.863647       448.3973693848
597.203369       478.2905273438
597.542969       448.3973693848
597.882507       489.7879028320
598.222046       572.5689697266
598.561584       818.6126708984
598.901001       565.6705322266
599.240417       740.4305419922
599.579834       616.2589721680
599.919067       643.8526611328
600.258423       659.9489746094
600.597595       473.6915893555
600.936829       459.8947448730
601.276001       579.4674072266
601.615051       432.3010559082
601.954163       588.6652832031
602.293091       434.6005554199
602.632141       492.0873718262
602.971069       413.9052734375
603.309998       358.7178955078
603.648865       650.7510986328
603.987610       779.5216064453
604.326416       579.4674072266
604.665100       434.6005554199
605.003845       464.4937133789
605.342407       643.8526611328
605.680969       496.6863403320
606.019592       551.8737182617
606.358093       590.9647827148
606.696533       620.8579101563
607.034973       512.7826538086
607.373291       609.3605346680
607.711609       512.7826538086
608.049927       475.9910583496
608.388245       531.1784667969
608.726379       452.9963378906
609.064575       524.2800292969
609.402710       574.8684692383
609.740723       620.8579101563
610.078796       489.7879028320
610.416748       448.3973693848
610.754761       524.2800292969
611.092590       485.1889648438
611.430481       471.3921203613
611.768311       703.6389770508
612.106018       574.8684692383
612.443787       682.9437255859
612.781494       459.8947448730
613.119141       409.3063354492
613.456726       473.6915893555
613.794250       492.0873718262
614.131775       533.4779052734
614.469299       556.4726562500
614.806763       475.9910583496
615.144043       494.3868713379
615.481384       544.9752807617
615.818726       572.5689697266
616.156006       554.1731567383
616.493225       593.2642211914
616.830322       611.6600341797
617.167480       524.2800292969
617.504578       521.9805297852
617.841614       521.9805297852
618.178528       439.1994934082
618.515503       487.4884338379
618.852478       754.2274169922
619.189270       478.2905273438
619.526184       478.2905273438
619.862854       462.1942138672
620.199646       519.6810913086
620.536316       611.6600341797
620.872986       561.0715942383
621.209595       528.8789672852
621.546143       510.4831848145
621.882629       542.6757812500
622.219116       676.0452880859
622.555542       466.7931823730
622.892029       505.8842163086
623.228333       777.2221069336
623.564636       625.4568481445
623.900818       409.3063354492
624.237061       400.1084289551
624.573242       503.5847473145
624.909363       436.9000244141
625.245483       602.4620971680
625.581482       572.5689697266
625.917480       648.4515991211
626.253418       505.8842163086
626.589355       641.5531616211
626.925171       505.8842163086
627.261047       584.0663452148
627.596863       425.4026489258
627.932556       949.6826782227
628.268250       498.9858093262
628.603882       471.3921203613
628.939514       604.7615966797
629.275024       565.6705322266
629.610596       407.0068664551
629.946045       416.2047424316
630.281494       673.7457885742
630.616882       673.7457885742
630.952209       567.9700317383
631.287537       462.1942138672
631.622803       802.5163574219
631.958008       464.4937133789
632.293213       542.6757812500
632.628296       464.4937133789
632.963379       712.8368530273
633.298401       717.4357910156
633.633423       581.7668457031
633.968384       505.8842163086
634.303284       455.2958068848
634.638123       648.4515991211
634.972900       446.0979003906
635.307739       533.4779052734
635.642456       508.1837158203
635.977112       538.0768432617
636.311829       740.4305419922
636.646362       671.4463500977
636.980957       894.4953002930
637.315430       526.5794677734
637.649963       471.3921203613
637.984436       556.4726562500
638.318726       662.2484130859
638.653137       466.7931823730
638.987366       515.0821533203
639.321655       496.6863403320
639.655823       765.7247924805
639.990051       574.8684692383
640.324158       770.3237304688
640.658203       515.0821533203
640.992249       515.0821533203
641.326172       450.6968688965
641.660156       558.7720947266
641.994019       577.1679077148
642.327942       510.4831848145
642.661804       489.7879028320
642.995483       430.0015869141
643.329224       420.8037109375
643.662964       469.0926513672
643.996582       455.2958068848
644.330200       423.1031799316
644.663696       563.3710937500
644.997253       556.4726562500
645.330688       597.8631591797
645.664124       542.6757812500
645.997437       616.2589721680
646.330811       687.5426635742
646.664124       664.5479125977
646.997375       653.0505371094
647.330566       567.9700317383
647.663696       574.8684692383
647.996826       450.6968688965
648.329895       517.3815917969
648.662903       379.4131774902
648.995911       423.1031799316
649.328796       616.2589721680
649.661682       448.3973693848
649.994568       482.8894958496
650.327393       469.0926513672
650.660095       473.6915893555
650.992859       567.9700317383
651.325500       653.0505371094
651.658142       533.4779052734
651.990723       480.5900268555
652.323242       503.5847473145
652.655762       551.8737182617
652.988220       551.8737182617
653.320618       508.1837158203
653.652954       464.4937133789
653.985291       839.3079223633
654.317566       588.6652832031
654.649780       646.1520996094
654.981995       620.8579101563
655.314148       613.9594726563
655.646240       459.8947448730
655.978271       657.6494750977
656.310303       526.5794677734
656.642273       425.4026489258
656.974182       485.1889648438
657.306091       459.8947448730
657.637939       551.8737182617
657.969666       466.7931823730
658.301453       519.6810913086
658.633179       671.4463500977
658.964844       636.9542236328
659.296448       443.7984313965
659.627991       602.4620971680
659.959534       512.7826538086
660.291016       471.3921203613
660.622437       602.4620971680
660.953796       694.4411010742
661.285156       584.0663452148
661.616516       724.3342285156
661.947754       542.6757812500
662.278931       450.6968688965
662.610107       655.3500366211
662.941284       593.2642211914
663.272339       542.6757812500
663.603394       650.7510986328
663.934387       462.1942138672
664.265320       572.5689697266
664.596252       512.7826538086
664.927063       409.3063354492
665.257935       473.6915893555
665.588684       526.5794677734
665.919434       469.0926513672
666.250061       636.9542236328
666.580688       570.2694702148
666.911316       597.8631591797
667.241821       489.7879028320
667.572327       455.2958068848
667.902832       590.9647827148
668.233276       547.2747802734
668.563660       579.4674072266
668.893982       482.8894958496
669.224243       561.0715942383
669.554504       581.7668457031
669.884705       558.7720947266
670.214844       613.9594726563
670.544922       547.2747802734
670.875000       565.6705322266
671.205078       450.6968688965
671.534973       478.2905273438
671.864929       457.5952758789
672.194824       489.7879028320
672.524658       528.8789672852
672.854431       528.8789672852
673.184204       646.1520996094
673.513916       473.6915893555
673.843567       510.4831848145
674.173218       524.2800292969
674.502747       473.6915893555
674.832275       531.1784667969
675.161804       636.9542236328
675.491211       641.5531616211
675.820679       627.7563476563
676.149963       542.6757812500
676.479248       517.3815917969
676.808533       567.9700317383
677.137756       482.8894958496
677.466919       584.0663452148
677.796021       574.8684692383
678.125122       630.0557861328
678.454163       411.6058044434
678.783142       475.9910583496
679.112122       540.3763427734
679.440979       777.2221069336
679.769897       459.8947448730
680.098694       747.3289794922
680.427490       590.9647827148
680.756165       574.8684692383
681.084900      9082.9208984375
681.413513       882.9979248047
681.742065       607.0610961914
682.070679       446.0979003906
682.399170       558.7720947266
682.727600       517.3815917969
683.056030       685.2431640625
683.384399       570.2694702148
683.712708       749.6284179688
684.040955       685.2431640625
684.369263       623.1574096680
684.697388       533.4779052734
685.025574       505.8842163086
685.353638       471.3921203613
685.681702       595.5637207031
686.009766       531.1784667969
686.337708       478.2905273438
686.665588       446.0979003906
686.993469       485.1889648438
687.321289       830.1100463867
687.649048       556.4726562500
687.976807       662.2484130859
688.304565       494.3868713379
688.632141       409.3063354492
688.959839       367.9158020020
689.287354       462.1942138672
689.614868       482.8894958496
689.942383       542.6757812500
690.269775       473.6915893555
690.597168       609.3605346680
690.924500       544.9752807617
691.251770       462.1942138672
691.578979       581.7668457031
691.906250       469.0926513672
692.233398       452.9963378906
692.560486       485.1889648438
692.887573       731.2326660156
693.214539       558.7720947266
693.541565       448.3973693848
693.868469       549.5742187500
694.195374       556.4726562500
694.522217       687.5426635742
694.849060       544.9752807617
695.175781       439.1994934082
695.502441       471.3921203613
695.829163       740.4305419922
696.155823       439.1994934082
696.482300       531.1784667969
696.808899       446.0979003906
697.135315       611.6600341797
697.461792       482.8894958496
697.788147       480.5900268555
698.114563       593.2642211914
698.440857       567.9700317383
698.767029       634.6547851563
699.093323       547.2747802734
699.419495       584.0663452148
699.745605       551.8737182617
700.071655       678.3447875977
700.397705       724.3342285156
700.723694       563.3710937500
701.049622       528.8789672852
701.375549       443.7984313965
701.701355       659.9489746094
702.027222       505.8842163086
702.352905       602.4620971680
702.678711       512.7826538086
703.004395       777.2221069336
703.329956       508.1837158203
703.655579       524.2800292969
703.981018       519.6810913086
704.306580       501.2852783203
704.632080       521.9805297852
704.957397       464.4937133789
705.282776       618.5584716797
705.608093       480.5900268555
705.933350       370.2152709961
706.258545       579.4674072266
706.583740       584.0663452148
706.908875       423.1031799316
707.233948       482.8894958496
707.559021       466.7931823730
707.883972       540.3763427734
708.208984       577.1679077148
708.533813       455.2958068848
708.858704       630.0557861328
709.183533       544.9752807617
709.508240       618.5584716797
709.833008       586.3657836914
710.157654       515.0821533203
710.482300       469.0926513672
710.806885       473.6915893555
711.131409       567.9700317383
711.455933       478.2905273438
711.780334       570.2694702148
712.104797       630.0557861328
712.429138       432.3010559082
712.753479       756.5268554688
713.077759       503.5847473145
713.401917       498.9858093262
713.726135       489.7879028320
714.050232       607.0610961914
714.374329       407.0068664551
714.698364       508.1837158203
715.022339       418.5042114258
715.346313       579.4674072266
715.670166       446.0979003906
715.994080       694.4411010742
716.317871       843.9068603516
716.641663       538.0768432617
716.965393       446.0979003906
717.289001       556.4726562500
717.612732       770.3237304688
717.936279       577.1679077148
718.259827       448.3973693848
718.583313       423.1031799316
718.906738       533.4779052734
719.230225       471.3921203613
719.553528       556.4726562500
719.876892       634.6547851563
720.200134       563.3710937500
720.523315       478.2905273438
720.846497       469.0926513672
721.169617       441.4989624023
721.492737       492.0873718262
721.815735       531.1784667969
722.138733       487.4884338379
722.461670       524.2800292969
722.784607       620.8579101563
723.107544       547.2747802734
723.430298       526.5794677734
723.753113       646.1520996094
724.075745       600.1626586914
724.398438       561.0715942383
724.721008       717.4357910156
725.043640       623.1574096680
725.366211       646.1520996094
725.688660       528.8789672852
726.011169       436.9000244141
726.333496       430.0015869141
726.655884       457.5952758789
726.978149       572.5689697266
727.300476       473.6915893555
727.622681       673.7457885742
727.944824       443.7984313965
728.266968       648.4515991211
728.589050       613.9594726563
728.911133       498.9858093262
729.233032       590.9647827148
729.554993       662.2484130859
729.876953       540.3763427734
730.198792       462.1942138672
730.520569       485.1889648438
730.842346       441.4989624023
731.164063       505.8842163086
731.485718       448.3973693848
731.807373       669.1468505859
732.128967       561.0715942383
732.450439       561.0715942383
732.771973       519.6810913086
733.093323       558.7720947266
733.414795       574.8684692383
733.736145       639.2537231445
734.057373       464.4937133789
734.378662       616.2589721680
734.699890       521.9805297852
735.021057       492.0873718262
735.342163       492.0873718262
735.663269       687.5426635742
735.984314       423.1031799316
736.305237       563.3710937500
736.626160       623.1574096680
736.947083       531.1784667969
737.267883       478.2905273438
737.588745       501.2852783203
737.909485       457.5952758789
738.230225       402.4078979492
738.550781       551.8737182617
738.871460       528.8789672852
739.192017       636.9542236328
739.512573       590.9647827148
739.833069       450.6968688965
740.153442       561.0715942383
740.473877       473.6915893555
740.794128       659.9489746094
741.114441       519.6810913086
741.434692       623.1574096680
741.754883       501.2852783203
742.075073       473.6915893555
742.395142       480.5900268555
742.715210       671.4463500977
743.035217       498.9858093262
743.355225       526.5794677734
743.675049       590.9647827148
743.994995       471.3921203613
744.314880       450.6968688965
744.634583       455.2958068848
744.954407       613.9594726563
745.273987       498.9858093262
745.593689       535.7774047852
745.913330       613.9594726563
746.232849       455.2958068848
746.552368       515.0821533203
746.871826       515.0821533203
747.191223       443.7984313965
747.510559       533.4779052734
747.829956       531.1784667969
748.149231       482.8894958496
748.468384       535.7774047852
748.787659       526.5794677734
749.106750       441.4989624023
749.425842       597.8631591797
749.744873       535.7774047852
750.063904       636.9542236328
750.382874       535.7774047852
750.701721       554.1731567383
751.020630       657.6494750977
751.339417       597.8631591797
751.658203       544.9752807617
751.976990       464.4937133789
752.295593       430.0015869141
752.614258       517.3815917969
752.932800       450.6968688965
753.251404       544.9752807617
753.569824       565.6705322266
753.888306       517.3815917969
754.206726       512.7826538086
754.525024       567.9700317383
754.843323       432.3010559082
755.161621       416.2047424316
755.479797       696.7405395508
755.797974       494.3868713379
756.116089       577.1679077148
756.434204       694.4411010742
756.752197       459.8947448730
757.070190       627.7563476563
757.388123       439.1994934082
757.705994       579.4674072266
758.023865       567.9700317383
758.341675       586.3657836914
758.659363       961.1800537109
758.977112       561.0715942383
759.294739       494.3868713379
759.612305       510.4831848145
759.929932       464.4937133789
760.247498       411.6058044434
760.564880       650.7510986328
760.882385       634.6547851563
761.199707       728.9331665039
761.517090       533.4779052734
761.834290       528.8789672852
762.151611       646.1520996094
762.468811       492.0873718262
762.785889       496.6863403320
763.103027       604.7615966797
763.420044       590.9647827148
763.737061       593.2642211914
764.054077       632.3552856445
764.370972       538.0768432617
764.687805       687.5426635742
765.004639       558.7720947266
765.321411       471.3921203613
765.638123       563.3710937500
765.954834       533.4779052734
766.271484       632.3552856445
766.588074       487.4884338379
766.904602       526.5794677734
767.221069       501.2852783203
767.537537       581.7668457031
767.853882       485.1889648438
768.170288       565.6705322266
768.486572       664.5479125977
768.802856       574.8684692383
769.119080       485.1889648438
769.435181       551.8737182617
769.751343       505.8842163086
770.067322       542.6757812500
770.383423       542.6757812500
770.699402       666.8474121094
771.015320       542.6757812500
771.331238       430.0015869141
771.647095       607.0610961914
771.962891       485.1889648438
772.278625       538.0768432617
772.594299       630.0557861328
772.909973       535.7774047852
773.225586       492.0873718262
773.541138       388.6110534668
773.856567       448.3973693848
774.172119       482.8894958496
774.487549       540.3763427734
774.802856       544.9752807617
775.118286       473.6915893555
775.433472       666.8474121094
775.748718       590.9647827148
776.063904       390.9105529785
776.379028       508.1837158203
776.694153       425.4026489258
777.009155       455.2958068848
777.324158       485.1889648438
777.639099       742.7300415039
777.954041       471.3921203613
778.268921       535.7774047852
778.583740       535.7774047852
778.898499       404.7073974609
779.213196       473.6915893555
779.527832       593.2642211914
779.842468       620.8579101563
780.157043       728.9331665039
780.471619       531.1784667969
780.786072       469.0926513672
781.100525       462.1942138672
781.414856       377.1137084961
781.729248       503.5847473145
782.043457       538.0768432617
782.357788       653.0505371094
782.671997       593.2642211914
782.986084       480.5900268555
783.300293       430.0015869141
783.614258       556.4726562500
783.928345       620.8579101563
784.242249       590.9647827148
784.556213       551.8737182617
784.870117       505.8842163086
785.183899       607.0610961914
785.497681       544.9752807617
785.811340       418.5042114258
786.125061       600.1626586914
786.438721       692.1416015625
786.752258       618.5584716797
787.065857       584.0663452148
787.379333       586.3657836914
787.692810       448.3973693848
788.006165       469.0926513672
788.319519       535.7774047852
788.632874       413.9052734375
788.946106       471.3921203613
789.259338       471.3921203613
789.572449       508.1837158203
789.885559       722.0347900391
790.198608       540.3763427734
790.511719       446.0979003906
790.824707       519.6810913086
791.137573       508.1837158203
791.450500       448.3973693848
791.763306       501.2852783203
792.076111       512.7826538086
792.388855       561.0715942383
792.701538       524.2800292969
793.014221       538.0768432617
793.326782       407.0068664551
793.639343       508.1837158203
793.951843       354.1189575195
794.264282       643.8526611328
794.576721       590.9647827148
794.889099       639.2537231445
795.201416       588.6652832031
795.513611       443.7984313965
795.825867       574.8684692383
796.138000       540.3763427734
796.450195       528.8789672852
796.762268       524.2800292969
797.074280       517.3815917969
797.386292       492.0873718262
797.698181       731.2326660156
798.010071       512.7826538086
798.321960       432.3010559082
798.633728       749.6284179688
798.945496       443.7984313965
799.257202       554.1731567383
799.568787       579.4674072266
799.880432       572.5689697266
800.192017       508.1837158203
800.503540       584.0663452148
800.815002       551.8737182617
801.126404       503.5847473145
801.437744       501.2852783203
801.749084       685.2431640625
802.060364       749.6284179688
802.371582       489.7879028320
802.682800       602.4620971680
802.993835       547.2747802734
803.304993       503.5847473145
803.615967       538.0768432617
803.927002       462.1942138672
804.237976       501.2852783203
804.548828       512.7826538086
804.859741       457.5952758789
805.170471       528.8789672852
805.481201       549.5742187500
805.791931       496.6863403320
806.102600       521.9805297852
806.413208       538.0768432617
806.723755       466.7931823730
807.034241       551.8737182617
807.344727       579.4674072266
807.655151       425.4026489258
807.965515       480.5900268555
808.275879       473.6915893555
808.586182       549.5742187500
808.896362       505.8842163086
809.206604       653.0505371094
809.516663       659.9489746094
809.826782       478.2905273438
810.136780       607.0610961914
810.446777       648.4515991211
810.756775       586.3657836914
811.066650       554.1731567383
811.376465       510.4831848145
811.686279       439.1994934082
811.996033       816.3131713867
812.305786       478.2905273438
812.615417       588.6652832031
812.924988       738.1311035156
813.234558       664.5479125977
813.544128       443.7984313965
813.853516       588.6652832031
814.162964       439.1994934082
814.472351       655.3500366211
814.781616       531.1784667969
815.090942       535.7774047852
815.400146       570.2694702148
815.709351       625.4568481445
816.018433       627.7563476563
816.327515       531.1784667969
816.636597       452.9963378906
816.945557       574.8684692383
817.254578       577.1679077148
817.563416       692.1416015625
817.872253       579.4674072266
818.181091       498.9858093262
818.489807       443.7984313965
818.798523       524.2800292969
819.107178       648.4515991211
819.415833       579.4674072266
819.724365       567.9700317383
820.032837       420.8037109375
820.341370       694.4411010742
820.649719       554.1731567383
820.958130       512.7826538086
821.266357       512.7826538086
821.574707       487.4884338379
821.882874       584.0663452148
822.191040       554.1731567383
822.499207       701.3394775391
822.807251       738.1311035156
823.115356       505.8842163086
823.423279       597.8631591797
823.731262       519.6810913086
824.039124       544.9752807617
824.346985       584.0663452148
824.654846       607.0610961914
824.962524       781.8211059570
825.270264       547.2747802734
825.577820       604.7615966797
825.885437       860.0031738281
826.193054       609.3605346680
826.500488       446.0979003906
826.807983       597.8631591797
827.115356       558.7720947266
827.422729       450.6968688965
827.729980       496.6863403320
828.037292       692.1416015625
828.344543       547.2747802734
828.651733       554.1731567383
828.958862       455.2958068848
829.265869       485.1889648438
829.572937       501.2852783203
829.879883       521.9805297852
830.186829       482.8894958496
830.493713       462.1942138672
830.800537       581.7668457031
831.107361       411.6058044434
831.414063       567.9700317383
831.720764       616.2589721680
832.027405       487.4884338379
832.333984       593.2642211914
832.640564       613.9594726563
832.947021       498.9858093262
833.253479       450.6968688965
833.559814       469.0926513672
833.866211       487.4884338379
834.172546       595.5637207031
834.478760       689.8421020508
834.784973       462.1942138672
835.091125       473.6915893555
835.397278       556.4726562500
835.703247       455.2958068848
836.009277       494.3868713379
836.315247       547.2747802734
836.621155       889.8963623047
836.927063       618.5584716797
837.232849       728.9331665039
837.538635       673.7457885742
837.844421       577.1679077148
838.150085       482.8894958496
838.455688       586.3657836914
838.761292       535.7774047852
839.066833       528.8789672852
839.372253       825.5111083984
839.677734       696.7405395508
839.983093       526.5794677734
840.288391       482.8894958496
840.593689       531.1784667969
840.898926       462.1942138672
841.204102       625.4568481445
841.509277       471.3921203613
841.814392       556.4726562500
842.119446       432.3010559082
842.424438       657.6494750977
842.729370       754.2274169922
843.034241       825.5111083984
843.339111       558.7720947266
843.643982       641.5531616211
843.948669       524.2800292969
844.253479       498.9858093262
844.558105       526.5794677734
844.862671       487.4884338379
845.167236       503.5847473145
845.471741       404.7073974609
845.776245       524.2800292969
846.080627       409.3063354492
846.385071       473.6915893555
846.689331       494.3868713379
846.993591       572.5689697266
847.297791       558.7720947266
847.601990       459.8947448730
847.906128       485.1889648438
848.210205       535.7774047852
848.514282       609.3605346680
848.818237       498.9858093262
849.122131       464.4937133789
849.426025       526.5794677734
849.729919       593.2642211914
850.033691       492.0873718262
850.337402       653.0505371094
850.641113       517.3815917969
850.944702       482.8894958496
851.248352       595.5637207031
851.551941       627.7563476563
851.855347       616.2589721680
852.158813       436.9000244141
852.462219       492.0873718262
852.765564       478.2905273438
853.068848       600.1626586914
853.372070       540.3763427734
853.675354       487.4884338379
853.978455       540.3763427734
854.281555       434.6005554199
854.584656       462.1942138672
854.887634       567.9700317383
855.190552       556.4726562500
855.493530       446.0979003906
855.796387       565.6705322266
856.099182       602.4620971680
856.401978       441.4989624023
856.704651       563.3710937500
857.007324       593.2642211914
857.309998       443.7984313965
857.612549       473.6915893555
857.915100       418.5042114258
858.217529       533.4779052734
858.519958       524.2800292969
858.822266       595.5637207031
859.124634       464.4937133789
859.426941       505.8842163086
859.729187       515.0821533203
860.031372       542.6757812500
860.333435       402.4078979492
860.635559       528.8789672852
860.937622       510.4831848145
861.239563       586.3657836914
861.541504       719.7352905273
861.843384       650.7510986328
862.145264       492.0873718262
862.446960       446.0979003906
862.748779       735.8316040039
863.050476       570.2694702148
863.352051       586.3657836914
863.653748       604.7615966797
863.955200       620.8579101563
864.256714       515.0821533203
864.558167       489.7879028320
864.859619       604.7615966797
865.160950       475.9910583496
865.462219       669.1468505859
865.763489       411.6058044434
866.064697       469.0926513672
866.365845       452.9963378906
866.666931       478.2905273438
866.967957       498.9858093262
867.269043       544.9752807617
867.570007       528.8789672852
867.870911       574.8684692383
868.171692       630.0557861328
868.472595       459.8947448730
868.773254       446.0979003906
869.074036       595.5637207031
869.374695       517.3815917969
869.675293       742.7300415039
869.975891       510.4831848145
870.276367       574.8684692383
870.576843       450.6968688965
870.877319       590.9647827148
871.177612       450.6968688965
871.477966       572.5689697266
871.778198       492.0873718262
872.078491       544.9752807617
872.378601       547.2747802734
872.678711       503.5847473145
872.978882       572.5689697266
873.278870       427.7021179199
873.578857       517.3815917969
873.878784       448.3973693848
874.178650       420.8037109375
874.478394       579.4674072266
874.778259       478.2905273438
875.078003       471.3921203613
875.377625       441.4989624023
875.677307       519.6810913086
875.976868       673.7457885742
876.276428       512.7826538086
876.575928       825.5111083984
876.875366       505.8842163086
877.174744       464.4937133789
877.474060       710.5374145508
877.773376       482.8894958496
878.072571       604.7615966797
878.371826       650.7510986328
878.670959       492.0873718262
878.970032       579.4674072266
879.269043       634.6547851563
879.567993       526.5794677734
879.867004       597.8631591797
880.165894       567.9700317383
880.464722       455.2958068848
880.763550       519.6810913086
881.062256       450.6968688965
881.361023       363.3168640137
881.659607       519.6810913086
881.958252       588.6652832031
882.256836       625.4568481445
882.555298       678.3447875977
882.853760       503.5847473145
883.152100       761.1257934570
883.450500       731.2326660156
883.748779       634.6547851563
884.047058       719.7352905273
884.345276       549.5742187500
884.643372       432.3010559082
884.941528       489.7879028320
885.239502       609.3605346680
885.537598       542.6757812500
885.835510       574.8684692383
886.133423       524.2800292969
886.431335       519.6810913086
886.729065       427.7021179199
887.026855       489.7879028320
887.324524       473.6915893555
887.622253       505.8842163086
887.919800       542.6757812500
888.217407       498.9858093262
888.514954       673.7457885742
888.812317       630.0557861328
889.109802       459.8947448730
889.407166       384.0121154785
889.704407       567.9700317383
890.001770       680.6442260742
890.298889       556.4726562500
890.596130       574.8684692383
890.893188       558.7720947266
891.190308       634.6547851563
891.487244       512.7826538086
